1.0
751
139.19  568.275  0.0016375  0.000563976  0.0107563
756.952  587.72  0.00190638  0.000679312  0.00069201
666.162  489.93  0.000578858  6.5266e-05  0.000577693
698.371  528.616  0.0020252  0.00048756  0.0095037
653.711  485.641  0.000756056  -0.000273483  0.00530653
605.173  519.318  0.0046827  0.000282943  0.000629791
654.603  441.911  0.00108894  0.000135561  0.000572675
662.391  442.833  0.000654443  4.80276e-05  0.000545582
672.728  440.023  0.000402094  8.0272e-06  0.000531418
543.295  427.727  0.00202077  0.0016835  0.00243321
217.205  419.137  0.000578255  -0.00028922  0.0010192
607.184  444.418  0.00249848  -0.0015864  0.00785382
496.652  432.009  0.00183522  0.000265401  0.00204087
274.879  426.057  0.00237895  -0.000293405  0.000890021
469.72  405.139  0.00127521  0.000621303  0.000958641
284.275  453.913  0.00652683  -0.00133314  0.00340663
308.904  425.105  0.0012634  0.000434336  0.00210296
345.653  427.961  0.000291746  -9.45496e-06  0.000519643
226.912  409.453  0.010099  -0.00169423  0.00215396
224.096  409.479  0.00592037  -0.000764941  0.00176784
216.555  411.028  0.00224178  3.51385e-05  0.0013881
197.205  406.097  0.000640554  9.50503e-05  0.000584738
198.25  421.775  0.000759086  0.000575149  0.00171639
613.048  416.763  0.00432558  0.000415061  0.00151504
603.149  419.75  0.00154553  -0.000134  0.00222472
589.931  407.5  0.000567444  -7.06652e-05  0.000944822
612.815  417.321  0.00434601  4.33678e-05  0.0023934
604.821  419.293  0.00196523  -0.000703774  0.00379289
600.796  421.633  0.00167147  -0.00144874  0.00641159
594.796  400.716  0.000726838  -0.00011576  0.000861222
401.916  413.26  0.000548423  6.30817e-05  0.00375618
399.722  407.586  0.0109913  -0.00233324  0.00234701
329.349  448.677  0.00324033  0.00297758  0.00442531
376.509  461.737  0.000820794  0.000211516  0.000509775
273.543  405.745  0.0032396  0.000969395  0.00140441
614.185  410.866  0.00445662  0.000526217  0.00259175
610.142  416.172  0.0028921  0.000127486  0.00532778
504.311  409.815  0.000757291  -0.000455131  0.00200496
507.2  396.928  0.000590501  -0.000164537  0.000707364
324.741  420.488  0.00100869  0.000880848  0.00488933
301.74  417.536  0.000348599  -3.59639e-05  0.00230981
289.643  421.488  0.000261362  9.3612e-05  0.00151213
649.469  445.177  0.0010661  0.000113218  0.000946032
667.069  448.595  0.000384977  1.77147e-05  0.000790022
642.908  414.928  0.00164056  -0.000412727  0.01031
653.9  413.995  0.00113933  -0.000215151  0.00268864
290.524  449.741  0.000388267  -1.37567e-05  0.000602533
238.867  412.972  0.00661532  -0.000301596  0.00307096
218.67  405.245  0.00118047  -0.00102992  0.00293299
656.213  441.279  0.000735866  -7.08738e-05  0.00110933
591.372  399.556  0.00413631  -0.00171799  0.00604061
418.971  381.864  0.000809343  -0.000203403  0.00101441
418.392  422.318  0.00341419  -7.83238e-05  0.00478612
405.144  417.955  0.0013106  -0.000982543  0.00364234
454.558  422.716  0.00247545  4.52467e-05  0.00356329
461.211  413.011  0.00211642  0.00217342  0.00511271
425.368  433.155  0.0062965  -0.00261599  0.00285795
429.459  436.063  0.00407827  -0.00208881  0.00261215
216.176  433.974  0.00166994  0.00122025  0.00496913
205.03  442.624  0.000756223  0.000631015  0.00248645
220.027  442.056  0.00156531  0.000166289  0.0017139
219.376  405.986  0.00400383  0.00286154  0.00459873
548.096  387.331  0.00189405  -9.95226e-05  0.00153024
548.404  380.29  0.00184475  -5.18891e-05  0.000889295
573.355  403.204  0.00790331  0.000472578  0.00313107
569.162  404.989  0.00399588  0.000142236  0.0040286
563.252  386.304  0.00172474  0.000100279  0.000755413
547.842  388.647  0.000588359  8.59087e-06  0.000905567
556.784  397.004  0.000971305  -0.000281877  0.00172045
540.847  394.261  0.00454478  -0.000251619  0.00171055
541.89  388.558  0.00391727  -0.000146006  0.00105341
558.134  384.082  0.000867231  -0.000104066  0.000659344
566.748  401.439  0.00144857  0.000134929  0.00246115
510.815  396.53  0.00285438  0.000350312  0.00152043
433.291  434.274  0.0023424  -0.00120731  0.00204585
443.697  436.931  0.00128194  -0.00112663  0.00235469
385.628  398.025  0.0015269  0.000344348  0.00239902
498.118  384.866  0.0118069  0.00152016  0.00187089
494.091  389.048  0.00577074  0.000815938  0.00264371
488.715  372.808  0.00216792  0.000294677  0.000712251
276.381  415.323  0.00208712  -0.000174143  0.00231403
228.478  409.932  0.00109548  -0.000448635  0.00183025
479.082  387.561  0.00853056  -0.000264002  0.00166569
495.609  388.36  0.00750913  0.000771228  0.00166341
494.406  381.588  0.00522406  0.000551572  0.00100202
494.981  373.274  0.004862  0.000542584  0.000630702
208.378  405.478  0.00120142  1.59972e-05  0.00883617
214.453  407.197  0.00218984  0.000599039  0.00705992
211.103  401.586  0.00173722  -0.000656516  0.00346578
220.556  406.601  0.00490105  0.00103152  0.00367295
218.188  390.013  0.00236966  -0.00150828  0.00548135
208.992  408.869  0.00150794  0.000376335  0.000938111
206.004  420.173  0.00176297  0.000641977  0.000711265
212.731  393.957  0.00180276  -0.00211263  0.00976661
201.326  395.7  0.000862344  -0.00084869  0.00415669
219.473  407.951  0.00433001  0.00146621  0.00264474
215.162  406.896  0.00243014  0.00059273  0.00221672
367.194  390.097  0.00204387  0.00179491  0.0126064
425.775  382.783  0.00106457  -0.00055907  0.00533753
426.225  370.554  0.0011122  7.23538e-06  0.00134548
408.475  367.622  0.0105959  0.00164086  0.0015713
430.028  378.421  0.00104608  -0.000150232  0.00273115
420.088  375.555  0.00260155  0.000245999  0.00238713
437.64  439.811  0.000334355  2.14125e-05  0.000345579
560.989  359.521  0.00121031  1.98731e-05  0.000354158
552.396  376.192  0.000760498  -0.000132282  0.000928853
550.884  361.571  0.000637512  -3.72518e-05  0.000419368
553.111  389.899  0.00080768  0.000160122  0.00572325
568.033  399.799  0.00324874  0.000272927  0.00165909
565.944  404.111  0.00262008  0.000217072  0.00116299
410.028  388.359  0.00180772  -0.000909957  0.00596789
363.836  384.95  0.00155135  -0.00143835  0.00980049
362.327  389.821  0.00129409  -0.000532334  0.00397778
363.398  414.124  0.00152992  7.19181e-05  0.000406568
363.774  415.332  0.00101984  0.000109891  0.000393129
437.729  401.867  0.000424877  -5.54247e-05  0.0011076
361.65  390.263  0.000757456  -0.000463644  0.00369826
440.463  414.218  0.00037352  1.96906e-05  0.000538641
445.167  391.641  0.000406346  0.000343324  0.00190895
342.172  391.254  0.00146991  -8.19972e-05  0.0105581
349.601  385.904  0.00463839  0.00145588  0.00212925
317.885  384.066  0.000462969  -0.000387768  0.00341038
433.015  415.434  0.000388894  4.70118e-07  0.000333124
492.058  389.767  0.0072725  0.000594146  0.00209064
499.023  393.016  0.00252  5.04846e-05  0.0016545
505.504  416.089  0.00107085  6.84929e-05  0.00042152
427.276  375.556  0.000965035  -0.000544291  0.00636867
416.12  338.092  0.000594851  -8.4158e-05  0.000349957
297.292  353.402  0.00115842  -5.48203e-05  0.000579264
293.38  347.063  0.000860566  -4.19356e-05  0.000436668
298.977  374.712  0.00144249  -0.000116089  0.0011629
291.562  374.572  0.000849056  -0.000159986  0.00125944
295.662  384.718  0.00112626  2.74263e-05  0.0029811
335.729  385.302  0.0042966  -0.000455322  0.00418011
339.528  385.644  0.00267133  -0.00055795  0.00433527
340.741  401.777  0.00207767  2.50012e-05  0.000659021
341.648  393.218  0.00198194  -3.71546e-05  0.0011677
341.163  413.875  0.00187698  4.87201e-05  0.000364437
561.065  367.181  0.00124411  -0.00161964  0.00658121
545.192  362.555  0.000673398  -0.000880594  0.00349069
597.115  409.751  0.00645641  -0.00188461  0.00164023
542.163  391.988  0.00377453  -0.000376963  0.00355622
542.64  401.529  0.00347696  -0.000123898  0.00132505
554.228  396.957  0.00113865  -0.000255042  0.00230718
557.723  399.505  0.000889125  -0.000204812  0.00185102
569.544  397.192  0.000482414  -0.000309712  0.00273886
569.643  405.713  0.000458909  -0.000135235  0.00121326
516.296  388.333  0.000841644  -0.000152911  0.00402402
532.386  394.406  0.00456067  0.00142424  0.00295028
503.718  402.769  0.000535368  9.58736e-05  0.000943197
535.269  391.423  0.00327073  0.000539961  0.00372218
534.179  400.369  0.00270118  0.000623716  0.00157129
546.594  386.153  0.00135873  -0.000884898  0.010922
555.014  402.715  0.000544201  -1.8494e-06  0.00139434
558.363  395.184  0.00053525  -0.000198355  0.00303265
539.088  396.523  0.00600251  -0.000184808  0.00140558
551.663  383.811  0.00164379  -0.00164801  0.0100283
574.517  398.315  0.000941406  -0.00021832  0.00320091
574.703  408.223  0.000702853  4.48272e-05  0.00126935
521.347  389.096  0.00120395  7.28439e-05  0.00230116
521.093  393  0.00127009  0.000364848  0.00109787
515.258  394.415  0.000866267  0.000228215  0.000923411
497.159  395.203  0.000564525  -0.000360318  0.00210144
500.759  418.703  0.000497375  -0.000113604  0.000443336
481.208  387.338  0.00147577  -0.000863344  0.00642782
410.895  365.624  0.000436239  -0.000396635  0.00337788
440.092  375.41  0.00317123  -0.00127158  0.00551122
428.253  377.897  0.00107236  -0.000606006  0.00287688
417.678  376.17  0.000613313  -0.000551253  0.00282349
437.507  380.053  0.00220738  -0.000690639  0.00271676
442.547  382.196  0.00385558  -0.00079506  0.00237788
440.274  387.266  0.00269999  -0.000513153  0.00141413
541.038  385.913  0.0021411  -0.000222545  0.00503145
533.433  393.991  0.00374124  0.000973249  0.0012622
537.441  395.809  0.00217581  0.000529419  0.00104686
542.696  386.707  0.00169736  0.000272048  0.00202134
550.382  390.949  0.00085762  8.65738e-05  0.0014562
556.267  396.575  0.000553337  4.94279e-05  0.00099449
81.5485  324.096  0.00128857  0.000103732  0.00038226
88.2657  352.786  0.00107415  5.90197e-05  0.0026167
549.712  357.03  0.00122789  -0.000669558  0.00783718
543.258  354.931  0.000788287  -0.00054918  0.00606333
495.268  323.5  0.00181262  0.0003045  0.000509071
495.149  388.562  0.00694393  0.000571035  0.00168274
461.32  387.004  0.000426805  -0.000144591  0.00111261
130.743  351.03  0.00338984  0.000259232  0.00180373
128.579  350.076  0.00842904  0.00125863  0.00185144
82.7959  355.164  0.000990502  -0.000537191  0.00716363
74.2682  321.965  0.000821288  -0.000289354  0.000508636
202.277  375.954  0.00714047  0.00295987  0.00361701
394.96  349.192  0.00373136  -0.000791422  0.00649203
408.111  324.005  0.000485197  -0.000224634  0.000605267
398.156  319.923  0.000775238  -0.000313131  0.000561609
435.691  335.854  0.00292746  0.000205612  0.00114791
410.033  332.332  0.000469312  -0.000149142  0.00118884
436.817  327.481  0.00144971  1.35924e-05  0.000638309
429.409  328.597  0.000853413  -5.55386e-05  0.000729585
449.684  335.258  0.00097916  -0.000130884  0.000880537
452.551  330.681  0.000812832  -9.30486e-05  0.000643126
457.908  326.377  0.000597608  -7.07681e-05  0.000486107
348.963  355.938  0.00209993  -0.000516244  0.00834851
350.874  353.16  0.00182044  -0.000166246  0.00491306
369.072  325.459  0.000726349  0.000113978  0.000470388
536.71  328.889  0.000410236  -5.9571e-05  0.00105825
549.569  337.71  0.00662361  0.00128051  0.00226835
522.546  322.945  0.000834216  -0.000103082  0.000788761
356.234  319.622  0.0045211  0.000742498  0.000710097
346.168  330.328  0.00187041  -3.10421e-05  0.00134668
361.107  336.268  0.00717808  -0.0027926  0.00222626
348.21  326.775  0.00199563  -0.000921623  0.00114896
406.645  326.331  0.000485071  -1.54008e-05  0.000373193
609.654  381.193  0.00336303  0.000990665  0.00147865
608.52  381.251  0.0028367  0.000687765  0.00104831
580.895  385.849  0.000534773  0.000470337  0.00135113
261.992  338.595  0.000735986  0.000557207  0.00250993
283.842  337.852  0.000302807  0.000132376  0.00134238
463.801  330.563  0.0041448  0.000732496  0.00110087
460.091  340.04  0.00338203  0.000312638  0.00226044
448.777  326.156  0.00091554  3.22184e-05  0.000862386
436.787  333.906  0.00327974  7.98652e-05  0.00187256
411.82  328.592  0.000529652  -0.000288022  0.00176569
453.641  340.664  0.00261515  8.05942e-05  0.00272591
452.375  332.876  0.00186554  0.000179719  0.00136242
438.135  325.604  0.00161839  -4.40159e-05  0.000921028
428.914  329.335  0.000863382  -0.000206468  0.00139046
417.679  335.196  0.00057458  -0.000597388  0.00318547
352.479  351.661  0.00159704  4.40026e-05  0.0028675
537.897  331.308  0.00399927  -0.000420589  0.000977922
496.463  325.378  0.00296455  0.000560886  0.00155796
486.731  360.644  0.00169169  0.000145098  0.00534242
487.328  370.658  0.00220301  0.000400339  0.00169121
475.715  385.12  0.00104271  0.000196886  0.000616118
418.659  346.196  0.00186923  -0.00151666  0.00475634
419.089  331.287  0.00180594  0.000200453  0.00122156
418.731  324.101  0.00231594  0.000563797  0.000945285
397.587  312.843  0.00132563  -0.0003059  0.000559059
412.682  382.267  0.00140617  -0.000903655  0.00134182
73.041  335.04  0.00278632  -0.00228638  0.00824332
648.019  356.839  0.000828332  -0.000104004  0.000756433
644.92  368.93  0.000580895  -4.32862e-05  0.000424574
635.715  369.218  0.000372503  -3.76069e-05  0.000406046
194.032  320.763  0.00766401  0.00101361  0.0012293
128.817  357.076  0.00406667  0.000144516  0.00254494
560.213  336.5  0.00214102  -0.000311754  0.00376515
540.107  329.346  0.000547532  -0.000367792  0.00244771
561.369  337.277  0.00239631  -0.000326104  0.00646622
586.651  338.862  0.0103698  0.000607356  0.0013563
628.899  332.002  0.00107572  0.000966498  0.00238683
262.022  338.805  0.000989107  -0.000316781  0.00519234
272.647  341.067  0.000637654  -0.000608516  0.00423875
269.915  340.068  0.00179776  -0.000847484  0.00358084
277.736  339.798  0.00105049  -0.000650492  0.00261874
429.7  329.695  0.00106935  -0.000608489  0.00215211
427.419  336.208  0.00132564  -0.00170026  0.00555851
374.038  308.43  0.00098477  -0.000798382  0.0017795
389.407  321.432  0.0033344  -0.00113195  0.00363605
417.519  339.408  0.00199472  -0.00107513  0.00484468
418.399  333.745  0.00186323  -0.000157506  0.0024067
378.878  307.127  0.000949522  -0.000120998  0.000799332
620.785  345.735  0.00105941  -0.000805035  0.00687857
618.026  353.753  0.00147385  -0.000228991  0.00215427
616.164  354.806  0.000431516  0.000257973  0.000997247
551.944  335.647  0.00129527  -0.000510279  0.00709881
537.642  340.168  0.000563878  -0.000188577  0.00281794
519.136  329.708  0.00202459  0.00101793  0.00135251
518.641  356.263  0.00140631  0.000435793  0.000724599
578.567  340.383  0.00138902  -0.000738883  0.00393112
573.371  341.946  0.00204696  -0.000461034  0.00382525
585.655  341.952  0.000827806  -0.000567086  0.00474088
539.352  327.968  0.000420747  -0.000361048  0.00213232
624.016  367.459  0.00102488  -0.000781515  0.00122986
45.8069  298.264  0.00191448  0.000281375  0.000546684
165.697  316.729  0.00107352  0.00023901  0.00127512
621.024  346.078  0.000989157  -0.00042307  0.00401629
456.293  334.56  0.00189682  0.000135399  0.00446488
460.558  344.187  0.00398818  0.000786242  0.00171313
440.941  351.05  0.000763861  0.000115761  0.000861054
77.3514  338.371  0.00219011  -0.00247155  0.00993765
83.9951  341.455  0.00138579  -0.00164529  0.00677394
86.8026  340.708  0.000940576  -0.000472507  0.00236875
513.634  330.124  0.00793416  7.49596e-05  0.00108328
518.868  324.681  0.0038379  0.00098872  0.000952988
540.457  328.809  0.00296463  0.00173599  0.00332724
533.014  330.347  0.00296623  0.00175611  0.00266957
537.51  342.229  0.00467936  -0.000628785  0.00176197
544.456  335.839  0.00207996  -0.001019  0.00439534
272.4  336.141  0.00138003  -0.000266149  0.00153322
259.508  333.787  0.00125734  0.00122414  0.00394637
231.999  331.321  0.00311314  -8.07964e-05  0.00248776
231.627  335.131  0.00195031  -0.000422127  0.00402705
237.544  330.911  0.00122378  -0.000196145  0.0021387
247.091  329.516  0.000675291  -0.000180829  0.00159017
617.787  349.043  0.000752156  0.000302687  0.00149513
630.201  357.675  0.000380599  0.000145351  0.000704178
561.997  346.228  0.00103017  0.00101877  0.0057519
565.231  379.9  0.00184459  0.000364491  0.000424864
557.89  355.593  0.00115341  8.82743e-05  0.00063232
542.975  356.501  0.000470573  1.80675e-05  0.000567239
559.88  368.592  0.00152158  0.000144464  0.000351444
540.756  342.801  0.000425018  -0.000214939  0.00216373
134.16  354.564  0.00216935  0.000218113  0.000904437
411.836  331.036  0.000502729  -0.000254912  0.00289066
405.197  334.364  0.000375693  -0.00015699  0.00186245
435.17  341.114  0.00298309  0.000257848  0.00141977
463.92  363.796  0.00322695  0.000416122  0.000503415
542.437  346.798  0.00520426  0.000747962  0.00114753
70.0044  296.634  0.000418699  0.000182053  0.000809643
53.3984  298.947  0.00102014  0.000281605  0.000822205
74.5703  304.489  0.00120252  0.000821278  0.00297917
58.5387  306.202  0.00589923  0.0012459  0.00242229
36.3203  315.377  0.00262149  0.00110496  0.00382299
30.9611  309.726  0.00147042  0.00052804  0.00174546
93.8021  310.324  0.000568929  -0.000246414  0.00163042
99.7049  308.572  0.000433506  -0.0001949  0.0012815
460.42  339.454  0.00248599  0.000607062  0.00265065
434.493  348.871  0.000474812  8.53994e-05  0.000971037
68.0592  305.213  0.0048173  0.00019037  0.00227785
167.264  314.002  0.00507252  0.00111006  0.00447831
165.363  309.85  0.00833555  0.00173124  0.0028316
145.558  311.239  0.00163263  0.000864579  0.00319257
172.616  317.968  0.00153557  0.000513738  0.00880948
192.154  312.801  0.000467586  0.000181239  0.00389175
194.799  309.799  0.000424975  0.000147075  0.00267674
626.815  333.613  0.00110013  0.0013697  0.00407788
602.341  292.996  0.00433535  0.000422187  0.000854682
607.849  302.374  0.00198237  -8.2949e-05  0.00221742
603.255  299.805  0.00342277  0.000150991  0.00185959
165.876  316.915  0.00108986  0.000249074  0.00575054
176.285  317.923  0.00300644  0.000783267  0.00510756
179.71  318.074  0.00487197  0.00129719  0.00515704
162.111  323.898  0.000954081  0.000242518  0.00229727
144.402  328.15  0.000383966  9.25567e-05  0.00148856
317.762  331.788  0.000605983  -3.87377e-05  0.00183435
556.86  304.696  0.00324332  -0.00189913  0.00747442
558.939  301.874  0.00238109  -0.00118329  0.00435201
561.121  355.33  0.00220806  0.000269942  0.000677502
565.43  357.091  0.00383423  0.000498909  0.000657626
547.481  286.775  0.000380584  6.31614e-06  0.000745506
367.181  311.07  0.000705049  -0.000556207  0.00166532
380.114  324.062  0.00128142  -0.00014118  0.000917559
443.204  308.277  0.001215  -0.00107554  0.00832457
432.26  331.779  0.00628877  -0.000225357  0.00350048
454.29  356.702  0.000690683  -4.42445e-05  0.000559864
187.039  315.941  0.00267061  0.000400792  0.0070594
161.436  320.647  0.00044681  4.84398e-05  0.00326471
159.673  330.088  0.000443998  6.57719e-05  0.00127005
187.597  311.946  0.00291558  -0.000871537  0.0062208
238.096  328.321  0.0127909  0.000729034  0.00181164
247.605  345.199  0.00230311  0.000113199  0.000573474
260.681  339.82  0.000811439  -5.28292e-06  0.000820077
208.177  310.089  0.00146292  -0.000171072  0.00437477
197.819  317.767  0.000721176  -5.4218e-05  0.00166781
199.219  330.665  0.000826054  1.47893e-05  0.000662261
468.219  348.516  0.00818447  0.000640771  0.00117288
418.135  323.309  0.001772  -0.00134543  0.00378018
423.938  327.277  0.00123222  -0.00108809  0.00301151
229.113  321.537  0.00197021  -3.33586e-05  0.00350239
236.279  334.581  0.00602094  0.000601405  0.0011108
231.214  334.463  0.00288853  0.000250416  0.00105261
230.663  327.123  0.00228492  0.000194888  0.00191676
229.224  333.518  0.00241071  0.000271341  0.00112808
226.778  350.342  0.00240716  0.000320182  0.000456475
234.058  353.371  0.00118259  0.000145253  0.000388149
241.895  349.405  0.000721316  7.21033e-05  0.000461142
520.764  337.767  0.00713803  0.00188422  0.0015208
525.769  351.89  0.0023386  0.000637522  0.000560069
519.599  299.422  0.00247709  0.00123232  0.00445897
515.617  287.295  0.00173278  0.000122117  0.00112973
506.083  284.931  0.000892028  0.000129596  0.000761002
491.763  350.797  0.00269124  -0.00131426  0.00752932
494.49  328.769  0.00190022  0.000217465  0.000805198
490.064  371.508  0.00285346  -0.00130894  0.00672296
473.069  390.379  0.000782138  -7.45664e-05  0.000698421
478.81  397.633  0.00119993  2.34315e-05  0.000516543
489.829  379.422  0.00289327  -0.000964527  0.00794706
492.81  385.89  0.004497  3.63507e-05  0.00315501
466.678  387.605  0.000553212  -0.000204489  0.00163971
265.186  335.027  0.00256252  0.000212606  0.000843018
269.952  336.471  0.00156348  0.000104883  0.000780507
294.522  343.007  0.000349307  -1.60244e-05  0.000597224
490.94  295.645  0.000625586  -0.000481079  0.00399224
492.132  291.292  0.000571187  -0.000260489  0.00228752
464.219  280.393  0.00831707  0.000432095  0.0012216
465.205  281.71  0.000794943  1.07606e-06  0.00133441
472.163  279.066  0.000553571  -1.0963e-05  0.00101644
464.067  278.719  0.00592614  0.000914377  0.00122893
460.961  283.021  0.0032993  -0.000204668  0.00151831
433.484  256.726  0.000889003  5.535e-05  0.000392607
423.396  268.524  0.000542182  -3.50163e-05  0.000758415
462.134  281.46  0.00522478  0.00156146  0.00189007
170.881  301.239  0.00559286  0.00269063  0.00277098
187.32  319.726  0.00146145  0.000210498  0.00247509
86.467  313.553  0.00053495  -0.000332768  0.00274603
75.3375  310.71  0.00187268  -0.00015832  0.00691393
77.449  312.286  0.00169671  -0.00124277  0.0101059
80.8294  313.755  0.00128459  -0.00100812  0.00813861
36.683  307.653  0.00237813  -0.000135921  0.00240637
88.7984  308.935  0.00069538  0.000268771  0.00410777
100.563  311.53  0.000380448  0.000170522  0.00271116
345.655  313.869  0.000982241  -0.000177468  0.000455684
422.435  331.683  0.000654792  -0.000538941  0.00180312
310.954  332.895  0.000356091  -6.96943e-05  0.00158371
353.531  330.435  0.00695407  0.00123451  0.00296234
571.548  292.245  0.00259389  0.00037387  0.0082728
574.345  297.486  0.00403001  0.000518948  0.00353967
555.688  299.676  0.000750705  0.000110235  0.00269986
62.7044  298.563  0.00104275  0.000504847  0.00588691
43.9846  311.982  0.00186238  6.01324e-05  0.00176229
49.898  308.745  0.00120563  -0.000180652  0.00264381
54.0817  306.874  0.000880402  0.000261064  0.00210789
583.815  289.717  0.000397174  -0.000158442  0.000479448
561.207  338.249  0.00183106  -0.000397497  0.00541364
503.108  277.732  0.00254202  -0.000480144  0.00140681
38.4863  295.956  0.00156408  -0.00181598  0.00973708
38.1971  293.138  0.00125132  -0.000313398  0.00999584
430.671  270.544  0.00132388  -3.80365e-05  0.00101098
422.136  275.092  0.00075986  -0.000153047  0.00158207
102.991  301.696  0.00595667  0.00165497  0.00263385
446.122  276.583  0.00579509  0.00109362  0.00165183
438.307  282.437  0.00431069  0.00040806  0.0028331
431.398  274.93  0.00167426  0.00011153  0.00145386
243.169  287.902  0.00281665  -0.000290725  0.00460448
563.296  237  0.000659361  0.000140942  0.000407879
147.745  273.844  0.00341133  -0.000899089  0.00532887
154.086  271.494  0.00183013  -0.00143982  0.00986104
141.561  291.485  0.00232469  0.000390452  0.00650543
139.627  295.211  0.00191162  0.000231059  0.00368036
139.939  298.815  0.00197973  0.000161215  0.00236372
140.712  312.009  0.00218829  8.01094e-05  0.000793859
154.044  242.962  0.0116556  0.000230121  0.00206714
139.106  238.455  0.00146999  -0.000159037  0.00161829
137.172  243.236  0.00129987  -0.000319077  0.00271917
131.631  233.645  0.000837166  -0.000126182  0.00117868
136.564  269.266  0.00156225  -0.00127913  0.00946197
138.165  227.039  0.00116877  0.000257808  0.000815873
148.017  236.977  0.0082919  0.00251401  0.00215724
144.688  235.808  0.00436094  0.00124493  0.00167053
501.808  280.749  0.0030864  -0.000534886  0.00178341
497.681  287.61  0.00428751  -0.000677319  0.00104671
231.971  330.839  0.00188471  0.000228558  0.000774363
236.374  338.954  0.00116263  0.000139464  0.000502351
360.29  257.276  0.00294997  0.000367343  0.000840917
357.359  254.786  0.00204003  0.000236483  0.000725243
352.839  253.741  0.00133394  0.000128465  0.000688477
350.025  243.967  0.000959779  0.000100614  0.000428361
617.008  279.465  0.00477963  -0.00275305  0.00279418
285.129  249.458  0.0050776  0.000570808  0.00255041
616.915  282.424  0.00283255  -0.00135151  0.0013287
420.791  272.898  0.000498788  -0.000115593  0.00133398
508.534  182.83  0.000821451  4.679e-06  0.00251958
516.859  185.746  0.000505796  -2.65773e-06  0.00188137
385.163  159.55  0.00692368  0.000714991  0.00223446
773.458  581.977  0.000300863  0.000136747  0.000816335
797.872  589.292  0.00162005  0.00114621  0.00142713
753.497  534.438  0.000274614  0.000233148  0.000890053
661.716  445.553  0.000636167  -3.70208e-05  0.000336305
643.998  438.923  0.00256236  0.000174591  0.000343609
687.713  441.573  0.000227226  -4.34149e-05  0.000214413
520.08  490.382  0.00118264  0.0014209  0.00350077
543.02  491.383  0.000336951  0.00020226  0.00175644
483.099  434.904  0.00104827  2.04719e-05  0.00330274
472.26  414.524  0.00497098  0.000964206  0.000832796
320.621  428.066  0.000640077  0.000259507  0.00204602
340.901  428.691  0.000320143  0.000115485  0.00101083
299.639  441.254  0.000172796  -2.42329e-05  0.000948242
288.559  473.585  0.000193022  7.59274e-05  0.000249111
589.823  401.805  0.000798056  -0.000245691  0.00138746
683.381  415.958  0.000340137  -0.000277293  0.00259573
697.741  443.732  0.00265717  -0.00121449  0.00284497
537.581  387.72  0.000266447  -3.34001e-05  0.000657387
538.573  376.026  0.000261547  -1.24135e-05  0.000366335
533.641  396.44  0.00019812  -8.03543e-05  0.00120067
449.353  404.227  0.00511989  0.00089866  0.00110581
402.681  424.281  0.000283356  -0.000123025  0.00128418
433.051  446.609  0.00193499  0.000348884  0.000372492
402.72  428.826  0.000297823  -3.76837e-05  0.000297699
429.039  440.66  0.00124467  0.000164602  0.000302184
420.411  440.052  0.00069802  6.07909e-05  0.000261644
325.602  445.52  0.000129549  3.43491e-05  0.00112061
208.519  441.302  0.00176066  0.000478938  0.00118261
216.764  431.017  0.00131362  -8.58356e-05  0.00283767
215.158  442.864  0.000998888  0.000184509  0.00105573
243.481  443.119  0.000301897  -0.000196181  0.0014307
535.399  393.555  0.000283214  -3.48384e-05  0.0018788
490.656  358.063  0.00204083  6.70843e-05  0.000264743
513.006  341.855  0.000391768  -6.99857e-06  0.000198247
495.581  349.778  0.000211861  -3.30357e-05  0.000286267
174.451  416.817  0.00158873  0.00055415  0.00231083
166.332  417.339  0.000865057  0.00027694  0.00204557
222.923  419.54  0.00112485  0.000138668  0.00122302
245.008  423.16  0.000365038  -0.000117039  0.000965506
363.303  474.243  0.000330409  -1.96235e-05  0.000192922
365.091  454.874  0.000316419  -4.84154e-05  0.000401866
348.647  430.663  0.00072795  -0.000136729  0.000830731
360.729  435.297  0.000400268  -0.000121916  0.000713045
605.745  384.906  0.000372488  -0.000391106  0.00265411
591.275  377.646  0.000661589  -0.00020631  0.00159261
569.877  366.087  0.00442453  0.000151404  0.000864084
453.457  378.81  0.00279318  -4.08927e-05  0.00103287
441.783  377.578  0.000983823  -0.000110524  0.00105895
428.078  344.003  0.000419901  -1.60147e-05  0.000226633
444.56  449.892  0.00147137  1.60458e-05  0.000277417
418.03  424.403  0.000201596  -1.37259e-05  0.000197116
416.795  440.98  0.000321567  -5.89727e-05  0.000218701
453.503  417.893  0.00332855  0.00010596  0.000396576
405.929  429.322  0.000201259  -1.5658e-06  0.000233867
443.824  436.378  0.00132267  4.06501e-05  0.000195898
425.385  437.334  0.000429523  8.59019e-06  0.000184991
488.198  345.698  0.000390686  -1.50446e-05  0.000282372
473.535  388.827  0.00221704  -0.000157496  0.00183491
430.786  411.413  0.00021657  -3.45977e-05  0.000332307
557.002  400.282  0.000830551  -0.000196367  0.00130562
540.873  395.726  0.00327231  0.000485588  0.000999651
548.61  391.209  0.00158256  0.000116032  0.0013927
568.088  397.945  0.000437608  -4.61435e-05  0.000983791
544.431  384.956  0.00269451  0.000379578  0.00143741
509.664  382.312  0.000519661  -0.00053539  0.00215149
518.738  393.426  0.000673441  -0.000224368  0.00101394
506.574  383.54  0.000356045  -0.000187729  0.00163811
511.45  395.102  0.000432456  -6.5922e-05  0.000729738
503.571  375.007  0.000304344  -0.000194977  0.00251804
519.462  391.134  0.000630175  -2.31723e-05  0.000748674
533.465  391.438  0.0035067  0.000393768  0.00181101
538.328  389.274  0.00220857  -9.70488e-05  0.00238407
563.876  405.781  0.000391969  -0.000173768  0.000987265
518.64  333.11  0.0002548  -0.000178082  0.00074834
520.589  336.491  0.00018342  -0.000103949  0.0010899
527.584  330.454  0.000287805  -6.53426e-05  0.00068674
533.957  389.101  0.00344116  0.000726451  0.000878003
544.287  381.339  0.0014344  0.000158863  0.00136278
550.595  386.598  0.000826183  6.45057e-05  0.000971872
391.979  326.819  0.000267937  -2.34339e-05  0.000313401
349.348  322.626  0.00157863  0.000203751  0.000525337
341.04  347.368  0.00121299  -0.000351437  0.00372373
362.311  337.417  0.00478933  0.000249721  0.00105667
524.888  330.055  0.00027733  -0.000173194  0.00138546
340.371  334.33  0.00121128  -0.000744641  0.00278743
357.289  314.525  0.00224953  0.000225102  0.000502548
350.641  331.492  0.00141463  -0.00037772  0.00148377
418.128  327.651  0.000365448  -3.6671e-05  0.000695048
430.523  324.882  0.000235138  -3.70755e-05  0.000538726
401.524  319.425  0.000929228  8.96021e-05  0.000526015
440.188  321.206  0.000202282  -4.32776e-05  0.000416576
398.969  314.3  0.00165009  8.15087e-05  0.00040867
504.7  339.518  0.000279231  1.51134e-06  0.000776814
477.171  320.875  0.00195629  0.000645411  0.000588143
446.752  328.096  0.000629474  0.000121392  0.000644648
420.491  327.899  0.000215822  -2.27836e-05  0.000716046
463.936  322.692  0.000394921  -4.58816e-05  0.000401474
429.667  331.162  0.000857416  3.26131e-05  0.000468418
416.736  332.996  0.000423537  4.96815e-06  0.000524456
435.663  330.739  0.000375135  8.98549e-05  0.000561536
607.833  377.024  0.0026605  0.00117623  0.0024859
233.143  339.239  0.00172498  -0.000371219  0.00272734
239.1  332.568  0.0011214  -0.000126843  0.00127184
147.738  323.561  0.00019308  -0.0001002  0.0016697
190.722  322.42  0.00445734  0.000437176  0.00121401
543.888  325.876  0.000661676  -0.000820111  0.00252247
542.854  327.926  0.000962795  -0.00115268  0.00336728
630.776  331.817  0.000757682  0.000871394  0.00217747
537.232  369.478  0.000389291  2.62412e-05  0.000368018
525.001  370.163  0.000246247  7.45556e-06  0.000216269
418.983  334.785  0.00026783  -6.61993e-05  0.00187078
455.326  339.772  0.00258726  0.000704545  0.00178976
458.52  347.193  0.00557057  0.00171503  0.00145373
404.381  340.432  0.00017565  -2.95734e-05  0.00105922
385.72  338.033  0.000191218  -2.45961e-05  0.00113643
417.08  332.234  0.000608803  0.000290133  0.00181507
431.037  347.965  0.00288319  0.00104164  0.000914788
426.925  333.389  0.00074077  -0.000139955  0.00227267
428.92  343.909  0.000862836  -2.50375e-05  0.000939438
430.957  353.406  0.00102842  1.70679e-05  0.000539131
423.101  335.688  0.000589455  8.98094e-05  0.00126197
430.494  360.685  0.00102284  7.36268e-05  0.000314086
454.298  361.605  0.000615207  1.94398e-05  0.000287707
304.574  346.432  0.000976557  9.77252e-05  0.000556861
294.477  345.213  0.000530265  2.28843e-05  0.000543827
294.592  360.921  0.000609176  6.88584e-05  0.000284186
44.0065  310.819  0.00207982  0.00112283  0.00287839
65.0312  303.982  0.000689239  0.000815066  0.00257843
553.353  337.33  0.00118875  -0.000640897  0.00487823
541.509  362.207  0.000591809  -1.61788e-05  0.000312438
526.563  371.527  0.000309773  -1.62056e-05  0.000201226
174.531  345.52  0.00172906  0.00131986  0.00225894
188.613  344.174  0.00512984  0.00123785  0.00133957
155.597  371.959  0.000612833  0.000389311  0.000643474
455.473  366.585  0.000304265  3.24782e-05  0.000240916
462.479  352.132  0.000244202  3.61377e-05  0.000423264
455.003  362.731  0.000313629  1.08492e-05  0.00020372
461.793  347.719  0.000253436  -2.53799e-06  0.000357858
255.846  338.523  0.000408493  -7.36748e-05  0.000970564
267.136  341.67  0.000261136  -8.06697e-05  0.000866271
522.752  376.355  0.00116741  4.60618e-05  0.000215418
241.604  327.962  0.000943496  3.65745e-05  0.000654246
368.082  312.865  0.00293201  -0.000372478  0.00163186
369.512  323.298  0.00325165  -0.000273681  0.00076504
93.3432  314.375  0.0025546  -0.00165737  0.00331756
494.892  274.421  0.00435132  -0.000886188  0.00144673
560.95  295.666  0.00185586  -0.000633588  0.00198913
571.803  296.925  0.00085382  -0.000465675  0.00180078
76.4445  302.15  0.00105749  -0.000980489  0.00526094
96.9379  320.936  0.00256435  0.000125018  0.000906335
85.1485  310.79  0.000292113  -0.000110328  0.00187168
90.5266  316.272  0.00136926  -4.63821e-05  0.000587932
84.6653  316.933  0.00090107  -6.62005e-05  0.000522201
74.7697  315.137  0.000520642  -9.06091e-05  0.000500288
66.3501  314.738  0.000363061  -9.18819e-05  0.000457696
297.143  328.482  0.000277469  -0.000164418  0.00171144
326.048  362.796  0.00179971  0.000279441  0.000342883
320.785  376.704  0.0013962  0.00022269  0.000218826
51.2321  331.828  0.00155797  0.000253983  0.000240161
495.32  297.355  0.00669058  -0.00105492  0.000977579
536.502  252.568  0.000337605  -0.000341506  0.00167296
440.163  280.177  0.000666099  0.000445729  0.0039431
240.698  246.719  0.00299848  0.000744974  0.00126893
168.146  244.382  0.000579396  -0.00015739  0.0019778
175.54  239.336  0.000421082  -7.51353e-05  0.00116771
160.094  250.032  0.000744143  -0.000501467  0.00448352
202.39  234.12  0.000705015  4.60505e-05  0.000662268
234.483  223.942  0.000199374  -6.72268e-06  0.000323393
516.891  301.567  0.00113628  -9.98466e-05  0.000315146
502.864  282.962  0.00190009  -0.000313355  0.000764896
508.658  290.312  0.00124462  -0.000206777  0.000521021
358.107  261.467  0.00277396  0.000582978  0.00148502
358.604  266.347  0.00019651  -0.000140328  0.00147048
352.336  253.092  0.000249754  -6.04492e-06  0.000642315
363.076  211.545  0.00185146  0.000390016  0.00122532
454.209  208.833  0.00298419  0.000424841  0.000459645
416.066  250.828  0.000255466  1.02804e-05  0.00035487
518.481  196.729  0.000484116  3.84166e-05  0.000813635
521.754  222.756  0.000359994  3.75234e-05  0.00024572
736.304  591.091  0.000880997  0.000665466  0.000849403
751.292  471.964  0.00019198  -3.26648e-05  0.00045716
753.548  472.328  0.000222503  -6.57277e-05  0.000377704
748.088  481.923  0.000218481  -0.000140248  0.000649723
655.779  449.782  0.000933594  0.00010875  0.000220565
691.77  445.476  0.000193767  3.70247e-06  0.00014948
758.545  473.165  0.000326375  -0.000300088  0.00123263
685.509  442.73  0.00026044  -4.91389e-05  0.00030119
355.888  408.456  0.000336166  0.000276853  0.000468827
712.713  513.755  8.79955e-05  -1.54803e-05  0.000161354
555.914  437.585  0.000241471  -9.79634e-06  0.00114229
510.292  426.856  0.000949972  -0.000743636  0.00115426
520.444  419.215  0.000503108  -0.000311729  0.000484211
429.033  387.018  0.000486116  -0.000112787  0.00213536
392.799  397.607  0.000431141  0.000407099  0.00282118
388.025  391.316  0.00082837  0.000903125  0.00237527
335.836  380.633  0.00071769  0.000632044  0.00203297
325.502  378.517  0.000387915  0.000260501  0.0015502
311.557  377.018  0.000228321  6.85504e-05  0.00138412
261.31  397.523  0.000118654  2.37713e-05  0.000570452
246.694  406.698  0.00010261  5.01719e-05  0.000384902
390.305  427.238  0.000129197  -5.12239e-05  0.000729291
495.55  430.849  0.00121814  -0.000267919  0.00103348
433.957  411.975  0.000626149  -2.38877e-05  0.000332532
449.937  415.192  0.00207065  -1.88177e-05  0.000306721
503.252  341.698  0.000135184  -7.77448e-05  0.000991698
646.622  367.122  0.000766596  1.75403e-06  0.000403468
634.841  362.064  0.000406443  -1.00909e-05  0.000338462
600.332  376.745  0.00126859  0.000481099  0.00136542
574.962  385.451  0.000374272  0.000291976  0.00107747
543.447  457.642  0.000161574  4.3949e-05  9.60014e-05
577.094  387.187  0.000507924  0.0006259  0.00210961
509.247  335.072  0.000101157  -2.4651e-05  0.000686172
412.709  330.35  0.000443962  0.000126142  0.000875083
416.301  332.903  0.000376697  -4.88824e-05  0.000926584
453.526  323.752  9.09507e-05  -3.00915e-05  0.000465051
433.962  315.139  0.000144383  -1.72656e-05  0.000338036
399.886  343.914  0.000357402  -0.000161642  0.00276404
490.691  333.798  0.000111157  -1.78372e-05  0.000694953
467.95  330.459  0.000209329  1.80849e-05  0.000644123
646.84  367.213  0.000540007  -8.06866e-05  0.000406785
636.518  363.034  0.000340515  -5.92051e-05  0.000351708
611.254  359.99  0.000149092  -4.20692e-05  0.000338612
136.375  316.105  0.000132555  -6.21071e-05  0.000958874
164.539  325.924  0.000535507  -0.000161233  0.00178532
198.507  319.896  0.000152978  -7.5587e-05  0.000895517
536.354  449.798  0.000103865  3.87023e-05  0.00011676
279.158  289.982  0.000172488  4.9907e-06  0.000174737
251.66  335.138  0.000638446  -0.000452757  0.00241647
262.587  336.477  0.000416159  -0.000424004  0.00218364
284.852  329.616  0.000296975  -0.00012689  0.00145026
266.059  379.872  0.000216112  3.27941e-05  0.00014751
141.691  369.698  0.000341535  0.000397155  0.00150149
65.9005  297.211  0.000736962  0.00066727  0.00144288
45.6214  299.397  0.00206801  0.000632757  0.000924369
83.3275  306.649  0.000453091  -3.48512e-05  0.000713926
676.759  434.858  0.000700139  -0.000434823  0.00191563
665.088  434.273  0.000396677  -0.000306513  0.00179227
565.881  451.578  0.00022813  6.04278e-05  0.000124167
563.149  372.69  0.002864  0.00012082  0.000386175
552.779  348.85  0.00103337  -0.000129282  0.000586095
561.887  362.651  0.0023398  2.95759e-05  0.000356009
491.77  351.79  0.000122048  -6.60388e-05  0.000222184
528.615  385.162  0.000322549  -1.98641e-05  0.000121208
543.699  358.655  0.000648192  -4.14759e-06  0.00033712
380.705  359.822  0.00162574  -0.000373563  0.000960354
390.454  367.487  0.000865093  -0.000333251  0.000784871
408.14  375.801  0.000470291  -0.000359489  0.000789834
429.868  389.735  0.00028648  -0.000295713  0.000637387
380.972  420.97  0.000518623  2.25625e-05  0.00010727
432.117  395.907  0.000213385  -0.000217481  0.00048763
436.598  381.617  0.000360571  0.000108449  0.000153163
283.291  343.196  0.000166665  -7.48678e-05  0.000833077
125.752  341.349  9.60992e-05  -3.71154e-05  0.000799095
159.248  308.837  0.000384919  -0.000162557  0.00186537
147.631  306.5  0.000255624  -0.000203817  0.0020571
155.159  318.662  0.000333103  -4.89732e-05  0.000831475
58.8617  312.296  0.00201698  0.000270226  0.000508332
63.9565  312.955  0.00127476  0.000127675  0.000493798
70.9653  313.813  0.000782012  3.04823e-05  0.000494374
92.0774  317.738  0.00029654  -6.74528e-05  0.000503655
108.945  320.092  0.000184702  -9.95152e-05  0.000543815
126.734  335.14  0.000111376  -6.06337e-05  0.000330426
69.1559  312.045  0.00040534  -0.00020945  0.00259054
145.391  311.281  0.000177084  -0.00013502  0.0012991
145.232  317.412  0.000172714  -8.10236e-05  0.00083191
188.033  355.951  0.00143715  0.000108348  0.000201436
183.072  359.412  0.00100086  7.12805e-05  0.000176141
163.424  358.325  0.000346023  1.25085e-05  0.000165119
252.78  337.104  0.000558311  -0.000224794  0.00125281
95.377  313.047  0.000226514  -0.00019872  0.0016219
50.4345  312.135  0.00231904  0.000252485  0.000454837
126.247  320.914  0.000122622  -0.000140975  0.00064724
499.427  356.967  0.000407215  2.72842e-05  9.82815e-05
512.145  301.797  0.00112513  -0.000257286  0.000354134
38.9221  203.4  0.00203939  0.000585489  0.000599748
507.307  277.882  0.000142658  -0.000120901  0.000447231
531.012  285.949  0.000236056  -0.000101019  0.000433562
344.954  265.742  0.00028746  -0.000104622  0.00209312
350.131  257.724  0.000362854  -4.97055e-05  0.00100448
500.243  348.498  0.000409269  4.04674e-05  9.00534e-05
343.896  261.331  0.000304531  -7.22431e-05  0.00139532
432.325  268.909  0.000878804  8.0183e-05  0.000863029
553.768  232.457  0.000105584  7.79266e-06  0.000191928
548.136  235.859  0.000238941  -0.00028649  0.00108899
536.862  217.674  0.00026627  -0.000106345  0.000446769
552.877  224.724  0.000141774  8.30016e-08  0.000245559
562.066  209.534  0.00011544  -9.88973e-06  0.000465665
562.469  246.463  0.000107538  2.18857e-06  0.000129536
339.55  234.085  0.00048725  4.33574e-05  0.000317033
335.98  255.752  0.000486245  -2.09628e-05  0.00096784
339.611  221.174  0.000443813  4.78146e-05  0.000204361
326.128  260.742  0.000332768  -0.000100025  0.00153135
321.422  256.922  0.000271022  -7.30765e-05  0.00116212
322.836  241.072  0.000255285  -5.26296e-06  0.000449883
456.807  220.391  0.000255878  -0.000172484  0.000350305
470.241  237.651  0.000173992  -0.000120464  0.000243141
354.332  213.798  0.00092207  0.000149475  0.00016669
446.637  247.871  0.000243857  -3.67655e-05  0.000124715
371.492  174.882  0.00131321  0.000106287  0.000684454
