1.0
761
160.823  595.283  0.00387949  0.000196816  0.00173496
572.746  549.668  0.000522406  5.87068e-05  0.000519697
533.39  571.371  0.00515877  0.000220312  0.00151799
525.897  576.429  0.00203544  0.000317938  0.00223475
514.468  561.046  0.000813478  8.7749e-05  0.000614724
611.421  574.925  0.00255156  0.000271474  0.0018068
754.261  594.891  0.00358866  0.00336225  0.00874628
752.456  597.349  0.00337433  0.00314784  0.00677228
601.895  583.253  0.00214276  0.00129525  0.00276611
599.01  588.413  0.00189791  0.00123926  0.00208362
608.906  578.681  0.00162028  0.000574055  0.00370607
607.683  585.632  0.00113092  0.000544062  0.00201573
618.918  583.226  0.000685308  1.08176e-05  0.00249141
560.758  597.196  0.00118445  -0.000119294  0.00118935
562.877  597.029  0.00562262  -0.00226476  0.00206238
561.82  589.013  0.00409243  -0.00176696  0.00319276
558.975  587.375  0.00450451  -0.000215436  0.00306237
563.364  590.443  0.00254119  -0.000157727  0.00222995
450.115  576.303  0.00101139  -0.000115787  0.00545045
457.071  584.242  0.00205974  0.000296067  0.00213299
465.149  558.624  0.00188737  0.00033041  0.00925179
771.284  546.077  0.00639778  -0.000753451  0.00145156
398.709  573.054  0.0007811  0.000953356  0.00421081
620.858  574.104  0.00282023  -0.00351123  0.00966647
626.49  576.691  0.00195084  -0.00253493  0.00726701
511.281  554.63  0.00501622  0.00218094  0.00230021
205.471  561.856  0.00336697  0.00136014  0.00629344
302.089  551.738  0.0011172  -6.63128e-05  0.00222997
470.848  554.359  0.00220137  0.00138669  0.00431251
460.254  575.689  0.00232908  0.0012602  0.00127305
501.982  552.08  0.00660532  0.00386366  0.00392987
528.968  575.027  0.00233512  -0.00109377  0.000930309
636.89  491.58  0.000910852  0.000982682  0.00193026
444.916  514.041  0.00164631  0.000212057  0.00719091
300.002  483.509  0.00390743  0.000872628  0.00419819
294.363  489.428  0.00231863  0.00190496  0.0101731
291.029  489.113  0.00172845  0.00155575  0.00833506
180.375  488.821  0.00167819  0.00189907  0.00560803
770.451  486.126  0.00333957  0.000137952  0.0030192
387.093  438.769  0.00133022  -0.0001538  0.000536702
362.902  436.305  0.000340068  -2.17006e-05  0.000429089
736.119  448.31  0.0012131  -0.00079402  0.00119165
371.518  440.252  0.00048942  1.97887e-06  0.000731861
368.673  487.808  0.00101544  7.26079e-05  0.00262127
376.459  486.99  0.000629163  0.000150298  0.00260565
341.782  447.231  0.000371821  0.00011782  0.00116559
234.223  451.514  0.0050103  0.00154875  0.00144097
681.158  447.157  0.00301688  0.000819834  0.00216018
665.202  423.443  0.00046469  6.60405e-05  0.000535828
336.559  447.408  0.000771379  0.000518148  0.00170055
324.732  452.653  0.00047856  0.000451347  0.00236185
241.19  444.989  0.00268647  0.00124079  0.00219786
345.223  446.68  0.00037704  0.00023988  0.00230028
383.251  438.999  0.000384475  0.000242807  0.00159695
336.833  438.13  0.00100318  0.00027864  0.00104182
370.255  447.453  0.00237894  0.000315732  0.00341329
356.929  443.719  0.00190397  0.00107764  0.00423565
363.801  442.76  0.00114477  0.000921857  0.00429397
355.023  439.163  0.00248694  0.000914258  0.00238567
401.52  438.142  0.000593499  6.45375e-06  0.00162006
625.824  459.401  0.00306568  0.00348223  0.0106715
613.072  455.766  0.00106573  0.000752887  0.00273221
332.052  443.325  0.00119527  0.00105942  0.0044708
287.864  448.547  0.00382969  0.00291845  0.0076644
281.306  451.374  0.0022746  0.00154852  0.0105984
295.035  426.991  0.00131127  0.00103294  0.001523
298.625  418.52  0.00102425  0.000837064  0.00125735
146.739  432.589  0.00131002  -0.000794228  0.00177563
190.403  447.309  0.00373783  0.00177017  0.00320249
154.317  480.344  0.00509959  0.00105926  0.0011075
137.684  477.177  0.000942855  1.25118e-05  0.000736655
131.115  475.958  0.000643084  -5.39435e-05  0.000683704
268.325  462.98  0.00170512  0.00188445  0.00410284
714.314  475.268  0.00095803  0.000508518  0.00119368
740.18  434.054  0.00347873  0.00309404  0.00837582
583.777  466.093  0.000706244  0.000547288  0.00238659
588.672  491.891  0.000362421  -8.81668e-05  0.000556024
635.535  459.263  0.00689312  0.000281413  0.00247861
277.686  465.463  0.000701613  0.000288552  0.00191687
347.072  451.631  0.000389978  0.000123792  0.00247519
350.465  456.404  0.00045483  8.01261e-05  0.00151824
370.752  437.914  0.000505056  -6.38859e-06  0.000393642
390.656  455.069  0.000956451  0.000237235  0.00147673
340.606  453.844  0.00124567  0.000684492  0.00229918
355.549  451.133  0.00138413  -0.000285306  0.0016665
362.058  450.241  0.000843772  -0.000127432  0.00168705
376.98  451.842  0.0003919  -2.16682e-05  0.00132518
371.638  446.587  0.00275536  0.000155229  0.0040515
281.117  445.218  0.00101263  0.000551543  0.00562666
277.721  459.482  0.00067697  5.09023e-05  0.00120415
323.146  415.84  0.00117788  0.000114065  0.00349227
319.987  400.153  0.00104177  -5.34834e-05  0.000832748
299.897  410.157  0.000339124  7.24974e-05  0.00158502
170.927  437.85  0.00209176  0.00065419  0.00467542
179.568  440.285  0.00107383  -0.000243151  0.00369277
427.675  464.981  0.00176961  0.000481559  0.000668037
474.127  459.882  0.000719838  -0.000294191  0.000732949
463.044  441.254  0.00274179  -0.000448085  0.00267434
451.424  435.523  0.00344085  0.00155022  0.00706947
425.659  465.941  0.00443722  -0.000716065  0.000730121
452.233  432.445  0.00055184  -0.000108955  0.00430405
423.517  450.823  0.00154749  0.00063067  0.00321391
424.283  456.654  0.00743167  -0.000378453  0.00265217
424.544  453.514  0.00650257  -0.000428673  0.00194593
572.342  434.612  0.00322972  -0.000684258  0.00363542
574.926  429.182  0.00238626  -0.00136079  0.00973192
580.454  446.06  0.0015072  -0.000264673  0.00124631
583.369  437.033  0.00115968  -0.00046963  0.00315029
586.77  458.935  0.000988548  -0.000143613  0.000570421
586.055  433.164  0.000986933  -0.000782458  0.00583465
590.009  445.996  0.000762748  -0.000224027  0.00137289
527.779  427.743  0.00158662  0.00210086  0.00780167
597.257  447.577  0.00057922  -0.000357437  0.00128179
444.993  425.162  0.00149593  0.00123687  0.0085689
123.009  402.013  0.00228062  0.000683021  0.00497799
134.215  399.378  0.00101949  0.000860393  0.00474517
710.821  401.132  0.00505923  -0.000697576  0.00457386
700.498  384.351  0.00250175  -0.000615645  0.000971368
595.806  421.863  0.00255115  -0.00120548  0.00481231
601.904  424.477  0.00515323  -0.000820815  0.00424544
600.988  446.239  0.00557354  0.000273206  0.000653808
593.83  451.09  0.00228486  5.89502e-05  0.000447967
371.907  409.776  0.00351221  0.000198294  0.00477075
377.106  402.981  0.00187644  -3.08261e-05  0.000909952
346.548  442.009  0.000520739  -6.28209e-05  0.000549347
646.94  399.301  0.00158477  -0.000381667  0.00625124
364.881  405.185  0.00624977  -0.000641646  0.00109266
342.205  435.69  0.00104754  -0.00020953  0.000769444
371.605  415.312  0.00654013  -0.000326441  0.00236853
371.094  404.386  0.00617781  -0.000417773  0.00101529
366.817  410.797  0.00442985  -0.000313969  0.00439496
365.779  408.494  0.002836  0.000385275  0.00634668
361.631  396.488  0.00184828  -1.25496e-05  0.000585743
96.4719  445.033  0.00377475  -0.000510703  0.000511342
140.046  423.815  0.000757632  -0.000301503  0.00119239
130.369  442.889  0.00202113  -0.000405598  0.00042587
135.872  406.033  0.000798221  3.32629e-05  0.00180637
138.32  415.663  0.000753022  -5.15738e-05  0.000847764
410.646  424.066  0.00114186  -0.000145828  0.000967369
449.672  421.902  0.000351149  1.21929e-05  0.000895676
415.217  414.551  0.00229656  -0.000112479  0.00200952
422.503  411.585  0.00116175  5.70249e-05  0.00258794
366.018  421.629  0.000613429  -0.000153773  0.000539752
365.278  417.838  0.000787434  -0.000164385  0.000653407
356.995  412.863  0.0117921  -0.00115309  0.00200169
376.43  396.896  0.000917567  -6.7238e-05  0.00063189
360.871  396.398  0.00528907  0.00165705  0.00386299
372.969  407.429  0.00151694  0.000284896  0.000780817
375.907  410.865  0.00122696  0.000202563  0.00058366
319.211  421.288  0.000881384  -0.000346296  0.00177328
329.459  431.768  0.00173922  -0.000307804  0.00088678
377.048  415.161  0.00111034  9.4969e-05  0.000388628
366.96  396.585  0.000914437  0.000764685  0.00440836
376.174  388.397  0.0033842  -0.00310844  0.00946186
380.555  393.432  0.00456732  -0.00188713  0.00480906
368.62  418.485  0.000993241  -0.000210428  0.000410366
706.162  366.1  0.00250441  0.00256484  0.00762428
699.788  368.83  0.00220434  0.00117586  0.00894558
713.826  358.242  0.00165634  0.00198934  0.00443706
706.346  355.97  0.000799575  0.000741175  0.0025947
689.664  366.33  0.00108811  -0.000584335  0.00682226
691.073  360.714  0.000649628  -1.69037e-05  0.0033872
124.692  415.774  0.000463458  0.000401177  0.00323416
132.202  419.392  0.000581898  0.000167306  0.00191612
41.1135  354.071  0.000939803  -3.38499e-05  0.00198047
17.937  345.506  0.0055851  -0.000870987  0.000987279
734.659  363.659  0.00754643  -0.00590386  0.00757482
147.224  378.619  0.00864052  -0.00113151  0.00199775
187.545  338.43  0.00436847  -0.000318274  0.000819452
210.027  335.102  0.000614751  5.54024e-05  0.000782253
208.798  326.575  0.000620965  1.00442e-05  0.0004845
195.01  326.848  0.00162453  -9.57402e-05  0.0004553
187.829  327.701  0.00360167  -0.000293212  0.000470555
198.3  321.06  0.00117672  -6.50434e-05  0.000358454
195.539  326.075  0.00256151  -0.000158701  0.000444445
215.095  317.999  0.000557082  2.38816e-06  0.000342776
188.34  326.999  0.00201151  -0.000299068  0.000487707
173.863  335.886  0.00404168  -0.000633924  0.000722885
185.317  339.245  0.00382397  -0.000571491  0.000925663
183.108  332.247  0.0033645  -0.000529957  0.000636034
667.688  404.559  0.0050574  -0.00474435  0.00770557
507.714  333.882  0.00104118  -0.000183744  0.000958335
681.987  340.797  0.0044373  0.00170021  0.00154239
678.786  347.802  0.00412054  0.00157133  0.002126
672.239  356.486  0.00271592  0.00100325  0.00439915
657.342  352.205  0.00069789  0.000243085  0.00249022
683.48  325.196  0.00247259  0.000948612  0.000747634
648.037  400.048  0.000821461  0.00032378  0.000455591
657.86  391.612  0.000481609  9.14597e-05  0.000603018
357.861  347.486  0.00125535  -0.000338245  0.00329533
49.6914  380.9  0.00519204  -0.000810536  0.00106891
348.292  308.14  0.00091418  2.3834e-05  0.000546421
331.314  328.171  0.000380213  0.000227993  0.0019448
669.265  332.224  0.00735659  0.00445788  0.00506944
666.51  327.203  0.00470939  0.00126477  0.00203376
662.733  307.913  0.00300983  -0.000174003  0.000550849
674.3  337.304  0.00422857  0.00174111  0.00175848
439.38  318.682  0.000611022  1.55654e-05  0.00181202
431.742  315.21  0.000423911  1.25076e-05  0.00129178
310.318  343.823  0.00169744  0.000630491  0.00379864
610.54  329.528  0.00150915  4.77309e-05  0.0113628
577.086  327.76  0.000363577  -3.42881e-05  0.00268485
306.366  341.997  0.00136814  0.00139012  0.00871988
357.68  346.218  0.00133344  0.000357893  0.00127797
364.088  344.69  0.000881193  0.000348742  0.00125469
312.509  339.833  0.0020944  0.000896081  0.00582289
312.298  343.736  0.00199955  0.000509106  0.00327541
299.565  345.669  0.000799996  0.000501716  0.00327536
289.331  346.932  0.000500205  0.000519107  0.00340218
759.988  319.451  0.0116239  -0.00418394  0.00344063
756.422  320.91  0.00611037  -0.00169155  0.00168548
748.453  326.871  0.00242823  -0.000295938  0.000578539
748.391  343.285  0.00264751  0.00033204  0.00047199
502.293  315.244  0.00366739  5.47843e-05  0.00271002
499.13  313.401  0.00578129  -0.000172419  0.00213786
505.055  317.902  0.00470079  -0.00018464  0.00404559
500.666  312.135  0.00885001  -0.00102611  0.0020669
531.391  315.754  0.00142637  0.000450955  0.00459819
531.17  306.788  0.0013346  9.66124e-05  0.0016193
502.751  308.32  0.0104479  -0.00118381  0.00154289
503.986  301.157  0.00669692  -0.000765927  0.000930607
530.355  300.173  0.00101108  0.000146514  0.000948942
528.869  288.913  0.00115053  9.57158e-05  0.000486647
700.449  333.824  0.00551755  -0.0019734  0.00456793
702.549  345.421  0.00412488  -0.000732286  0.00138192
384.863  297.79  0.000575443  0.000597329  0.00183811
376.097  296.17  0.00101086  0.00032076  0.00124901
356.594  327.146  0.00164899  -0.000638808  0.00793245
353.992  335.422  0.00125796  -0.000225077  0.00231964
349.572  347.552  0.000869688  -0.000101037  0.000827147
338.207  351.229  0.000455459  -6.67608e-05  0.00063023
662.357  317.688  0.0077042  0.00513024  0.00631435
683.619  328.616  0.00257795  0.000168978  0.00518208
678.345  337.861  0.00183302  0.00087106  0.00227009
688.603  342.399  0.000779957  6.42171e-05  0.00154317
686.118  335.587  0.00334113  0.000642576  0.00251585
695.093  328.68  0.00273224  -0.00221439  0.00819015
690.953  338.989  0.00180548  8.18531e-05  0.00195354
327.726  281.955  0.00143582  -4.71168e-05  0.000360545
323.389  282.267  0.000901746  -4.54767e-05  0.000358859
358.516  327.32  0.00224291  -0.00057841  0.00786704
361.204  328.572  0.00172276  -0.000471459  0.00642841
388.023  303.593  0.000480248  -0.000266491  0.00314404
166.003  332.166  0.00632423  -0.00148922  0.00375587
166.178  336.704  0.00610794  -0.000992991  0.00219726
187.731  335.821  0.00778797  -0.000288867  0.000926841
203.645  345.425  0.00121757  -5.12917e-06  0.000470769
210.463  327.463  0.0007326  0.000131902  0.00138207
212.654  333.667  0.00065077  7.14676e-05  0.000855684
214.222  318.985  0.000607956  0.000353509  0.0031335
192.936  331.582  0.00329287  -7.19407e-05  0.00075241
222.746  328.894  0.000392362  7.03855e-05  0.000693349
184.812  339.491  0.0053572  -0.000911864  0.000919726
189.419  339.352  0.00280905  -0.000436964  0.000811803
195.53  339.452  0.00151504  -0.000199  0.000731372
202.357  320.339  0.000757564  0.000253936  0.00319472
216.499  337.569  0.000412347  4.23631e-06  0.000666487
297.594  285.246  0.000462864  5.33936e-05  0.000383839
386.81  296.564  0.000624158  0.000712243  0.0027612
201.831  321.044  0.000779022  0.000278964  0.0029351
196.037  328.008  0.000533535  0.00013268  0.00153821
210.249  333.989  0.00120728  -2.31795e-05  0.000865934
221.874  341.643  0.00357786  -0.000318607  0.000545741
195.257  340.281  0.00419794  6.94466e-05  0.000647954
198.876  339.629  0.00262977  7.40259e-05  0.000655852
210.441  322.556  0.000971769  0.000264985  0.00218835
226.742  340.689  0.000392479  6.19311e-05  0.000514572
203.246  320.34  0.00315601  0.000353458  0.00312648
215.806  330.986  0.000991656  0.000113182  0.000999731
176.399  330.136  0.00147444  -4.52654e-05  0.0016083
185.397  335.138  0.00346636  -0.00044523  0.001061
211.876  329.066  0.0051563  -0.000673383  0.000842283
216.196  327.349  0.00276067  -0.000274742  0.000810063
232.978  322.577  0.000699305  7.20579e-05  0.000798165
185.995  324.208  0.00489136  -0.000620897  0.00146852
211.14  339.971  0.00314227  -0.000513796  0.000700865
213.338  319.847  0.00169625  3.91472e-05  0.00291176
215.611  333.645  0.00171386  -0.000216211  0.000894742
213.312  314.069  0.00160485  0.000539412  0.0067761
220.797  320.318  0.000959652  0.00012418  0.00246404
231.816  338.453  0.000588567  -4.01462e-05  0.000580254
325.118  286.08  0.00257997  -0.000106125  0.000497995
202.993  321.696  0.0059441  0.000313247  0.0026623
206.018  337.426  0.00324806  2.81374e-05  0.0007104
192.983  322.23  0.00777045  5.46234e-06  0.0029048
186.476  328.858  0.00277774  6.86644e-05  0.00158186
193.65  334.26  0.00793857  -0.00023887  0.000976222
232.226  319.291  0.000967277  0.000184969  0.000985228
190.247  331.087  0.00450969  -0.000100208  0.00079303
194.281  316.139  0.00334134  0.000528755  0.0070829
194.406  319.812  0.00319206  0.000151271  0.0039041
201.253  322.569  0.00918566  -0.000636503  0.00256486
185.304  329.063  0.00119598  7.11684e-05  0.00157998
196.29  335.734  0.00324896  -0.000227982  0.000884133
83.8064  308.773  0.00167469  0.00125625  0.00594138
310.087  296.526  0.00208624  5.80786e-05  0.00076571
298.475  285.176  0.000837915  3.52169e-05  0.000385526
311.233  293.67  0.00300215  -0.000237724  0.000688563
196.678  346.519  0.000812452  6.55799e-05  0.000462175
207.015  320.167  0.000506275  0.000373401  0.00301573
201.943  330.354  0.00045139  1.65658e-05  0.00122666
308.596  312.582  0.00565013  -0.000553973  0.00316275
293.713  285.37  0.00165549  -0.000239908  0.000429582
643.26  302.257  0.00206014  0.000334358  0.00963951
651.692  299.608  0.00128166  0.00135083  0.0081712
422.622  294.266  0.00273153  -0.000324757  0.00149932
17.0635  277.533  0.00900885  -0.00138149  0.0024812
301.643  310.285  0.000448253  0.000145639  0.00131572
528.25  281.057  0.00459353  -0.00464756  0.00846751
529.24  286.815  0.00280836  -0.00107418  0.0052984
500.088  280.573  0.000635515  -0.000362944  0.00119075
395.627  247.27  0.00432836  -0.000496693  0.000597952
167.697  274.144  0.00250236  0.000173683  0.00371131
166.846  266.439  0.00243151  -0.000100092  0.00159825
160.144  261.774  0.00550448  -0.000564947  0.00109108
185.121  253.001  0.00055447  2.34011e-05  0.000709698
161.26  248.515  0.00361121  -0.000396441  0.00052305
171.798  246.308  0.00120782  -9.35861e-05  0.000466282
481.687  290.575  0.00836999  -0.000813354  0.00159014
394.758  237.471  0.000380344  -2.30061e-05  0.000548133
391.041  262.372  0.00121894  0.000372966  0.00391186
391.611  258.101  0.00110856  0.000182191  0.0023337
387.904  251.768  0.00138001  1.47721e-05  0.00125221
385.802  242.964  0.00151561  -7.22706e-05  0.000685389
396.513  232.343  0.00352975  -0.000196109  0.000432064
380.238  252.896  0.000756572  0.00010666  0.0012568
374.525  241.081  0.000566366  3.1089e-05  0.000559101
374.404  246.43  0.000771507  -9.07371e-05  0.000801338
381.023  265.107  0.00156193  0.000453939  0.00486774
374.46  239.172  0.000380053  -1.71331e-05  0.000521206
388.322  251.651  0.000527488  0.000146408  0.00123137
376.368  261.042  0.00177365  5.4091e-05  0.00264409
374.698  261.497  0.00614836  -0.000443258  0.0027749
518.282  286.752  0.00708733  -0.000391344  0.00141013
510.859  305.676  0.00207606  -0.000108631  0.000459371
481.123  276.268  0.00155879  0.000935627  0.010397
529.905  275.718  0.00241795  -3.65943e-06  0.00426448
534.164  287.091  0.00708462  0.000167463  0.00124811
256.19  286.211  0.000835103  0.000256479  0.00285426
262.537  290.588  0.00115581  2.68204e-06  0.00167139
305.511  295.319  0.00227397  -0.000188263  0.000718581
592.352  275.84  0.00136877  0.000842512  0.00148051
580.609  268.609  0.000575117  0.000104204  0.000784883
574.294  264.049  0.000362736  -2.25116e-05  0.00080163
177.122  279.207  0.00112695  7.24764e-05  0.00165043
187.891  277.808  0.00058092  0.000141831  0.00164162
195.385  273.683  0.000397256  0.000114387  0.00125431
172.331  269.141  0.00146974  -8.92122e-05  0.000761542
188.583  262.214  0.000491933  1.15233e-05  0.000568174
193.803  251.704  0.000362974  3.18372e-07  0.000357273
171.843  253.675  0.00129394  -0.000119613  0.000359531
147.459  225.296  0.00127369  0.00024248  0.000438987
166.866  250.16  0.00628484  0.000941752  0.00317813
149.758  224.23  0.000864164  0.000124703  0.000404829
165.867  250.697  0.00260255  0.000102773  0.00336393
271.955  239.824  0.0105396  -0.00200707  0.0017173
573.25  251.518  0.000385696  -0.000234838  0.00311615
207.028  231.147  0.0031714  -4.19368e-05  0.00154043
205.753  237.978  0.00262647  8.71553e-05  0.00311944
200.999  241.272  0.00160837  0.000239306  0.00472276
186.001  242.135  0.000585302  0.000279577  0.00463035
182.008  218.101  0.000488839  1.51783e-05  0.000564812
218.478  243.667  0.00218679  0.000737001  0.00898738
211.763  229.128  0.00602383  0.000494446  0.00135376
212.336  221.578  0.00595655  0.000453684  0.000801619
202.535  239.542  0.00453344  -0.000127923  0.00375123
175.211  241.029  0.000491202  0.000195689  0.00356833
165.422  219.692  0.000334237  1.07737e-05  0.000581441
237.327  210.31  0.002272  -0.000110803  0.000342966
461.788  261.201  0.000528877  0.000258169  0.0013184
463.53  245.444  0.000619776  0.000246865  0.00436966
463.656  238.433  0.000562617  5.5653e-05  0.00189734
450.757  263.362  0.00194986  3.32854e-05  0.00143574
651.941  251.225  0.000929468  -0.0007572  0.00406793
236.301  273.939  0.000879244  0.000236075  0.00193271
183.815  244.294  0.0039758  0.000936578  0.00302793
191.029  234.23  0.00199903  0.000436909  0.00125141
145.231  265.607  0.00184807  0.000765426  0.00206452
176.115  257.327  0.0114959  0.00123291  0.00189252
179.154  270.412  0.00454311  0.000482684  0.000766513
183.897  266.19  0.00264973  0.000531315  0.000703673
190.382  247.554  0.00190202  0.000863157  0.00254424
192.134  240.47  0.0020207  0.00180908  0.00647874
574.538  254.073  0.00292146  -0.00212029  0.00390149
577.915  250.45  0.00158852  -0.00126359  0.00480743
587.903  249.664  0.000737986  -0.000709719  0.00521029
152.574  270.72  0.00143816  0.000386437  0.00111204
442.726  239.052  0.0111001  -0.00167935  0.00199698
439.435  242.316  0.00525616  -0.000673974  0.00243613
439.907  247.277  0.00498966  -0.00046644  0.00444397
472.945  236.304  0.00160756  -9.96199e-05  0.00122975
487.633  229.155  0.000555673  2.24435e-05  0.000837612
168.637  247.607  0.0038583  -0.000144043  0.00360746
182.46  238.918  0.00715334  -0.0010282  0.00185688
149.281  223.319  0.000475325  -2.36161e-05  0.000465602
177.078  240.767  0.00158495  0.0003391  0.00183841
175.854  218.483  0.00124315  0.000137498  0.000427485
206.905  227.453  0.00319152  -5.17011e-05  0.000907469
187.898  224.328  0.00066384  3.74135e-05  0.000657632
179.543  232.12  0.000429978  8.60518e-05  0.00102772
230.111  242.321  0.000641958  0.000430194  0.0052229
231.21  237.362  0.000557246  0.000181745  0.00269244
201.499  222.253  0.00480513  -0.000331848  0.000663842
236.686  218.036  0.00187217  -0.000162912  0.000644383
232.782  215.94  0.00135092  -0.000107454  0.000558123
266.482  214.297  0.000404148  4.6003e-05  0.000598539
266.969  202.965  0.000384013  2.00263e-05  0.000348451
231.813  207.995  0.00088768  -4.81912e-05  0.00037565
232.306  219.381  0.000854467  -1.45443e-05  0.000656029
155.045  255.063  0.00130708  0.00134196  0.00581297
175.523  263.851  0.00789555  -0.000914178  0.00138029
173.592  267.943  0.0050134  -0.00053774  0.00103624
160.25  286.14  0.0009753  -4.41523e-05  0.000427686
178.948  258.199  0.00269761  -0.000838424  0.00170893
182.96  259.536  0.00434758  -0.00111231  0.00170271
157.824  274.733  0.000482475  -0.000178051  0.000429292
178.537  250.616  0.00210697  -0.000759977  0.00376339
177.035  267.284  0.00187322  -6.37305e-05  0.000800619
641.429  236.008  0.00150986  0.000742401  0.0122713
633.608  241.149  0.000698903  0.000324455  0.00556206
628.386  245.69  0.000450383  0.000157876  0.00326885
165.545  285.731  0.000640571  -3.05474e-05  0.000335466
266.515  222.89  0.000431307  0.000181048  0.00144086
203.396  257.364  0.00423259  3.2331e-05  0.00133862
206.119  264.749  0.00581355  -0.000265371  0.000776396
202.923  266.679  0.00352867  -8.94547e-05  0.000716832
197.911  273.717  0.00188628  -7.38541e-06  0.000521833
180.383  280.595  0.000561213  8.87722e-05  0.000467191
450.036  214.263  0.00112106  0.000107768  0.00125499
463.437  204.802  0.000482661  0.000119798  0.000811141
426.187  223.403  0.00590761  -0.00112485  0.0019635
422.753  227.546  0.00315047  -0.000241253  0.00234652
408.226  224.896  0.00095311  7.97318e-05  0.00126325
403.759  222.656  0.000746969  6.10877e-05  0.000984961
606.247  235.052  0.00141249  0.0010943  0.00995818
609.94  236.71  0.000982944  0.000289683  0.00748606
599.962  243.902  0.000570438  0.000650306  0.003776
602.082  190.321  0.000428413  -4.09914e-06  0.00101976
600.514  183.563  0.000327964  2.05507e-05  0.000714464
275.12  244.396  0.00805638  -0.000633331  0.00121875
761.035  250.907  0.00179404  -0.000298246  0.000687268
755.988  248.564  0.00227142  -0.000283168  0.000783549
205.197  230.443  0.00826195  -0.000403727  0.00214426
199.701  257.93  0.0025597  -0.000162227  0.000386104
182.936  235.33  0.000772945  0.000129867  0.00139171
168.287  251.29  0.000345739  4.84951e-05  0.000553843
251.975  242.891  0.000611008  -5.49801e-06  0.000472937
253.598  225.758  0.000577892  0.000267196  0.0015532
381.78  223.905  0.00125398  -2.31421e-05  0.00181305
381.243  218.024  0.0012191  0.000205681  0.00346261
388.581  231.146  0.000852487  -5.31519e-05  0.000953775
386.37  218.402  0.000865055  0.000221658  0.00302108
387.553  224.121  0.000841573  4.1855e-05  0.00164432
359.715  230.365  0.0113149  -0.00151235  0.00153752
395.703  236.996  0.000428445  1.67925e-05  0.000614266
469.416  211.112  0.00216942  -0.000678646  0.0024706
467.284  199.297  0.00143312  -0.000500425  0.00174927
633.003  197.816  0.00678852  0.00406776  0.0043459
613.588  200.661  0.00135662  -0.000469662  0.00381731
600.18  210.511  0.000779865  -0.00049235  0.00631021
609.801  203.994  0.00234753  -0.00107451  0.00789512
609.996  200.712  0.00172944  -0.000328785  0.00480611
330.962  218.857  0.000603936  0.000746695  0.0017641
464.429  209.288  0.0102928  -0.00119468  0.00150824
465.409  199.504  0.00667655  -0.000541062  0.00141699
598.048  211.85  0.00111768  9.74094e-05  0.00521918
597.558  209.127  0.000975199  1.331e-05  0.00374936
775.544  168.691  0.00190102  -0.000133748  0.00122853
782.798  175.633  0.00936097  -0.00133315  0.0026272
776.058  168.997  0.0035666  -0.00048684  0.00132765
772.839  169.008  0.00763626  -0.00129485  0.00146567
299.187  232.879  0.000373291  5.46567e-05  0.000627508
513.532  229.228  0.000346575  -3.68517e-05  0.000390655
462.75  207.146  0.00676365  -0.000213049  0.00366111
452.482  166.264  0.000445704  -0.000183601  0.00142467
459.909  162.683  0.000298552  -6.01e-05  0.00114984
590.056  200.138  0.00264738  0.00329103  0.0100848
441.246  209.528  0.00072987  -8.09625e-05  0.00142027
465.374  209.041  0.0105762  -0.00165455  0.00165707
506.742  180.432  0.000586134  2.7307e-05  0.000633819
443.579  209.164  0.00142618  -0.000199954  0.00147778
674.412  190.532  0.00660812  -0.00138682  0.00402321
678.291  194.714  0.00400764  -0.000841715  0.00245591
211.755  165.727  0.00236417  0.000555169  0.00170415
209.933  165.785  0.00321738  0.00152444  0.00307841
208.613  154.401  0.00481633  0.00123635  0.00117369
198.569  185.439  0.00998672  0.00220722  0.00224933
206.012  177.713  0.00366091  0.00130054  0.00423207
209.924  191.7  0.0017275  0.000475273  0.00103719
215.803  183.952  0.00121424  0.000479535  0.00173773
198.639  191.546  0.00766144  0.0016671  0.00168913
203.833  197.138  0.00292874  0.00068117  0.0009852
230.835  183.654  0.000506027  0.000350617  0.00197205
297.563  169.616  0.000534814  3.01204e-06  0.00129139
218.406  176.956  0.00316379  0.00158361  0.00595839
221.328  188.618  0.00794415  0.0023123  0.00196406
212.761  194.41  0.00274463  0.000861823  0.00117019
218.19  193.391  0.00564515  0.00164373  0.00140036
208.117  194.793  0.00171486  0.000587234  0.001112
201.021  210.752  0.00133546  0.000412613  0.000516865
192.761  176.877  0.000485874  0.000432828  0.00290403
217.559  174.995  0.00262877  0.000981042  0.00279783
206.493  177.25  0.00104008  0.000523628  0.00239272
506.587  144.787  0.000815914  0.000144808  0.00183898
522.64  136.931  0.00035046  0.000115197  0.0011447
671.426  191.062  0.00460062  -0.000539864  0.00350592
229.631  154.144  0.00336293  -0.000379246  0.00165417
635.497  136.276  0.00227733  -0.000225566  0.00753679
626.527  127.734  0.00326799  -0.00169806  0.00304746
660.825  121.678  0.00296936  0.000629401  0.00176495
478.103  117.139  0.00151026  -0.000864692  0.0119293
650.546  122.914  0.00312746  -0.000118241  0.00280718
645.693  105.892  0.00413544  -0.000561415  0.000757069
625.763  143.673  0.00538399  -0.000842105  0.00158914
608.928  115.878  0.00119024  0.00119535  0.00778379
399.428  118.899  0.00142732  0.000557399  0.00508248
413.965  132.124  0.000361715  -0.00011721  0.00171119
373.806  110.558  0.00372502  0.00293156  0.00561047
426.247  107.083  0.00258169  -0.0014616  0.00331816
620.861  66.5091  0.00749746  0.00294005  0.00394529
615.532  65.9279  0.00323713  0.00150253  0.0029477
610.269  67.8705  0.00198686  0.00116828  0.00312264
613.184  112.506  0.00250842  0.000321077  0.000949336
394.384  101.06  0.00546967  -0.000670032  0.00439842
399.543  115.816  0.00782588  -0.00155498  0.00128087
621.31  121.702  0.00460144  -0.00059877  0.0032185
621.191  129.991  0.00373962  -0.000534453  0.00143491
608.66  97.4999  0.00148027  0.000486773  0.0101318
295.865  613.717  0.000516856  -0.000313263  0.00228608
275.264  574.802  0.00130497  -0.00121579  0.00533885
419.687  565.541  0.000545796  -0.000343664  0.00407731
386.457  527.385  0.00027808  -0.000233341  0.00211781
328.64  470.636  0.00480484  7.59851e-05  0.000540081
393.882  521.101  0.000204595  -2.83449e-05  0.000984641
327.368  470.562  0.00595784  0.000221029  0.000736659
277.619  517.909  0.000420163  -0.000171577  0.003121
445.935  450.958  0.0032998  -0.000619494  0.00182054
274.738  469.062  0.000541951  0.000352762  0.00155446
594.708  437.768  0.000581997  0.000626056  0.00192672
564.019  450.589  0.00126445  -0.00127948  0.00479325
566.781  444.874  0.000491495  0.000188134  0.00106108
540.975  454.452  0.000277648  0.000235413  0.000691331
402.579  435.698  0.000685037  0.000651243  0.00248806
396.429  435.151  0.00232692  0.000527738  0.00200168
370.137  440.418  0.000491779  0.000441942  0.00180259
350.235  406.644  0.000298437  0.000117982  0.000236862
470.181  465.788  0.000611529  -9.69568e-05  0.000453341
380.032  427.774  0.000402585  -4.96467e-05  0.000292802
289.498  383.376  0.000465426  -2.33184e-06  0.000224633
342.47  455.529  0.00195416  0.000183795  0.00159688
359.404  498.777  0.00101906  0.000117095  0.000197044
366.889  450.112  0.000896477  8.65244e-05  0.00281391
374.912  449.987  0.000555387  4.65765e-05  0.00286883
371.15  495.7  0.000512397  5.81893e-05  0.00020923
382.059  439.116  0.000716432  3.87215e-05  0.00054464
371.162  439.592  0.000406338  3.22488e-05  0.000544504
357.51  430.34  0.00023521  1.98977e-05  0.000343368
348.51  419.338  0.000174887  1.3426e-05  0.00022396
261.554  367.995  0.000316078  2.09191e-05  0.000169764
297.657  364.633  0.000297187  -2.75314e-06  0.000187009
465.604  480.676  0.000302578  3.64865e-05  0.00023559
475.783  455.696  0.000848735  -0.000521067  0.00111741
421.651  452.333  0.00116252  3.87525e-05  0.00167419
582.952  447.418  0.000453932  -0.000471523  0.0013853
569.19  455.96  0.000185143  -0.000152978  0.000752718
373.091  408.159  0.0048056  -1.98015e-05  0.00103469
363.301  411.199  0.00471157  3.25501e-05  0.00106426
368.187  420.038  0.0009769  1.80283e-05  0.000575704
43.1767  353.875  0.00132107  0.00025904  0.00224051
419.367  393.614  0.000186807  -1.41674e-05  0.000324923
513.544  336.275  0.000641249  5.67311e-05  0.000661075
503.45  334.42  0.0012011  -2.92761e-05  0.000545598
258.534  315.842  0.00210316  -3.6386e-05  0.00034674
251.524  330.996  0.00110975  0.000156391  0.000604171
454.271  308.587  0.00109022  -1.23155e-05  0.000946426
406.454  310.653  0.000174519  4.33291e-05  0.000855425
325.154  279.31  0.00110586  -9.8902e-05  0.000295848
294.319  286.872  0.000313807  7.51303e-05  0.000223787
179.711  341.675  0.00489343  -0.000372773  0.000759692
182.881  338.224  0.00301166  -0.000150799  0.000878163
204.562  332.963  0.00056336  0.000116868  0.000921916
220.962  336.311  0.000286044  8.82142e-05  0.000618896
192.545  338.158  0.003907  -0.000469376  0.00127626
203.205  337.851  0.00289506  0.000111402  0.00115901
207.698  343.168  0.00177848  7.33919e-05  0.000783525
211.253  331.311  0.00132168  0.000149511  0.00195303
221.433  340.809  0.000654665  6.64754e-05  0.000857956
170.058  329.957  0.00287166  0.000406453  0.0020048
173.468  337.281  0.00450512  0.000239411  0.00101976
207.058  344.598  0.00188985  6.92545e-05  0.00048328
222.545  326.652  0.000631115  0.0001155  0.000786321
188.84  334.735  0.00358846  -8.65336e-05  0.00164512
218.274  341.709  0.00388174  -0.000162785  0.000540028
233.083  339.254  0.00092809  4.81201e-06  0.000557899
214.392  348.061  0.00352615  -0.00012587  0.000403929
216.643  326.688  0.00238791  3.37937e-05  0.00144165
197.869  333.362  0.00222722  -0.000217045  0.00180291
236.01  334.902  0.00216207  -0.000258009  0.000747408
325.592  278.969  0.000315021  2.66086e-05  0.000359473
197.522  335.722  0.00126425  6.06363e-05  0.0014218
202.75  335.665  0.00201764  3.54344e-05  0.00138629
210.845  339.785  0.00565282  -0.000103044  0.00097206
121.406  287.702  0.000297723  -0.000329548  0.00132148
303.61  317.25  0.000690592  0.000663861  0.00154835
199.722  330.719  0.00077933  -0.000256426  0.000507837
201.124  304.054  0.000446051  0.000129167  0.00234045
202.995  311.451  0.000447985  -2.37549e-05  0.00121044
213.82  325.134  0.000345825  -7.49393e-05  0.000513943
224.583  328.918  0.000243918  -4.76074e-05  0.000401487
599.346  265.263  0.000906428  0.00119342  0.00414835
503.456  336.378  0.00115671  -0.000100927  0.000201722
514.437  332.518  0.000562627  -3.16814e-05  0.000207089
498.077  329.803  0.001706  -0.000168576  0.000215801
176.686  267.908  0.000705286  -0.000176776  0.000808625
177.441  253.065  0.000489592  -0.000144398  0.000413314
530.234  276.308  0.00128953  1.11974e-05  0.00413306
310.537  278.076  0.00116631  -0.000517591  0.00487695
408.942  236.093  0.00162965  4.53457e-05  0.000505904
371.376  247.937  0.000233957  9.80575e-05  0.000730646
391.261  251.978  0.000609758  4.33143e-05  0.00118689
415.392  230.259  0.000193191  1.8105e-05  0.000406726
287.716  197.975  0.000239614  -2.85795e-05  0.000186907
461.854  258.153  0.000985409  0.000480278  0.00168786
470.968  254.782  0.00065186  0.000519546  0.00180414
471.687  218.509  0.000987576  0.000880849  0.00341851
475.278  206.174  0.000608061  0.000244349  0.00113326
453.174  215.922  0.00183491  9.44106e-05  0.00152438
446.138  221.72  0.0011559  0.000536681  0.00208038
756.967  248.402  0.00149964  5.64393e-05  0.000573027
329.988  231.838  0.00025244  0.000154264  0.00106959
163.757  238.707  0.000456303  8.4526e-05  0.00144835
167.106  232.796  0.000392642  0.000256348  0.00240076
395.713  242.633  0.000366199  -5.64382e-05  0.000275791
409.474  255.023  0.000657716  -0.00010455  0.000192951
472.18  202.121  0.000656511  0.000265064  0.00176939
423.19  253.788  0.0010918  -0.000175541  0.000210457
217.396  187.808  0.00101841  0.000502312  0.00466474
210.355  170.518  0.00263398  0.000614617  0.00094998
408.437  247.665  0.00166822  -0.000322449  0.000285212
171.919  227.111  0.000344602  0.000341403  0.00217548
664.466  214.997  0.0035333  0.000425145  0.000583534
529.217  126.873  0.00028324  7.0634e-05  0.000605378
689.029  200.468  0.000372315  -1.45404e-05  0.000215987
526.266  188.899  0.000332658  2.28652e-05  0.000166997
418.26  149.591  0.00027624  -0.000148677  0.000480364
671.823  123.944  0.000558273  -4.35194e-05  0.00441571
647.052  112.376  0.00294697  -0.000850914  0.0014566
621.732  131.099  0.00371472  -0.000926325  0.00118634
390.961  103.223  0.00162627  0.00173025  0.00538463
403.024  119.155  0.000276657  0.000142235  0.00124957
295.941  383.16  0.000339809  -3.13129e-05  0.000112998
351.707  399.537  0.0002066  4.2104e-06  0.000210707
361.793  387.785  0.000798029  -0.000135105  0.000177552
276.076  463.277  0.000518963  0.000151446  0.00094995
373.655  490.169  0.00039359  -1.10229e-05  0.000233996
357.427  499.793  0.000208415  -3.63881e-06  0.00017551
208.244  335.884  0.00051422  1.7317e-06  9.72184e-05
199.54  370.213  0.000633081  -0.000109046  0.000272181
198.297  371.851  0.000581655  -1.34485e-05  0.00046698
286.066  461.871  0.000211435  0.000157058  0.000317881
362.647  396.933  0.000758254  -0.000112339  0.000644052
371.43  422.848  0.00185398  -8.2406e-05  0.000218266
223.372  383.793  0.000265916  0.000182326  0.00179015
204.245  423.365  0.000377355  0.000237643  0.00279374
353.818  266.395  0.000135071  3.19544e-05  0.000136893
326.609  271.109  0.000290835  9.32118e-06  0.000124433
311.687  418.948  0.000237032  4.86438e-05  0.000204615
297.773  281.503  0.000545033  4.5243e-05  0.000123075
265.508  300.877  0.000175087  5.29783e-05  0.000154243
595.054  357.86  0.000553729  -0.000129906  0.000946467
618.752  294.471  0.000218846  0.000250394  0.000760133
617.46  299.173  0.000209317  -3.62083e-05  0.00123935
456.968  298.245  0.000121586  -5.36609e-05  0.000439767
441.852  319.223  0.00046892  6.31035e-05  0.00119883
436.044  311.274  0.000367091  2.89023e-05  0.000680074
401.268  310.014  0.00014993  2.56762e-05  0.000545073
213.642  339.402  0.00283977  -0.000496966  0.000523835
225.404  318.733  0.000595778  0.000222101  0.00130871
107.541  290.69  0.000327529  2.52318e-07  0.0017527
129.847  299.209  0.000293655  -0.00033042  0.000844046
189.08  403.998  0.000638041  -3.35551e-05  9.65278e-05
190.325  328.473  0.000756143  0.000105238  0.00168087
199.207  326.508  0.00141661  -0.000213918  0.000463175
206.526  328.785  0.00287643  -0.000380606  0.000453688
201.7  329.627  0.00172046  -8.98879e-05  0.000787798
197.322  397.986  0.000482881  -3.49825e-05  0.000109323
169.531  232.249  0.000440852  -0.000164541  0.000206285
157.951  231.994  0.000828723  -0.000323893  0.000265966
188.786  300.864  0.000535499  -0.000333292  0.00254691
190.102  306.382  0.000542856  -0.000217749  0.00149641
201.729  309.472  0.00106361  -0.000245304  0.00129328
205.839  320.836  0.00132962  -0.000197541  0.000630716
403.457  372.021  0.000265052  -5.55718e-05  0.000103113
509.649  341.264  0.000226836  -3.84311e-05  0.000147804
302.869  298.21  0.000392778  -5.24874e-05  0.000703296
603.012  270.027  0.000430514  -0.000474938  0.00188129
525.476  343.948  0.000361898  -1.12789e-05  0.000141549
524.475  341.589  0.000368094  -2.80325e-05  0.000132846
422.798  231.689  0.000377345  -4.3616e-05  0.000423161
421.108  235.505  0.000244106  2.55678e-05  0.000484213
363.619  249.219  0.000405155  2.81073e-05  0.000777882
370.37  249.661  0.00128421  -0.000126117  0.000859247
308.173  296.043  0.00101093  -5.89862e-05  0.000826614
264.391  174.477  8.80255e-05  -1.50225e-05  0.00010375
312.066  177.664  0.000410319  -8.90305e-05  0.000117691
328.166  178.717  0.000221178  -5.16531e-05  0.000109769
139.283  188.761  0.000848986  -0.000196168  0.000180551
146.474  184.923  0.000529276  -0.000120029  0.000151184
208.394  321.1  0.000392154  -0.000147149  0.000290492
225.036  329.867  0.000235238  -8.64384e-05  0.000205138
235.271  306.589  0.000131624  -3.20013e-05  0.00039089
235.519  276.274  0.000744625  -9.08006e-06  0.00203821
211.145  285.837  0.000244953  0.000150793  0.00130044
242.47  280.615  0.000919527  -0.000281487  0.0014098
223.891  205.706  0.000569622  -3.29793e-05  0.000304457
213.96  204.023  0.000363738  -6.38608e-06  0.000260751
208.12  192.349  0.000308641  -1.58466e-05  0.000174111
180.41  221.749  0.000436037  6.03555e-06  0.000394365
616.299  232.473  0.000236502  -0.000232911  0.00147578
614.669  225.994  0.000229954  -0.000158976  0.000916395
470.97  218.786  0.000795684  6.66741e-05  0.00100467
183.12  281.468  0.00031861  3.29989e-05  0.000376729
204.356  330.025  0.000573706  -0.000214934  0.000199995
230.64  312.996  0.000163114  -3.97614e-05  0.000168732
250.38  300.477  9.23919e-05  -2.84711e-06  0.000198675
229.753  251.638  0.000534652  3.76709e-05  0.000498217
225.386  252.122  0.00041747  -4.58319e-06  0.00039288
247.785  268.832  0.00132553  -0.00019355  0.000218957
357.993  286.583  0.000116415  -6.93808e-06  8.68047e-05
216.368  238.579  0.000281729  0.00031411  0.00139067
205.89  269.031  0.000140523  5.10633e-05  0.000299538
249.798  292.439  0.000470947  -6.47031e-05  0.000123789
219.902  227.361  0.000289771  0.000296144  0.00203178
200.12  243.503  0.000140491  0.000102136  0.000748082
330.62  227.433  0.000300257  4.71566e-05  0.000701321
362.424  284.949  0.000149426  -1.63577e-05  9.09485e-05
333.556  215.439  0.000251599  0.000212827  0.00160003
492.729  138.269  0.000204036  1.58234e-05  0.000123154
462.332  202.071  0.00095126  0.000258779  0.00105465
732.226  169.073  0.000468495  -4.95211e-05  0.000312083
417.366  250.046  0.000491973  0.000157347  0.000236115
257.017  266.79  0.00124856  -0.000170417  0.000241606
255.052  249.245  0.00115298  -0.00010065  0.00043579
259.815  222.047  0.000755583  0.000484793  0.0023507
269.944  221.91  0.000485674  0.000396168  0.00182803
255.858  229.265  0.000857742  2.4479e-05  0.00105123
396.525  236.635  0.000407786  3.03796e-05  0.000415507
361.513  259.92  0.000123079  2.83379e-05  0.000219113
386.195  250.349  0.000313071  1.62121e-05  0.000259073
375.321  258.624  0.000207763  1.8446e-05  0.00020963
407.672  251.523  0.000906377  -6.04799e-05  0.000223222
351.723  263.332  0.000130064  1.78942e-05  0.000211456
378.839  250.588  0.00047787  3.09063e-05  0.000267847
174.856  274.485  0.000875504  -0.000195268  0.00122789
490.088  199.606  0.000268921  0.000170289  0.000970859
293.652  211.698  0.00036714  3.50688e-05  0.000253371
261.808  218.694  0.000132736  3.4373e-05  0.000234672
694.242  186.905  0.000503302  -1.85949e-05  0.000338108
520.011  205.265  0.000362582  2.96735e-05  9.16666e-05
636.974  114.649  0.00140573  -0.000416838  0.000324582
635.004  154.585  0.000647547  -0.000209924  0.000236022
