1.0
818
387.495  606.198  0.000723641  -0.000133646  0.000400099
411.956  639.135  0.0091103  0.000676214  0.00126404
445.889  636.261  0.0017171  -0.000615199  0.00168267
443.376  642.574  0.00232171  -0.00187383  0.00388251
441.879  628.495  0.00112381  -0.000387766  0.00107834
451.61  636.739  0.00700742  0.00018256  0.00139969
351.694  653.885  0.00415891  0.00123699  0.00196333
339.192  602.965  0.00218249  0.000116836  0.000396316
513.082  599.444  0.000882356  -0.000204979  0.000702342
506.587  613.963  0.0013803  -0.00142616  0.00298872
336.193  601.96  0.00262672  0.00028635  0.000474827
496.796  611.096  0.00125814  -0.000537744  0.00239836
298.919  611.414  0.00203412  -0.00112946  0.00772944
291.032  610.388  0.0011492  -0.00112797  0.0073488
491.303  627.033  0.00287755  -0.00055001  0.00110768
299.783  552.412  0.000853335  4.45832e-05  0.000381543
338.526  608.141  0.00226104  8.73626e-05  0.000592632
357.362  580.854  0.0102607  0.0022288  0.00217233
494.713  609.186  0.0023439  -9.34627e-05  0.00178788
496.351  604.846  0.00246043  -0.000581069  0.00288114
492.786  618.843  0.00202059  0.000228124  0.000899296
496.462  611.348  0.00162713  -0.000295082  0.00149709
463.547  593.752  0.00527436  0.00254492  0.00403567
466.867  578.968  0.00484455  0.00145042  0.00124855
464.468  588.897  0.00490798  0.00189197  0.00243583
501.85  598.649  0.00138161  -0.000845604  0.00469253
478.385  606.565  0.0102983  0.00260733  0.00207854
498.192  605.937  0.00143919  -0.000810314  0.00271165
479.449  618.153  0.00445595  0.0010952  0.00096731
510.742  553.187  0.00120732  -5.97575e-05  0.000490684
403.518  589.676  0.000850823  -0.000231856  0.00185131
397.011  586.128  0.00134766  -0.000139742  0.00146965
406.993  582.32  0.000694745  -0.000104972  0.000969369
416.316  577.138  0.00043641  -7.05277e-05  0.000638418
408.402  584.868  0.00235811  -0.000241412  0.00141977
398.011  572.285  0.00094837  -0.000277039  0.000844199
396.91  562.711  0.000722605  -0.000130028  0.000520164
407.418  563.144  0.00103613  -1.38281e-05  0.000417335
470.025  587.978  0.00440906  0.00120412  0.00254413
473.429  575.147  0.0029539  0.000510595  0.000934981
500.452  609.357  0.000855634  -8.29906e-05  0.0014302
507.898  573.443  0.00138738  -0.000858534  0.00425074
506.192  568.783  0.00151913  -0.000409281  0.00247867
507.718  558.161  0.00141133  -5.36525e-05  0.000964078
417.112  570.024  0.000391619  -2.78869e-05  0.00044177
396.983  594.874  0.000559564  -0.000438227  0.00382573
395.988  581.574  0.000636949  2.84929e-05  0.00109166
403.72  578.466  0.00045133  1.35564e-05  0.000814573
288.934  570.671  0.000497905  -0.000104119  0.000906543
510.574  533.831  0.0030998  -0.000118656  0.0015018
513.704  535.549  0.00218899  -0.000381599  0.00414142
381.806  522.483  0.00386334  -0.000654316  0.00235612
383.358  555.72  0.00154753  0.000248345  0.000397118
397.499  542.313  0.000832174  -0.000158403  0.000831264
401.143  533.996  0.000929048  -0.000543621  0.00170408
386.881  522.893  0.00689197  -0.000489402  0.00291256
390.601  543.713  0.00278948  3.95755e-05  0.000642483
420.193  495.113  0.00080856  -0.000524888  0.00123642
411.753  468.864  0.00104686  -0.000149146  0.000342515
422.91  501.751  0.000874238  -0.0009656  0.00204546
419.892  491.739  0.00070951  -0.00052678  0.000995856
305.003  529.621  0.00114982  -0.000694368  0.00353771
305.186  523.487  0.0010935  -0.000289684  0.00177633
501.116  515.627  0.00795212  0.00115515  0.00132002
503  507.273  0.00814672  0.0005206  0.00247598
506.068  506.955  0.00523355  -0.000397984  0.00283226
533.694  534.872  0.000585205  -0.00035691  0.000846315
472.123  493.741  0.00703397  0.000710839  0.0034917
473.112  499.596  0.0114115  0.0022621  0.00238838
468.725  505.356  0.00622902  0.0012243  0.00133468
435.04  496.555  0.000435789  -0.00017831  0.000873298
434.017  497.674  0.000367862  -2.99261e-05  0.000528403
472.519  494.057  0.00737358  0.00172536  0.00211
533.972  525.437  0.000479313  -0.000129524  0.000506306
475.836  473.235  0.00177966  -0.00079267  0.00264054
477.353  467.766  0.00330563  -0.00361912  0.00795962
460.254  502.929  0.000704468  8.76648e-05  0.000949536
460.248  518.367  0.00086472  0.000158984  0.000433127
474.301  477.823  0.0016436  -0.00137507  0.00734801
531.955  444.475  0.00103678  -0.000986802  0.00244438
482.397  482.76  0.000228454  0.000134359  0.00138217
480.718  419.833  0.0037338  0.00126321  0.00118129
729.405  442.475  0.00245692  -0.000817515  0.000667041
725.164  443.088  0.00176685  -0.00060505  0.000495023
722.777  446.314  0.00142491  -0.000460033  0.000374257
485.448  410.834  0.00242802  0.000368733  0.000560846
347.59  446.306  0.000341704  0.000386929  0.00203227
400.563  456.264  0.00681722  0.0026829  0.00220283
397.974  436.644  0.00130014  -0.00113026  0.00989685
395.255  447.56  0.00150708  0.000722929  0.002671
428.2  412.927  0.00193018  -0.000215857  0.00370011
402.654  446.126  0.000671067  -0.000139771  0.00140338
416.355  451.056  0.00182929  0.000233456  0.0013163
485.805  426.353  0.000903084  -0.000267146  0.0018006
543.417  402.246  0.0045672  -0.00308805  0.00681312
551.829  407.629  0.00417555  -0.00456117  0.0108771
389.894  372.492  0.000433053  3.2139e-05  0.000604184
441.634  410.292  0.00165397  0.000217225  0.0100417
441.153  404.596  0.00211612  0.000639181  0.00396635
448.523  404.127  0.00112482  0.000284246  0.00347294
461.016  387.144  0.000737853  0.000245397  0.000829206
385.39  413.801  0.00139016  -0.00175364  0.00788383
315.959  413.445  0.000615953  -0.000558216  0.00294998
323.057  421.316  0.000830908  -0.000210679  0.00154343
308.846  429.088  0.000417635  -9.08321e-05  0.00070812
342.042  430.641  0.00576519  0.000710601  0.000863777
507.853  389.458  0.000554816  -0.000208311  0.000847836
482.913  421.495  0.0034532  -0.00222793  0.00799675
493.121  389.349  0.00169431  -0.000506984  0.00251382
509.171  390.664  0.00433491  4.18138e-05  0.00197329
479.565  426.07  0.00111575  0.000483002  0.00231004
477.412  418.397  0.00588448  0.00104022  0.00120193
481.821  404.128  0.00465238  0.000312727  0.00441456
484.066  423.678  0.00212617  0.000320159  0.000812814
505.041  421.391  0.000399502  9.13704e-05  0.00124032
485.101  362.083  0.00364485  0.000993145  0.000929685
485.558  410.005  0.00241656  0.000558376  0.00436263
486.327  419.121  0.00184537  0.000396773  0.0015988
499.682  395.674  0.000694514  -0.000276868  0.00463786
503.618  427.394  0.00040869  3.75841e-05  0.000410504
388.586  377.186  0.00382495  -0.000470444  0.00385823
385.374  375.486  0.0062601  0.000121298  0.00361885
417.935  379.474  0.000556431  -0.000457872  0.00173918
385.379  363.691  0.00486426  0.000349672  0.00117358
394.94  349.936  0.00220989  0.000971272  0.000966526
392.57  369.524  0.000686927  -0.000269061  0.000810141
505.138  408.256  0.00395903  0.00203358  0.00193506
489.985  393.642  0.000956923  0.000239165  0.000296265
385.496  380.844  0.00377324  -0.000763503  0.00331409
383.714  376.21  0.00496419  -0.000117032  0.00215958
421.251  347.121  0.00181655  0.000646697  0.000778316
407.259  341.89  0.000583195  0.000181548  0.000508597
387.766  366.868  0.000387958  -0.000151394  0.00303913
378.764  408.428  0.000463092  5.76888e-05  0.00120566
483.052  397.048  0.00472492  0.000677743  0.00332282
479.044  417.639  0.00461465  0.000876686  0.000767116
483.623  399.94  0.00398055  0.000604567  0.00241166
487.742  393.45  0.00279361  7.5437e-05  0.00571808
485.755  426.269  0.00170235  0.000308113  0.000459502
389.429  377.669  0.00273364  -0.00147153  0.00601399
385.679  374.096  0.00402891  -0.000687112  0.00412784
381.269  363.755  0.0104094  0.00102836  0.00170394
415.087  376.018  0.000449  -0.000398326  0.00188777
385.364  363.008  0.0031567  0.00116167  0.002045
382.478  360.089  0.00583389  0.00258081  0.00254981
419.948  370.454  0.000386681  4.74866e-05  0.00298146
388.114  362.339  0.0057901  0.00113086  0.00158094
412.247  340.98  0.000788607  0.000152151  0.000407326
481.982  355.443  0.0132608  0.00285024  0.00243779
480.345  339.27  0.00445352  0.000956829  0.000820347
462.73  337.685  0.000834142  4.94838e-05  0.000683514
405.058  344.804  0.000750488  -0.00021364  0.000961434
388.798  390.703  0.000856426  -0.000463642  0.00145428
378.151  411.951  0.000539979  2.46054e-05  0.000376273
383.868  406.451  0.00311458  0.000367175  0.000699293
414.474  405.086  0.000591459  -0.00050248  0.00146441
384.051  386.143  0.00407471  -0.000640557  0.00300217
384.586  381.389  0.00463485  -0.00185889  0.00610629
415.418  339.199  0.00070248  2.08014e-06  0.000470643
388.239  357.841  0.00665174  0.00109138  0.00260508
385.955  355.406  0.00526679  0.000579698  0.00197378
405.103  333.255  0.000991224  0.000104724  0.000417757
407.828  395.465  0.00061096  -0.000131376  0.000911524
335.575  373.724  0.00166432  -0.000843607  0.00287754
394.119  334.357  0.0050613  0.00106178  0.00138046
380.044  332.207  0.00867076  0.000425592  0.0012175
439.786  376.323  0.013156  0.000840512  0.00168182
338.888  316.39  0.000803425  -0.00021579  0.000970769
342.705  312.937  0.00118141  -0.000476612  0.00112633
341.294  318.917  0.000815708  0.000162094  0.00149686
582.184  377.001  0.00286426  -0.00137984  0.00187654
535.28  334.754  0.00134832  -0.000736132  0.00325962
340.663  327.866  0.000704469  0.00057206  0.00511251
339.295  323.884  0.000614576  0.000358958  0.00289313
615.931  323.179  0.0117368  5.76805e-05  0.00133983
500.433  332.583  0.00419823  0.00113716  0.00104424
525.331  329.695  0.00368342  0.000530776  0.00211701
512.404  331.346  0.00111878  -1.81267e-06  0.00132142
354.001  287.519  0.00117508  -0.000150854  0.00067786
351.805  312.416  0.00419209  -0.00481684  0.0101942
527.812  330.374  0.00100953  -0.000900234  0.00209882
522.786  333.053  0.000682138  -0.000621752  0.00148489
507.684  331.594  0.003759  0.00130426  0.00178236
500.173  321.756  0.000628496  -0.000299666  0.00147528
523.63  326.449  0.00389324  8.33584e-05  0.00263069
503.28  320.178  0.000859553  -0.000341086  0.00184621
509.965  324.936  0.00133818  -0.000125898  0.0014404
519.3  321.784  0.00309968  -0.000332834  0.00413577
512.256  323.298  0.00159456  -0.000318346  0.00274957
531.444  326.6  0.00539159  0.000385146  0.00326999
407.118  317.052  0.00454662  -8.23585e-05  0.00546927
407.548  310.414  0.00412426  -0.000294831  0.00300061
410.045  293.721  0.00304188  0.000443967  0.000837214
410.37  309.788  0.00542706  0.00110297  0.00158823
402.362  296.546  0.00145735  0.000248336  0.000670221
393.177  283.338  0.000623016  8.8747e-05  0.000375231
541.501  267.063  0.000959258  -0.000625261  0.000977627
352.247  280.692  0.00086783  3.10312e-05  0.000379124
336.036  322.89  0.000696614  -0.000406806  0.00119048
331.991  335.659  0.000463615  -9.60465e-06  0.000504077
327.133  322.474  0.000359034  -9.14287e-05  0.000719931
345.267  309.218  0.00125784  -0.00078258  0.00295751
352.427  314.35  0.00310745  -0.00276454  0.00716148
341.466  325.829  0.000929647  -0.000167728  0.000994607
336.081  326.767  0.000648692  -7.90858e-05  0.000858373
352.142  302.324  0.00214268  -0.00237586  0.0124314
340.398  333.911  0.000868415  -1.22788e-06  0.000455853
431.517  323.966  0.000786873  -0.000750747  0.00416124
352.538  287.176  0.00108726  -0.000790465  0.00303717
487.105  258.426  0.00394006  0.000730747  0.000620677
457.043  260.247  0.000474885  -0.000136044  0.000787996
482.37  268.785  0.00600996  0.000461057  0.000906853
504.858  281.167  0.000485977  -0.000337022  0.00124804
497.988  262.897  0.000604669  -9.13967e-05  0.000462501
431.867  317.932  0.00111861  -0.000660239  0.00207167
430.355  306.435  0.00117425  -8.04588e-05  0.000916292
436.453  305.954  0.000818259  -0.000107495  0.000744146
450.549  304.939  0.000367222  -9.77417e-06  0.000588309
416.783  336.913  0.00157661  0.000300495  0.000583492
434.463  337.671  0.000520134  -1.91217e-05  0.000607142
444.668  332.796  0.0003861  -0.000149734  0.00092593
412.32  305.712  0.00508534  0.00119998  0.0012766
513.606  295.898  0.00447319  -0.00383173  0.00819846
519.989  294.947  0.00206678  -0.00205136  0.00518586
524.455  274.66  0.000629649  -0.00047753  0.000846412
407.851  320.502  0.000731267  7.1823e-05  0.000988872
425.359  307.518  0.00191928  -0.000328749  0.0012079
415.855  307.468  0.00093359  -0.000271647  0.00100006
410.011  312.701  0.000651317  -0.000175788  0.000647015
420.439  284.501  0.00155614  -0.00135828  0.00513187
412.511  288.119  0.0010511  -0.00106454  0.00320577
421.585  292.232  0.00142578  -0.000469489  0.0019156
428.586  301.72  0.00262983  -0.000246633  0.00100002
406.198  331.668  0.000834337  0.000124244  0.000615522
503.292  316.835  0.00359566  0.000630189  0.00099251
513.607  297.839  0.00205967  -0.0010757  0.00791632
490.088  269.065  0.0100083  0.0020731  0.00166274
487.219  268.676  0.00563526  0.00111282  0.00144346
453.908  254.231  0.000342971  1.32798e-05  0.000594977
477.711  304.279  0.00433264  0.000744967  0.0019052
515.852  298.84  0.00144992  -0.001169  0.00701299
511.14  278.988  0.000442649  -0.000134674  0.00243409
497.304  256.725  0.00144803  0.000351598  0.00063342
474.05  325.967  0.0053715  0.000908161  0.00091158
486.328  306.369  0.00187975  -0.000247964  0.00560904
474.41  325.332  0.0020184  0.000515873  0.000585073
480.332  313.56  0.0015823  0.000341461  0.000969762
494.634  310.908  0.000625045  3.44166e-05  0.0011988
501.994  302.991  0.000503106  -0.000179934  0.00265075
515.003  305.045  0.000359261  -0.000234219  0.00247875
413.964  337.876  0.00168579  -0.00101851  0.0115254
420.365  312.045  0.00159971  0.000350286  0.000760595
442.268  306.301  0.000439816  6.53115e-05  0.000448639
419.425  304.219  0.00223952  0.000203929  0.00154258
422.901  306.207  0.00155478  5.15916e-05  0.00137869
433.288  320.926  0.000599463  -6.59149e-06  0.000622141
407.504  323.017  0.00522047  0.00116002  0.00127724
408.383  335.059  0.00292303  0.000662067  0.000671093
414.146  298.778  0.00522718  0.000988641  0.00155708
416.993  299.723  0.0033923  0.000491409  0.00142234
431.37  296.613  0.001201  -0.000562497  0.002523
425.454  294.371  0.00164977  1.60815e-06  0.00182216
434.071  321.816  0.000549089  5.52191e-05  0.000397653
411.977  303.923  0.000424039  7.16342e-05  0.000484105
415.47  291.463  0.000693334  -0.000297526  0.00181818
407.654  309.111  0.000513992  -1.8554e-06  0.000505285
419.636  303.479  0.00364269  0.000250756  0.00160375
436.89  288.038  0.00123022  -0.00102596  0.00454862
437.243  295.084  0.000945577  -0.000365878  0.00214282
422.185  298.879  0.0013885  0.000205776  0.00126771
487.657  257.351  0.00135198  -0.00041885  0.00380264
494.08  243.018  0.000940982  -2.04603e-06  0.000906036
497.009  228.975  0.00088198  6.93798e-05  0.000420513
353.527  289.779  0.00115263  -0.00127906  0.00677669
335.5  336.346  0.00154893  0.000871597  0.000969735
357.621  290.519  0.00175082  -0.00130509  0.00475202
352.804  289.831  0.00133958  -0.00113308  0.0038655
371.56  253.519  0.00328962  7.94912e-05  0.00039848
365.974  250.233  0.00175645  1.19026e-05  0.000360051
360.092  243.799  0.00105057  -7.46643e-07  0.0003862
348.158  244.752  0.000688805  -0.00039591  0.000980027
364.394  262.02  0.00170395  -0.00049485  0.00281758
358.613  267.817  0.00136351  -0.00163607  0.00829122
353.662  279.009  0.000777605  0.000255641  0.00272728
354.754  294.778  0.000861089  0.000100211  0.000730655
441.893  258.24  0.00591384  0.000524649  0.00133129
412.439  253.13  0.000498255  -0.000172526  0.00116276
487.995  257.177  0.00120482  -0.000526919  0.00298271
490.868  252.21  0.00132561  -0.00154111  0.00694974
409.774  249.57  0.00105561  -0.000581571  0.00189321
454.68  263.739  0.00357252  -0.000246498  0.000988089
460.062  264.064  0.00195019  -0.000235407  0.00104289
468.606  263.262  0.000995041  -0.000266694  0.00126396
480.782  277.794  0.000494459  -0.00012155  0.000573291
406.79  249.745  0.000500154  4.82026e-05  0.00162259
470.626  260.502  0.0109744  0.00133737  0.00162295
480.069  260.718  0.00253448  -3.47602e-05  0.00170199
351.914  217.993  0.00728983  6.18752e-05  0.00143618
356.506  241.272  0.00044127  0.000145347  0.00144893
325.203  243.48  0.00596703  0.000550211  0.00144865
325.491  237.343  0.00613904  0.000522042  0.000925901
504.176  236.05  0.00491389  -0.000725277  0.00194785
503.513  247.531  0.00359834  -0.000499607  0.000824618
335.794  225.458  0.000585908  -0.000674719  0.00253577
366.629  238.833  0.00486928  0.000802362  0.00205855
333.68  246.861  0.000460112  -3.71493e-05  0.00052965
375.582  239.409  0.00445133  0.000218308  0.00226282
383.172  269.664  0.00108664  0.00010528  0.000394095
486.495  194.621  0.00907409  0.00228059  0.00188088
480.568  194.494  0.0034183  0.000665264  0.0015459
476.105  200.23  0.00249921  0.000146788  0.00259716
481.574  175.236  0.00204259  0.000481476  0.000561118
454.399  171.393  0.000362379  4.51676e-09  0.000468498
466.197  184.964  0.00356419  0.000399618  0.000902282
436.08  185.444  0.000452139  -0.000229484  0.0013577
485.069  207.056  0.00241986  -0.000501632  0.00462654
488.537  204.192  0.00179776  -0.000241627  0.00286285
503.748  202.589  0.000665947  -0.000234222  0.00169469
491.363  198.346  0.00152008  9.88256e-07  0.00152098
486.521  186.181  0.00319104  0.000544647  0.000815173
497.825  176.677  0.00127423  0.000194628  0.000425679
509.013  176.082  0.000619385  6.17012e-05  0.000351119
488.958  196.285  0.00301252  0.000241195  0.00136855
485.88  194.849  0.00471823  0.000558015  0.00134586
495.583  172.928  0.00223017  0.000319894  0.000387762
488.481  209.223  0.00378918  -0.000648294  0.00578226
495.738  205.179  0.00181913  -0.000282463  0.0026484
505.188  204.678  0.000916793  -0.00029238  0.00199989
488.877  191.294  0.00519858  0.000667571  0.00102971
489.912  189.629  0.00670795  0.000840055  0.000936608
486.846  184.878  0.00369568  0.000421731  0.00069882
482.343  206.282  0.00331558  -0.000485533  0.00447043
481.306  189.801  0.00212268  0.000120467  0.000943106
477.515  205.254  0.00200982  -0.000686456  0.0044545
476.466  202.323  0.00171312  -0.000425714  0.00308771
480.162  172.701  0.00148084  0.000142622  0.000397308
468.723  199.576  0.00096928  -0.000455803  0.00270328
471.858  170.13  0.00079049  4.06884e-05  0.000369783
481.64  205.068  0.000962427  -0.000704235  0.00379293
482.864  185.678  0.000904936  -1.73246e-05  0.000695537
488.769  180.367  0.000659548  -8.55772e-06  0.000488816
470.347  171.598  0.0033358  0.000410152  0.000453613
485.251  184.583  0.00148596  0.000539638  0.000927995
495.41  179.35  0.000839411  0.000287167  0.000597353
507.075  178.203  0.000460209  0.000127084  0.000453116
488.224  205.849  0.00119689  -0.000583918  0.0034841
487.537  187.305  0.00141111  7.09091e-05  0.000737416
499.165  179.955  0.000686927  1.7265e-05  0.000435551
425.687  188.12  0.000674019  0.000153436  0.00113135
419.229  196.313  0.000610664  -6.53596e-05  0.0023001
422.995  201.985  0.00327612  -9.05165e-05  0.0041663
429.395  196.898  0.00177937  -1.30345e-05  0.00202662
424.439  192.074  0.00328522  0.000326419  0.00145003
419.777  189.08  0.00730906  0.00101637  0.00132891
614.913  191.663  0.00179722  -0.000571761  0.000715385
425.882  185.326  0.00233904  9.60666e-05  0.00188815
415.964  189.729  0.0011301  -0.000434444  0.00366336
423.958  188.296  0.00384181  0.000178442  0.00266567
437.892  194.884  0.000765929  -0.000703281  0.00446425
445.939  194.666  0.000524709  -0.000568615  0.00356317
432.293  188.466  0.00100062  -0.00030157  0.00224309
617.775  200.416  0.000958653  -0.000545173  0.000666441
413.373  188.824  0.000849857  0.00024625  0.00706901
478.559  199.13  0.00342921  -0.000479609  0.00522739
451.967  209.754  0.000562529  -8.90448e-05  0.000893114
464.377  214.598  0.00123279  0.000122112  0.00086778
486.117  209.947  0.00966719  0.00109253  0.00197961
487.447  217.243  0.00591554  0.000689146  0.00113817
482.495  205.74  0.00323929  2.35025e-05  0.00254272
488.058  204.199  0.00199272  -0.000551748  0.00354425
483.978  227.344  0.00163016  0.000210703  0.000584141
492.818  214.337  0.00108678  -0.00015412  0.00141961
497.225  202.119  0.0013903  -0.00172054  0.00714338
491.16  204.884  0.00139687  -0.000778582  0.00355675
483.03  209.141  0.00503945  0.000400394  0.00187335
484.878  203.804  0.00451281  -0.000125509  0.00339085
485.822  216.991  0.00284867  0.000227262  0.00105566
490.243  201.184  0.00273885  -0.00120417  0.00605035
486.699  224.585  0.00221419  0.000216552  0.000679287
513.751  154.475  0.000775727  -4.44371e-05  0.000462528
504.737  151.274  0.00149507  3.55254e-05  0.000453974
477.537  197.194  0.00209083  -0.00153841  0.00665892
477.973  201.02  0.00203705  -0.000723747  0.00372546
483.126  203.192  0.00347497  -0.000403345  0.00339276
482.716  208.664  0.00354509  3.64291e-05  0.00186499
505.928  194.51  0.00774897  0.00208361  0.00237125
508.93  187.533  0.00636429  0.00173599  0.00148571
498.29  196.13  0.00218366  0.000241928  0.00220991
507.929  195.255  0.000973054  5.93108e-05  0.00189705
505.126  178.14  0.00150042  0.000215066  0.00059977
510.656  173.865  0.0010231  0.000143298  0.000471997
406.614  215.207  0.000749577  7.42826e-05  0.00049283
410.76  211.122  0.00102859  -8.5387e-05  0.000645249
426.535  181.435  0.00228711  0.000583723  0.00379528
424.688  184.454  0.00200115  0.000635386  0.00590556
418.745  186.248  0.00122552  0.000588675  0.00775489
496.382  224.302  0.000697777  7.05329e-05  0.000413056
503.494  196.292  0.000649063  2.81951e-05  0.00215754
483.405  188.995  0.00446763  0.000909853  0.00142448
490.798  226.202  0.00144748  0.000183275  0.000378562
497.709  216.651  0.000981025  5.35975e-05  0.000588033
506.718  160.86  0.00122991  -0.000277276  0.00194898
515.068  157.623  0.000725533  -0.000185646  0.00125492
501.655  152.508  0.00196589  -1.25588e-05  0.00106334
493.234  184.903  0.00267772  -0.00254009  0.0092393
502.97  198.663  0.000838875  -2.515e-07  0.00280241
496.127  195.541  0.00144634  0.00014523  0.00209328
484.178  190.895  0.00701698  0.00115822  0.00162731
488.475  186.776  0.00396944  0.000468185  0.00109654
487.579  205.817  0.00286571  0.000422183  0.000434332
495.788  169.207  0.00280443  -0.00171252  0.00944748
497.105  172.66  0.00246615  -0.00175902  0.00787136
489.689  183.357  0.00602278  0.000332753  0.00135467
488.2  189.321  0.00124203  0.000138698  0.00125237
480.464  188.415  0.000721597  5.58964e-05  0.00119197
486.598  188.444  0.00382051  0.000517755  0.00123403
472.792  189.881  0.0010104  8.06608e-05  0.00138557
468.873  187.51  0.000760171  5.42362e-05  0.00116382
498.399  196.754  0.00104375  9.82779e-05  0.00234462
502.084  176.546  0.000995785  0.000182923  0.00056383
491.462  194.939  0.000652674  3.27241e-05  0.00200523
487.066  174.548  0.000415555  6.18525e-05  0.000507072
429.448  182.475  0.00138568  0.000418898  0.00444292
427.538  172.407  0.00107182  -2.27778e-07  0.00136991
483.996  123.59  0.00128049  3.76601e-05  0.000717571
475.989  128.022  0.000799594  -0.000118195  0.0010525
466.147  123.942  0.000473084  -0.000139272  0.000918465
498.072  144.452  0.00134002  -0.000945251  0.00308006
516.288  150.737  0.000873107  -0.000894241  0.0040334
433.041  137.823  0.00264085  0.000445262  0.000595566
429.573  151.471  0.00241074  0.000314511  0.00128427
426.732  167.813  0.00251125  0.00026909  0.00121542
426.163  168.38  0.00237652  0.000229202  0.00199578
425.595  177.949  0.00272648  0.00041915  0.000977593
433.597  152.422  0.0023801  0.000234101  0.00130308
435.454  129.498  0.00293907  0.000436895  0.000414276
426.175  186.428  0.00295839  0.000897432  0.00869471
493.084  141.457  0.00185247  -0.000898958  0.00202768
485.292  134.201  0.00347776  -0.00107746  0.00139522
487.467  120.887  0.00193622  -0.000556277  0.000604521
429.476  166.279  0.00297467  0.000235375  0.00139747
435.754  172.113  0.00075063  -0.000173922  0.000928867
446.745  169.149  0.000450167  -0.000249777  0.00135211
381.177  145.284  0.00193792  -0.00106682  0.00503791
370.388  174.609  0.000768818  -8.88561e-05  0.000404315
376.646  157.477  0.00118943  -0.000162911  0.000919705
372.935  161.215  0.000909352  -0.000123325  0.000695946
443.321  164.88  0.000636858  -0.000236384  0.00189631
445.188  194.069  0.00041078  1.55732e-05  0.000337027
436.727  140.607  0.00180227  -8.75788e-05  0.00536249
437.745  140.491  0.00251485  -0.00225604  0.00893634
433.896  140.555  0.00154705  -0.00135054  0.0110238
433.953  137.95  0.00176021  -0.00146495  0.00572689
373.988  117.304  0.000724246  -0.000768032  0.00402612
372.274  103.778  0.000393199  -0.000213761  0.00106567
448.594  172.999  0.000425937  -3.41767e-05  0.00076979
486.781  147.419  0.0010097  -0.00115141  0.00513595
469.63  153.122  0.000416506  -0.000361384  0.00206295
480.794  184.518  0.000953854  0.00022489  0.000430061
600.659  102.648  0.00584074  0.000443914  0.00102773
592.669  114.052  0.00329796  -0.00145056  0.00383965
592.207  127.003  0.00290628  0.00061839  0.00211764
634.694  105.079  0.00578979  0.00189156  0.00206011
356.707  97.0497  0.00094802  0.0010017  0.00263572
325.325  99.7207  0.00707837  0.000480229  0.00226631
508.479  133.586  0.000706533  -0.000159328  0.00213492
531.437  118.469  0.00449135  0.00219116  0.00579188
510.458  135.197  0.000871588  0.00052201  0.00150904
555.556  106.89  0.000614204  -0.000429204  0.00432126
568.522  90.7857  0.000365123  -2.14692e-05  0.000820326
534.133  99.5955  0.00191449  -3.17121e-05  0.00245377
536.639  76.1275  0.0017093  0.000196866  0.000486888
529.919  106.636  0.00152697  -0.000719543  0.00721038
534.786  119.162  0.00139778  0.000106607  0.000972561
518.47  135.044  0.000585644  5.40705e-05  0.000360696
564.369  112.214  0.000646018  -0.000285291  0.00176456
559.866  114.394  0.000520899  -0.000208411  0.00133284
554.747  122.442  0.00042152  -7.981e-05  0.000708969
512.585  85.212  0.000911366  0.000605616  0.00109061
562.292  70.4134  0.000665652  0.000399587  0.00102151
536.798  118.059  0.00380449  0.00178609  0.00489717
492.147  87.4712  0.000952958  0.000428347  0.000717061
318.506  120.206  0.0067237  0.00455151  0.0053168
525.956  104.359  0.00111756  -0.00042537  0.00300892
532.537  108.11  0.00190032  -0.000161222  0.00228738
533.497  113.255  0.00221391  5.31872e-05  0.00145178
537.744  120.18  0.00417118  0.000449048  0.000979519
359.532  96.2678  0.000850555  0.000871825  0.00195283
557.362  73.3214  0.00992099  0.00165073  0.00220666
557.131  70.1467  0.00822476  0.00139478  0.00169849
527.667  53.3496  0.00135173  0.000120876  0.000681387
573.589  59.5528  0.000558357  -3.65298e-05  0.00055928
484.8  106.027  0.000907189  -0.000764155  0.00297491
432.519  139.081  0.00096694  -6.73658e-05  0.00701917
457.79  62.8108  0.000826075  -0.000529244  0.000972871
456.599  77.3466  0.000634395  -0.000193405  0.000416198
455.938  59.085  0.000473238  0.000139128  0.000526553
432.573  173.183  0.000776299  -0.000336897  0.00136968
512.962  599.992  0.000635962  7.68188e-05  0.000596446
496.462  595.933  0.000292086  -1.04126e-05  0.000534988
497.598  586.591  0.000272884  1.61526e-05  0.000351961
376.399  639.807  0.00353078  0.000304852  0.00181249
273.656  550.854  0.000271922  -0.000102755  0.000362681
373.526  612.897  0.00354758  -3.18469e-05  0.000931205
397.042  571.771  0.00136438  -0.00032371  0.00306995
418.038  566.558  0.000425605  -0.00015727  0.00127425
410.667  556.262  0.000626306  -2.19363e-05  0.000696854
412.865  549.138  0.000585141  1.14256e-05  0.000471522
401.246  585.371  0.000844362  -8.72785e-05  0.00126878
410.631  556.494  0.000613459  5.21303e-05  0.000269483
405.951  582.714  0.00205442  2.56218e-05  0.000981763
409.677  533.829  0.00088995  7.73346e-05  0.000856031
404.015  584.675  0.00179074  -0.000231403  0.00189322
467.809  500.7  0.00353223  0.000936429  0.00118637
434.068  500.987  0.000333084  7.54451e-05  0.000903057
421.78  512.458  0.000235431  5.60335e-05  0.000471719
419.11  533.973  0.000263048  6.76585e-05  0.000216211
471.198  487.779  0.0013895  0.000139893  0.00306152
469.97  492.655  0.00132551  0.000151479  0.00180892
466.117  506.055  0.00112921  0.00014296  0.000683004
475.496  469.66  0.00299719  -0.00178837  0.00298625
467.721  512.759  0.00146654  6.0155e-05  0.000213259
479.467  456.27  0.0014567  -0.000309873  0.00329005
462.598  528.99  0.00169046  0.000380628  0.000325541
474.358  490.96  0.00129159  0.000259222  0.00219411
473.843  498.192  0.00118062  0.000250306  0.0011833
481.827  419.355  0.00337462  0.000347353  0.000696909
495.89  400.953  0.00126954  0.000148351  0.000240207
471.477  472.452  0.00330551  -0.000542917  0.00178043
473.91  498.334  0.0013426  1.458e-05  0.000430925
497.936  515.954  0.000432175  -0.000176963  0.000364518
409.396  464.242  0.00136349  -0.000777144  0.00192415
404.536  483.563  0.00102252  9.52214e-05  0.000298075
539.227  440.23  0.00112897  -0.000447768  0.000840138
536.363  444.103  0.000906648  -0.000330421  0.000612478
532.934  463.664  0.000648172  -0.000144654  0.000242566
516.106  463.742  0.000319642  -0.000102127  0.000185294
578.722  396.653  0.000533832  -0.000330932  0.000775457
456.912  377.756  0.00106252  0.000617633  0.00257543
464.842  373.728  0.000693626  0.000422821  0.00185833
477.745  339.999  0.000602925  0.000226242  0.000340484
443.192  373.164  0.00232567  0.000821584  0.0015538
459.219  336.515  0.0013763  0.000421834  0.000341056
478.34  332.995  0.000447655  0.000153135  0.000254084
406.386  348.292  0.000432511  8.91066e-05  0.000285989
391.82  370.935  0.000275955  0.000122777  0.000764704
383.209  378.642  0.000220817  0.000166891  0.00121818
500.38  397.126  0.003552  0.00038763  0.00162307
489.355  417.427  0.00134715  0.000138892  0.0004571
410.912  338.913  0.0014014  0.000378601  0.000299288
386.667  373.249  0.000560147  2.27026e-05  0.00105208
405.047  336.379  0.000858723  0.000223522  0.000244793
409.026  344.469  0.000478832  3.39825e-05  0.000228983
392.38  370.676  0.000285281  -7.05447e-05  0.000808673
498.824  416.159  0.000761538  0.000107419  0.000473433
503.749  389.539  0.000683328  0.000259482  0.00361087
505.572  432.699  0.000346286  5.86053e-05  0.000239604
498.173  328.038  0.00236072  0.000581159  0.000489451
549.279  330.109  0.000192389  7.78247e-05  0.000454451
458.056  364.806  0.000787121  0.000383386  0.0051917
456.972  361.539  0.000710638  0.000271466  0.00322551
456.782  350.939  0.000635469  0.000154364  0.00115401
197.706  351.237  0.00268073  0.000993363  0.00269646
198.401  344.106  0.00397051  0.00194843  0.00225228
386.975  412.946  0.000913461  -0.000556518  0.00534723
199.481  379.962  0.00108699  -0.000985794  0.00654557
381.718  392.33  0.000463637  -2.60779e-05  0.000800582
378.321  411.513  0.000503907  9.60235e-05  0.000340188
395.573  384.3  0.00124853  -4.56947e-05  0.00184608
381.717  400.292  0.00063356  0.000182688  0.0005356
378.831  415.5  0.000691051  0.000199199  0.000312064
384.902  356.695  0.00136328  0.00123824  0.00379096
342.681  322.249  0.00515811  -0.000186902  0.00116612
351.884  315.026  0.00169672  -0.000100885  0.000660391
310.248  365.094  0.000733788  0.000917011  0.00361721
407.247  298.6  0.0004093  0.000104849  0.000383029
523.476  345.566  0.000857402  -0.00030827  0.000623201
525.704  355.402  0.00197641  -0.000247945  0.000397767
531.086  331.817  0.00138718  -0.000855793  0.00214491
533.706  358.906  0.00105275  -0.000195765  0.00038618
532.47  317.311  0.00109601  -0.00103993  0.00605996
537.072  358.789  0.000804099  -8.94451e-05  0.000291439
547.892  355.427  0.00145685  -0.000450736  0.000628467
551.445  351.871  0.00100966  -0.000237679  0.000456041
416.862  350.119  0.00210106  0.000574515  0.000459558
411.631  351.902  0.00135906  0.000363062  0.000373916
407.233  317.65  0.0010551  -0.00121338  0.00363371
407.935  356.985  0.00117516  0.00022462  0.000365326
427.773  304.438  0.00180584  2.83243e-05  0.00179807
404.634  344.915  0.00155362  0.000184376  0.000363482
412.186  340.548  0.000910838  8.37685e-05  0.000434485
424.61  337.333  0.000464086  8.90988e-06  0.000528738
438.892  335.631  0.00026267  -3.05989e-05  0.000623647
413.416  352.913  0.000796822  -2.5366e-05  0.000360285
433.483  332.533  0.000613786  -0.000727731  0.00203562
438.923  333.353  0.000334218  2.85842e-05  0.000739756
406.199  357.966  0.00136834  0.000331554  0.000393001
427.328  328.199  0.000976205  -0.000759755  0.00257451
411.965  334.303  0.000289729  -8.44098e-05  0.00056881
418.898  352.097  0.000355814  -5.76044e-05  0.000269058
406.616  326.599  0.000390283  -4.31952e-05  0.000873898
417.758  355.598  0.000849751  8.74323e-05  0.000249388
410.98  321.889  0.000819174  -0.00090555  0.0025425
415.013  360.833  0.000781294  1.38912e-07  0.000272718
490.338  310.455  0.00105002  -0.000246702  0.00119774
498.312  347.724  0.000743732  -8.83923e-05  0.000210167
519.586  311.152  0.000312128  -0.000185909  0.00157154
520.565  316.614  0.000286166  -0.000112905  0.00102607
472.477  334.742  0.00170589  0.000187328  0.000316072
481.064  316.942  0.00103623  4.01247e-05  0.000720646
497.669  274.705  0.000966732  -0.000845988  0.00640696
526.437  237.105  0.00023981  -3.04084e-05  0.000284081
515.811  242.934  0.00136555  0.000253051  0.000450941
501.2  237.158  0.000498086  6.60292e-05  0.000350608
507.291  319.102  0.00104084  -0.000250232  0.00265869
522.632  334.135  0.000234194  6.56378e-06  0.000215882
515.442  336.533  0.000188897  9.48421e-06  0.000197332
409.959  319.526  0.000435771  -6.53536e-06  0.00033604
493.599  248.169  0.00122379  -7.5162e-05  0.00148732
521.553  241.67  0.000282987  -5.23869e-05  0.000780705
501.382  210.293  0.000775265  1.11717e-05  0.000208722
494.548  250.074  0.00338483  0.000824056  0.00202934
410.403  246.79  0.000923648  -0.000322974  0.001376
434.777  256.985  0.00223597  -9.96294e-06  0.00240679
431.737  254.968  0.00161697  -7.06665e-05  0.00205886
428.185  252.495  0.001171  -9.76292e-05  0.00172403
340.277  313.251  0.000751095  0.000242824  0.000279677
331.984  341.033  0.000507422  2.22638e-05  0.000262897
323.206  341.04  0.000349013  -4.67243e-06  0.000165163
358.571  299.001  0.00196626  0.00055346  0.00083053
366.285  236.443  0.00030501  0.000126955  0.000977707
383.645  227.146  0.00018016  7.58821e-05  0.000591259
365.968  232.164  0.000885125  0.000192351  0.000287314
357.807  253.019  0.00075057  0.000100139  0.000638243
360.368  259.092  0.00119871  -0.000483931  0.00237292
361.693  231.612  0.000704636  5.63904e-05  0.000410247
355.685  248.474  0.000712094  -0.000171119  0.00107351
363.337  267.962  0.00175664  -0.00069004  0.00382091
424.806  325.488  0.000517541  -0.000202386  0.000334044
410.639  344.062  0.000502107  1.56723e-06  0.000147757
365.163  294.148  0.00365917  0.00101211  0.000911122
350.802  262.385  0.000739169  -0.000272202  0.00105281
361.834  290.561  0.00224449  0.000444645  0.000443334
489.561  291.344  0.00180539  -0.000465337  0.000861267
523.397  343.913  0.000301812  -0.000113722  0.000202197
469.035  259.487  0.00329657  0.000259332  0.00177155
473.429  259.38  0.00206044  -3.65006e-05  0.00190695
489.378  287.743  0.000472928  7.98048e-07  0.000400748
481.712  236.76  0.00139671  0.000186792  0.00282139
490.423  232.228  0.00079608  -2.65063e-05  0.00546414
500.736  248.707  0.000385955  4.37815e-05  0.00100684
517.877  250.684  0.00020072  9.5072e-06  0.000908198
489.326  281.087  0.00160307  -6.76563e-05  0.000526946
490.779  289.238  0.00137423  -3.7353e-05  0.000365158
441.383  266.181  0.000193239  4.32709e-05  0.000361565
352.824  241.151  0.00105301  0.000460235  0.00203862
350.168  239.12  0.000900826  0.000300625  0.00160818
500.447  243.395  0.00283954  -0.000400745  0.00154739
497.994  246.475  0.00207364  -0.000294771  0.00119211
458.408  275.702  0.000200378  -3.30211e-05  0.000248242
480.22  186.545  0.000940744  -2.80183e-05  0.000707884
471.431  181.087  0.00055399  -2.04014e-05  0.000530815
449.508  186.975  0.000221862  -2.74388e-05  0.000775316
482.561  195.745  0.000760624  7.55822e-05  0.0013618
497.602  171.012  0.000420314  5.62421e-05  0.000332125
497.319  203.638  0.000909796  0.000164867  0.00285698
500.936  166.017  0.00158603  0.000446017  0.000394559
515.032  164.428  0.00060984  0.000166533  0.000295208
475.313  203.935  0.000587261  -0.000149058  0.00316841
500.507  204.575  0.0014106  0.000185485  0.00313808
494.691  181.196  0.000669099  0.000120665  0.000540896
460.994  179.261  0.000168578  1.78688e-05  0.000499652
431.632  196.19  0.0017951  -0.000475099  0.00125678
425.601  182.512  0.00332398  -4.83643e-05  0.000626706
433.131  176.175  0.0016007  -6.29172e-05  0.000382848
418.882  165.61  0.00269659  -0.000158811  0.000312176
416.305  197.299  0.00166228  7.86607e-05  0.00201077
473.739  198.901  0.00120206  -0.0011956  0.00246844
472.223  202.161  0.00095971  -0.000798822  0.00164795
445.266  269.687  0.000217247  9.18488e-05  0.000321694
617.907  233.227  0.00220029  -0.00054519  0.00043126
494.386  204.473  0.00211558  -0.00178933  0.00444462
490.71  220.669  0.00120871  -9.14803e-05  0.000880662
489.53  191.582  0.00263066  0.00157029  0.00328274
503.156  170.051  0.00125318  0.000543826  0.000795867
511.952  165.167  0.000770507  0.000381972  0.000668348
464.404  184.132  0.00564852  0.000353898  0.000892847
476.769  178.687  0.0023858  -0.00126435  0.00229771
491.226  225.283  0.000488081  -0.000106051  0.000262754
477.879  235.323  0.000747863  1.68598e-05  0.000158961
414.303  208.978  0.000696823  5.27672e-05  0.000211183
501.113  240.696  0.000590649  -0.000101444  0.000189112
452.698  184.103  0.00582973  0.000131108  0.0006748
470.57  184.104  0.00535343  -5.15751e-05  0.00106579
480.87  230.836  0.00103079  5.44992e-06  0.000183738
486.227  228.514  0.000318174  -6.39913e-05  0.00022379
414.79  195.857  0.00152426  0.000362874  0.000445775
495.506  146.1  0.00117129  -0.000753969  0.00113633
480.18  126.133  0.00246777  -0.000414028  0.000600677
485.037  123.054  0.00158185  -0.000298837  0.000436104
450.889  174.417  0.00030363  -3.75885e-05  0.000633581
468.171  173.16  0.000175375  -6.41303e-05  0.000759584
436.969  170.988  0.00086875  -0.000177951  0.0013422
457.352  202.459  0.000278565  -3.09457e-05  0.00029387
470.962  206.267  0.000179395  -3.72014e-05  0.00027954
424.915  87.5242  0.00219768  -0.000619406  0.000484961
491.629  150.54  0.000823867  -0.000257336  0.000279012
485.425  109.903  0.000681892  -0.000515609  0.0019911
454.41  96.6239  0.000442753  -0.00016496  0.000459754
460.961  79.5115  0.00027613  -9.7375e-05  0.000233596
476.229  59.7384  0.000317312  4.76647e-05  0.000419757
232.462  619.494  0.000135771  -0.000153356  0.00074922
519.08  567.752  0.000585899  0.000125184  0.000194904
509.474  550.12  0.00152485  0.000478439  0.000550612
407.205  583.43  0.00103686  5.36487e-05  0.00100517
279.827  499.197  0.000216965  -4.36283e-05  0.000393359
274.411  483.122  0.000165068  -1.66729e-05  0.000223363
407.047  450.164  0.000405422  -0.000512189  0.00209807
266.177  421.513  0.000128883  -0.000135487  0.00070359
402.917  498.296  0.00105083  0.000124357  0.000194266
449.109  472.487  0.000223468  -0.000200556  0.000851725
466.639  506.853  0.000107172  -4.33263e-05  0.00021977
472.011  489.2  0.00012032  -0.000110909  0.000469031
467.353  522.18  9.54989e-05  -2.32394e-05  0.000140969
447.462  502.893  0.00019013  -6.55412e-05  0.000195826
352.02  507.166  0.000134031  -4.14695e-06  9.80969e-05
401.5  438.007  0.000881948  -0.000788506  0.00187066
398.3  429.68  0.000424262  -0.000145034  0.00111438
408.99  436.377  0.000733469  -3.40445e-05  0.00081876
585.095  524.472  0.000165411  -2.41905e-05  8.47314e-05
397.148  440.887  0.00056097  -0.000508307  0.00122103
519.819  423.262  0.00016816  -0.000109114  0.000522317
396.348  445.957  0.000247415  -4.15874e-05  0.000424584
397.905  436.58  0.000320885  -7.44884e-05  0.000704553
259.535  420.386  0.000119873  -0.000142161  0.000666848
264.719  306.671  0.000257169  0.000142638  0.000237602
214.537  340.806  0.000948947  0.000505053  0.00122958
308.912  312.267  7.62149e-05  2.71466e-05  0.00017312
341.259  345.726  0.00102911  0.000738149  0.00193551
323.864  329.246  0.00023015  8.8131e-05  0.000673891
406.093  331.316  0.000358018  2.96491e-05  0.000156072
410.155  334.5  0.000433443  4.96467e-05  0.000575834
414.763  287.351  0.00037716  7.13608e-05  0.000158929
406.781  346.728  0.000575088  4.49021e-07  0.00011287
400.025  290.524  0.000307197  -1.11452e-05  0.000279611
356.44  316.232  0.00143084  7.89158e-05  0.00111144
262.551  347.747  0.000226814  4.49553e-05  0.000154765
324.217  362.215  0.00104719  0.000607241  0.00188288
352.407  270.434  0.00123935  3.89414e-05  0.000155144
417.778  386.703  0.000704974  9.76969e-05  0.000113219
416.688  365.574  0.000945071  5.39787e-05  0.000241791
450.016  310.399  0.000274957  -3.58977e-05  0.000459079
505.959  306.757  0.00055422  -0.000153446  0.00199159
471.769  323.874  0.00304797  0.000225095  0.000461155
529.638  366.669  0.00013217  -8.8324e-06  0.000136199
543.085  261.897  0.000622119  -2.26462e-05  0.000857762
498.835  199.957  0.000905209  -2.19605e-05  0.000107255
524.084  363.636  0.000150537  1.31356e-05  9.05107e-05
422.654  240.19  0.000464929  3.60957e-05  0.000242165
423.821  240.063  0.00051227  -1.08394e-05  0.000171297
402.371  273.637  0.000358767  -0.000339494  0.0010364
288.657  233.981  0.000991384  0.000145173  0.000614085
292.704  194.432  0.000743752  0.000141965  0.000165083
273.308  218.264  0.000360576  4.24349e-05  0.000316055
371.834  231.812  0.000265041  3.92766e-05  0.000711696
349.761  240.68  0.000659526  -0.000174684  0.00138213
292.257  358.446  9.00733e-05  -1.87622e-05  0.000137266
497.642  201.493  0.00105235  0.000111637  0.000183047
479.153  259.072  0.000539905  -0.000264371  0.00269052
471.296  259.512  0.000382573  -0.00023523  0.0023045
482.913  182.953  0.000382322  -3.8068e-06  0.000105827
469.472  191.114  0.000227096  -3.31271e-06  0.000129827
516.408  219.033  0.00225083  1.28181e-05  0.000306892
498.388  219.251  0.000583226  -3.44741e-07  0.000312956
491.082  202.269  0.00040319  4.08473e-07  0.000175165
317.531  226.438  0.00147671  0.000513906  0.000707826
427.398  188.453  0.000393457  -3.41588e-05  0.00111944
499.019  161.02  0.000992345  0.000158128  0.000235011
563.405  188.511  8.8226e-05  -3.52296e-05  0.000442575
480.59  177.95  0.00170459  0.000255663  0.000472304
436.23  253.766  0.000393059  -0.000454224  0.00220122
408.023  246.905  0.000336119  -0.000377496  0.000946168
563.445  190.403  0.000116206  -8.26502e-05  0.00052675
502.861  162.049  0.00142341  0.000287957  0.000342686
506.278  162.883  0.000624564  5.93824e-05  0.000282456
437.511  263.002  0.00017302  -1.54462e-05  0.000228945
477.876  189.898  0.000397054  -0.000267582  0.00163413
471.696  175.857  0.000264019  -8.75851e-05  0.00065702
463.917  187.072  0.000262984  -0.000292311  0.00162957
495.32  196.796  0.000593643  -0.000368516  0.00227826
488.076  192.969  0.00085615  -0.000220898  0.00180708
423.464  222.568  0.000468933  8.27319e-05  0.000148717
449.311  189.752  0.0029903  0.000434739  0.000558113
424.652  220.837  0.000638548  9.04799e-05  0.000123653
443.87  220.493  0.000174591  5.5227e-06  8.32103e-05
489.119  164.995  0.000577772  -0.000272839  0.00094953
464.837  156.044  0.000301846  -0.000316928  0.000923464
462.116  167.398  0.000231841  -0.000141136  0.000458595
458.357  185.739  0.000194803  -4.86318e-05  0.000213879
430.271  196.033  0.00170374  0.000225702  0.000339952
436.586  194.491  0.00104371  0.000122096  0.000262568
446.782  196.5  0.000553579  3.57184e-05  0.000251809
459.816  203.116  0.000299385  -1.98002e-06  0.000218717
471.045  168.179  0.000324729  -0.000311615  0.00143653
473.715  207.652  0.000187113  -1.96223e-05  0.000207944
419.555  223.863  0.000806385  0.000115694  0.000140905
435.682  177.129  0.000541929  -4.73053e-05  0.000804398
435.195  184.143  0.000494472  3.81081e-06  0.00054731
468.51  215.404  0.000125854  -1.66421e-05  0.000209282
446.94  218.232  0.00021227  2.41617e-05  0.000139153
473.625  176.566  0.000574217  2.08424e-05  0.000412603
455.999  171.597  0.000282734  -5.71761e-05  0.000360326
441.128  92.6152  0.00127682  -9.51024e-05  0.00039246
486.286  136.722  0.000734081  -0.000210133  0.000403644
468.889  62.0683  0.000229997  4.72132e-05  0.000481967
462.083  80.2696  0.000190681  2.78991e-05  0.000233072
460.728  104.014  0.000191133  2.01685e-05  0.00011816
524.211  57.395  0.00111861  6.6554e-05  0.00120871
