1.0
672
144.019  607.503  0.00369627  0.000253245  0.00218853
141.939  596.589  0.00382751  -0.000229532  0.000895067
664.44  581.083  0.00414443  -0.00128931  0.00137173
666.497  589.281  0.00385871  -0.00119659  0.00228645
715.288  584.157  0.000401714  -5.77114e-05  0.00124522
140.342  585.37  0.00478832  -0.000762675  0.00169459
136.787  586.372  0.00695002  -0.000463467  0.00146295
241.127  595.981  0.00329425  0.000590242  0.0055517
195.911  588.699  0.000455546  0.000343182  0.00154422
194.364  580.686  0.000378598  0.000137083  0.000836138
191.038  573.855  0.000366109  4.65386e-05  0.000548835
186.906  607.571  0.000993196  0.00104296  0.00508913
193.97  597.214  0.000506364  0.000315291  0.00180991
373.093  606.113  0.00724143  -0.00334337  0.00376821
388.78  599.761  0.00124836  0.000602737  0.00777812
373.89  598.867  0.00834095  0.00456052  0.00509094
386.54  590.063  0.00265501  0.00271632  0.00988186
415.074  584.951  0.0014006  0.00115806  0.0103912
386.849  590.256  0.00186312  0.000625636  0.00926017
75.842  587.626  0.00276089  -0.00350323  0.0133628
388.781  591.488  0.000979427  0.000332924  0.00720393
392.019  594.044  0.000955655  -0.000131327  0.00469681
202.066  563.527  0.00504587  -0.000956303  0.00134174
195.226  549.829  0.00295439  -0.000585677  0.000601564
197.98  564.668  0.00279126  -0.000453396  0.00128245
194.111  567.68  0.00348661  -0.000777897  0.00167338
196.078  568.828  0.00876923  -0.000235646  0.00160968
205.459  566.925  0.00221266  9.09629e-05  0.00150625
200.397  565.517  0.00404762  -3.67109e-05  0.00126996
194.17  564.701  0.00679866  0.000129698  0.00110708
198.386  562.034  0.00351348  0.000118561  0.000951522
201.663  559.224  0.00236682  0.000103131  0.000812253
204.018  551.359  0.00185109  6.58217e-05  0.000526032
299.898  561.328  0.000643797  -1.95821e-05  0.00125107
354.052  559.2  0.00077602  0.000335173  0.0026931
745.418  586.462  0.00745102  -0.000199881  0.000889773
90.9469  604.064  0.00592091  -0.00278347  0.00307483
86.1104  605.261  0.00483155  -0.00408339  0.00555758
192.982  564.247  0.00204832  0.000761365  0.00380269
206.584  588.471  0.00476594  0.000359337  0.00414007
203.742  589.685  0.00327891  0.000634779  0.00392467
202.011  593.942  0.0039965  -0.000241902  0.00269418
195.299  600.602  0.00164604  0.000105297  0.00166654
195.918  564.136  0.00456763  0.000771804  0.00424115
201.073  596.207  0.0048212  0.000415385  0.00196928
208.521  595.232  0.00204627  0.000468692  0.00169709
204.816  561.275  0.00218086  0.00140116  0.00421519
202.174  546.61  0.00231922  0.000300673  0.000921402
199.136  533.173  0.0031817  0.000128018  0.000412303
467.249  586.207  0.000796701  -6.51872e-07  0.00274334
290.329  576.795  0.00280013  -0.00124436  0.00435353
290.037  572.557  0.00277542  -0.000629667  0.00255428
291.138  579.283  0.00467846  -0.00336559  0.00663756
500.348  577.606  0.00206332  0.000180159  0.00136982
498.51  579.897  0.00358146  0.000315897  0.00117203
519.197  575.262  0.000688346  0.000283838  0.00112974
289.606  552.314  0.00155578  -0.0016847  0.00625628
281.103  539.02  0.00149966  -0.00113726  0.00198822
292.605  533.262  0.00213595  -0.000749457  0.00100025
287.165  537.721  0.00117879  -0.00050281  0.00126207
290.523  549.531  0.00120098  -0.000820352  0.00373825
283.872  529.25  0.00110893  -0.000421347  0.000776014
280.46  520.19  0.00105245  -0.000373508  0.00052651
499.252  580.647  0.00536819  -0.000234035  0.00113956
505.353  571.66  0.00227511  0.000314748  0.00211851
46.7536  576.453  0.00134969  -0.000733004  0.0106359
507.454  568.529  0.00325345  0.000439603  0.00282652
521.238  573.531  0.000988538  0.000231974  0.00124888
363.373  567.603  0.00236984  0.00138479  0.0092986
353.338  563.487  0.00535888  -0.00143239  0.00402864
359.087  559.793  0.00217796  -0.000287963  0.00273306
266.252  535.74  0.00204463  -0.00180004  0.0039261
266.015  538.463  0.00249743  -0.00247461  0.00569748
484.951  571.453  0.00202255  0.00217544  0.00476001
544.314  571.138  0.000596468  0.000595811  0.00119693
467.502  591.317  0.000897526  -0.000563712  0.00167856
470.558  593.612  0.000627415  -0.000428607  0.00141911
455.917  548.505  0.00737126  0.000554651  0.00293413
454.569  542.566  0.00915959  0.000118634  0.00153594
460.893  548.525  0.00173071  0.000851553  0.00348211
459.901  543.809  0.001721  0.000439725  0.00196642
508.784  577.502  0.00375439  0.00219385  0.00212548
513.704  560.681  0.00134361  0.00176936  0.00677714
513.177  567.602  0.00153056  0.00094671  0.00262121
574.887  530.443  0.00101842  0.000427484  0.00182178
576.234  505.931  0.00110423  0.000201663  0.000402526
561.027  539.977  0.00357906  0.00222822  0.00758969
583.375  554.084  0.0133539  -0.000202487  0.00170784
590.425  542.724  0.00406141  0.00165281  0.00419926
592.743  572.314  0.00322115  -4.69809e-05  0.00041595
584.46  558.559  0.0108812  -0.000469455  0.0012742
322.296  543.19  0.000409714  -6.16493e-05  0.000478831
716.051  525.115  0.00940576  0.0022109  0.00220152
708.163  528.598  0.00811765  -0.00255162  0.00326569
719.177  537.595  0.00554266  4.83483e-05  0.0030527
700.605  520.751  0.00824744  -0.0044839  0.00436072
726.418  542.199  0.00829683  -0.00491161  0.00516763
724.143  545.808  0.00433203  -0.00171551  0.00271382
195.02  578.872  0.0016057  -7.80713e-05  0.000638523
198.769  595.861  0.00194167  0.000676582  0.00234374
199.852  596.06  0.00311464  0.000346031  0.00265281
412.764  552.215  0.00421679  -0.000249603  0.00542947
409.109  549.823  0.00580769  -0.00163414  0.00403188
404.773  542.005  0.00637786  -0.00251098  0.00251451
439.986  529.2  0.000393891  0.000202935  0.00111138
74.5253  547.85  0.0010059  -0.00071606  0.00124957
632.136  529.876  0.00239828  0.00259005  0.010532
166.451  600.745  0.00998559  -0.00201568  0.00275766
206.72  587.284  0.000632279  0.000432332  0.00180041
200.426  563.167  0.000536574  9.34561e-07  0.000377406
207.1  596.85  0.00295778  0.00168371  0.00406035
71.0911  550.572  0.00159642  -0.00119957  0.00191188
111.527  506.348  0.00198856  0.000957846  0.000862794
109.613  500.124  0.00143522  0.000525088  0.000536685
651.705  538.068  0.00554258  0.00188735  0.00207984
677.548  539.49  0.00395676  0.00131149  0.001231
549.675  551.321  0.00503516  0.00414387  0.0077637
574.254  501.727  0.00139659  0.000794011  0.00124438
543.804  538.054  0.00169285  0.000152306  0.00232364
532.313  542.397  0.000762798  0.000414656  0.00303198
524.701  542.155  0.000524957  0.000361833  0.00252525
566.853  495.229  0.000400312  4.79801e-05  0.00044695
527.661  512.533  0.000372092  -5.68279e-05  0.0016388
678.879  527.683  0.00365109  0.00210452  0.00316325
660.443  552.668  0.00147387  0.000731667  0.000796672
707.436  521.863  0.00875853  0.000781156  0.00233287
705.577  530.275  0.0102366  0.004316  0.00356254
718.386  526.916  0.00872768  -0.00388567  0.00427105
666.677  508.095  0.00261969  -0.000358781  0.000375032
699.601  523.444  0.0115428  0.0038783  0.00316592
719.26  475.507  0.000637792  0.000440983  0.00139489
712.67  474.43  0.0006259  4.27868e-05  0.00122715
25.4727  485.631  0.00254514  -0.000259859  0.00886918
581.78  535.216  0.00275631  -0.00076498  0.000812396
627.25  501.352  0.00449735  -6.42259e-05  0.00424491
301.573  530.204  0.00290917  -0.00122606  0.00106489
298.63  533.813  0.00530328  -0.00313083  0.00393657
286.718  511.916  0.00247529  -0.00110933  0.00103934
273.165  513.798  0.00115387  -0.00105155  0.00169621
759.167  457.226  0.0119254  -0.000221295  0.0016844
755.346  425.51  0.00300021  -0.000349796  0.000439826
758.385  413.246  0.00200698  -2.50753e-05  0.000282812
758.444  402.973  0.00155215  -9.78711e-06  0.000218196
776.631  452.992  0.00743275  -0.00070657  0.00102413
782.275  460.522  0.00507184  0.000116571  0.00185244
780.197  455.992  0.00382867  5.32929e-05  0.00121004
39.8712  469.367  0.000773344  -6.27796e-05  0.0051043
23.7404  463.851  0.00373062  0.000880615  0.00296103
38.8851  464.666  0.000886635  9.77421e-05  0.00274552
27.5217  461.772  0.00250348  0.000575221  0.00227491
51.9599  468.522  0.000513956  -7.3083e-05  0.00406484
69.5954  448.101  0.00585195  0.00210521  0.00217887
648.849  470.637  0.0033189  -0.000207654  0.000493507
698.755  474.171  0.00991721  -0.00384387  0.00305826
137.704  453.123  0.00233152  -0.000209694  0.000381224
253.613  458.811  0.00220338  -0.000378729  0.0015047
253.409  477.687  0.00201612  -0.000145248  0.000451126
294.793  481.912  0.000761133  -0.000159637  0.000576632
215.747  451.059  0.00134479  0.000107442  0.0107308
210.543  452.569  0.00091799  7.33422e-05  0.00775267
217.963  453.576  0.00166024  0.000132644  0.00641292
216.242  456.345  0.00145293  0.000116081  0.00410676
236.131  431.634  0.000947699  -0.000202335  0.0066949
223.124  428.67  0.0029151  -0.000622379  0.00423929
253.856  422.99  0.000335848  -7.17041e-05  0.00207871
229.061  461.534  0.0067963  -0.00213356  0.00283773
229.349  432.18  0.00224914  -0.000421433  0.00745286
224.252  430.582  0.0040715  -0.000762899  0.00567278
268.437  463.882  0.00207298  -0.000926159  0.00149524
476.932  451.94  0.00475163  -0.00107767  0.0049041
258.796  464.785  0.00258196  4.01957e-06  0.0010443
264.804  469.774  0.0063532  0.000393499  0.000849032
257.775  471.486  0.0024479  7.41065e-05  0.000674788
252.984  484.202  0.00168774  7.70072e-05  0.00034901
769.303  509.71  0.00274771  0.00017179  0.000466809
269.068  407.786  0.00343254  -5.86337e-06  0.00079734
268.596  398.093  0.00388305  8.80592e-05  0.0004734
359.188  487.793  0.00552501  -7.57137e-05  0.00150633
340.429  477.371  0.00122479  -4.33853e-05  0.000320234
358.793  482.44  0.00407002  -0.000335099  0.00118408
372.859  525.336  0.0105876  0.000787332  0.00153939
359.317  482.346  0.00484814  -0.000274472  0.000781915
719.469  420.245  0.00296504  -0.000523635  0.000663741
723.716  416.434  0.00203361  -0.000295181  0.000418585
732.453  429.68  0.00137925  -0.000445471  0.000424437
708.069  414.706  0.00839105  -0.000403569  0.00139288
215.239  402.214  0.00161178  -0.000291472  0.00218539
208.673  401.686  0.000997231  -0.000357012  0.00233702
209.294  371.838  0.000861612  -7.20959e-06  0.00033985
210.078  397.508  0.00088148  -0.000178486  0.00152415
237.06  458.214  0.00138128  -0.000416937  0.000776814
202.078  391.978  0.00104187  -0.000327  0.00110455
201.34  384.612  0.00104666  -0.000256272  0.000692894
232.715  401.702  0.00106735  -0.000463848  0.00157406
224.723  399.268  0.00196389  -0.000609624  0.00147617
233.565  397.133  0.000937538  -0.00035623  0.00108443
216.467  399.485  0.00171772  -4.48477e-05  0.00121197
228.482  446.937  0.00248784  -0.000758514  0.00199286
228.694  437.747  0.00205072  -0.00119211  0.00632878
210.135  377.943  0.00243206  -0.000368679  0.000409714
229.62  418.4  0.00187106  -0.00175266  0.0116194
221.591  404.615  0.00305975  -0.000788693  0.00188219
219.397  399.11  0.00354057  -0.000801518  0.00126234
233.785  393.074  0.000857521  -0.000242667  0.000705737
196.89  599.722  0.00157622  0.00122  0.00329042
377.22  388.75  0.00613011  -0.000876407  0.000946295
390.999  431.824  0.0121525  0.000928257  0.00163085
211.091  382.533  0.00109476  -0.000229443  0.000976993
725.95  447.666  0.00840173  -0.00209017  0.00169296
623.506  497.581  0.00365699  4.06836e-05  0.00240407
620.64  506.657  0.00251887  0.00119169  0.00852765
180.071  382.724  0.00100107  -0.00107476  0.00241017
164.773  364.276  0.000640181  -0.000517257  0.000885505
220.678  424.799  0.00417273  -0.0027165  0.00667251
224.811  424.207  0.00300499  -0.00327045  0.00947149
236.497  456.544  0.00143128  -0.000458223  0.000607238
211.75  392.391  0.00254563  -0.000981845  0.00227602
209.992  383.204  0.00230775  -0.000608116  0.00108474
206.933  379.242  0.0017964  -0.000482868  0.000877347
204.368  384.921  0.001411  -0.000579982  0.00138567
183.645  366.553  0.000479374  -0.000236607  0.000608071
223.13  448.905  0.00567643  9.78616e-06  0.000673208
215.574  394.422  0.00568731  -0.00176179  0.00265329
237.692  390.918  0.000739957  -0.000422073  0.00102494
231.813  375.685  0.000820814  -0.000282989  0.000484162
215.969  367.892  0.00264406  -0.000607547  0.000487997
430.655  399.122  0.00329446  0.000881803  0.000707901
419.121  403.946  0.00409347  -0.000507366  0.000621096
483.366  398.832  0.000540422  -0.000168897  0.000483307
458.234  412.016  0.00102591  -0.000225839  0.00157736
452.785  413.535  0.000563802  -0.000227575  0.00130488
438.311  416.639  0.000369895  0.000195148  0.00133237
456.346  414.681  0.000356185  0.000108647  0.00127434
710.625  405.422  0.00516892  -0.00112693  0.00199474
715.303  405.094  0.00894646  -0.00407524  0.00339832
341.495  361.248  0.00246336  -0.000677271  0.00056036
357.079  564.529  0.00084957  0.000786887  0.004093
655.414  394.411  0.00556867  -0.00147097  0.00216191
667.33  362.227  0.00396276  -0.00148606  0.00159356
671.742  365.973  0.00289737  -0.00142534  0.00162965
467.66  356.067  0.00091724  -0.000117947  0.000706353
424.897  368.686  0.00152725  -0.00150884  0.00542755
423.543  370.608  0.00176191  -0.00203986  0.00798482
462.47  368.949  0.000764182  -0.000390474  0.00207869
464.391  363.977  0.000667289  -0.000233075  0.00127806
461.287  341.15  0.000907655  -0.000146357  0.000361849
278.663  322.589  0.00173546  -0.000648457  0.000533084
464.543  374.647  0.00462665  -0.000960752  0.00467224
465.706  375.189  0.00270157  -0.000173283  0.00487096
121.686  399.956  0.00465968  0.00114887  0.0009759
121.601  380.183  0.00444823  0.000631569  0.00100045
588.115  337.699  0.0042248  0.00257976  0.00602071
587.517  334.519  0.00427983  0.00168107  0.00358687
555.704  504.38  0.00789078  0.000844341  0.00114492
558.398  504.872  0.0027702  0.000808856  0.00130234
686.799  471.387  0.00837992  3.04081e-05  0.00119282
689.899  463.496  0.00975624  -0.00264912  0.00297502
696.155  471.671  0.00650126  -0.00319027  0.00282448
431.269  353.292  0.00126966  -0.000209398  0.000511633
490.683  339.625  0.000994346  0.000424896  0.000623247
492.636  327.923  0.00117232  0.000804857  0.00125243
250.199  567.09  0.00237161  0.000781801  0.00402174
237.871  551.084  0.00513965  -0.0012105  0.0010684
545.292  316.912  0.00120456  0.000169584  0.010696
476.078  373.501  0.00130092  -0.000619685  0.000706361
452.45  310.077  0.00263683  -0.00192894  0.00328699
682.967  304.016  0.00347051  0.000406277  0.000533392
411.198  301.903  0.00387681  0.00153391  0.00252835
411.306  302.306  0.00690941  0.002599  0.00216135
194.407  312.118  0.00443956  5.94916e-05  0.00108383
190.908  315.72  0.00372836  0.00015309  0.00100656
50.7546  259.963  0.00544787  0.00117494  0.00278992
537.758  270.817  0.00160626  -0.000528276  0.00101241
535.933  275.154  0.00214988  -0.00126801  0.0014587
265.736  285.331  0.00174987  0.000410995  0.000320219
215.036  285.504  0.00625804  -0.00105453  0.00198096
221.849  281.011  0.00221899  -0.000255821  0.00280569
223.656  278.403  0.00226198  0.00133929  0.00297337
551.919  253.912  0.00267642  -0.00213644  0.00431718
549.227  290.313  0.00703827  0.00487411  0.00568778
555.954  324.877  0.000672418  0.000399756  0.00147389
126.139  238.642  0.000545542  0.000176948  0.00048107
160.248  255.783  0.010888  0.0020725  0.00222162
153.67  231.005  0.00211924  0.000403578  0.000433976
163.017  257.394  0.000925331  0.000922674  0.00275577
215.445  249.893  0.00280721  0.0002254  0.00372813
553.293  252.972  0.00445544  -0.00392549  0.00566011
557.211  257.305  0.00406455  -0.00171296  0.00146642
569.21  338.055  0.00293171  0.000982864  0.000893878
570.779  342.639  0.00203207  0.000603867  0.000667009
548.529  320.557  0.00118855  6.3913e-05  0.0052756
557.597  227.553  0.00328214  -0.0019693  0.00304202
552.208  211.519  0.00177854  -0.000659058  0.000948149
538.027  199.791  0.000858284  -0.000499139  0.00076832
568.125  233.485  0.00216932  -0.00104278  0.00331046
148.994  221.666  0.000492446  -0.000482921  0.00188015
140.602  213.844  0.000620123  -0.000355956  0.00113772
117.437  206.895  0.00334697  -0.000888647  0.00110464
91.6749  187.034  0.00104004  -0.000424072  0.00053534
159.623  225.264  0.000440756  -0.000245408  0.00225673
125.773  217.775  0.00898083  0.00499778  0.00540868
132.097  218.888  0.0030106  0.00135346  0.00311952
146.623  218.722  0.000894467  0.000187308  0.00179857
557.666  257.052  0.00245786  -0.00103243  0.00133135
514.566  168.285  0.00110883  -0.000686062  0.000725713
553.719  260.963  0.00131339  5.82756e-06  0.00117412
244.658  238.944  0.00927459  0.00187342  0.00181139
634.294  232.204  0.0012497  -0.000608152  0.00103583
572.55  269.456  0.00584613  -0.00135303  0.00188978
626.98  183.897  0.00137117  -0.00108317  0.0026302
618.234  155.875  0.000761449  -0.000242448  0.000451821
92.5974  187.742  0.000391024  -9.72806e-05  0.000451503
324.155  234.425  0.00396248  0.000868584  0.00188801
311.998  195.328  0.00121323  0.000709922  0.00143863
323.187  223.291  0.00500481  -0.00147895  0.00129514
112.132  201.217  0.00996105  0.00105246  0.00168752
148.813  246.204  0.00413402  0.00108122  0.00194829
132.41  252.484  0.000969946  0.000470732  0.00296127
146.029  243.664  0.00129013  0.000336751  0.00139619
123.39  238.608  0.00495397  -0.00159534  0.00346236
110.131  262.687  0.00201969  0.000792217  0.000911717
130.784  217.623  0.00387661  0.00199192  0.00416284
117.075  209.036  0.00671057  -0.00192756  0.00184533
119.528  208.021  0.00429511  -0.00127846  0.00153703
595.042  178.082  0.00156786  5.48774e-05  0.000280833
593.978  152.195  0.00251694  0.000895968  0.000686136
598.283  183.667  0.00159295  9.24547e-05  0.000243636
591.993  150.868  0.00217893  0.00046788  0.000372494
530.448  227.239  0.00200917  -0.000302562  0.00051067
543.017  179.664  0.00200883  2.39331e-05  0.000236659
459.783  180.547  0.00450787  -0.00205009  0.00409999
468.943  195.748  0.00192651  -0.00126529  0.00186965
510.622  142.561  0.00769609  0.00184954  0.00149294
510.14  131.413  0.00453348  0.000589315  0.000711634
513.551  107.136  0.00205029  0.000255401  0.00031811
517.61  199.431  0.00235889  -1.407e-05  0.000836018
522.252  212.474  0.00141859  -0.000221503  0.000525459
300.812  178.718  0.00654629  0.000962808  0.00119775
318.756  558.036  0.00034142  8.93886e-05  0.000945696
290.462  157.055  0.00180085  -0.00109589  0.00321127
460.27  163.076  0.0011669  -0.000480043  0.00072408
455.925  190.152  0.00202826  0.000329703  0.000923659
462.447  193.549  0.00186947  -0.000250442  0.0007619
466.598  190.542  0.00267859  -0.000803072  0.00101998
402.748  134.763  0.00175811  0.000118361  0.000422632
48.0665  264.461  0.00684184  0.00143066  0.00348992
129.817  237.999  0.0004798  0.000199959  0.000476029
570.864  136.248  0.00541428  0.00149866  0.00186988
211.521  112.319  0.00461542  -0.00308394  0.00499176
211.424  116.485  0.00351039  -0.00161549  0.0028093
211.284  121.761  0.0028522  -0.000827147  0.00162608
211.108  127.527  0.00246644  -0.000433943  0.0010257
223.119  120.241  0.00162731  -0.000979967  0.00195259
424.64  142.024  0.00176794  -0.000463961  0.000603263
412.209  115.451  0.00776957  0.00188244  0.0014389
189.677  125.233  0.00104535  -0.00024157  0.000457197
202.621  135.142  0.00222755  -0.000197712  0.000463389
508.258  135.746  0.0130911  0.000760579  0.00162229
357.691  46.8516  0.00113973  -0.00115011  0.00199403
114.358  79.5941  0.00123194  0.000788991  0.00461076
104.993  78.0667  0.000616543  0.000353192  0.00366211
406.39  100.325  0.00044219  -0.000128521  0.000618145
283.336  82.5059  0.00171944  0.00197021  0.00442651
270.395  88.1045  0.00124374  0.000761525  0.00509646
146.039  89.5769  0.00458796  0.00234261  0.00341575
141.166  57.0554  0.00345522  0.00236584  0.00306786
170.411  77.3164  0.000986393  0.00107837  0.00316455
444.165  82.4925  0.0136456  0.00167168  0.00193559
125.484  67.741  0.00286378  -0.00172169  0.00223581
117.676  74.9029  0.00310475  -0.00110314  0.00103044
125.083  72.5778  0.00151967  -0.000819993  0.00129095
530.832  214.338  0.00429325  -0.00114867  0.00217811
513.585  211.378  0.000706179  -0.00021273  0.000536747
180.142  48.3854  0.00235993  8.3157e-05  0.000804327
133.872  82.4808  0.00174572  0.000621393  0.00242795
179.705  50.2403  0.000730156  0.000729561  0.00346979
152.604  54.4564  0.00199697  -0.00225842  0.00596498
176.868  50.9639  0.002854  0.000959051  0.00266304
181.315  41.539  0.00463205  0.000154842  0.00273837
347.062  31.2461  0.00292023  -0.00134935  0.00260156
366.787  45.9533  0.00385677  -0.000894431  0.00197476
376.575  51.5511  0.00190699  -0.00113194  0.00203648
680.855  76.9591  0.000836389  -0.000389908  0.000445086
429.512  200.342  0.00143765  0.000239565  0.000284254
453.002  172.539  0.00439121  0.00030471  0.00326848
478.955  184.515  0.000533266  -0.00030016  0.00168598
471.565  179.702  0.000808212  -4.9363e-05  0.00260172
467.56  185.367  0.000739468  0.000194498  0.00158224
453.07  143.538  0.00476062  -0.00194196  0.00488122
449.105  135.418  0.00326212  -0.00102712  0.00205619
497.858  611.62  0.000786175  3.61048e-05  0.00507679
328.787  579.387  0.000493555  9.24148e-05  0.000807716
318.016  584.85  0.000388964  -9.38785e-05  0.00123908
457.72  596.791  0.000647121  -0.000279036  0.00109744
287.482  534.476  0.00131346  -0.000635451  0.00063581
497.604  490.362  0.000520622  -3.42692e-06  0.000149526
451.072  548.422  0.00158667  0.000776956  0.00256831
355.421  564.357  0.000795163  0.000650388  0.00427966
351.983  557.259  0.000660175  0.000135398  0.00178152
335.44  553.163  0.000335687  8.36943e-05  0.000970884
544.181  556.84  0.0010516  0.0010925  0.0048411
589.266  565.745  0.00581067  -0.000534344  0.000875448
546.961  510.974  0.00025425  0.000269037  0.00134215
521.312  491.84  0.000472714  8.54342e-06  0.000335729
523.87  477.115  0.000379587  -8.08562e-06  0.000203937
549.581  498.919  0.000374126  0.000129694  0.000616334
537.979  470.545  0.000250897  -2.0495e-05  0.00019151
504.932  492.516  0.0011526  0.000284582  0.000333614
583.99  490.694  0.000310882  0.000157573  0.000424701
576.991  500.556  0.000660768  0.000266986  0.000646162
594.366  575.215  0.00114657  0.000220842  0.000436836
198.072  573.999  0.00252666  -0.000177512  0.000536426
683.025  542.102  0.00295676  -0.000237626  0.000756537
684.91  530.781  0.00208033  5.76916e-05  0.00159876
75.1284  544.188  0.000772744  -0.000386101  0.00065478
670.298  533.052  0.00252753  0.000422171  0.00170501
287.808  532.666  0.00235516  -0.00129559  0.0023037
279.902  524.006  0.00141509  -0.000764037  0.00133709
280.976  536.863  0.00160581  -0.00192896  0.00498524
205.874  594.448  0.000599519  0.000770537  0.00272481
194.946  562.046  0.000391098  -6.39084e-06  0.000305526
514.346  489.025  0.000182757  2.57125e-05  0.000298286
517.438  505.71  0.000197321  0.00011065  0.000658111
746.937  489.71  0.00229508  -0.00167313  0.00263622
746.134  483.248  0.00191156  -0.000980556  0.00145985
736.132  473.793  0.00413078  -0.000977291  0.00112051
743.642  474.182  0.00191793  -0.000631294  0.000836582
328.825  507.831  0.000462366  -0.0001996  0.00022607
285.026  533.109  0.001263  -0.00114218  0.00258772
274.323  515.719  0.000789143  -0.000483982  0.000857351
201.909  588.417  0.00194475  0.000166827  0.00136155
198.513  571.978  0.00168015  -8.67258e-05  0.000480429
199.271  582.247  0.00161847  3.8154e-05  0.000829624
359.884  478.994  0.00333421  -2.78748e-05  0.000534245
675.552  485.098  0.00416195  -0.00170944  0.00217506
656.83  535.016  0.0010338  0.000587399  0.00185092
656.941  543.611  0.00115059  0.00043811  0.000960128
417.194  395.061  0.00270407  -0.0001657  0.000351573
427.445  407.065  0.00509875  0.0011268  0.0010798
422.099  409.619  0.00466128  -8.78314e-05  0.00101007
485.939  413.721  0.000715674  0.000238498  0.00121658
458.918  416.391  0.00126052  0.00040679  0.00170406
457.083  414.805  0.000834984  0.000520963  0.00208027
425.523  369.463  0.00294876  0.000580412  0.000583859
416.717  435.916  0.00364547  -0.00160951  0.00142215
127.721  390.424  0.00568868  0.000291094  0.000698344
130.74  380.327  0.00418499  0.000900591  0.00099291
139.375  376.759  0.00210358  0.000638453  0.000628759
132.486  370.608  0.00339983  0.000818295  0.000784959
141.387  370.165  0.00170393  0.000454561  0.000421351
121.207  399.438  0.00347346  0.000315424  0.000687668
147.535  366.162  0.00413702  -0.000243657  0.000508857
147.475  355.639  0.00367022  0.000182119  0.000770417
119.248  400.956  0.0027284  0.0001901  0.000457575
118.529  407.424  0.00194809  0.000444724  0.000496313
427.574  359.93  0.000939375  -0.000146947  0.000422108
425.79  370.187  0.000837611  -8.35349e-05  0.000268294
434.641  379.07  0.00161186  -3.31617e-05  0.000225923
450.344  357.036  0.00140164  -7.89688e-05  0.000910992
458.692  348.828  0.00120719  -0.000791827  0.00229467
452.63  379.361  0.00079608  4.41844e-05  0.00033166
463.278  375.528  0.000516496  -7.92635e-05  0.000440351
468.901  362.19  0.000581993  -0.000354673  0.0010498
540.513  349.511  0.00137716  0.000317527  0.00082132
539.746  359.847  0.00149984  0.000305546  0.000490713
539.209  373.601  0.00177337  0.000334015  0.000306901
526.125  377.2  0.000701515  0.000145449  0.000254953
460.091  345.066  0.00193906  -0.00155937  0.0038462
459.874  313.479  0.00298295  -0.00141735  0.00268736
545.988  275.881  0.000874663  -0.000479929  0.000778324
649.78  260.834  0.000290087  0.00026306  0.000550658
312.738  528.723  0.000386007  -0.000104256  0.000293286
484.217  249.034  0.000404546  0.000100359  0.000272308
463.5  247.993  0.000679131  -0.000116639  0.000225724
180.593  319.97  0.00256389  0.00155789  0.00154477
188.234  321.702  0.00204066  0.000426946  0.000856229
177.031  316.39  0.000737618  1.29687e-05  0.000519594
173.388  298.82  0.000722228  6.54294e-05  0.00104181
182.964  319.967  0.00116997  0.000165441  0.000672903
365.272  316.408  0.00139911  -0.000666059  0.000594676
177.004  262.285  0.00195262  0.00116981  0.00388104
171.066  260.718  0.00122429  0.000767052  0.00254634
522.117  256.059  0.000927757  -0.000382329  0.000376341
105.92  240.757  0.000247402  4.76087e-05  0.000565917
117.956  235.936  0.000384785  0.000170311  0.000349217
117.111  228.983  0.000283656  0.000133273  0.000268298
124.976  236.92  0.00036503  0.000158472  0.000380209
226.67  224.478  0.000244511  0.000171246  0.000613509
216.616  241.654  0.000397229  0.000436091  0.00181188
217.747  234.986  0.000378162  0.000294073  0.00107
220.696  227.641  0.000350629  0.000217869  0.000695739
233.687  211.987  0.000247202  0.00013091  0.000367773
454.694  280.832  0.000656998  0.000249843  0.000307673
544.103  256.752  0.000830537  -0.00076016  0.00278525
554.757  260.047  0.00174211  -0.000640801  0.000821545
531.954  258.268  0.00055324  -0.000282784  0.000369172
532.49  259.951  0.00037207  -0.000384039  0.00147204
543.429  276.03  0.000472835  -0.000143852  0.000598241
570.959  249.639  0.00301875  -0.00126661  0.00111463
553.539  221.202  0.00294581  -0.00147379  0.00209502
553.04  225.374  0.00244707  -0.00153526  0.00301303
517.443  181.56  0.00054865  -0.000268674  0.000366396
133.891  212.369  0.000609302  -0.000528157  0.000940464
120.816  203.945  0.000942426  -0.000639354  0.000847396
320.776  286.969  0.00353312  -0.000299835  0.000469327
323.528  279.084  0.00360296  -0.000853868  0.000855647
321.321  281.266  0.00273423  -0.000663201  0.000626626
476.123  200.195  0.00397148  -0.00199674  0.00205784
471.056  196.65  0.00295465  -0.00176057  0.00184995
465.492  207.926  0.00136789  -0.000574913  0.000577939
463.393  215.428  0.0010594  -0.000376503  0.000367867
453.871  213.666  0.000682175  -0.00027828  0.000278442
463.977  208.526  0.00183978  -0.00133623  0.00161049
462.171  213.777  0.00131601  -0.0008007  0.000949334
460.865  222.275  0.000979911  -0.000465711  0.000536382
455.137  222.288  0.000744206  -0.000369031  0.000427405
458.466  234.32  0.00147901  0.000660477  0.000645639
485.042  205.452  0.00301974  -0.00212803  0.00305969
480.643  219.833  0.00108015  -0.000246579  0.000836662
488.344  227.3  0.0008285  -0.000373985  0.000734335
492.267  246.885  0.000426569  -0.000158185  0.00036087
458.764  234.412  0.00149261  0.000552716  0.000758898
474.436  221.455  0.00145828  -0.000438122  0.00137503
488.887  227.092  0.00148868  -0.0012825  0.00194474
357.348  116.596  0.00133508  -3.97754e-06  0.000214434
353.483  215.675  0.00380952  0.000614888  0.000627278
358.346  198.21  0.002796  0.000823652  0.0018299
363.369  205.241  0.00154723  0.000433646  0.000931187
361.754  219.317  0.00149838  0.000296029  0.000445988
546.154  181.651  0.00121299  7.84647e-05  0.000325303
543.3  169.771  0.00152739  0.000368617  0.000566227
545.342  156.889  0.00189013  0.000939823  0.000981433
555.787  182.432  0.000738643  7.28063e-05  0.000212617
515.818  203.682  0.00108314  -0.000341194  0.000485874
527.614  222.643  0.0022214  9.26967e-05  0.000453346
513.741  224.906  0.000890546  -2.87234e-05  0.0002269
519.333  201.153  0.00131127  -0.000161666  0.00105653
510.284  224.592  0.000543529  0.000121157  0.000422308
509.783  236.219  0.00038301  7.96587e-05  0.000298064
481.246  209.781  0.00123148  -0.00104876  0.00143524
482.423  218.239  0.000757608  -0.000591183  0.000872956
527.2  205.96  0.00295503  -0.0012034  0.00139714
533.184  213.686  0.00421127  -0.000756875  0.00139134
517.617  199.737  0.00180297  -0.000911441  0.000963364
549.059  183.048  0.00216246  -0.0013631  0.00164304
584.428  148.13  0.000353054  0.000119323  0.00026017
514.929  143.403  0.00406583  0.00201858  0.00194809
518.61  110.753  0.00121035  0.000271081  0.000351614
480.218  219.586  0.00295516  -0.00118943  0.002012
319.551  190.589  0.000391218  2.38255e-05  0.000655091
323.886  200.58  0.000268072  2.1105e-05  0.00043541
328.823  208.996  0.000197989  1.33319e-05  0.000327938
436.452  173.884  0.00156121  0.000481688  0.000376803
425.308  128.51  0.00439836  -0.00159714  0.0013324
210.935  112.453  0.00175768  -0.000604415  0.00243187
210.546  117.447  0.00159193  -0.000283141  0.00149014
209.289  126.402  0.00148323  -3.55031e-05  0.000772957
230.99  222.4  0.000324402  0.000309478  0.00100345
222.773  111.726  0.00171644  -0.00161464  0.00448328
449.628  103.843  0.00209089  1.58863e-05  0.00179757
453.442  78.0724  0.00203146  0.000248539  0.000393298
440.743  104.737  0.00103894  -0.000225083  0.00224562
158.199  139.814  0.000253393  -7.85894e-05  0.000192663
109.845  127.409  0.000355206  0.000170676  0.000539805
114.422  79.225  0.000850664  0.000424155  0.00397282
458.362  105.677  0.00083755  -0.000810211  0.00213841
454.942  87.225  0.000504447  -0.000403022  0.000727214
424.938  129.007  0.00303009  -0.000589551  0.000676582
166.666  57.4081  0.000958801  -0.00106892  0.00347951
179.183  53.5353  0.000439119  -0.000177377  0.00200547
375.127  124.222  0.000922208  0.000417649  0.000404921
420.411  121.894  0.000288954  -0.000138535  0.000381031
81.145  142.205  0.00108584  0.000599625  0.000667077
258.489  84.9412  0.00103393  -0.00084047  0.0042988
430.825  127.53  0.00540498  -0.00152949  0.00137976
113.386  62.1626  0.00180127  -0.00155967  0.00404862
253.433  599.909  0.000648817  0.000321951  0.00240359
268.945  593.899  0.000628768  0.000560479  0.00192824
247.739  540.421  0.000697488  -0.00010394  0.000150445
247.2  528.58  0.000494555  -2.96371e-05  0.000134766
230.117  557.941  0.000970372  -0.000806156  0.00107316
244.391  532.356  0.000762736  -0.000127301  0.000172039
454.672  540.092  0.000120443  -6.04236e-05  0.000182787
335.822  560.918  0.000811157  -0.000134784  0.000362282
281.461  584.491  0.000524883  -0.000666193  0.00259866
279.798  590.501  0.000375193  -0.000163834  0.00196516
487.323  593.712  0.000328609  -0.000320665  0.00149863
454.644  545.048  0.000349752  0.00033585  0.00163891
516.484  518.445  0.00165354  -0.000230606  0.000836711
517.832  509.276  0.00121126  -0.000190079  0.000530411
556.256  484.395  0.000172125  1.78278e-05  0.00025024
517.645  484.933  0.000791391  -0.00015395  0.000230495
504.721  473.445  0.000320163  -3.49574e-05  0.000134173
227.786  503.306  0.000100264  7.40621e-06  8.49505e-05
348.55  557.056  0.000469962  0.000256299  0.00137275
427.751  473.183  0.000262383  -4.31601e-05  0.000118928
329.587  511.763  0.000345474  -0.000155404  0.000297685
646.649  454.643  0.00219516  2.6747e-06  0.000248222
642.101  447.614  0.00145048  7.6487e-06  0.000189908
640.865  477.383  0.000690114  0.000285755  0.000672551
627.178  446.444  0.000269267  9.30739e-05  0.000176925
204.782  578.162  0.000542129  0.000186824  0.000707188
189.819  526.917  0.000603707  -6.93421e-05  0.000114631
486.294  413.837  0.000329439  0.000298359  0.00137989
307.456  521.226  0.000345623  -9.37498e-05  0.000205646
440.162  416.185  0.00035289  0.000322096  0.00212803
449.383  392.102  0.000738251  -0.000496572  0.000849376
450.692  415.341  0.000257724  0.000240309  0.00198126
704.715  301.62  0.000453102  -0.000101704  0.000118559
712.937  493.767  0.00109199  -0.000400383  0.000421829
460.994  413.587  0.000591634  0.000351518  0.0019918
460.107  391.101  0.000655384  -0.000280581  0.000561583
710.026  299.885  0.000317579  -8.18093e-05  0.000100419
102.066  276.638  0.000682821  0.000305674  0.000282789
535.36  391.976  0.0016266  -0.000320442  0.000273162
520.581  356.227  0.000212203  0.000149281  0.000989949
195.271  329.709  0.000392737  8.8804e-05  8.92565e-05
65.3443  366.612  0.000316253  3.62312e-06  0.00014685
534.63  269.829  0.0019499  -0.000611973  0.000710056
546.191  239.387  0.000674399  5.23677e-05  0.00022518
175.992  371.84  0.000414335  6.12288e-06  0.000135191
139.233  222.913  0.000523204  6.9513e-05  0.000253906
131.881  217.021  0.000355835  4.58496e-05  0.000208698
122.451  207.799  0.000235118  2.94468e-05  0.000159313
155.615  214.395  0.00140274  0.000219611  0.000249073
141.734  237.725  0.000679389  0.000122325  0.000579587
535.543  265.56  0.00110404  -4.11724e-05  0.00029037
501.889  258.234  0.000311427  -1.85032e-05  8.14972e-05
541.272  228.568  0.000501465  -5.20768e-05  0.000234304
540.149  210.633  0.00033962  -2.86877e-05  0.000156966
454.754  397.217  0.00117768  -0.000535071  0.000978077
356.393  316.272  0.00205324  4.80585e-05  0.000231805
303.81  255.342  0.00147637  -0.000567192  0.00046665
287.018  273.166  0.000505445  -8.56308e-05  0.000127723
282.871  292.915  0.000417831  -1.16509e-05  8.81302e-05
210.817  215.286  0.0021024  -0.000174741  0.000356182
210.499  226.789  0.00179652  -8.99224e-05  0.000582352
219.04  244.19  0.000502496  0.000548205  0.00234809
219.753  234.447  0.000458761  0.000272797  0.00101711
223.462  224.255  0.000400979  0.000174371  0.000571998
235.669  208.439  0.000268405  0.00010249  0.000312477
250.62  191.746  0.000178554  6.54861e-05  0.000194539
130.51  246.251  0.000937858  -2.15211e-05  0.00133226
92.2546  187.405  0.000786524  -0.000470509  0.000987577
157.799  184.504  0.00173392  0.000297006  0.000575918
107.013  180.939  0.000150253  -2.62346e-06  0.000507289
152.757  188.683  0.00192437  0.000221856  0.000691152
141.018  220.677  0.000540944  -0.000356396  0.00120328
133.804  212.57  0.000682251  -0.000117316  0.000914699
179.697  215.831  0.000171881  -0.000101075  0.000360249
233.683  204.449  0.00164989  -0.000168869  0.000301231
227.318  188.793  0.00136467  -0.000255464  0.000217773
205.822  234.857  0.000477345  0.000106654  0.000129303
536.182  227.149  0.00268843  -0.000473933  0.000635006
559.258  306.131  0.000431839  -6.90745e-05  9.53847e-05
703.372  252.47  0.000610446  -6.29823e-05  7.93649e-05
112.421  157.986  0.000136574  4.2225e-05  0.000142933
255.76  117.973  0.000844653  -0.000579536  0.00222803
267.355  119.292  0.000544203  -0.000650685  0.00261456
273.648  132.149  0.000368345  -0.000248936  0.000955492
512.529  111.884  0.000797217  -0.0002178  0.000248708
295.473  143.299  0.00139417  0.000208337  0.000250235
410.19  103.852  0.000711417  -0.000359003  0.000744025
406.081  155.251  0.000219627  7.28223e-07  0.000136166
425.515  140.325  0.000247634  -0.00011653  0.000251913
422.206  183.246  0.000121772  -1.69054e-05  9.00084e-05
368.599  68.355  0.000736099  -0.000592487  0.000863654
368.043  78.2492  0.000532787  -0.000301992  0.000487722
85.8896  130.531  0.00120866  0.000717674  0.00105373
99.2419  137.662  0.000399588  0.000277331  0.000420207
238.927  77.4679  0.000597527  -0.000346574  0.00264924
291.941  172.614  0.00067822  0.000113205  0.000118058
