1.0
762
883.269  650.442  0.00369318  -0.000602294  0.00519978
883.655  647.371  0.00304045  -0.000612518  0.00348724
203.95  647.714  0.00454991  -0.000888414  0.00308102
205.338  647.558  0.00355414  -0.00113294  0.0026842
212.103  641.578  0.0016038  -0.000177229  0.00122292
829.754  634.784  0.000742509  -0.000506575  0.00217403
897.517  647.573  0.000871589  -0.000361623  0.0061541
886.323  640.783  0.001744  -0.000635498  0.00261717
233.938  620.44  0.0013952  -0.000567728  0.00116805
240.309  613.634  0.00087843  -7.8069e-05  0.000724436
673.554  617.425  0.00181383  0.00132187  0.0128322
579.833  614.148  0.00160004  -0.00139422  0.00469007
322.327  588.133  0.0029911  0.00139513  0.00117705
321.671  581.171  0.00186814  0.000805528  0.000765262
312.847  615.867  0.00458494  0.000595234  0.00347594
319.999  583.769  0.000896304  0.000322974  0.00062214
165.075  587.702  0.00376651  0.000219977  0.000652178
264.011  611.827  0.00193375  -0.000847432  0.00274073
248.822  608.666  0.000908668  -0.00105264  0.00335579
248.15  576.018  0.000578984  -0.000103134  0.000344738
328.099  599.208  0.00767971  -0.00191709  0.00266388
114.836  616.795  0.00381826  -0.000199856  0.00387085
115.588  633.287  0.00350142  -6.36899e-05  0.000833371
645.542  565.953  0.00186822  -0.00043421  0.000539219
763.899  592.453  0.00184094  0.00145793  0.00413083
764.426  573.606  0.000663599  0.000516  0.00102842
757.399  592.859  0.00109511  0.000627321  0.00696849
789.642  614.826  0.00164625  0.000978574  0.00318084
698.765  572.282  0.000356176  0.000107673  0.00151001
662.205  585.93  0.00417835  0.00423639  0.0100515
687.917  580.433  0.000676967  0.000802898  0.00396925
701.011  574.144  0.000461166  0.00052231  0.00220893
713.445  564.211  0.00039705  0.000415374  0.00121244
660.735  573.514  0.00202262  0.00045809  0.00148595
656.719  586.741  0.00176303  0.000699703  0.00710498
77.5573  563.913  0.0021028  0.000626511  0.00101636
77.6155  543.69  0.00173451  0.000186317  0.000341803
797.607  622.011  0.000666007  0.000287272  0.00122021
108.375  643.051  0.00351957  0.000187864  0.000484538
114.32  611.118  0.00219814  -0.000339556  0.01065
693.643  579.035  0.00388927  0.000456993  0.00619782
692.596  574.607  0.00516045  0.000834568  0.00334631
658  591.045  0.00370248  0.00414039  0.00903451
658.773  573.594  0.00186643  0.0007845  0.00117952
829.901  542.066  0.000329162  0.000121211  0.000631682
891.443  576.721  0.0067106  0.000335161  0.00285359
281.819  577.565  0.00580293  -9.69094e-05  0.00135242
890.397  545.966  0.00455335  0.00261022  0.00468656
476.844  648.958  0.000516474  -0.000525821  0.00223704
351.69  572.177  0.00904294  -0.00610709  0.00676095
334.09  495.128  0.00155628  -0.000413938  0.000428379
322.631  570.421  0.000688023  0.000116394  0.00308073
322.934  551.607  0.00128503  -0.000410994  0.00426002
326.856  548.083  0.00106392  3.33501e-05  0.00264197
332.352  540.417  0.000990694  0.000424219  0.00152879
295.229  540.523  0.00815437  -0.00280986  0.00320111
289.503  528.596  0.00493701  -0.00153349  0.00136411
345.023  564.427  0.00711334  0.0014441  0.00324425
317.765  570.928  0.000698574  0.000674477  0.00289259
641.827  518.016  0.00179269  -0.000111986  0.000818329
633.379  586.223  0.00273347  0.000125334  0.000540232
603.286  571.893  0.000367429  -0.000134798  0.000868743
642.633  579.217  0.00236074  0.000216814  0.000931583
359.927  563.546  0.00458302  -0.00246792  0.00439449
365.048  565.311  0.00915772  -0.00566126  0.0058209
338.226  537.703  0.00349989  0.000162856  0.00537281
334.557  532.295  0.00450877  -0.000758077  0.00262444
333.564  527.369  0.00422112  -0.000874402  0.00172584
220.152  550.791  0.00178496  -1.65542e-05  0.0109787
625.136  482.167  0.00114265  0.000143092  0.000361426
606.969  487.92  0.00145056  -0.000643202  0.000690553
514.077  521.711  0.00470934  -0.000311027  0.00158735
511.133  526.029  0.00309861  -0.000374293  0.00253384
511.195  519.243  0.00318087  -0.000238397  0.00132078
508.022  517.559  0.0022183  -0.000196671  0.00118813
493.134  517.305  0.000706365  -0.000171314  0.00133257
392.126  535.639  0.00674502  -0.00328187  0.00396067
408.67  543.526  0.00188451  -0.00186334  0.00343951
814.485  489.103  0.00132249  0.000305488  0.000631617
642.528  553.159  0.00263044  0.000290269  0.000546055
360.882  514.582  0.00707489  -0.00311439  0.00477943
87.7264  543.539  0.00819963  -0.00100255  0.00168753
79.1583  540.165  0.00784341  0.000287469  0.00153787
78.463  551.443  0.00603531  0.000555408  0.000771528
478.602  505.573  0.000899621  0.000610476  0.00148522
570.11  500.266  0.00252172  0.000554828  0.00172057
569.146  521.37  0.00318503  -0.00100416  0.00355619
331.74  505.304  0.00063329  -0.000181651  0.000454618
540.406  491.481  0.00341823  -0.00319281  0.0101742
534.993  486.821  0.00222324  -0.00182547  0.0053143
530.785  477.999  0.00105237  -0.000656277  0.00194767
614.696  530.262  0.0054067  -0.00203198  0.00177425
616.307  538.813  0.00441746  -0.00129795  0.00101822
537.736  529.581  0.00581638  -0.00034555  0.000805845
539.186  536.669  0.00425659  -0.00024901  0.000586484
268.228  488.776  0.00195442  -0.00104698  0.00463652
283.556  491.324  0.00462344  0.000904795  0.00329918
79.5643  539.343  0.00733795  0.000534025  0.000989099
468.312  513.974  0.00178569  -0.000351024  0.00185546
473.087  513.976  0.00128262  -0.000158458  0.00143096
269.478  472.144  0.00149831  -0.000653605  0.00150771
165.731  519.185  0.00174756  0.000497639  0.000500835
282.907  486.113  0.00805024  0.00201184  0.00304733
312.892  481.793  0.000804182  0.000181725  0.00288636
143.766  443.835  0.00530728  -0.000211884  0.000637363
644.708  450.463  0.00171389  -0.000859313  0.00162432
639.684  446.974  0.00123908  -0.000664979  0.00134607
637.58  453.51  0.0010496  -0.000914926  0.00252145
632.517  434.897  0.000921753  -0.00041935  0.000705459
945.664  421.275  0.00152011  8.67136e-06  0.000460522
687.51  453.73  0.00721868  0.00381598  0.0042525
70.9378  460.519  0.00370721  0.00172671  0.001998
420.301  400.709  0.0013733  -0.000308541  0.0004345
433.449  446.312  0.00789716  -0.00096641  0.00145083
26.4535  461.724  0.00521862  0.00290941  0.00532928
194.787  494.249  0.00193552  -0.000118116  0.000682224
203.282  512.974  0.000933634  -0.000213434  0.000404651
207.396  404.565  0.000797746  0.000200329  0.000505262
322.722  417.711  0.00536728  -0.00281545  0.00254253
178.721  445.281  0.006441  0.000544794  0.00272451
520.002  370.296  0.00162136  0.00027139  0.000387731
340.193  478.977  0.00169529  -0.000273699  0.000371181
185.464  416.345  0.00284237  0.00149436  0.00664831
190.028  413.292  0.00187377  0.000999615  0.0044842
924.746  437.403  0.00852849  -0.000623258  0.0016876
923.41  441.515  0.00663356  -0.000408597  0.0011387
269.152  414.875  0.00576945  0.00235352  0.00222099
269.846  424.981  0.00396976  0.00103637  0.000902734
274.615  421.733  0.00265196  0.000893969  0.000819374
276.602  408.527  0.00357556  0.00204811  0.0020089
286.84  405.693  0.00180668  0.00109597  0.0010806
757.38  394.728  0.00785484  0.000522797  0.000994353
753.605  399.375  0.0044269  0.000138821  0.00143362
748.777  382.448  0.00203929  9.03847e-05  0.000512263
368.79  399.216  0.0104728  0.00227291  0.00278244
367.991  393.683  0.00626149  0.000949182  0.00173599
354.137  365.426  0.00169938  -0.0005613  0.000615882
941.174  411.377  0.00315805  0.00215828  0.00292803
75.793  409.173  0.00304673  -0.000505537  0.00287261
73.6578  397.568  0.00393906  -0.000184482  0.00101854
83.851  395.556  0.00134603  -0.000139741  0.000788752
75.3503  393.781  0.0031397  -0.000140499  0.000774239
837.399  418.941  0.00152372  0.00115455  0.00465428
905.333  377.36  0.00146395  0.000675203  0.00135203
64.7476  401.737  0.00182501  0.000398442  0.000569433
301.065  387.442  0.00356605  0.000252935  0.000677724
293.444  382.763  0.00338582  4.03872e-05  0.00161186
310.698  388.577  0.00103806  -2.35674e-05  0.000476033
492.534  402.863  0.00764364  -0.000337028  0.00262866
501.081  373.979  0.00340519  -0.00149376  0.00324354
507.528  342.479  0.000571484  3.9691e-05  0.00050793
499.596  348.289  0.00072244  -0.000177554  0.000670664
526.377  348.872  0.00146314  0.000983108  0.00118985
503.234  367.69  0.005844  -0.000731055  0.00116014
516.083  377.424  0.00200858  -0.000811048  0.000919957
914.522  371.565  0.00779427  -0.00317331  0.00288115
912.645  374.428  0.00529447  -0.00168835  0.00168163
916.775  380.624  0.00762641  -0.00112088  0.00164927
905.739  366.41  0.003699  -0.00172723  0.00149778
912.628  380.502  0.0045368  -0.000818201  0.00107039
911.484  387.865  0.00385417  -0.00026391  0.00065511
897.568  373.885  0.00152103  -0.000479169  0.000479648
515.121  406.909  0.00379295  0.00241458  0.00288493
541.593  427.418  0.00130982  -0.000665665  0.000842344
535.061  438.717  0.000634463  -0.000174573  0.000423201
541.488  410.938  0.0099204  -0.00273798  0.00249828
542.88  408.639  0.0115667  -0.00495456  0.00417171
542.754  427.308  0.00524344  -0.000661409  0.000759168
543.918  421.46  0.00563837  -0.00131679  0.00124893
268.354  437.323  0.00251177  0.000420988  0.000479616
273.191  429.072  0.00184927  0.000531704  0.000574438
565.957  392.852  0.00471113  -0.00186849  0.00226861
568.163  399.75  0.00450331  -0.0015994  0.0014751
94.5436  369.377  0.00286341  -0.00132698  0.0056042
96.1028  378.317  0.00337618  -0.000231783  0.00191987
95.8064  385.712  0.0034694  2.67815e-05  0.00104093
579.145  343.328  0.000962996  -7.58679e-05  0.000742596
87.6491  370.712  0.00299251  3.4583e-05  0.0038005
80.5588  380.218  0.00193391  0.000361681  0.00135475
450.438  362.888  0.00512801  0.00174391  0.00282165
461.675  356.65  0.00238422  0.00132773  0.00170591
435.587  339.271  0.00325302  0.00137233  0.0012658
626.036  333.568  0.00552918  0.00229537  0.00185332
629.97  335.738  0.00286779  0.000988855  0.00120476
756.992  369.579  0.00578679  -0.00167772  0.00462049
754.831  369.415  0.00842082  -0.00162692  0.00286209
726.97  368.002  0.00269351  -0.000714708  0.000944982
732.448  371.02  0.00508851  -0.000941086  0.000956253
727.841  376.129  0.00262428  -0.000538655  0.000601188
509.822  325.918  0.00778086  -0.00370146  0.00373915
505.057  347.47  0.00372898  0.00069553  0.000950512
505.709  353.698  0.00527484  0.00152524  0.00116007
596.452  310.796  0.00126515  7.44357e-05  0.000739761
89.5279  345.389  0.00401789  -0.00260874  0.00695995
77.3205  328.993  0.000417579  -0.000217695  0.00148334
15.6371  310.019  0.00607146  0.00151657  0.00156115
18.6244  305.137  0.00447027  0.00141936  0.00138348
32.4115  334.668  0.000994358  0.000424854  0.00387997
98.4167  344.878  0.00184436  -0.000867717  0.00404185
94.6068  349.513  0.00141278  -6.77753e-06  0.00232441
781.614  355.256  0.00153722  3.1311e-05  0.00148352
778.607  374.955  0.000592681  1.15032e-05  0.000571645
98.0671  311.373  0.00232462  -0.00105312  0.0024224
92.958  302.411  0.00138481  -0.000563477  0.00132136
85.0128  298.064  0.000939274  -0.000583417  0.0012796
101.247  342.904  0.00361478  -0.00158994  0.00621529
145.851  328.824  0.000779662  -0.000593811  0.00130973
119.121  315.425  0.004842  -6.49651e-05  0.00137857
111.815  310.807  0.00253498  -0.000188959  0.00128386
941.584  291.567  0.00123427  0.000221752  0.000531309
885.503  355.274  0.000871917  0.000179394  0.000495434
820.32  317.429  0.00137394  -0.00154765  0.00324857
807.984  302.615  0.00111499  0.000338093  0.00682556
121.234  303.6  0.00714037  -0.00454251  0.00548508
146.593  271.723  0.00425878  -0.00182922  0.00189655
143.601  265.587  0.00314476  -0.00139398  0.00143914
182.918  314.501  0.00787906  -0.000623671  0.00204188
186.922  349.363  0.00177964  -0.000328752  0.000436271
491.697  280.398  0.00190722  0.000505876  0.00226499
478.735  288.211  0.00196664  0.0013165  0.00437719
369.343  305.044  0.0129871  -0.00016721  0.00187091
372.488  314.621  0.0066447  -8.13209e-05  0.000878826
396.596  323.051  0.000645031  -3.42001e-05  0.000572902
888.625  309.444  0.00796979  -0.00039319  0.00155123
545.075  274.958  0.00936255  -0.00237252  0.00270861
355.512  265.323  0.0052872  -0.000395872  0.00231263
358.472  261.752  0.00334274  -0.00025772  0.00160031
912.466  264.627  0.00548567  0.00132946  0.0016945
907.307  232.424  0.00150717  -0.000118712  0.000360413
820.888  251.377  0.00151692  -0.00107364  0.00153989
19.5214  299.86  0.00634376  0.00175681  0.00330446
76.3836  288.305  0.000495026  -0.000244195  0.0014856
81.535  283.026  0.000363177  2.65074e-05  0.0015062
774.315  281.809  0.00176857  4.47048e-05  0.00287106
770.168  286.052  0.00125836  0.000610044  0.00411482
761.861  280.212  0.000783019  0.000145892  0.001723
760.083  285.309  0.000717167  0.000443567  0.00268873
723.157  295.157  0.000865622  0.000380355  0.000744635
725.996  275.68  0.00130922  0.00156546  0.00381381
254.576  300.239  0.00756091  -0.000800609  0.000957181
951.394  274.478  0.0067483  -0.000608666  0.00191308
940.706  258.258  0.00368143  -0.00138215  0.00111217
343.985  278.328  0.00992459  0.000743581  0.00219407
341.836  281.126  0.00747665  0.000732897  0.00153514
333.146  285.622  0.0027878  0.000165273  0.000646033
810.988  245.353  0.00250703  0.000923955  0.00122636
805.098  242.849  0.00224387  0.00016491  0.000799315
800.896  230.147  0.00170279  -0.000190451  0.000464366
800.968  222.136  0.00132548  -0.000156323  0.000357832
155.534  276.535  0.0102927  -0.00016795  0.00141403
162.261  296.164  0.00905634  -0.00521513  0.0051985
161.382  284.397  0.00582969  -0.00128387  0.00147906
160.978  276.302  0.00573322  -0.000583058  0.000842505
351.457  249.389  0.00617765  -0.00366788  0.00407448
351.688  242.901  0.00363953  -0.00148725  0.00190953
340.912  207.972  0.000902702  -0.000298316  0.000422193
712.945  248.603  0.00478274  -0.00393102  0.00707189
714.661  243.361  0.00285366  -0.00116256  0.0029254
711.061  239.539  0.00211707  -0.00111976  0.00245175
702.096  234.045  0.00164349  -0.00142465  0.00251088
889.63  231.479  0.00223708  -0.00189369  0.00271824
891.626  237.96  0.00155546  -0.00104154  0.00236786
876.784  227.675  0.00104274  -0.000825223  0.0013668
712.346  241.111  0.00346869  -0.000843346  0.000987813
710.348  246.777  0.00261098  -0.000307882  0.000675234
707.967  253.06  0.00213016  -1.24452e-05  0.000500996
330.533  265.018  0.00930616  0.0052827  0.00550313
334.344  271.327  0.00598617  0.000873576  0.00170628
323.844  304.347  0.00131095  0.000275487  0.000434807
796.55  246.901  0.00245132  -0.000188966  0.00178005
487.399  225.395  0.000657126  0.000203593  0.00204226
464.609  220.025  0.00379312  -0.000640121  0.00111125
473.734  215.617  0.00133017  -0.000148461  0.000836802
464.08  228.574  0.00290999  -9.50513e-05  0.00194662
457.728  228.73  0.00759654  -0.000785015  0.00188665
471.597  221.641  0.00128035  1.23848e-05  0.00117907
855.441  255.956  0.00232268  -0.00155871  0.00392639
77.6178  247.109  0.00175844  0.000351275  0.00375374
71.409  255.272  0.00145634  0.000550102  0.00169978
968.215  232.861  0.0074226  -0.00430918  0.00469836
969.046  237.261  0.00633376  -0.00268506  0.00285666
962.39  249.813  0.00228698  -0.000633551  0.000641156
52.7667  265.837  0.00518507  -0.000282684  0.000837805
45.5215  263.535  0.00591201  0.00254681  0.00252662
52.7529  262.508  0.00552386  3.55913e-05  0.0015909
601.713  247.443  0.00569771  0.00222305  0.00358331
590.043  236.264  0.00181249  -9.32882e-05  0.000812426
324.165  213.922  0.00467411  -0.00124018  0.00101048
860.413  215.131  0.00572524  -0.00150511  0.00264681
886.614  220.141  0.000666487  -0.00058339  0.00241862
696.958  223.147  0.00549624  0.000512374  0.00231577
782.592  210.926  0.0036092  0.00206883  0.00198199
783.516  205.985  0.00265601  0.00147653  0.00146199
810.386  222.004  0.0063987  -0.00133583  0.00255326
816.56  219.995  0.00302441  -0.00014524  0.00137958
463.468  238.444  0.00905484  -0.00244709  0.00218305
463.591  233.187  0.00726632  -0.00249405  0.00351112
65.9827  214.327  0.00331334  -0.000564414  0.002101
96.98  235.08  0.00479311  0.00133172  0.00382171
81.053  262.038  0.00137321  0.000901668  0.00118694
67.1429  215.32  0.00165401  -0.000811315  0.00374
115.691  167.476  0.00166633  0.000761657  0.00083158
106.012  221.74  0.00500497  0.00408117  0.00817242
916.086  218.249  0.011443  -0.00277146  0.00240058
914.504  207.851  0.0132213  7.02397e-05  0.00150059
923.186  200.232  0.00400092  4.30671e-05  0.000445612
863.092  210.581  0.00492094  0.000444807  0.000805628
874.188  198.87  0.00215971  0.000621606  0.000561014
451.599  250.859  0.00418767  -0.000535589  0.000597928
458.235  232.767  0.00190937  -0.00101745  0.00274075
465.961  231.992  0.00131992  -0.00142232  0.0041895
470.538  261.849  0.000823008  -0.000209142  0.000449089
472.998  238.662  0.000846476  -0.000822278  0.00239991
475.002  251.174  0.000659097  -0.000329987  0.000878319
655.608  201.318  0.00463508  -0.000254932  0.00138197
653.468  204.036  0.00374206  -1.60301e-05  0.0010227
650.404  211.513  0.00308364  0.000324007  0.000677494
647.53  191.364  0.00219114  -0.000922036  0.00126313
895.345  191.484  0.00065924  7.78952e-05  0.00042807
885.159  175.73  0.00192087  0.000982243  0.000964135
902.811  191.149  0.000491609  4.37026e-05  0.000324614
71.4184  223.446  0.000350262  5.38054e-05  0.000500936
65.9783  254.181  0.000921304  -0.00105749  0.00227441
930.493  207.652  0.00173865  -0.000200364  0.00343972
942.013  204.214  0.000714926  -9.78759e-05  0.00576818
452.731  239.884  0.00312208  -0.000288818  0.000775563
459.291  237.095  0.00153029  -0.000157507  0.000924831
466.769  236.942  0.000864747  -0.00010133  0.00094365
825.398  193.998  0.00142338  -1.45929e-05  0.00249006
822.437  197.564  0.00158648  -0.000596322  0.00389485
821.867  190.939  0.00101965  -0.000137814  0.00202958
811.184  182.771  0.000517284  -0.000234466  0.0013472
815.628  218.467  0.00289334  -0.00323665  0.0121995
826.406  231.615  0.000731132  -0.000698213  0.00287837
803.739  157.191  0.00300176  -2.74029e-05  0.000339718
796.434  154.25  0.00144568  -8.0529e-05  0.000336085
828.072  200.446  0.0036094  -0.00210658  0.00390202
853.157  210.604  0.00985626  0.00189241  0.00271819
841.731  234.979  0.00341346  0.0015167  0.00124665
855.478  217.56  0.00698325  -0.000134978  0.00140282
858.036  216.463  0.00997687  -0.00140501  0.00157456
827.441  226.591  0.00309091  -0.00266049  0.00369406
787.243  191.852  0.00318949  -0.00222775  0.00578197
789.551  196.964  0.00325304  -0.000173682  0.00454287
783.561  208.91  0.00369936  0.00250083  0.00342469
769.04  213.852  0.00137302  0.000845638  0.00132436
798.164  181.084  0.00363015  -0.000426507  0.00191
672.879  219.205  0.00583851  -0.000295301  0.00179568
675.759  221.415  0.00466103  -0.000971598  0.00178311
219.037  209.122  0.00124206  -0.000594397  0.000976527
915.217  215.277  0.0064358  0.00126346  0.00175634
930.358  202.424  0.00140381  0.000248391  0.00802231
939.8  200.299  0.000793062  0.000482564  0.00200962
944.689  204.254  0.000571532  0.000324671  0.00130816
830.498  209.199  0.00689655  -0.00189669  0.00260831
836.487  207.263  0.00679063  -0.00544182  0.00692066
841.801  236.454  0.00170444  -0.0004495  0.00062118
843.992  219.546  0.00289722  -0.00214421  0.0027365
850.921  228.161  0.00195594  -0.0015393  0.00195913
925.778  182.722  0.00151416  0.000881715  0.00879725
933.55  160.659  0.000982058  0.00058818  0.00112993
63.2886  174.414  0.0045431  0.000334974  0.004368
727.518  218.252  0.00204933  -0.000628081  0.00158749
886.506  193.11  0.00116324  -0.000378255  0.00512046
788.099  208.439  0.00529264  -0.00331176  0.00341824
943.165  204.979  0.00171098  0.0020601  0.00488822
768.5  198.467  0.0037557  -0.00186017  0.00240558
774.522  223.644  0.00257637  -0.000694078  0.000558624
779.484  208.866  0.00174554  -0.00112449  0.00160558
701.684  200.169  0.00466037  -0.00340404  0.00436453
374.516  180.33  0.00450505  -0.000726039  0.0013714
382.96  186.68  0.00236775  -0.00052952  0.000702411
819.19  195.229  0.00111342  -0.000485842  0.00148907
829.599  201.972  0.00244342  -0.00061664  0.00108888
825.433  207.861  0.00148341  -0.000382463  0.000700313
974.128  197.726  0.00434211  0.000820133  0.00240771
848.542  166.3  0.00260261  -0.00136764  0.00461878
744.101  135.341  0.00499682  -0.00254473  0.00307922
744.83  140.231  0.00398204  -0.00222936  0.0043365
732.711  125.021  0.002155  -0.00110614  0.00140899
452.482  168.863  0.000659681  0.000272379  0.00219026
379.06  184.165  0.00104543  0.00112924  0.0024538
61.7811  192.427  0.0094518  -0.00206049  0.00242259
67.0237  205.956  0.00521874  -0.00103121  0.000944244
78.0649  219.173  0.00176252  -0.000399392  0.000507776
442.161  165.374  0.00368598  -0.000964771  0.00301577
729.894  131.671  0.0106353  -0.0026211  0.00238978
731.032  115.489  0.00371474  -0.000389503  0.000801139
309.989  105.469  0.00234404  0.000116057  0.000487019
296.596  115.982  0.00308992  -0.00172534  0.00173915
978.191  173.357  0.00474002  -0.000425561  0.000804407
926.738  151.372  0.00329741  -0.00100408  0.00305756
924.286  177.885  0.000641761  -0.000140935  0.000633496
939.048  176.361  0.00143924  -0.000856042  0.00103999
748.596  123.9  0.00210418  -0.00148099  0.00275293
744.519  130.331  0.0013027  -0.000675713  0.00121878
736.452  126.132  0.000923018  -0.000658379  0.00122517
733.11  115.13  0.00121387  -0.00131288  0.00319621
742.303  128.909  0.00148107  4.51038e-05  0.00164439
748.575  132.766  0.00286763  0.000902346  0.00206777
765.374  95.2178  0.00366665  -0.000171992  0.0010433
695.689  126.539  0.00280029  -0.00207142  0.00470628
691.224  126.274  0.00188873  -0.00161469  0.0040072
703.73  143.223  0.00339601  -0.0013826  0.00138338
686.095  142.042  0.000801456  -0.000468064  0.000869232
686.449  148.469  0.00070825  -0.000374818  0.000619557
702.272  148.473  0.00184055  0.000272614  0.000832439
704.321  163.763  0.00109668  0.000187238  0.000415806
714.093  154.329  0.00321302  -0.000727703  0.000708495
909.943  115.627  0.000698217  0.000375522  0.00160303
285.552  107.019  0.0066602  0.000558096  0.000926216
305.224  103.638  0.0012592  0.000270953  0.000268822
128.77  89.8526  0.00685398  -0.0040692  0.00526973
222.69  89.0171  0.00835628  -0.00232507  0.00243851
223.154  83.8394  0.00655614  -0.000688639  0.00173589
225.963  79.6349  0.00463959  6.29014e-05  0.00114252
149.218  103.535  0.00700606  0.000808879  0.00109317
337.998  140.469  0.00217969  -0.000947244  0.000813537
961.352  57.6596  0.00383532  0.00035722  0.000971882
356.202  97.2094  0.000335832  -1.6393e-05  0.000357481
114.975  79.9791  0.00701958  0.00177015  0.00173153
118.048  69.9324  0.00749839  0.00393959  0.00366675
340.269  63.5893  0.00351262  0.000270552  0.00123935
315.308  65.3972  0.000830436  -0.00103098  0.00403088
328.095  76.3491  0.00151217  0.000156277  0.00218717
137.191  64.0822  0.00221588  -0.00081142  0.00709974
108.059  62.8855  0.000509531  -0.00040136  0.00203083
128.151  75.3038  0.00175844  0.00104758  0.00249734
114.142  73.3513  0.000667641  0.00016476  0.00138024
120.396  81.5871  0.00143226  0.00100091  0.00176031
723.861  98.4183  0.00269265  0.000282938  0.000605694
732.077  101.209  0.00119751  0.000111765  0.000520026
101.818  57.0571  0.0061458  -0.00168175  0.00166616
100.295  69.7988  0.00444088  -0.000147563  0.000696598
279.588  44.8552  0.00752331  0.00325892  0.0033098
503.737  92.4481  0.00487031  -0.000604192  0.00185056
109.829  82.3599  0.00449706  0.00191678  0.00273616
119.296  78.3413  0.00824405  -0.00156615  0.0026781
332.186  76.8382  0.00128251  -0.00130523  0.00235962
529.427  73.3232  0.0122837  -0.00244352  0.00250974
817.597  101.477  0.00284024  -0.000651147  0.0011311
407.781  74.9821  0.0098905  -0.00324724  0.00319933
322.915  40.8973  0.002568  0.000734619  0.00262538
99.5789  51.4935  0.00574416  -0.00131548  0.00327094
299.227  45.8827  0.00318445  -0.00169763  0.00369109
275.188  82.8162  0.00232663  0.00153804  0.00262496
280.301  94.28  0.000976235  0.000207007  0.000950339
290.844  96.2447  0.0010575  -0.000279269  0.00085591
297.057  93.6714  0.00165126  -0.000813929  0.00120626
320.809  66.0661  0.0018057  -0.00100572  0.00154158
328.474  58.1022  0.000812761  -0.000128944  0.00100553
360.122  50.0406  0.00403941  -0.00027429  0.0014763
49.1773  74.5021  0.002469  0.000371953  0.0010754
654.435  49.2245  0.00298303  -0.0020977  0.00262686
669.577  101.111  0.00214523  0.000158428  0.000376142
190.421  62.1343  0.00539261  0.000251594  0.00147488
103.627  75.9389  0.00521373  8.70381e-05  0.000700297
105.406  67.7753  0.0061991  -0.000624993  0.0011776
103.12  85.7943  0.00400242  0.000217768  0.000466119
110.052  65.1204  0.00733204  -0.00284805  0.00239137
108.878  79.8415  0.00194424  -0.00065403  0.000788155
107.233  93.5434  0.00107879  -0.000221264  0.000412816
102.268  106.438  0.000733751  -2.24552e-05  0.00025863
876.903  46.1341  0.00241054  -0.000397367  0.00457298
877.588  40.6683  0.00243814  -9.70914e-05  0.00226597
281.797  29.558  0.00217193  -0.000343751  0.00354235
259.634  47.4151  0.00306472  -0.00200311  0.00372479
263.469  63.3036  0.00106485  -0.000685933  0.00130062
480.117  49.0433  0.00346407  0.00102831  0.00269464
480.699  53.3516  0.00249412  0.000759341  0.00189188
497.494  49.0935  0.00110827  -0.000803903  0.00374529
488.692  43.2133  0.00118558  -0.00109412  0.00652114
487.187  35.53  0.00832314  -0.00446507  0.00446038
388.32  46.3543  0.0070048  -0.00308238  0.00253462
736.547  41.8566  0.00183503  0.00106965  0.00196063
744.929  40.8772  0.00186265  0.000202727  0.00146042
740.65  46.8817  0.00128762  0.000339986  0.00112945
746.511  58.724  0.000876745  -7.03145e-05  0.000587991
755.995  52.2234  0.00184554  -0.000677339  0.000920172
452.211  52.7651  0.00181504  -0.0012772  0.00173556
456.169  60.9705  0.00127185  -0.000820278  0.00112194
457.215  82.2742  0.000759496  -0.000241918  0.000357269
267.856  667.541  0.000849565  -0.000700877  0.00219665
612.933  568.488  0.000209168  -2.83067e-05  0.000279181
580.305  566.683  0.0009142  -0.000200504  0.000280938
651.813  633.113  0.000225265  -0.000165048  0.000669014
590.714  581.987  0.000709549  -0.000310971  0.00029546
940.111  562.657  0.00199951  -0.000107941  0.000563812
937.669  578.303  0.00166206  -0.000366277  0.00175478
714.27  548.32  0.000483591  2.1614e-06  0.000266998
699.188  546.442  0.0012389  2.87472e-05  0.000257811
700.271  582.891  0.00104284  -0.000137544  0.0048529
718.789  565.669  0.000381287  -1.68367e-05  0.000838843
719.889  556.241  0.000368197  -4.79631e-06  0.000489502
695.088  537.774  0.00181794  5.42182e-05  0.000238433
673.121  582.217  0.00113667  -0.000217732  0.0050862
733.534  554.074  0.000241913  0.000309244  0.00091833
661.44  564.978  0.0018625  0.000236199  0.000793351
721.265  567.595  0.000351017  0.000149526  0.00189522
709.549  531.473  0.000641286  3.94352e-05  0.000239691
693.114  561.639  0.00423149  0.00107544  0.00121504
723.452  564.219  0.00130994  -0.000110748  0.000759022
717.897  550.641  0.00208481  -0.000101472  0.000385413
725.365  530.15  0.00103647  -4.92994e-05  0.000178987
718.272  569.637  0.00215067  -0.00024124  0.00163002
727.7  567.097  0.00096709  -0.000158824  0.00120804
716.804  537.33  0.00223562  -9.98647e-05  0.000270465
714.598  552.162  0.00355878  0.000340725  0.000855977
745.601  551.984  0.00306403  7.60507e-05  0.0014285
748.58  556.937  0.00127134  -0.000145331  0.00228763
747.192  547.456  0.00133118  -0.000130646  0.00100984
745.704  539.583  0.0031799  0.000116362  0.000496437
316.571  592.931  0.00164475  0.000119919  0.000431728
326.526  570.108  0.000848435  0.000252884  0.00174637
327.632  559.892  0.000885573  0.00082934  0.00633251
330.315  575.288  0.000660915  0.000162926  0.00108867
274.826  578.551  0.00188259  7.1449e-05  0.00119335
280.333  581.737  0.00359013  0.000140978  0.000949159
241.035  595.673  0.000274112  9.503e-06  0.000426614
570.052  569.009  0.00121389  0.000223745  0.000402662
534.327  597.818  0.00037377  0.000363217  0.000775681
295.998  596.796  0.00117381  0.000803228  0.000889378
321.343  562.328  0.00100558  0.00120455  0.00519326
404.883  536.876  0.000456007  9.40847e-05  0.00130528
408.774  530.34  0.000473191  0.000256423  0.0010252
403.388  523.106  0.000889088  0.000752387  0.00136519
420.491  535.774  0.000256483  7.25902e-05  0.000737055
232.447  507.007  0.000422972  -0.000175577  0.000357074
582.813  571.286  0.000958061  7.71633e-05  0.000650184
644.579  577.783  0.00234139  6.03259e-05  0.000506949
613.737  570.276  0.000516091  -3.35029e-05  0.000696671
635.315  588.887  0.00259225  -2.45412e-06  0.00030121
638.478  505.56  0.000960609  -1.88749e-05  0.000747556
630.464  583.376  0.000762772  4.59637e-05  0.000379866
916.328  485.529  0.00309249  0.000431062  0.000549189
926.081  457.25  0.00121432  0.000242549  0.000268395
933.047  435.066  0.000743216  0.000158997  0.00017186
358.855  527.709  0.00608587  -0.00173185  0.00135237
562.953  466.865  0.00210369  -0.000510862  0.0016431
575.31  444.795  0.000477332  -4.4642e-05  0.000522244
575.159  435.745  0.000385507  -6.01921e-05  0.000371176
198.386  420.186  0.000653111  -0.000284123  0.000663786
475.887  576.614  0.000228596  0.000109469  0.000239503
127.681  517.853  0.00130335  -0.000361294  0.000298565
377.451  397.234  0.00241892  -0.0018856  0.00286372
376.609  403.759  0.00164164  -0.00183855  0.00491541
302.761  349.121  0.00057916  0.000102714  0.000171669
293.983  412.128  0.00106539  0.000513173  0.00138891
286.19  410.237  0.00172525  0.000351096  0.000962133
248.85  418.519  0.00303299  -0.00085845  0.00108989
284.919  391.19  0.000246726  5.11298e-05  0.000367974
370.238  406.7  0.00609884  0.000182592  0.000746656
292.02  429.581  0.00158137  -0.000824286  0.000743859
295.361  445.176  0.000963115  -0.0004363  0.000412551
507.991  316.351  0.000918903  0.000817799  0.00266329
510.602  309.667  0.000699746  0.000444679  0.00148321
496.86  289.859  0.00126738  4.37351e-05  0.00035579
124.222  292.564  0.000394563  -0.000282139  0.000524552
337.959  257.835  0.000722235  -0.000148579  0.000207735
114.241  312.076  0.0022042  0.00111346  0.0030867
109.66  304.746  0.00411609  0.00101521  0.00141375
340.347  285.441  0.00379594  0.000813788  0.000725332
353.046  283.76  0.00142224  0.000239453  0.000267119
279.356  276.607  0.000942045  -0.000280576  0.00038776
286.372  294.79  0.00117408  1.77273e-05  0.000384197
270.722  300.842  0.000788509  -0.000218786  0.000884349
271.243  306.362  0.00067382  -0.000211948  0.000679707
280.303  304.698  0.00127571  -0.000548048  0.000840301
260.986  317.376  0.000323086  -6.85181e-05  0.000426635
256.774  291.324  0.0004621  0.000426603  0.00179478
291.115  292.814  0.0034524  -0.000512174  0.000918975
246.043  330.244  0.000187243  3.14961e-05  0.000249966
288.103  284.624  0.00335087  -0.00126443  0.00104481
69.3371  181.772  0.00123678  -0.000180801  0.000179213
400.26  240.041  0.000278859  -3.96767e-05  0.00203572
179.128  237.701  0.00013167  -8.23735e-05  0.000488259
349.38  237.71  0.00363332  -0.000217795  0.000736294
349.583  223.985  0.00241945  -0.00022298  0.000418071
846.693  212.644  0.000892892  -0.000632854  0.00248549
856.255  199.233  0.0012964  -0.000993242  0.00122779
866.652  201.424  0.000722388  -0.000614817  0.00096562
434.339  239.596  0.00223164  -0.000558476  0.00120289
440.829  254.45  0.0036016  -0.000661783  0.000586001
392.055  247.606  0.00021599  -0.000113572  0.000453198
387.006  229.131  0.000232242  -0.000271727  0.00133382
390.149  240.958  0.000204008  5.58647e-05  0.000933139
406.208  264.014  0.000304993  -2.26548e-05  0.00028055
230.433  200.408  0.00083676  -6.72297e-05  0.000344933
815.864  188.522  0.0012727  -0.000364786  0.000631198
804.385  183.762  0.00368924  -0.000653436  0.000645071
821.896  167.148  0.000696298  -0.000161379  0.000233327
515.769  183.119  0.000442227  -0.00045016  0.00235497
807.238  209.091  0.00217339  -0.00103335  0.000914076
794.525  202.846  0.00106914  -0.000663567  0.000741599
80.1882  269.837  0.00104802  1.47362e-05  0.000260287
930.433  235.096  0.00299132  0.00145776  0.0012557
938.884  228.633  0.00273493  0.000671703  0.000965418
953.251  252.748  0.00185826  -0.000458927  0.00040307
953.992  261.383  0.00146364  -0.000361371  0.000317502
73.4426  250.43  0.00126359  0.000263554  0.00030307
578.926  196.164  0.00269204  -0.0012888  0.00222843
591.285  208.745  0.0011521  -0.000676414  0.00122274
803.607  201.374  0.00606702  -0.00137115  0.00115982
810.628  199.301  0.00290426  -0.00144479  0.00189845
823.259  204.929  0.00176948  -0.00160722  0.00239516
827.972  236.648  0.000917455  -0.000320876  0.000368811
441.932  142.704  0.00234146  -0.000903626  0.00240904
435.398  115.778  0.00124855  -0.000178566  0.00043239
424.17  120.842  0.000663727  -0.00026145  0.000697782
424.203  139.229  0.00100179  -0.00123292  0.00340877
324.991  124.984  0.00237181  0.000409364  0.000682135
302.288  130.389  0.000528511  0.000224448  0.000622027
297.263  147.181  0.000565636  0.000591464  0.00190491
283.57  138.882  0.000291817  0.000236487  0.00074055
333.563  137.451  0.000767359  0.00057242  0.00207005
665.314  149.215  0.00236909  0.000190761  0.000533743
679.547  142.104  0.00215269  0.000336575  0.000927
674.21  168.448  0.000886157  -0.000255638  0.000296172
510.472  118.905  0.0038229  -0.000240681  0.000679822
880.643  174.167  0.000314062  7.23032e-05  0.000195951
121.477  96.1788  0.0020823  -0.0013371  0.00183232
113.658  84.5545  0.00285813  -0.0011594  0.00111627
114.772  76.6315  0.00203146  -0.000770466  0.000682495
233.061  107.137  0.000747725  -0.000578721  0.00382512
239.57  155.181  0.000754497  -0.000103625  0.000215218
262.603  129.753  0.00275975  -0.000530923  0.000789471
225.666  76.4801  0.00312159  0.000180961  0.00140025
240.364  71.2657  0.000853087  0.000113639  0.00104112
243.35  74.9225  0.000560193  0.000201725  0.00142706
210.396  82.8017  0.00049056  -0.00012451  0.00245498
793.527  78.8786  0.00147798  -0.000636982  0.00121341
691.909  150.834  0.000371224  -0.000406364  0.000870783
214.206  72.5973  0.000935291  -0.00098068  0.00298013
360.411  84.8254  0.000409196  -0.000165433  0.00100014
278.725  65.7903  0.000333118  -0.000334464  0.000919676
116.015  30.2897  0.000970059  -0.00102801  0.00610598
115.935  44.2174  0.000757634  -0.000289902  0.00124302
105.241  49.6834  0.000417027  -0.00017045  0.000758972
96.3257  72.4511  0.000251038  -7.27697e-05  0.000251808
211.638  74.2737  0.000331952  -0.000309345  0.000643886
112.296  64.4046  0.00194379  0.000237417  0.000414966
120.817  37.3845  0.00135512  -0.000174605  0.00252557
118.057  73.8909  0.00105672  0.000119741  0.000286921
665.555  49.6483  0.00585587  0.000913645  0.00094459
671.561  100.393  0.000992892  -0.000271995  0.000364043
289.167  51.741  0.00447998  0.0030262  0.00329744
654.801  566.409  0.0010694  -5.82055e-05  0.000266644
668.544  561.764  0.000464092  -1.91447e-05  0.000230146
616.188  572.331  0.00195329  2.99971e-05  0.000477216
685.788  567.93  9.88226e-05  2.25312e-05  0.000454474
923.05  588.87  0.000852855  -0.000127094  0.00154182
687.308  563.626  0.00141776  -6.01339e-05  0.000717121
650.6  561.992  0.00145923  -0.000116377  0.000379958
652.117  584.394  0.00106867  3.97592e-05  0.00142844
631.554  580.152  0.000341386  -1.82342e-05  0.00109748
643.937  551.111  0.00264212  -0.000116387  0.000340431
683.914  541.602  0.000914562  0.000108393  0.000305436
716.784  552.591  0.00279209  -0.00014939  0.000560797
729.666  554.865  0.000917402  -0.000130996  0.000540495
716.419  542.737  0.0028794  -0.000102185  0.000352723
499.476  596.571  0.000171998  -5.08772e-05  0.000146755
499.617  581.365  0.000161127  1.56289e-05  0.000316093
862.487  549.691  0.000397827  0.000507955  0.00147621
849.198  504.22  9.34127e-05  -4.38049e-06  0.000131128
716.105  540.04  0.00330705  0.000537133  0.000487902
571.33  607.505  0.00141295  -0.000156446  0.00020949
470.289  577.116  0.000245011  3.3978e-05  0.000232524
537.55  545.83  0.00132656  -0.000617373  0.0013649
736.796  551.363  0.00195995  0.000124602  0.000721026
725.295  557.352  0.000809775  0.000145961  0.000955281
718.982  567.13  0.00059294  0.00029412  0.00200229
706.233  567.765  0.000345068  0.000259515  0.00177998
333.308  500.909  0.000609792  -0.000369578  0.00131402
572.08  566.641  0.000845208  0.000180913  0.000369012
535.97  598.771  0.000356239  0.000382803  0.000779196
737.076  465.623  0.000507772  0.000335341  0.00054011
500.679  515.462  0.00119144  -0.00023179  0.00117317
498.314  509.498  0.00104253  -0.000180554  0.000789933
456.37  463.745  0.000188487  -3.30641e-05  0.000147285
120.556  536.64  0.00277828  -0.000728488  0.000588714
738.659  546.824  0.00109169  0.000348484  0.000411002
738.058  564.613  0.000645447  0.00014262  0.000208893
744.646  469.898  0.00133586  0.000665813  0.000948924
598.692  431.098  0.000452526  -0.000139305  0.000259955
583.604  404.567  0.000908792  -8.39727e-06  0.00016555
602.895  441.032  0.000454683  -0.000380897  0.000906915
596.338  429.367  0.000477825  -0.000202988  0.000544519
585.465  424.142  0.000756755  -0.000166382  0.000541205
579.497  398.962  0.00121338  4.19698e-05  0.000228424
272.897  396.999  0.000499898  0.000121029  0.00038218
250.455  413.158  0.00177887  -0.000546045  0.000670463
283.304  368.041  0.000241011  6.734e-05  0.000190603
351.476  442.466  0.000990787  -0.000205041  0.000280631
789.818  420.833  0.00040281  -4.15827e-05  0.00138655
55.1488  435.853  0.00117724  0.000361739  0.000870185
880.039  388.797  0.000415647  0.000280573  0.0028197
866.813  391.031  0.000473939  -0.000215204  0.00335848
879.645  374.659  0.0001596  7.33333e-05  0.00109192
919.639  428.125  0.00120688  -0.000165417  0.000870521
89.2373  342.834  0.000809131  0.000253077  0.000400597
73.0184  348.85  0.000821161  -0.000131149  0.000429708
77.8158  340.618  0.000624229  -7.74936e-07  0.000320751
398.869  412.4  0.000560543  0.000254986  0.00047563
400.63  424.416  0.000850796  0.000663191  0.000990336
70.2237  382.079  0.00103054  -0.000623003  0.00121918
97.951  355.964  0.00032916  8.05188e-05  0.000287881
70.912  383.095  0.000941898  -0.000763585  0.00114457
85.7735  352.501  0.000342276  2.63233e-05  0.000270391
104.471  339.119  0.000227002  5.23772e-05  0.000162599
67.0476  355.858  0.000970044  -0.000746086  0.00159072
60.3107  346.693  0.00120201  0.000250204  0.00104811
74.145  337.033  0.000719125  0.000248564  0.000550607
115.98  334.579  0.000289314  0.000100269  0.000284326
66.4602  334.027  0.00130877  0.000530568  0.00094739
112.398  322.474  0.000237268  6.42546e-05  0.000196915
505.346  336.797  0.000531716  -0.000356196  0.00225762
501.707  332.19  0.000477698  -0.000280609  0.00151224
497.692  324.725  0.000444284  -0.000222716  0.000905309
482.836  313.349  0.000281388  -0.000136326  0.000511414
484.212  329.878  0.000244942  -0.000189455  0.00137224
740.762  381.143  0.000195301  0.000237662  0.000573996
594.867  268.59  0.00116339  0.000449763  0.000823984
615.63  252.403  0.000529673  0.000377702  0.000654921
604.844  237.876  0.000545366  0.000129564  0.000254775
585.475  242.793  0.00169941  4.0398e-05  0.000206091
532.861  274.485  0.00160849  -0.00116769  0.00150143
218.828  260.513  0.00111087  -0.000136266  0.000476547
272.982  258.423  0.0001368  -6.55509e-05  0.000238116
283.881  245.547  0.000103299  -4.03861e-05  0.00014628
229.969  227.775  0.000543649  -3.99052e-05  0.000134682
232.215  320.818  0.000151589  6.48873e-05  0.000362501
303.455  217.956  0.000268818  0.000113134  0.000467232
781.297  305.391  0.000595216  -5.77738e-05  0.000290257
806.848  356.766  0.000187484  -5.99429e-05  0.000120395
825.302  275.543  0.000921316  -0.000546602  0.000912789
921.374  316.485  0.000781683  -0.000220443  0.000170368
195.48  187.153  0.0025992  -0.000560321  0.000588132
758.059  205.745  0.00130089  0.00014572  0.000503914
771.353  190.64  0.00102184  -0.000566647  0.00161601
767.088  218.231  0.000608837  1.38192e-05  0.00033326
803.365  240.731  0.000176486  -8.20373e-05  0.000250748
731.147  196.741  0.000426161  -5.29506e-05  0.000144784
843.563  196.009  0.000167103  5.5009e-05  0.000165964
900.364  132.549  0.00114768  -0.000234939  0.000776777
907.472  141.348  0.00127761  -0.000462034  0.000615517
915.178  164.137  0.000911037  -0.000388309  0.000365779
724.782  108.195  0.00114237  -0.000444493  0.000755583
695.349  163.351  0.000486708  -0.000337673  0.000485284
694.071  178.668  0.000314254  -0.000213277  0.00028876
117.361  91.8152  0.00123144  -0.000534008  0.00126378
111.523  81.3239  0.00175872  -0.000187396  0.000766604
684.615  88.7384  0.00177757  0.00123043  0.001592
708.844  90.4139  0.00109664  -0.000340132  0.000875583
720.137  97.1881  0.00128691  -0.000785814  0.000990018
264.326  66.9151  0.000673971  -0.0003216  0.00112669
278.27  72.2012  0.000626094  -0.000598613  0.0012912
290.899  58.822  0.000192577  -6.48386e-05  0.00127721
438.753  35.9391  0.00049892  0.000184779  0.000953538
431.946  37.2485  0.0012742  -0.000822908  0.00149842
442.403  57.2044  0.000976978  -0.000659573  0.000783408
114.263  88.8636  0.00114757  0.000151904  0.000182781
116.052  111.066  0.000780805  0.00010718  0.000111094
