1.0
1265
602.349  617.787  0.00298681  0.00336904  0.010362
394.169  596.524  0.00148134  0.000503736  0.00120387
138.998  615.594  0.00263022  -0.0010089  0.0089963
133.339  615.25  0.00158943  -0.000363952  0.0068611
127.751  614.388  0.00109714  -0.000181635  0.00513954
143.285  605.413  0.00544019  -0.00413654  0.00561172
143.386  612.451  0.00260036  -0.00134033  0.00639262
127.248  612.275  0.000763744  -7.62033e-05  0.00372695
137.752  614.76  0.00136087  -0.000163543  0.00691263
128.743  589.654  0.000552937  -0.000387368  0.000954248
107.294  583.86  0.00135091  -0.00146832  0.00535666
115.985  579.305  0.000562468  -0.00062614  0.00278532
333.128  555.581  0.00172072  -0.00102221  0.00117712
428.281  592.766  0.000610274  0.000119092  0.00176339
82.2886  560.213  0.00149254  -0.0015838  0.00291582
96.0368  559.986  0.000579718  -0.00065682  0.00187162
433.347  599.78  0.00276348  0.000846851  0.00395331
470.517  603.481  0.00838141  0.00252664  0.0023875
409.8  598.799  0.00344972  0.000320338  0.00282439
419.299  599.304  0.00129524  6.01677e-05  0.00273839
401.591  598.667  0.00341683  0.000779341  0.00294631
402.433  605.231  0.00491705  0.00121139  0.00174347
410.538  597.339  0.00323187  0.000163776  0.00187829
402.543  595.457  0.00229348  0.000415729  0.00245981
387.633  602.099  0.000763868  4.99114e-05  0.00616221
385.964  598.504  0.000661479  7.24766e-05  0.00357104
397.029  584.711  0.00157088  -0.000648638  0.0083553
392.621  584.916  0.00113443  -0.000615785  0.00718981
401.513  596.182  0.00314095  0.000572319  0.00204366
435.754  601.082  0.00212266  0.000183282  0.00156296
439.943  603.113  0.00140201  2.80694e-05  0.00139814
400.481  593.992  0.00183931  7.79832e-05  0.00233972
106.949  580.276  0.00198527  -0.0017986  0.00715964
100.431  581.345  0.00200278  -0.00211202  0.00674873
108.047  582.02  0.00109963  -0.00119426  0.0054704
273.144  550.679  0.00150564  -0.0011371  0.00307348
102.522  576.717  0.00173257  -0.00156434  0.00466492
93.2495  578.931  0.00346154  -0.00345026  0.00711736
97.9296  574.964  0.00139382  -0.0013311  0.00807811
257.622  538.548  0.00703313  0.00100712  0.00100907
258.194  559.47  0.00352787  0.000596977  0.00181373
261.772  545.239  0.00311173  0.000958326  0.0057776
260.29  558.854  0.0027538  0.000578307  0.00131742
90.8961  559.9  0.000584729  -0.000383681  0.00145153
231.397  544.214  0.00303102  -0.00103178  0.0080183
246.185  531.606  0.00207115  0.00229214  0.00465518
206.311  560.307  0.00186948  -0.000373955  0.00327955
202.709  576.083  0.000752483  0.000156901  0.00106544
563.306  534.7  0.0052903  -0.000176341  0.00120509
576.498  524.926  0.00612111  -0.000243358  0.00124393
575.82  533.159  0.00510145  0.000818316  0.00215834
572.095  529.562  0.00332702  0.000379991  0.00123879
537.101  558.349  0.00270628  0.0021467  0.00313732
129.584  558.541  0.00270565  -0.00342923  0.0125122
35.2823  561.972  0.00123385  -0.000102192  0.00141814
40.6264  580.631  0.000972172  -9.98369e-05  0.000448144
281.472  559.263  0.00091764  -0.000503982  0.00332595
288.256  564.182  0.00103501  -0.000777253  0.00235128
280.688  551.598  0.00255917  -0.00112698  0.0100614
275.313  552.09  0.00152715  -0.000144353  0.00957281
287.595  555.569  0.00370349  -0.00281133  0.00658408
277.49  556.732  0.00123951  -0.000577746  0.00465759
78.4783  553.053  0.00117841  -0.000823429  0.00310127
226.679  548.186  0.00303991  -0.00152152  0.00854751
221.575  554.059  0.00216089  0.000515794  0.00260919
238.125  549.548  0.00121792  -0.00130373  0.0031648
241.639  533.086  0.000760389  0.000155033  0.00111306
247.705  528.359  0.000643535  0.000232172  0.000852111
254.922  522.248  0.000558028  0.000276532  0.000671921
332.653  550.914  0.00136206  -0.00076332  0.000870734
271.598  542.047  0.00147947  -0.000709039  0.0104335
219.275  504.614  0.00107368  -0.000259831  0.00375377
225.297  502.378  0.000678085  -4.919e-05  0.0030585
554.344  525.351  0.00698436  2.09763e-05  0.00224898
556.577  528.738  0.00473687  1.1632e-05  0.00162083
557.507  535.541  0.0040726  2.21068e-05  0.000947787
561.432  540.004  0.00246129  9.50014e-06  0.000714941
207.63  505.716  0.000822127  -0.000155653  0.0051654
564.547  535.722  0.00554092  -0.0012779  0.00230304
567.223  546.371  0.00602636  -0.00129422  0.00112883
561.195  546.364  0.00258067  -0.000541719  0.000610989
613.433  547.258  0.000656561  -0.000115004  0.000485248
610.493  550.711  0.00073207  0.000122899  0.000407677
412.317  495.627  0.00165933  0.000709482  0.00141891
404.738  511.392  0.00148372  0.000915721  0.00720743
399.472  511.152  0.00098209  0.000689088  0.00652201
428.106  492.861  0.00177007  0.000724687  0.0012598
420.575  510.687  0.00129309  0.000910232  0.00731166
429.072  504.917  0.000839115  0.000520935  0.00326899
432.416  497.422  0.000835271  0.000441309  0.0016195
432.37  488.398  0.00110724  0.000529596  0.000974325
482.738  493.195  0.00133058  0.000718996  0.00152001
288.087  498.383  0.000587439  -0.000409011  0.00252778
418.597  485.891  0.00210124  0.000817198  0.00135745
455.485  493.51  0.000331324  0.000105522  0.00193554
435.849  499.694  0.000635358  0.000238274  0.00413543
435.095  492.71  0.000801707  0.000337539  0.00194523
435.324  485.807  0.000970311  0.000421492  0.00120363
530.587  501.306  0.0018281  0.000913947  0.00643805
528.624  496.892  0.00293191  0.00155286  0.00396353
528.836  494.637  0.00537673  0.00285975  0.00393049
410.659  495.01  0.000635871  0.000280849  0.00185902
687.047  518.596  0.00027978  0.000203638  0.00200668
469.052  494.671  0.000745586  0.000834351  0.00278176
488.91  493.364  0.000617367  0.000362469  0.00195034
544.5  535.793  0.00276554  -0.000696535  0.00190642
553.397  529.103  0.00399764  0.00020774  0.00157132
575.301  544.113  0.00277487  -0.000546738  0.000678962
568.245  546.608  0.00132405  -0.000266986  0.000550069
620.851  549.153  0.00101995  -0.000177788  0.000449984
230.151  506.261  0.00235646  -0.00177018  0.010003
234.503  504.649  0.00135059  -0.000856952  0.00738784
227.252  499.104  0.00149118  -0.00132866  0.00414126
219.92  492.9  0.00159182  -0.00154855  0.00305365
218.172  489.252  0.0013304  -0.00130489  0.00244032
225.099  495.581  0.0013499  -0.000894465  0.0052166
236.003  493.03  0.000585732  -0.000170121  0.00381546
217.86  494.91  0.0024409  -0.00213766  0.00572868
221.679  491.525  0.00124231  -0.00100028  0.00353995
207.236  476.886  0.00113477  -0.00110482  0.00187283
628.288  510.892  0.00334869  0.0028964  0.00578174
606.744  513.153  0.000897471  0.000710746  0.0014895
607.284  493.165  0.00258139  -0.000232856  0.00369324
630.37  502.895  0.00298852  0.0017498  0.00809294
605.875  504.53  0.000730679  0.000695964  0.00250175
635.703  496.856  0.00435751  -0.000346615  0.00477344
604.427  505.593  0.00191811  0.000365936  0.00111541
62.5103  507.876  0.000672543  -0.000534387  0.00315961
45.0167  541.665  0.00335356  -0.000581365  0.000591828
63.9261  535.422  0.00110397  -0.000960486  0.00174933
62.7863  529.464  0.000754159  -0.000392702  0.00116965
432.939  507.054  0.000345039  0.000234179  0.000842061
451.065  511.142  0.0011087  0.00102806  0.00165472
463.679  508.8  0.00216538  0.000872307  0.00106887
503.277  494.757  0.00384809  0.000584922  0.00522838
503.88  498.242  0.00293089  0.000577686  0.0033964
503.006  503.376  0.00249401  0.000673457  0.00208411
198.892  470.732  0.00225976  -0.00147686  0.00419247
201.56  469.038  0.0015371  -0.00093644  0.00332711
217.365  450.106  0.000318361  4.18669e-06  0.00114789
456.953  500.31  0.000421326  0.00018207  0.00138091
446.106  503.294  0.000306207  0.000135985  0.000989568
481.953  490.95  0.00157293  0.000804092  0.00219581
468.643  448.198  0.000531717  0.000436751  0.00138855
445.386  500.089  0.00525991  0.000643969  0.00283012
445.061  505.238  0.00400495  0.000701611  0.00185778
409.561  510.167  0.00222453  0.000905037  0.00105423
447.061  496.674  0.00439194  0.00184956  0.00274565
445.374  501.783  0.00418183  0.00172367  0.00195614
420.408  507.253  0.00220317  0.000875222  0.00114951
448.653  506.824  0.000357277  0.000167556  0.000843459
96.4065  478.575  0.00136731  -0.00177201  0.00613352
120.034  507.577  0.00247192  -0.00300717  0.00855704
24.0035  454.776  0.00241589  -5.5329e-06  0.0092985
32.6977  452.185  0.00259666  0.000544167  0.00219146
39.1165  489.016  0.00149136  -0.000676309  0.0028852
24.4697  476.12  0.00393328  -0.00126295  0.0025157
43.6289  439.554  0.0112449  0.00156981  0.00199647
27.9197  451.672  0.00171206  -0.000305385  0.0113995
613.297  490.877  0.00400439  0.00173755  0.00144241
615.191  478.66  0.00492012  0.0018344  0.00153782
616.076  484.84  0.00355421  0.000916927  0.00089906
620.287  487.764  0.00368494  0.000275754  0.000581898
608.951  396.224  0.000663719  -8.78859e-05  0.000314383
632.505  405.446  0.00161385  0.000670391  0.000774622
616.462  426.213  0.00368637  -0.000717213  0.0015099
618.273  422.098  0.00269128  -0.00024064  0.00113498
618.812  383.15  0.000635225  -3.75232e-05  0.000270114
605.62  428.089  0.00272224  -0.000589298  0.00081939
619.898  489.856  0.00260453  0.000757488  0.000870331
625.225  493.211  0.00240608  0.000142575  0.000568062
31.1683  463.674  0.00112933  8.35521e-05  0.000951427
29.225  426.563  0.00206029  0.000256872  0.0018516
33.7459  425.982  0.00136728  0.000165334  0.00173465
595.033  407.304  0.00181049  -0.00083919  0.000818732
30.7199  446.841  0.00194171  8.70745e-05  0.00238746
33.861  449.989  0.00106666  -5.20727e-06  0.00176907
385.924  441.388  0.00503788  0.00251382  0.00527113
629.325  406.722  0.00238261  0.00119567  0.00108581
619.662  420.338  0.00288071  0.000845075  0.00124287
594.673  497.348  0.00171363  0.000452763  0.00913061
594.091  490.69  0.0018467  0.000205215  0.00308695
591.342  476.298  0.00051189  -0.000150907  0.000830982
557.86  489.791  0.00544109  0.000277036  0.00275181
69.1925  457.923  0.00195743  -0.00160598  0.00213782
578.75  488.015  0.00060813  -0.000128049  0.00211527
552.756  483.597  0.00711724  -0.000871377  0.0015792
562.195  471.229  0.00171726  -0.0002173  0.000641617
561.584  460.074  0.00161115  -0.000197888  0.000380838
573.362  472.627  0.00107255  -0.000301898  0.000733239
362.713  386.748  0.00396774  -0.000503707  0.000656382
378.33  384.76  0.00334329  0.000764653  0.000835962
375.563  444.083  0.00221585  0.000850275  0.00139683
382.254  446.277  0.00215594  5.52435e-05  0.000932977
370.073  469.833  0.000776782  0.00022542  0.000449574
388.226  451.737  0.00244508  -0.000498321  0.000748506
370.205  436.476  0.00132456  0.000471696  0.00146922
377.453  444.316  0.00129059  -9.4057e-05  0.000776869
385.5  449.309  0.00188118  -0.000521275  0.000678112
372.341  425.872  0.00491605  0.00126152  0.00365186
378.611  430.028  0.00251862  0.000433212  0.0015798
377.797  380.413  0.00200307  0.000653037  0.00108096
394.571  354.989  0.000680088  0.000271204  0.000446104
375.964  365.148  0.0020126  0.000238126  0.00041797
372.112  387.821  0.00725624  0.00101383  0.00147574
377.992  381.479  0.00329826  0.000776267  0.00118323
615.786  426.862  0.00499532  -0.000282445  0.00205387
610.885  430.828  0.00705099  -0.00244897  0.00327496
607.98  429.168  0.00377968  -0.00042379  0.00119053
618.633  471.529  0.00531558  0.00216088  0.00193864
273.922  397.829  0.00152174  -0.000524838  0.00220791
287.511  400.951  0.00521358  -0.000793035  0.00100198
290.528  394.859  0.00276581  -0.00053563  0.000474361
40.3725  409.929  0.00173993  -6.45021e-05  0.00625502
51.4936  410.342  0.000759513  -0.00022269  0.00642239
45.4393  365.295  0.00136087  0.000386936  0.00082506
43.8665  368.63  0.0021096  0.000518417  0.00100941
41.0651  408.568  0.00169625  -0.000268107  0.00545896
49.9  409.411  0.000877235  -0.0003919  0.00544025
35.1436  414.482  0.00278765  0.000312506  0.00147519
32.1483  432.781  0.00285755  0.000412815  0.000580969
342.418  383.541  0.00167993  0.000554428  0.000557823
366.369  410.429  0.00579042  0.00227736  0.00456663
367.856  412.213  0.00454455  0.00160319  0.00321232
369.19  415.082  0.00366973  0.00106862  0.00213785
358.823  426.134  0.000851182  0.000387128  0.00134839
389.808  363.311  0.00104733  0.000770521  0.00156876
380.802  344.021  0.00128201  0.000169314  0.000369171
378.911  420.809  0.00261093  0.000476253  0.000889903
380.972  383.859  0.00127667  0.000745832  0.00231426
364.986  387.931  0.00611999  0.000679662  0.00206897
377.072  377.905  0.00153454  0.000387629  0.00119576
370.805  367.328  0.00268062  0.000179467  0.000537732
375.865  361.456  0.00161838  0.000143936  0.00043556
391.834  354.68  0.000577225  0.00013099  0.000403606
360.059  430.957  0.000688895  0.000300284  0.00172376
373.108  387.042  0.00587677  0.000881617  0.00249009
370.446  382.523  0.00964928  0.000610331  0.00146906
67.1117  420.308  0.00669002  -0.00131212  0.00167341
407.716  367.783  0.000647506  -0.000289544  0.00165969
247.003  400.305  0.00707197  -0.00237347  0.00213605
246.258  402.551  0.0040868  -0.000780864  0.00120113
254.855  400.209  0.00163397  -6.07315e-05  0.000813767
260.015  397.569  0.00112027  9.60479e-05  0.00074055
44.9412  369.161  0.00129159  0.00028093  0.00167837
41.4262  369.934  0.00266041  0.000578295  0.00189795
250.282  443.295  0.00417529  0.000538136  0.00119286
259.133  454.887  0.00229041  -0.000549128  0.000791339
259.778  460.999  0.00178751  -0.000407094  0.000614106
242.373  438.516  0.001537  0.000440364  0.0020416
239.829  438.846  0.00123598  0.000195471  0.0012915
264.727  459.701  0.00200251  -0.000691637  0.00235313
258.204  450.116  0.00184894  -0.000929617  0.00141937
248.469  444.302  0.00111897  -0.000556608  0.000874511
245.202  397.703  0.00303311  -0.00189434  0.00245781
252.181  404.569  0.00491054  -0.00194919  0.00199492
454.191  337.113  0.000710433  0.000161353  0.000370789
450.95  342.015  0.00148726  -9.59991e-05  0.000455071
433.231  414.308  0.000534505  0.000189214  0.00198842
404.581  363.851  0.000679922  -0.00031  0.000894107
394.246  359.838  0.00110027  -0.000625123  0.000916731
285.258  413.609  0.00353374  -0.000396755  0.000867682
321.377  338.209  0.00049606  0.000128866  0.000439289
342.304  385.997  0.000454819  5.32945e-05  0.000845853
364.627  424.262  0.000736664  7.16422e-05  0.00042446
418.939  358.397  0.000334306  -3.39864e-06  0.000529038
389.518  412.684  0.00311146  0.00103025  0.000808336
381.603  404.47  0.00120798  0.000213758  0.000439211
375.78  383.073  0.00218826  -0.00121443  0.00537404
397.198  391.099  0.000619134  -0.000743476  0.00332745
383.798  404.813  0.00155221  -0.000147427  0.000764901
384.397  414.024  0.00144425  -8.21717e-05  0.000464601
237.98  506.614  0.0011774  -0.00101594  0.00579531
223.002  498.091  0.00198459  -0.00200815  0.00374812
299.549  344.106  0.000827768  -0.000298418  0.000753146
300.326  348.666  0.000927933  -0.000462992  0.0011592
483.812  357.3  0.00150906  0.00127998  0.00519737
478.423  354.572  0.00311575  0.00216878  0.00421414
443.477  357.693  0.000764275  0.000152561  0.00318687
461.037  381.446  0.00144972  -0.000213308  0.00952633
460.403  394.875  0.000732547  -0.000348024  0.001815
327.922  386.329  0.000820151  0.000257562  0.00341685
236.207  419.923  0.000477374  5.06669e-05  0.00055942
298.261  341.445  0.000987681  -0.000177533  0.000808837
326.709  382.938  0.00155964  0.000712499  0.00239513
376.559  413.107  0.0004438  0.000100558  0.000540708
315.011  335.328  0.0010091  0.000276178  0.00103188
41.9026  378.747  0.00384108  -0.000996129  0.00136198
368.985  375.097  0.00108075  -0.000275834  0.00161378
386.351  380.42  0.0022248  -0.00183335  0.00238347
406.726  347.597  0.000440829  -8.09229e-05  0.000379914
433.063  367.481  0.00293037  0.00126902  0.00111192
420.748  366.856  0.00102616  0.000322576  0.000484663
431.805  366.679  0.00164037  0.000694808  0.000875396
414.139  357.196  0.000507233  3.00866e-05  0.000399707
465.778  366.939  0.0126628  0.00330642  0.00262514
453.179  302.497  0.000725254  -0.000383102  0.000663139
452.624  362.999  0.00148  -0.000545251  0.000775362
114.97  329.743  0.0024002  5.73428e-05  0.00163505
414.48  342.476  0.00201858  -0.000910058  0.00138298
361.894  347.271  0.000667972  4.79824e-05  0.00144128
355.099  343.237  0.000524368  -3.99669e-05  0.000973196
367.52  351.02  0.00119152  0.000444015  0.0020065
385.967  355.472  0.00201371  -0.000502226  0.00383535
428.088  325.292  0.00387261  -0.000705537  0.000948498
455.758  360.371  0.00249091  -0.00104611  0.0011153
435.557  334.233  0.00209926  6.13289e-05  0.0113068
424.059  327.086  0.0111999  -0.000580154  0.00139973
426.171  329.75  0.00832599  -0.000625122  0.00100321
635.693  356.073  0.000885783  -0.000516552  0.00158746
648.328  364.7  0.00169853  -0.000289726  0.000794527
657.124  354.182  0.000415915  9.56621e-05  0.0017877
628.754  351.94  0.000508926  -0.000350276  0.00205148
624.827  356.385  0.000471389  -0.000269308  0.00105183
651.208  366.31  0.00134734  -0.000218828  0.000563746
406.744  289.671  0.000412002  0.000105054  0.000470797
290.383  347.227  0.000319835  -9.14782e-05  0.00114875
264.623  305.74  0.000497771  -0.000157314  0.0033656
253.107  297.054  0.000421063  -0.000290765  0.00154262
100.543  280.411  0.00295464  -0.000355347  0.000669713
104.034  279.187  0.00197487  -0.000237174  0.000614495
104.844  272.932  0.00165071  -0.000424657  0.000537009
105.477  309.001  0.00165817  -6.49697e-05  0.00925991
478.042  327.261  0.00148369  -0.0010807  0.0043912
478.901  328.512  0.0010799  -0.000845336  0.00371089
495.413  332.438  0.00461562  -0.00304214  0.00413624
480.895  317.293  0.00388639  -0.00218268  0.00384072
463.736  303.539  0.00147241  -0.000839182  0.00126377
489.995  328.511  0.0055761  -0.0031763  0.00409832
486.745  328.815  0.00336209  -0.00184485  0.0032887
472.879  331.247  0.0117278  -0.00143881  0.00203992
481.722  341.657  0.00322436  -0.000373168  0.000831956
483.05  329.15  0.00227361  -0.000137147  0.00211087
485.562  342.102  0.00209206  -0.000222629  0.000775631
487.792  328.51  0.00143983  -1.9604e-05  0.00215036
494.807  326.671  0.000847665  8.62567e-05  0.00244915
107.644  313.908  0.00141019  0.00101454  0.00917244
125.824  328.669  0.00647015  -0.00150107  0.0015292
126.697  324.616  0.00950243  -0.00216037  0.00190757
121.654  320.231  0.0046465  -0.00136345  0.00164681
254.965  348.874  0.00304701  -0.000502362  0.000570619
252.98  429.531  0.00228526  0.000216178  0.00155104
253.155  427.342  0.00204247  2.93993e-05  0.00103285
275.957  464.145  0.000953293  4.31181e-05  0.00254684
272.397  464.378  0.00152736  0.000454423  0.00349859
259.892  462.686  0.00121069  -0.00112925  0.00461088
296.031  515.123  0.000981843  -0.000660151  0.00109337
101.904  311.739  0.00998674  -0.00254086  0.00313834
118.715  327.216  0.00166965  -0.000420933  0.000809981
96.0128  312.882  0.000786763  -4.51732e-05  0.00221091
111.595  314.559  0.00300006  -0.000261257  0.00184854
116.697  285.97  0.00213561  0.000893434  0.00274348
110.915  285.645  0.00127651  0.000637149  0.00237113
119.858  286.494  0.000727605  0.00037788  0.00294738
124.059  282.049  0.000559681  0.000241482  0.00193428
140.118  331.08  0.00046039  3.53745e-06  0.000835765
89.0021  290.514  0.000649308  0.000349171  0.00278066
111.726  301.763  0.00134126  4.39317e-05  0.00261388
97.9848  305.481  0.00054136  0.000101067  0.00198824
110.468  313.278  0.00106527  -6.42425e-05  0.000965885
330.113  318.833  0.00137991  0.00134693  0.00252334
395.135  346.377  0.0021305  0.000718478  0.00940352
399.53  347.865  0.00156891  0.000196354  0.00605045
381.075  351.751  0.00370109  0.000787391  0.00626889
371.723  376.137  0.000841957  -1.74515e-05  0.00077093
380.482  375.939  0.0015624  -0.000240098  0.000738295
395.166  315.757  0.001115  0.000746726  0.000797773
454.021  299.001  0.00240272  0.00183039  0.00432525
436.275  297.391  0.00571623  0.00184956  0.00259713
440.645  281.358  0.00269871  0.000714577  0.000807195
429.599  305.591  0.00166118  0.00117831  0.00578408
426.72  304.837  0.00258246  0.00165415  0.0026241
429.003  309.793  0.00345997  0.00147308  0.00162147
530.698  306.951  0.00232049  -0.000491338  0.00054119
95.8864  299.533  0.00892967  -0.000682336  0.00172758
98.7187  300.563  0.00533783  -0.00040259  0.0015534
100.258  291.174  0.00378562  -0.000251756  0.00442769
103.734  300.713  0.00267547  -0.00019436  0.00151045
106.863  291.611  0.00178559  -9.83179e-05  0.00410092
113.04  291.968  0.00106789  -4.45186e-05  0.00385947
119.687  300.479  0.00071678  -4.08717e-05  0.00150786
132.078  294.127  0.000371564  -2.66239e-07  0.00284253
91.5774  290.115  0.000685204  -1.17764e-05  0.00527735
109.594  290.331  0.00311772  -0.000246907  0.00497135
105.257  291.098  0.00190941  -0.000137058  0.00443902
97.3642  305.751  0.000898181  -7.53464e-05  0.00101708
109.353  309.553  0.00243884  -0.00022453  0.000797632
77.9277  300.716  0.000333647  -1.62771e-05  0.00153134
114.679  305.79  0.00147502  -0.00022989  0.00176384
138.532  322.243  0.000432741  -6.78535e-05  0.000512948
111.189  305.534  0.00318902  -0.000147638  0.00178565
104.329  308.084  0.00151838  -1.36547e-05  0.00148698
117.334  309.237  0.00796635  -0.00065077  0.00129066
99.3136  285.082  0.00404341  -0.000281992  0.00566906
107.103  285.076  0.00166394  -9.58907e-05  0.00561451
111.542  299.825  0.00125552  -9.15149e-05  0.00111647
112.484  285.115  0.00106925  -4.9733e-05  0.00554334
104.991  285.453  0.00196147  -0.000154512  0.00529296
96.3598  286.751  0.000949286  -6.37811e-05  0.00435212
110.794  302.599  0.00312938  -0.00029262  0.000938044
35.0538  306.223  0.00586508  0.000531557  0.000870978
34.9607  315.844  0.00684992  0.00184426  0.00165187
49.3849  347.207  0.00692706  -0.00281306  0.00411565
49.8678  340.752  0.00522372  -1.83601e-05  0.00282028
73.573  362.945  0.00308717  0.000356636  0.00177443
94.8485  355.678  0.000893406  0.0002807  0.000562423
511.034  284.293  0.00106614  0.000487791  0.00152329
509.734  267.289  0.00108826  -1.76738e-05  0.000274524
441.608  302.787  0.00056334  0.000588933  0.00391019
473.367  305.337  0.00314256  -0.00182535  0.00280791
467.563  312.777  0.00112603  -0.000556312  0.00136959
467.6  317.108  0.000911985  -0.000460446  0.00107249
459.445  295.748  0.00147148  -0.000748641  0.00382143
450.743  297.008  0.000750576  -0.000229885  0.00370335
473.779  313.081  0.00148081  0.000505055  0.000839062
481.235  311.113  0.000892905  0.000372454  0.000821149
447.785  307.324  0.000489433  0.000213251  0.00199449
477.242  294.368  0.00157362  0.000615698  0.0032382
446.227  296.839  0.000497591  -2.30752e-06  0.00327035
95.219  290.699  0.00889159  -0.000565268  0.00204493
100.109  284.305  0.00360628  -1.05048e-05  0.00415151
110.24  287.513  0.00130094  6.38932e-05  0.00252547
133.928  294.573  0.0003485  4.76202e-05  0.00113978
108.274  285.604  0.00202343  0.000115241  0.0032218
110.543  285.387  0.0037739  -0.000145698  0.00327941
101.777  288.04  0.00143638  2.96077e-05  0.0025385
104.505  303.174  0.00159868  -0.000104649  0.000737999
639.586  299.932  0.00126826  0.000758746  0.000879976
625.501  401.531  0.00641248  -0.000748833  0.00185983
630.289  409.941  0.00479599  -0.00131769  0.00128638
511.406  308.713  0.00242604  -0.00117268  0.00101905
518.386  291.36  0.000746736  -0.000117208  0.00084327
475.349  255.259  0.00189822  6.23686e-05  0.00320166
474.01  239.085  0.000915756  -0.000237844  0.000976892
476.596  222.656  0.000463305  -0.000131064  0.000471496
534.724  260.314  0.00485643  0.00315929  0.00626239
432.735  255.465  0.00202559  -0.000614856  0.00396332
436.564  256.962  0.00428949  -0.001301  0.00538591
430.132  248.438  0.00139326  -0.000225562  0.000748497
431.735  253.605  0.00211315  -0.000812083  0.00150165
422.607  246.117  0.00137071  -0.000577976  0.000887881
406.262  251.649  0.000476507  -6.26311e-05  0.000541362
434.486  257.251  0.00330873  -0.00100434  0.00186058
156.793  273.098  0.00404239  -0.00116099  0.00348817
155.834  276.793  0.00328436  -0.000843112  0.0022337
159.209  291.597  0.00380101  -0.000676356  0.000790757
128.774  284.448  0.000443045  -0.000191777  0.000524058
526.669  258.68  0.000881009  -0.000505327  0.00533167
502.742  229.06  0.0033521  -0.00024394  0.000614933
512.042  230.627  0.00134724  -0.000205725  0.000562615
517.324  229.073  0.000924981  -0.000171026  0.00047352
488.856  224.271  0.00442503  2.40865e-05  0.0008122
456.896  234.368  0.000663551  3.3368e-06  0.000668049
506.104  274.21  0.000701101  -0.000127156  0.00223732
602.154  247.921  0.00169739  0.00170744  0.00807109
149.363  262.743  0.0011854  -0.00156609  0.00542888
147.653  287.422  0.000580386  -0.000268777  0.000595937
133.656  295.421  0.000479399  3.15198e-05  0.000359573
53.4507  266.652  0.00102891  0.00104714  0.00675516
575.808  225.523  0.00228908  -0.000213507  0.000796063
632.081  268.696  0.000726305  -0.000217702  0.00191051
630.404  272.934  0.000599777  -0.000175616  0.00107182
509.23  233.099  0.00239801  -0.000620859  0.00391027
506.056  227.85  0.00203744  -0.000568339  0.00216741
504.461  232.535  0.00152733  -0.000360336  0.00348323
497.819  213.764  0.00142634  -0.000423051  0.000805317
517.265  228.184  0.0050077  -0.00104092  0.00236761
513.345  239.127  0.00221577  -0.000105576  0.0111201
504.912  237.062  0.00109701  -7.32665e-06  0.00678066
499.121  210.313  0.0011032  -0.000226353  0.000605638
548.797  262.092  0.00235576  -0.00265722  0.00641986
553.061  257.813  0.0010401  -0.0010126  0.00723783
539.862  221.469  0.00408794  0.00111191  0.00151856
517.657  206.35  0.000490888  0.000144496  0.000499104
330.132  243.186  0.00508107  -0.00355397  0.00501519
351.299  239.039  0.00980695  -0.00325321  0.00333714
344.328  248.254  0.00236714  0.000409302  0.00499216
363.561  238.142  0.00129679  0.00060959  0.00223386
343.775  249.857  0.00378412  -0.00372596  0.00972653
345.917  247.19  0.00243843  -0.00120684  0.00585768
378.386  243.567  0.00608236  0.00272397  0.00327458
367.104  190.023  0.00191254  -4.01861e-06  0.00046099
378.595  201.488  0.0052107  0.00201974  0.00164325
216.044  280.527  0.00387012  0.000841257  0.000742784
244.143  328.008  0.00291856  -1.3186e-05  0.000425299
399.949  213.699  0.00631799  -0.00237145  0.00253106
327.023  238.735  0.00298865  -0.00189347  0.00478849
340.667  236.557  0.000812421  -0.000299487  0.0042778
328.058  193.273  0.00132874  -0.000696571  0.00131029
463.578  241.397  0.00731575  0.000835321  0.00163594
328.192  215.785  0.00183155  0.000128196  0.00603435
318.875  219.474  0.00700133  -0.00572573  0.0078806
331.045  216.905  0.00294367  0.000369513  0.00786065
330.452  207.288  0.00207764  0.000858236  0.000695458
392.694  239.261  0.00119689  -0.000774439  0.0019434
348.124  221.635  0.00303375  0.00370925  0.0121522
274.728  193.706  0.00121017  -0.000433035  0.00101909
281.017  195.791  0.000894457  -0.000418949  0.000889734
512.789  256.607  0.00568572  0.00229589  0.00210671
517.158  250.42  0.00722753  0.00176671  0.00224019
513.415  264.881  0.00328558  0.000891663  0.00105203
522.039  263.697  0.00453952  -0.00041963  0.000825745
546.032  223.678  0.00492926  0.00187309  0.00193342
554.514  228.491  0.00199238  0.000461546  0.000656023
491.666  228.356  0.00156886  0.000560566  0.00060929
529.387  195.594  0.00846905  -0.00163891  0.00209375
539.4  181.532  0.00270415  0.00071422  0.001063
547.467  164.508  0.00155338  0.000626716  0.000679628
535.586  242.713  0.00470763  0.000812567  0.00139804
532.194  245.318  0.00325524  0.00148244  0.00155867
175.439  229.53  0.00159368  -0.00115487  0.00287738
173.989  249.994  0.000909234  -9.7569e-05  0.000584366
453.976  271.565  0.00210464  0.000285942  0.000347562
495.611  295.885  0.00214244  -0.000118475  0.000250077
385.392  202.605  0.00113699  -0.00142581  0.00669316
392.119  204.653  0.00169397  -0.00154335  0.0057406
394.174  210.89  0.00150755  -0.00104982  0.00275122
382.457  215.739  0.000593725  -0.000460767  0.00142813
302.111  210.663  0.000827516  -0.00047769  0.00122641
271.536  192.644  0.0018307  -0.000829379  0.00147408
290.637  211.192  0.00253718  -0.0026184  0.00477121
517.2  212.9  0.00664353  0.00219609  0.00181675
531.468  207.793  0.00203979  0.000778668  0.000623035
520.234  215.357  0.00289611  0.000605452  0.00111684
528.184  209.829  0.00166975  0.000693932  0.00107401
508.84  224.278  0.00386324  0.00223061  0.00218322
515.992  221.686  0.00240442  0.000887529  0.00153526
522.629  214.993  0.00269425  2.44527e-05  0.00206215
527.42  218.31  0.00209727  -0.000591783  0.00182046
521.865  229.66  0.00119293  0.000117044  0.000875627
525.443  236.397  0.000839322  -2.74617e-05  0.000654769
534.489  238.265  0.000794187  -0.000300312  0.000716225
541.826  235.868  0.00110643  -0.000739007  0.0011108
518.214  217.857  0.00122381  5.85923e-05  0.00177163
526.741  236.766  0.000521711  -0.000183541  0.000698963
474.979  219.658  0.00366693  0.00275783  0.00361224
399.154  185.883  0.00336706  -0.000406337  0.000480854
410.277  221.896  0.00171496  -0.00039044  0.00113609
426.172  220.818  0.00058718  -0.000288548  0.00146399
431.443  226.314  0.000464345  -0.000207246  0.00101238
412.321  208.657  0.00636495  -0.00392471  0.00625496
424.461  206.957  0.00152177  -0.00193897  0.00882605
439.949  220.504  0.000774558  -0.000646116  0.0019957
445.304  224.877  0.000642566  -0.00051137  0.00147509
387.856  205.489  0.000855001  -0.000743074  0.00429949
111.028  295.141  0.00125959  -0.00021642  0.00105727
205.9  201.882  0.000753842  1.36453e-05  0.00192441
167.607  229.712  0.000852363  -0.000786683  0.00188036
194.589  251.257  0.00696524  0.00113843  0.00128798
206.48  193.819  0.00311427  8.98677e-05  0.00074234
189.281  191.609  0.00091765  -0.00038553  0.00102347
528.465  214.338  0.000503503  0.000309095  0.00174845
542.328  214.856  0.000333113  -2.12815e-05  0.00167767
559.6  161.274  0.000934904  -0.00019058  0.000711398
556.447  151.365  0.00400424  0.000598156  0.000569565
560.102  147.35  0.00274675  0.000396004  0.000440297
509.99  207.451  0.00531801  0.00129294  0.00103572
515.232  212.506  0.00263553  0.000318962  0.000551494
522.751  226.702  0.00149383  -0.000161899  0.000353272
547.364  239.074  0.00232325  0.0016948  0.00235081
521.362  220.359  0.000809466  -0.000232802  0.000371867
522.784  215.818  0.00198284  0.00103454  0.00100662
509.917  148.977  0.00217951  0.000271699  0.000350795
276.556  160.976  0.0052598  0.00224574  0.0019857
726.587  319.349  0.000598712  0.000405657  0.00120013
727.53  329.311  0.000618051  0.0002511  0.000620028
707.26  258.761  0.00063621  -0.000163735  0.000708784
711.974  273.474  0.000640819  0.000220506  0.0016899
722.137  279.356  0.000889971  -0.000884884  0.00145863
747.914  255.744  0.00368121  -0.00416097  0.0106672
353.564  167.993  0.00503833  -0.00127821  0.00136944
351.16  162.612  0.00433343  -0.00187583  0.00156705
176.642  202.569  0.000386361  0.00012759  0.00107557
185.335  204.89  0.000617237  0.000198486  0.000939184
189.13  204.441  0.000846106  0.000626716  0.00195543
404.697  229.786  0.00176329  -1.928e-05  0.000309905
412.69  205.621  0.0027588  -0.00146835  0.00166332
422.803  187.357  0.000745906  -0.0001534  0.00116922
410.43  202.37  0.00137209  0.00014185  0.000501264
298.928  191.452  0.0138003  0.000807892  0.00183309
304.839  187.21  0.00531844  0.00120722  0.00155147
309.971  204.23  0.00276885  0.000203276  0.000406632
321.216  197.01  0.00119829  0.000260368  0.000338591
310.521  200.756  0.0021759  0.001002  0.000888413
322.364  191.341  0.0031531  -0.000582418  0.000938459
286.114  176.12  0.0035532  0.0041621  0.00893621
282.931  180.783  0.00285068  0.00270177  0.00502644
273.824  194.992  0.00203123  0.00139241  0.0017906
328.987  197.346  0.000793627  -0.000801952  0.00244912
334.333  193.203  0.000493471  -0.000504859  0.00158939
340.055  175.329  0.0043584  -0.00301066  0.00453057
318.193  135.696  0.00194971  -0.00136363  0.00253248
299.201  134.9  0.00062994  -0.000838791  0.00299876
335.384  175.207  0.00255384  -0.00191005  0.00255314
327.803  180.747  0.00101581  0.00029181  0.000426683
317.654  181.366  0.000537725  0.000123606  0.000348813
320.573  193.778  0.00287392  -0.00178768  0.00246578
531.146  136.384  0.00202852  0.0012028  0.00176048
542.63  131.142  0.0011941  0.000750036  0.00104503
332.113  179.443  0.00109178  -0.000547877  0.00118377
325.18  186.519  0.0006506  -0.000307794  0.000644468
344.943  201.282  0.00210199  -0.000501872  0.00047588
321.8  134.245  0.00229542  -0.00198671  0.00363584
308.49  129.067  0.00112849  -0.00132914  0.00304586
317.99  126.912  0.00315172  -0.00205196  0.00241949
325.912  152.587  0.00136482  -0.00144083  0.00743672
335.635  180.309  0.000961712  -0.000532026  0.000798723
311.274  155.868  0.000535648  -0.000518612  0.0013104
320.083  170.604  0.000535215  -0.000376952  0.000658929
330.953  155.171  0.00257992  -0.00185885  0.00568166
333.213  173.858  0.00127345  -0.000737832  0.00114916
333.279  174.188  0.00125561  -0.000597424  0.000826045
299.531  174.859  0.00119983  0.000625156  0.000669317
309.115  159.811  0.0010732  0.000828828  0.00113129
251.035  183.205  0.00307715  0.00237778  0.00453412
244.298  198.101  0.00202172  0.000978339  0.0013321
210.449  190.236  0.00352546  0.00132726  0.00104165
196.624  197.384  0.00118232  0.000570124  0.000732469
81.868  313.431  0.000389358  -0.00026476  0.00120433
121.906  312.788  0.000987802  -0.000690166  0.0071524
675.048  125.408  0.00356243  0.000519753  0.00706391
670.221  127.762  0.00201875  0.000424343  0.00514411
664.543  128.855  0.00123919  0.000445416  0.00478341
720.122  437.241  0.00231646  -4.1346e-05  0.000420973
717.055  450.536  0.0018522  0.000346845  0.000525484
653.597  141.045  0.00359747  0.00262369  0.00308915
551.028  86.5487  0.00045695  0.000489294  0.00311051
566.731  90.9591  0.000688663  1.3064e-05  0.0015172
568.139  107.648  0.000481198  -0.000104385  0.000563256
584.636  74.373  0.00279232  0.000291676  0.00714197
589.105  77.6861  0.00379236  -0.000873029  0.00413911
567.863  92.1804  0.000493525  6.52599e-05  0.00132236
596.276  90.6367  0.00457657  -0.00179129  0.00176275
581.04  65.0756  0.00843761  -0.0037481  0.00344349
447.157  221.409  0.00242376  -1.52925e-05  0.000886857
448.447  226.355  0.00189271  -2.27295e-05  0.000703448
413.965  220.851  0.00113044  -0.000819792  0.00165721
418.543  217.663  0.00187721  -0.0018664  0.00301024
732.469  27.8352  0.000758176  -0.000371286  0.00247289
756.343  29.8837  0.00177809  -0.00139153  0.00881565
759.083  31.3871  0.00483589  -0.00486195  0.00826342
756.465  31.2402  0.00161888  -0.00151887  0.00487208
737.508  38.9496  0.000542029  2.11324e-05  0.00136741
742.134  40.7065  0.00414226  -0.00105281  0.00191178
751.127  46.6438  0.00154819  0.000739376  0.00472457
651.124  30.1256  0.00285373  0.00134194  0.00246556
656.325  28.8004  0.00277195  -0.00139237  0.00267225
525.749  21.084  0.00401363  0.00180675  0.00605971
276.771  184.913  0.00101005  0.000662316  0.00126903
548.699  595.858  0.00161085  1.46265e-05  0.000863468
522.395  570.935  0.000312804  -7.06745e-05  0.000365495
513.156  579.72  0.000284856  -0.000181452  0.000647922
125.052  592.246  0.000700726  -0.000776974  0.00175122
102.45  580.092  0.00149792  -0.00146165  0.00358729
119.047  594.497  0.000711044  -0.000493114  0.00312565
126.032  599.239  0.00102485  -0.000655879  0.00599062
125.212  596.85  0.000919689  -0.000655009  0.00438031
121.354  607.897  0.00144272  -0.00132805  0.00497626
121.42  606.266  0.00126655  -0.00112831  0.00300185
135.217  605.03  0.000790916  -0.000712768  0.00283107
104.708  567.219  0.0025476  -0.00242272  0.00454039
450.106  601.507  0.000641097  0.00023947  0.00169486
477.652  600.522  0.000203111  7.82752e-05  0.00151012
443.685  598.188  0.00104909  0.000388361  0.00135571
439.436  594.279  0.0016716  0.000616277  0.00113712
439.104  597.929  0.000461801  8.13371e-05  0.00120208
413.418  595.305  0.00344022  0.000586425  0.00107353
430.729  592.809  0.000767153  0.000132275  0.000847642
378.419  589.418  0.00290735  0.00210054  0.00270176
365.762  583.531  0.00114928  9.029e-05  0.00102683
357.598  576.044  0.000879982  -0.00024582  0.000768699
432.74  593.199  0.000184497  0.000108729  0.00104058
391.713  591.503  0.0013856  0.000564964  0.00101949
90.9536  551.034  0.000496386  -0.000425189  0.00296064
106.175  581.287  0.000886702  -0.000816683  0.00558653
271.88  550.778  0.00118071  -0.00122831  0.00365648
317  597.855  0.00138205  -0.00132327  0.00220805
96.7866  578.038  0.00212757  -0.00212785  0.00471319
295.685  569.32  0.00116078  -0.000431409  0.00558678
325.85  592.95  0.000575584  -0.000442875  0.000923926
260.507  570.268  0.00302054  0.000303837  0.00112609
280.617  568.854  0.000611422  0.000147288  0.00106278
283.666  558.311  0.000557168  0.000314606  0.00272397
296.307  576.175  0.00153569  -0.00130413  0.00182134
77.1074  555.648  0.00092739  -0.000681975  0.00256575
93.7263  557.991  0.00388034  -0.00288175  0.00377646
433.84  507.29  0.000693427  -3.82859e-06  0.000746508
84.7769  553.193  0.000783862  -0.000698918  0.00331607
83.2474  562.093  0.00161698  -0.00141121  0.00193321
96.8574  570.4  0.00099339  -0.000866276  0.00119569
234.342  543.202  0.00110895  -0.000328055  0.00262282
235.15  537.161  0.00110742  0.000462723  0.00252533
240.222  535.777  0.000891775  0.000444866  0.002025
157.717  493.201  0.000504092  -0.000307458  0.000515408
163.469  517.237  0.000396948  3.90917e-05  0.000559191
223.708  530.903  0.0029636  0.00011941  0.00125549
200.12  524.861  0.00130423  -0.00126569  0.00224957
264.747  560.379  0.000830291  -9.03284e-05  0.00131892
217.831  536.02  0.00164928  0.000340523  0.00321874
445.551  500.667  0.000479522  0.000162128  0.00120991
435.079  495.548  0.000965549  0.000296895  0.000886948
440.237  506.323  0.000464899  0.00017234  0.00193374
292.19  514.297  0.000717128  -0.000610365  0.00542136
377.823  572.562  0.000217807  -0.000187456  0.000489669
470.621  495.992  0.000192572  0.000107953  0.00139105
433.622  503.302  0.000697829  0.000295775  0.00248349
498.87  495.103  0.000197909  0.000166022  0.00146159
587.753  552.039  0.00166055  9.36488e-05  0.000399521
599.676  550.682  0.000696525  3.20114e-05  0.000427166
577.287  543.521  0.00364004  -0.000732015  0.000730729
584.378  542.677  0.00163115  -0.000338059  0.000688307
588.836  549.751  0.00125556  -0.000258987  0.000485589
605.409  548.824  0.000450542  -0.000101564  0.00048461
446.058  501.118  0.000465444  7.41966e-05  0.00336794
415.514  487.574  0.00132267  0.000743563  0.00141616
216.682  484.453  0.00128787  -0.00116666  0.00231182
213.814  479.395  0.00112086  -0.00111004  0.00347444
213.178  482.701  0.00154512  -0.00115257  0.00289677
206.248  480.938  0.00259013  -0.00217506  0.00345145
205.316  475.484  0.00170045  -0.00142579  0.00227841
330.493  506.275  0.00139675  -0.00124608  0.00194153
313.971  488.037  0.00134084  -0.000634112  0.00497375
338.426  511.856  0.00114199  -0.00103175  0.00151579
318.812  489.068  0.00101184  -0.000453149  0.00389372
326.055  494.647  0.000868242  -0.000578795  0.00229015
323.574  489.948  0.000788789  -0.000328131  0.00317443
233.252  492.285  0.000551987  -0.000654813  0.00347492
234.619  497.356  0.000370001  -0.000445758  0.0023107
275.808  462.795  0.00116022  0.00102373  0.00301155
471.388  524.111  0.000303162  0.000249322  0.000485457
223.8  490.764  0.00125713  -0.000625376  0.00310687
241.31  504.748  0.000864672  -0.000652653  0.0012899
234.098  494.938  0.000799906  -0.000435761  0.00183285
230.476  486.957  0.00072335  2.99131e-05  0.00327139
447.664  507.268  0.000400528  4.76159e-05  0.00108343
420.2  523.526  0.00115131  0.000312184  0.000479961
427.164  511.977  0.000892309  0.000214999  0.000780895
446.333  500.523  0.00038654  -7.61684e-06  0.00186662
463.055  514.125  0.000181994  6.40361e-06  0.000727318
353.674  532.316  0.000543569  0.000391989  0.000718462
430.18  513.581  0.000770902  0.000359994  0.000452548
105.826  479.075  0.0025305  -0.00193848  0.00318799
206.623  482.327  0.00284923  -0.00262404  0.00400792
208.006  476.553  0.00144492  -0.0013234  0.00410874
225.236  481.212  0.000597918  -0.000545695  0.0022503
221.478  475.457  0.000549775  -0.000495835  0.00374974
224.013  484.861  0.000808939  -0.000533581  0.00210734
27.3008  453.684  0.00173074  9.62806e-05  0.00273418
70.1635  446.17  0.000205564  -4.52904e-05  0.000991798
54.4563  486.645  0.000608999  -0.000614047  0.00290769
79.0726  531.898  0.000357262  -0.000154564  0.000272827
69.9785  479.803  0.00025502  -2.05787e-05  0.00139775
683.364  446.553  0.000236256  -2.61392e-05  0.000540452
682.556  432.528  0.000176099  -4.42038e-05  0.000320794
38.5761  426.08  0.00227334  0.000442152  0.00182941
37.7176  472.096  0.00114528  -0.000407015  0.00141487
60.0492  429.832  0.000318373  2.44464e-05  0.00247958
393.29  426.63  0.000281862  -0.000128171  0.000289338
100.159  474.135  0.000561809  -0.000524017  0.00121725
570.187  463.453  0.00107227  -0.000306663  0.000498428
564.516  444.749  0.00111483  -0.000312483  0.00028919
575.626  492.7  0.0020359  -0.000378217  0.00141236
589.14  443.615  0.000402325  -0.000191947  0.000852992
597.596  460.264  0.000324294  -0.000117389  0.000382618
587.718  487.431  0.00236626  -0.000176277  0.00198973
581.226  480.812  0.00539126  -0.000307074  0.00114641
89.124  467.99  0.00264459  -0.00203596  0.00300063
72.851  456.345  0.00114196  -0.000924838  0.00149192
264.373  375.262  0.00177457  0.00160277  0.00243694
44.9586  365.926  0.000748539  5.41169e-05  0.00125472
44.7765  358.11  0.000850996  0.000137086  0.000763074
46.2181  347.073  0.000928893  0.000192454  0.000456994
279.359  365.499  0.000935558  -0.000691173  0.000931149
297.657  391.259  0.00365381  0.00244074  0.00309123
267.031  358.721  0.000536866  -0.000283664  0.00052759
261.929  470.877  0.00102132  0.000126072  0.00187829
265.65  471.087  0.00170886  0.000545118  0.00237866
241.92  442.747  0.000792299  -0.000528916  0.000902447
257.721  449.685  0.00389033  -0.000829536  0.000932805
244.119  437.111  0.00179285  0.000337879  0.00258691
189.969  413.89  0.000214821  -1.15468e-05  0.000223638
267.767  368.378  0.00288044  0.00272061  0.00434287
622.058  387.415  0.00319899  -0.00100697  0.00139336
651.47  398.062  0.00195101  0.000800717  0.00137449
454.267  334.497  0.00116965  0.000341289  0.000363233
445.564  418.212  0.000311033  -0.00012354  0.000801253
410.368  369.55  0.000678836  -0.000165886  0.0026494
361.057  454.099  0.00135355  0.000226428  0.000220647
354.708  445.772  0.000851773  6.499e-05  0.000157319
284.119  414.436  0.00418299  0.000180301  0.000575126
300.73  451.974  0.000921543  -0.000207212  0.000253325
245.368  428.773  0.000561911  0.000227591  0.00136441
238.561  432.723  0.000791901  -4.79138e-05  0.0010121
645.758  341.253  0.00193472  0.000290596  0.000593884
632.115  348.634  0.00127368  -9.28392e-05  0.000713377
630.395  347.197  0.000862104  6.44028e-05  0.000541823
308.356  308.38  0.00122198  -7.04255e-05  0.000275691
218.563  446.474  0.00055266  0.000275997  0.000272332
411.058  333.588  0.000682747  -0.000798687  0.00168917
407.047  340.311  0.000435813  -0.00035532  0.000877944
427.625  365.479  0.00093451  0.000213214  0.000618454
449.197  360.958  0.00159836  -0.000213848  0.00105771
519.833  345.494  0.00107535  -5.95739e-05  0.000169311
445.407  363.807  0.00058014  -0.000341268  0.000715848
98.6944  330.652  0.00225157  -0.000827152  0.00180809
662.706  358.693  0.000296356  7.30494e-05  0.00112402
429.814  364.926  0.00190328  0.00144818  0.00176506
428.602  361.462  0.000352581  0.000180209  0.000945438
416.179  363.204  0.000505182  3.78264e-05  0.000858139
394.939  348.53  0.000532432  -0.000330603  0.000766812
397.058  312.573  0.000409556  -4.9904e-05  0.000166986
378.467  301.072  0.00117431  -2.37173e-05  0.000230033
385.369  301.596  0.00075087  -4.51099e-05  0.000208537
430.881  322.407  0.000489173  0.000294214  0.000725574
433.883  321.705  0.000707608  0.000250023  0.000731956
379.66  302.761  0.00104138  0.000201047  0.00077743
368.405  300.171  0.00297279  0.000312665  0.000610519
386.227  298.293  0.000697108  0.000153105  0.000634478
617.341  354.494  0.000368313  -0.000208967  0.0015184
631.901  340.921  0.00164106  -0.000455118  0.000385378
380.506  387.193  0.00131671  -0.000688531  0.000817352
378.491  418.775  0.000795448  -0.000124273  0.000192365
265.487  312.734  0.000371919  0.000234368  0.000444499
260.539  304.392  0.000291553  0.000115765  0.000286636
246.373  296.819  0.000292827  8.60013e-06  0.000189953
234.604  304.586  0.000461378  -7.14381e-05  0.000221988
303.404  348.93  0.00106581  -0.000487258  0.000453002
278.57  342.431  0.000298869  -0.00013921  0.00125005
110.208  280.384  0.00102876  5.4811e-05  0.000634156
96.8614  283.704  0.00505217  -0.000398425  0.000766881
459.266  304.887  0.0016668  -0.00145688  0.00219861
436.098  291.603  0.000686333  -0.000606058  0.000991756
461.56  368.598  0.000163241  -6.61442e-05  0.000369503
491.979  369.121  0.000449293  -0.000318551  0.000509322
485.751  305.576  0.00214046  -6.80712e-06  0.000963962
472.397  289.899  0.000200161  3.90523e-05  0.000445495
501.276  268.741  0.000351479  0.000196428  0.000594558
491.584  332.005  0.00271121  -0.00137403  0.00237502
499.683  284.648  0.000632286  0.000607839  0.00183249
494.865  259.075  0.00156476  0.000711618  0.000604118
440.695  301.1  0.000445864  0.000407391  0.00254914
241.084  427.216  0.000505468  8.61941e-05  0.000713667
228.199  423.689  0.000561851  -0.000177712  0.000615958
293.622  495.403  0.00370537  -0.00331109  0.00466627
120.482  287.897  0.00088799  0.000430031  0.0038372
727.404  345.987  0.000489476  0.000185238  0.000325115
41.8746  382.42  0.00428539  -0.000914679  0.000880375
57.8016  309.026  0.00225882  0.000156586  0.000275453
529.717  314.491  0.00368903  3.18065e-05  0.000485995
527.529  311.773  0.00274934  7.71977e-05  0.000375903
528.497  309.854  0.00165989  -0.000212933  0.000430209
211.993  328.402  0.000271949  -0.000185298  0.000489723
281.613  350.917  0.000197769  -8.50058e-05  0.000707338
460.345  278.7  0.0011173  0.0013174  0.00601001
444.544  318.94  0.000834433  0.000426525  0.000493724
118.332  301.993  0.00208362  -2.0072e-05  0.00298266
118.034  315.139  0.00203823  2.86493e-06  0.000910141
114.772  310.516  0.00387304  -0.00047688  0.00133323
104.378  293.79  0.000712695  0.000212165  0.0044565
106.539  313.25  0.000811605  3.91337e-05  0.000728439
116.249  313.929  0.00171271  4.26867e-05  0.000680759
101.133  292.97  0.00119265  0.000100603  0.00520391
109.425  302.428  0.00226839  -0.00019591  0.00163325
133.323  301.721  0.000432843  4.4074e-05  0.00154553
145.85  302.547  0.000260396  4.70212e-05  0.00136853
148.884  310.864  0.000237283  1.95245e-05  0.000748046
110.931  280.862  0.00108548  -3.83741e-05  0.000470254
120.733  287.225  0.00270758  0.000107609  0.000327297
94.0859  306.837  0.000456965  0.00016338  0.000581683
86.7033  321.3  0.000331949  0.000130486  0.00056852
79.481  336.294  0.000303923  0.000314794  0.00138563
516.753  279.184  0.00157341  0.000780626  0.00241649
470.457  303.936  0.000224018  0.000131067  0.000547703
468.304  331.369  0.00188147  8.28923e-05  0.0004411
476.376  323.102  0.00266949  -0.000720707  0.000775566
473.504  338.793  0.00140729  -0.000146941  0.000367247
448.406  311.082  0.000461975  -0.00020099  0.000597454
514.811  307.96  0.00111552  -0.000618053  0.00085757
518.285  299.085  0.000636026  -0.000311403  0.000974733
622.404  227.209  0.000963651  -0.000511111  0.000605028
612.557  296.463  0.000325149  -0.000214501  0.000721043
631.718  248.003  0.00161311  -0.00101852  0.0016343
626.46  304.418  0.000617384  -8.15978e-07  0.000733174
109.651  269.298  0.000236571  0.000155985  0.00170013
514.152  305.384  0.00155172  -0.000662312  0.000743084
515.639  299.517  0.00112268  -0.000420386  0.000951533
235.79  352.987  0.00132149  -0.000114347  0.000184662
237.727  350.79  0.00118604  -0.000211374  0.000309042
113.987  283.792  0.0010364  0.000713432  0.00452801
140.975  286.176  0.000305983  0.000312359  0.00190687
117.111  334.317  0.00132119  -5.1906e-05  0.000195762
145.351  292.922  0.000287569  0.000161618  0.00101587
148.143  309.841  0.000253104  5.17832e-05  0.000384934
593.756  304.74  0.000858456  4.72066e-05  0.000321581
620.169  300.228  0.000261027  6.75209e-05  0.00028663
533.862  307.493  0.000915723  -1.20633e-05  0.000331186
538.728  307.509  0.00131179  -8.3232e-05  0.000465991
399.724  251.65  0.000266571  0.000158018  0.00131966
637.615  297.354  0.00154115  0.000172109  0.000251685
486.894  257.095  0.000981627  0.000268638  0.00524261
482.379  254.37  0.00130852  6.29647e-05  0.00336356
491.547  201.862  0.000441621  -5.60757e-05  0.000185452
72.8788  273.407  0.00316563  6.05145e-05  0.0018667
573.997  227.378  0.00367839  -0.000426396  0.000816867
633.685  177.723  0.000178289  1.57872e-05  0.000185312
261.122  314.821  0.00317471  -0.00068616  0.00090591
242.945  296.395  0.00144815  -0.000739803  0.000690018
251.681  308.975  0.00172434  -0.000584754  0.000629569
388.684  222.307  0.00177234  0.000933441  0.00195427
407.785  191.911  0.000473823  0.000251023  0.000524602
415.637  252.502  0.000507734  0.000522941  0.00146004
361.881  238.499  0.000885451  0.000769511  0.00269257
550.243  231.486  0.00262167  -0.000153263  0.00123873
549.503  224.483  0.00261685  -0.000200787  0.00077
500.607  211.777  0.000253787  -1.15419e-05  0.000318781
502.442  211.757  0.000447598  -3.59284e-05  0.000323754
518.954  188.417  0.00191764  0.000805839  0.000679866
539.55  249.43  0.000907338  -0.00108079  0.0037963
522.022  215.924  0.00123775  7.3205e-05  0.000609824
277.49  293.64  0.000326148  0.000149078  0.00028369
223.761  301.954  0.00194425  -4.34055e-05  0.00026118
236.903  267.308  0.000949674  3.81837e-05  0.000430535
233.789  276.982  0.000758853  0.000101995  0.000324334
247.537  273.387  0.000801087  -0.000127951  0.000280924
258.46  282.604  0.000829475  -0.00029985  0.000300174
278.967  169.655  0.00120493  0.000144111  0.000194696
291.36  204.931  0.000659137  -0.000552037  0.00113448
516.437  189.366  0.00178032  0.000542732  0.000648208
553.691  264.27  0.000906907  -0.00101485  0.00215663
288.329  180.493  0.00130449  6.09172e-05  0.000400617
295.303  177.301  0.00088045  2.6625e-05  0.0002836
369.866  231.092  0.000736009  -0.000677791  0.00212454
360.723  241.681  0.000434659  -4.97454e-05  0.000858889
377.209  157.702  0.000263077  -8.59283e-05  0.000250602
413.265  143  0.00106865  1.9407e-05  0.000235584
410.328  221.382  0.00139034  -0.00122997  0.00239281
537.728  243.148  0.000706565  -0.000324047  0.000551449
446.619  225.768  0.00418871  0.000165953  0.000665576
475.392  273.989  0.000475361  -0.000148724  0.00022885
481.462  258.036  0.000706274  -0.000443368  0.000543514
479.574  263.678  0.000547187  -0.000305234  0.000383065
514.361  214.61  0.00182629  0.00060499  0.00108239
520.419  203.029  0.00192482  0.000134849  0.00226653
520.232  207.437  0.00157566  0.000227132  0.00159399
528.613  206.405  0.00103312  -0.000272749  0.00198928
528.085  215.537  0.000740801  -9.55769e-06  0.00100992
526.017  222.985  0.000644617  8.52993e-05  0.000669183
539.141  220.709  0.0004342  -0.000133432  0.000878151
529.662  212.885  0.000842305  0.000251327  0.00167839
509.968  224.841  0.00164453  0.000786677  0.00146761
541.357  234.139  0.000418577  -0.000224579  0.000431494
752.244  253.362  0.00225141  -0.00163542  0.00331822
753.12  201.5  0.00252443  -0.000486744  0.00178131
758.49  203.654  0.0018405  -0.000821224  0.00191494
171.384  197.378  0.000281303  9.42291e-05  0.00179169
217.813  153.304  0.00175789  0.000740501  0.00190047
178.754  143.497  0.000191335  9.30454e-05  0.000764392
212.306  191.362  0.00466013  0.000624868  0.00065735
336.079  205.633  0.00145422  -0.000416898  0.000334547
317.854  208.397  0.00206283  0.000339701  0.000389533
335.071  186.271  0.000793276  -0.000103449  0.00131062
355.508  217.854  0.000235894  -1.16518e-05  0.000294967
349.464  184.749  0.000673617  -0.000144271  0.000162143
322.092  201.825  0.00158777  0.000417397  0.000394684
327.983  201.09  0.00102027  0.000301168  0.000355948
346.964  194.567  0.000409119  0.000181944  0.00033269
333.469  178.786  0.00101325  0.000401281  0.000512912
309.394  169.202  0.00131859  -0.00069363  0.000635549
344.763  151.29  0.000182851  -2.89744e-05  0.000217074
310.177  162.537  0.000931609  -0.000478901  0.000470445
332.368  197.224  0.00101074  0.000155554  0.00239705
330.234  188.939  0.000778285  -0.000108985  0.00122782
339.749  152.551  0.000205368  -4.80827e-05  0.000271788
312.395  157.547  0.00067336  -0.0003332  0.000416938
345.996  224.481  0.00125927  -0.000470662  0.000379459
342.758  205.173  0.0010323  -0.000184183  0.000264255
331.88  189.923  0.00102465  -0.000403022  0.00104243
323.614  154.887  0.00237657  0.00272653  0.00547571
326.154  185.276  0.000821068  0.000300854  0.000429202
340.731  179.807  0.000936739  -0.000213458  0.00276819
277.585  97.5858  0.0003364  -0.000195062  0.000342383
335.68  171.866  0.00292831  -0.000648133  0.000619088
329.796  164.736  0.00190217  -0.000415606  0.000418513
343.724  192.22  0.0006742  0.000197566  0.00204789
344.925  188.35  0.000542822  0.000111202  0.00152416
335.37  174.657  0.00185528  0.000225822  0.000388643
331.679  168.673  0.00296084  0.000634379  0.000530151
348.05  183.982  0.00082686  -4.0454e-05  0.0002196
326.918  187.07  0.000617221  -5.45163e-05  0.000474769
339.906  192.958  0.00106289  -0.000325163  0.000423539
148.265  151.387  0.00131422  0.000723399  0.00275214
136.145  171.358  0.00169189  0.00123008  0.00144631
81.9207  338.962  0.000292557  -0.000280813  0.00198932
344.719  155.933  0.000973195  -0.000567229  0.00397766
265.267  170.141  0.00262088  0.00170937  0.00211733
247.888  189.98  0.00124768  0.000772008  0.000868786
292.069  180.889  0.00153156  0.000758339  0.000795141
296.491  155.025  0.00299421  0.00191204  0.00279395
287.122  162.668  0.00216109  0.00153678  0.00279103
294.168  178.536  0.000740068  0.000468398  0.000733245
387.831  94.0177  0.000341692  7.35667e-05  0.000351907
148.378  156.467  0.000938683  0.000671588  0.00202853
149.576  162.806  0.000599088  0.000558811  0.00112242
291.197  161.536  0.00158736  0.00111576  0.00174589
288.647  175.28  0.00116103  0.00067267  0.000807025
375.923  98.4965  0.0011528  0.000318364  0.000703213
387.125  81.8256  0.000751209  0.000212317  0.000343273
576.782  80.8702  0.00104891  -0.000163834  0.000856625
568.403  85.8939  0.000623396  6.61228e-05  0.000820152
556.299  89.4504  0.000389478  0.000144775  0.000709239
546.325  61.9401  0.000309401  -0.00010715  0.000644513
382.652  213.654  0.000214328  -1.73467e-05  0.00016812
455.976  81.3413  0.000480448  0.000251823  0.000914413
474.353  65.3191  0.00061231  -0.000449581  0.00303291
416.764  65.6962  0.000253801  1.37777e-05  0.000882389
409.738  75.729  0.000252618  0.000129021  0.000613455
646.67  28.1534  0.000756871  -0.000110673  0.00203602
665.732  56.4169  0.000663748  -0.000259695  0.000444727
584.24  61.6565  0.0050046  -0.00240067  0.00241975
560.703  76.6787  0.00075633  0.000490285  0.00151321
561.164  98.787  0.000367023  5.00899e-05  0.000435172
226.101  556.957  0.00103493  -0.00101451  0.00230758
602.384  512.187  0.00156623  -4.90716e-05  0.000515049
578.48  534.582  0.000559777  0.000313653  0.000527886
507.733  505.784  0.000158386  1.69519e-05  0.000294461
442.98  506.399  0.000552891  -0.000105972  0.000614372
475.777  502.884  0.000184381  -7.29818e-05  0.000309793
506.673  491.722  0.000180547  0.00012291  0.000694171
477.188  490.987  0.000153948  2.54897e-05  0.000593077
431.327  488.457  0.00124846  0.000237846  0.000569488
458.274  500.575  0.000667833  0.000611583  0.00166495
446.758  501.436  0.000387705  0.000351076  0.00150486
418.224  496.451  0.000128569  0.000113127  0.000945433
568.403  459.76  0.000462608  -4.55034e-05  0.000111723
223.928  504.249  0.000480587  -0.000367179  0.00272199
629.942  429.19  9.48657e-05  3.07105e-06  0.00011554
527.587  425.317  0.000430948  -2.78887e-05  8.88825e-05
552.661  442.907  0.00112038  -1.68034e-05  0.000137522
514.778  433.098  0.000191817  3.86514e-06  9.94022e-05
507.788  436.625  0.000204421  8.20702e-06  0.000106104
352.639  435.392  0.000192712  4.26299e-05  0.000132461
553.905  462.027  0.000142722  1.14463e-05  8.02247e-05
623.69  415.251  0.000348627  -3.88407e-05  9.73387e-05
604.06  509.662  0.00066929  0.000413602  0.000755207
603.914  508.537  0.00199472  2.46537e-05  0.000794915
570.708  529.05  0.000499556  0.000341134  0.000575113
46.7282  475.519  0.000806559  -0.000410982  0.000891858
470.058  529.426  0.000254207  0.000145993  0.000420264
399.945  513.612  0.00123534  0.00078907  0.00112842
479.231  530.234  0.000188401  0.000167399  0.000329236
364.413  438.829  9.34211e-05  4.30025e-05  0.000269456
239.991  521.128  0.00065845  -0.000485355  0.000930426
244.629  514.684  0.000402445  -0.000264167  0.000971678
416.061  518.472  0.000222916  0.000164551  0.00055506
423.085  510.208  0.00178814  0.00023372  0.000825679
422.642  516.88  0.00164843  0.000242242  0.000580449
450.853  514.966  0.000332485  -4.29576e-05  0.000736604
445.346  512.72  0.000434219  0.000181728  0.000438686
462.112  520.252  0.000219568  0.000103147  0.000270501
685.28  403.314  0.000498472  -2.58602e-05  0.000121232
628.36  428.83  9.8574e-05  -7.49799e-06  0.000116206
48.2452  474.428  0.000736437  -0.000455885  0.0013048
389.81  430.351  0.000437189  -9.95023e-05  0.000333638
97.9969  475.355  0.00076962  -0.000532938  0.000771224
83.4857  461.536  0.000884903  -0.000617716  0.00166732
619.086  431.72  0.000338567  -1.61025e-05  0.000120421
550.619  444.301  0.000804248  -0.000217119  0.000203111
537.992  439.613  0.000434836  -0.000112925  0.000153446
537.932  438.099  0.000168968  -3.49156e-05  0.000126087
437.781  399.125  0.000619591  0.000440625  0.00105732
564.223  405.789  0.000469713  -0.000302541  0.0030489
553.491  409.183  0.00027281  -0.000177834  0.00206433
104.631  476.412  0.000546043  -0.000418145  0.000620139
54.9439  319.697  0.000874009  0.000222495  0.000204213
185.609  413.103  0.000189174  -0.000133544  0.000265075
192.186  407.47  0.000284328  -4.54562e-05  9.707e-05
230.063  449.555  0.000983124  0.000486267  0.000532706
213.719  438.889  0.000402703  0.000111166  0.000192105
450.947  334.057  0.000571889  -5.74519e-05  0.00031275
550.857  338.008  0.000266687  2.35217e-05  0.000102616
448.866  411.946  0.000291176  5.35402e-05  0.000629824
379.81  348.153  0.00115706  -0.000770579  0.00101043
388.071  368.867  0.000958063  -0.000132547  0.0014962
349.62  346.345  0.000284532  -9.64973e-05  0.000313414
359.888  379.334  0.000325553  0.000305981  0.00131288
582.899  360.054  0.000128673  -0.000127752  0.000489572
591.825  456.071  0.000149473  -0.000115561  0.000288622
596.428  305.197  0.000388888  0.000169474  0.000185045
365.258  452.653  0.00210467  0.000700143  0.0005655
604.226  292.511  0.000432176  0.000176563  0.000190145
586.639  464.994  0.000265757  -7.13822e-05  0.000112876
469.738  321.823  0.00260357  -0.000442534  0.000666826
455.419  334.199  0.00099739  3.08485e-06  0.000224364
243.356  429.423  0.000929532  0.00025551  0.00063323
226.892  423.439  0.000710742  -0.00021388  0.000524033
216.705  413.481  0.000634933  -0.000325957  0.000481274
264.266  523.92  0.000102665  -9.87161e-05  0.000565972
474.3  407.431  0.00105815  -0.000185358  0.000179028
419.861  278.491  0.000274884  -0.000210709  0.000364802
466.795  278.83  0.000153523  2.7916e-05  0.000222322
467.561  260.19  0.000130649  3.06266e-05  0.000136232
558.678  311.928  0.000202698  -7.40356e-05  0.00114628
545.579  295.355  0.000214535  -0.000119961  0.000490214
409.232  358.274  0.000394967  -0.000103784  0.000716705
397.073  357.116  0.000624794  -0.000328971  0.000756083
401.449  319.353  0.000679911  7.50494e-06  0.000129511
408.962  345.834  0.000487502  -0.000418578  0.00117334
407.254  313.901  0.000463769  4.02008e-06  0.000265711
412.1  299.281  0.000424365  3.89482e-05  0.000168556
459.028  277.054  0.000617875  0.000338527  0.000315869
464.442  363.867  0.000864793  0.000666729  0.00133926
477.199  362.234  0.000452778  0.00037075  0.0011879
631.705  358.248  0.000838746  -5.94202e-05  0.00126935
620.621  356.966  0.000460691  -0.000104057  0.00125122
433.451  324.315  0.00190417  0.00062377  0.0007157
455.513  300.019  0.000745383  -0.000464474  0.000990183
440.462  291.349  0.000450929  -0.000280567  0.000607922
426.069  283.926  0.000299881  -0.00018566  0.000423787
434.123  298.875  0.000279578  -0.000158165  0.000709521
409.085  264.919  0.000254661  -0.000162154  0.000265282
540.137  283.589  9.23055e-05  2.73805e-05  0.000356778
537.203  267.86  0.00010232  2.14134e-05  0.000200174
541.448  293.159  8.8061e-05  3.63303e-05  0.000563462
549.07  283.69  9.73905e-05  2.83224e-05  0.000364715
497.728  282.096  0.000527086  7.7423e-05  0.000316158
540.8  262.308  0.000125188  2.27491e-05  0.000170374
506.12  256.731  0.000406509  5.51385e-05  0.0001439
526.169  250.121  0.000196723  2.90883e-05  0.000122194
735.662  372.102  0.000708494  0.00012614  0.000134289
209.188  314.742  0.000406799  -0.000269861  0.000480613
294.227  240.801  0.000140465  2.52537e-05  0.000162481
90.673  282.179  0.000376196  7.73827e-05  0.000764965
93.7745  272.953  0.000338967  0.000220022  0.00140209
130.889  323.896  0.000130651  -3.42784e-06  0.000121951
503.231  366.959  0.000267631  2.07833e-05  8.99283e-05
452.251  304.423  0.00013833  -1.91557e-05  0.000517014
429.731  319.975  9.13476e-05  6.49399e-07  0.000243751
455.712  332.948  0.00019333  4.50329e-05  0.000195266
547.262  310.427  0.00210931  0.000818801  0.000650643
475.071  260.153  0.00049387  -0.00028884  0.000372741
467.854  260.656  0.000380217  -0.000209993  0.000278655
454.365  290.633  0.00019925  -3.72354e-05  9.71564e-05
465.805  319.657  0.000282832  2.2977e-05  8.70124e-05
434.127  321.629  0.000102337  8.32749e-06  0.000149581
454.78  328.575  0.00018113  3.8278e-05  0.000149104
245.027  295.374  0.000504012  -0.000372544  0.00069668
261.308  311.572  0.000618032  -0.000131434  0.000819483
253.873  306.263  0.000508517  -0.000215032  0.000685703
202.776  295.87  0.000150304  -7.3551e-05  0.000203744
634.837  318.444  0.000844336  3.40934e-07  0.000163507
613.271  324.93  0.000289663  7.27647e-07  0.000137309
605.191  344.58  0.000216925  4.23074e-07  8.66234e-05
585.025  345.475  0.000121688  5.13235e-07  8.52855e-05
602.261  234.746  0.000248019  -5.15291e-05  0.000104162
122  334.787  0.000112578  1.17659e-05  9.46909e-05
401.9  256.159  0.00162755  0.0010292  0.00132556
402.339  255.299  0.000674705  0.000570382  0.0016455
409.525  249.623  0.000588529  0.000592476  0.00141934
78.9725  297.114  0.000261219  -0.000245728  0.00172502
97.141  302.363  0.000499365  -0.000179366  0.00138085
127.013  303.241  0.000506922  -0.000321582  0.00191663
119.268  305.255  0.00107279  -0.000281783  0.00143459
143.402  306.733  0.000335048  -0.000279282  0.0017343
587.66  318.672  0.000109617  -0.000116006  0.000612182
520.079  187.644  0.000431763  1.32076e-05  0.000107916
510.505  184.56  0.000724171  3.21513e-05  0.000104667
588.051  309.636  0.00145637  -4.59596e-05  0.000461899
602.481  309.032  0.00055473  1.93673e-06  0.000450268
628.364  288.232  0.000195073  9.59537e-05  0.00150261
645.695  358.59  0.00012871  -6.8866e-07  8.84152e-05
630.558  183.547  0.000149298  -2.42416e-05  0.000124898
87.3578  308.673  0.000342368  0.000110853  0.000262657
326.163  386.068  0.000340979  -0.000129433  0.000326984
618.387  275.171  0.000319904  -6.52921e-05  0.00118707
627.347  340.123  0.000253705  -5.80541e-05  0.000108603
239.211  351.11  0.000792238  2.36084e-05  0.000122497
629.101  177.016  0.000152754  -5.95858e-06  0.000187343
647.219  176.294  0.000247809  9.02784e-05  0.000207157
611.187  313.725  0.000377279  2.26946e-05  0.000210851
563  202.655  0.00192475  -0.000208306  0.000254131
622.118  177.626  0.000121023  1.49566e-05  0.000150623
624.367  180.497  0.000135998  -1.96855e-06  0.000172725
609.626  198.642  0.000184567  -6.2233e-06  0.00030613
625.339  280.218  0.000231446  -7.40057e-05  0.00084453
648.687  299.776  0.000452  -0.000154255  0.00035925
648.055  312.936  0.000357452  -0.000122357  0.000235238
244.533  342.557  0.000406533  -0.000123156  0.000160041
279.305  307.442  0.00054263  0.000422006  0.000614465
255.811  282.744  0.000304086  8.58969e-06  0.000158472
229.054  300.295  0.00128465  -0.000403999  0.000310396
282.192  253.904  0.000150962  4.99117e-05  0.000115901
323.235  374.733  0.000984825  -0.000455993  0.000586806
505.951  207.376  0.000571111  -0.000128618  0.000297025
466.305  213.566  0.000148497  -0.000117339  0.000530143
485.577  163.321  0.000294007  -5.58395e-05  9.69113e-05
542.329  228.955  0.000921141  -0.000294865  0.000318737
505.414  193.721  0.00177184  0.000114716  0.000458774
555.887  254.135  0.000508246  -0.00054738  0.00351842
552.907  205.485  0.00102322  0.000265922  0.00028785
541.86  321.252  0.000600471  -0.000384641  0.000427159
707.287  296.711  0.000351452  -0.000103456  0.00023176
701.268  263.128  0.000540212  -0.000451838  0.00123423
187.52  119.542  0.000185162  0.000124027  0.000210832
171.242  168.34  0.000232258  -0.000185289  0.00050319
206.104  183.626  0.000359648  -3.55328e-05  0.000542949
212.281  175.565  0.000315406  4.08562e-05  0.000388122
229.373  132.608  0.000446028  0.000270628  0.000288664
144.954  253.943  0.00178094  0.000396037  0.000384866
174.992  247.091  0.000483512  -0.000215836  0.00063457
188.529  244.793  0.000495378  -0.000506139  0.00111735
342.343  151.804  0.000664893  0.000103849  0.000216181
342.258  203.144  0.000508002  0.000101599  0.00028653
360.892  205.486  0.000236565  6.4714e-05  0.000231547
355.01  191.789  0.000316715  9.78378e-05  0.000255746
346.852  204.125  0.000295768  4.62659e-05  0.000263027
531.479  218.081  0.0016115  -0.000836609  0.000768068
549.157  148.657  0.000519111  -0.000161835  0.000356963
276.358  130.29  0.0001871  -3.05613e-05  9.97061e-05
328.154  192.727  0.000945278  -0.000142945  0.000552122
355.407  193.365  0.000493815  0.000430661  0.00259865
334.606  186.556  0.00148908  8.59959e-05  0.00101783
341.35  155.176  0.000777269  -7.60699e-06  0.000236126
312.318  178.267  0.000229058  0.000126155  0.00049677
296.875  150.58  0.000123932  5.01341e-05  0.000162341
337.103  206.807  0.00132418  -3.70981e-05  0.000259618
343.512  205.649  0.000830213  -5.92463e-06  0.000257651
359.445  207.944  0.000367059  1.57262e-05  0.000214329
352.827  175.252  0.00047964  0.000112514  0.000527905
336.835  183.111  0.00096045  -0.000318965  0.001001
351.492  206.41  0.00119122  -0.000538488  0.000520565
343.006  214.633  0.000542065  -0.000228927  0.000318173
355.257  241.957  0.000507669  -0.000231732  0.000210535
343.699  218.648  0.000510646  -0.000213254  0.000244896
345.266  199.171  0.000981148  -0.000439891  0.000376003
340.828  206.838  0.000593354  -0.000255972  0.000260997
83.1074  332.717  0.000436659  0.000242474  0.000756685
292.712  136.83  0.000437076  0.000424305  0.00161368
251.618  178.759  0.00139673  0.00135545  0.0023498
138.368  181.276  0.000646959  0.000416837  0.000541084
135.173  178.901  0.000875587  0.000538768  0.000728007
637.03  130.776  0.000307307  0.000231553  0.00182737
694.749  439.781  0.000586834  7.57951e-05  8.91032e-05
605.303  145.061  0.000237531  7.00617e-05  0.00153334
639.139  136.257  0.00079433  0.000745802  0.00161014
602.297  149.723  0.000242203  0.000255976  0.00076278
717.82  182.063  0.000959757  -0.000468036  0.000438819
628.2  148.871  0.0001832  7.18488e-05  0.00134194
597.018  158.486  0.000177884  0.000158539  0.000782693
602.686  155.949  0.000344893  0.000280379  0.000664353
629.752  150.703  0.000166786  8.91366e-05  0.000676693
652.292  145.57  0.000113137  -9.95595e-07  0.000929279
586.028  175.179  0.000140144  0.000140107  0.000355687
619.325  123.086  0.000373428  0.000139199  0.00212591
463.811  258.514  0.000391015  0.00013483  0.000142989
475.155  245.668  0.000406769  0.000101943  0.000157318
153.081  179.75  0.000173611  1.87594e-05  7.54423e-05
471.407  85.4785  0.00015441  -1.80169e-05  0.000452687
466.306  77.246  0.000177066  -8.8262e-06  0.00101875
486.829  71.8743  0.000361261  -0.00020883  0.00102188
560.513  64.2781  8.49298e-05  2.37751e-05  0.000233106
580.107  69.6736  0.000140836  4.52494e-05  0.000208941
560.429  69.9022  0.000547471  0.000191556  0.00240824
553.294  76.4641  0.000347745  0.00010781  0.00145834
400.173  283.383  0.00100641  0.000171936  0.000188984
285.798  276.709  0.000229798  -0.000190009  0.000371473
