1.0
879
462.852  609.669  0.00631724  -0.00533132  0.00776589
463.693  614.844  0.00365997  -0.00193312  0.00654192
710.185  609.611  0.00312437  -0.00250029  0.00909703
746.117  609.619  0.00410702  -0.00119852  0.00581412
752.029  606.491  0.00238336  0.000101693  0.00302694
750.933  600.463  0.00349936  0.00190898  0.00367822
171.682  604.167  0.00466646  -0.000628269  0.00404134
496.24  575.096  0.00725583  -0.00112855  0.00124748
493.867  577.636  0.00458951  -0.00082254  0.00149584
488.871  567.992  0.00278224  -0.000481589  0.000795944
474.998  553.556  0.000954726  -0.00018633  0.000410143
474.076  576.228  0.000773374  -0.000354903  0.00165844
471.759  584.603  0.000713386  -0.000796773  0.00458186
483.571  553.264  0.00193066  -0.000310716  0.000399726
548.882  580.699  0.00129848  -0.00157408  0.00654491
547.16  578.485  0.00103953  -0.00115651  0.00497533
627.516  546.667  0.00253764  -0.000397771  0.000557336
643.146  582.793  0.000364127  -0.000191099  0.00106609
641.333  574.425  0.000365162  -0.000151483  0.000641989
745.641  562.408  0.00779747  -0.0023263  0.00232068
740.58  561.752  0.00358085  -0.000942696  0.00165689
732.148  546.065  0.00242717  -0.000726392  0.000711698
728.066  545.598  0.00164232  -0.000466921  0.000597265
734.146  577.579  0.00138469  0.00104945  0.00729502
664.965  591.913  0.004969  -0.00123604  0.00167438
364.524  542.678  0.00107677  0.000480147  0.00132339
294.913  567.208  0.002226  -0.00189347  0.0112541
306.947  558.576  0.00136959  0.00168248  0.00608533
315.18  558.595  0.000841752  0.000871626  0.0037879
567.356  561.646  0.0004313  0.000161426  0.0017285
524.531  541.61  0.00132614  0.000146317  0.00100515
143.569  552.222  0.0103938  -0.00252827  0.00204474
452.423  576.739  0.00121655  -0.00036837  0.0042401
467.964  581.13  0.00794686  0.000750958  0.00320394
457.934  584.197  0.00208293  5.65448e-05  0.00192811
463.142  588.246  0.00416381  0.000420061  0.00147244
461.61  563.892  0.00284897  0.00238991  0.00796441
726.506  583.097  0.00136156  -0.000759669  0.00513294
725.37  579.195  0.00120928  -0.000470408  0.00968791
262.596  579.124  0.00190294  0.00205303  0.00635256
395.115  573.237  0.00134519  0.00058544  0.00797382
401.31  574.214  0.000821703  0.000258644  0.00684438
730.604  552.179  0.00227004  -0.00302346  0.0103365
723.059  558.122  0.000974302  -0.000965202  0.00295225
716.836  557.509  0.000717964  -0.000815187  0.00263947
315.705  552.71  0.00428814  0.00242743  0.00565899
572.216  545.279  0.0014801  0.000866392  0.00432639
591.565  573.792  0.00344265  -0.00115269  0.00178428
586.011  571.807  0.00344058  -0.000779776  0.00142837
575.524  521.179  0.00552345  -0.00103758  0.00273579
571.079  521.867  0.00532379  -0.00303585  0.00450469
231.36  535.342  0.00069625  0.000176562  0.00560487
441.335  465.193  0.000440039  4.39977e-05  0.00052284
690.04  527.407  0.0046465  -0.00154767  0.00182018
702.364  523.912  0.00133794  -0.000105918  0.000786791
710.451  535.518  0.00102329  -0.000251569  0.000469882
444.847  515.031  0.00200105  -0.000586176  0.00639756
601.145  474.624  0.00317303  -0.000967046  0.00132426
596.144  469.457  0.00241824  -0.000833979  0.000958892
300.096  483.438  0.00477985  0.00111386  0.00383562
292.685  488.294  0.00213687  0.00108539  0.00722641
670.403  521.754  0.00796338  0.00537312  0.0060224
487.767  497.952  0.00623658  0.00208515  0.00348576
489.499  501.796  0.00411888  0.00135137  0.0021793
488.44  514.318  0.00319516  0.00088661  0.000919191
97.7827  482.839  0.00160387  -0.00148839  0.00306577
108.396  485.358  0.000931558  -0.00110645  0.00270259
92.061  474.829  0.00171597  -0.00121356  0.00183653
734.291  493.501  0.00114026  -0.00105059  0.00342104
657.946  492.635  0.000360017  -0.000221289  0.00181989
324.73  477.629  0.00407146  -0.00067849  0.00141386
427.675  451.204  0.00371166  -0.000314308  0.000993521
593.118  453.777  0.00419128  -0.00253504  0.00293915
576.414  455.589  0.000872521  -0.000899822  0.0030328
564.366  439.846  0.000666163  -0.000490147  0.00103468
384.627  439.698  0.00102876  -2.8562e-05  0.000560189
367.576  440.811  0.000394679  1.59584e-05  0.000549653
715.035  471.949  0.00264303  -0.000279394  0.00445535
701.105  457.886  0.00442681  -0.00249468  0.00240545
702.607  455.26  0.0029233  -0.00158701  0.00173913
699.883  448.156  0.00239099  -0.00133423  0.00133211
341.715  446.024  0.000387719  8.33299e-05  0.000777741
371.665  439.953  0.000480421  2.04538e-05  0.000747432
367.99  488.043  0.0011098  4.14667e-05  0.00249035
375.58  486.665  0.000679208  0.000153807  0.00261245
610.968  485.328  0.00125137  -0.000267342  0.00316746
380.537  485.883  0.000506382  6.79526e-05  0.00196396
336.639  447.019  0.000753565  0.000472346  0.0016696
324.859  452.287  0.000464971  0.000409027  0.00237455
330.957  439.749  0.000720019  0.000137337  0.000847995
343.638  444.918  0.000417207  0.000122457  0.00183084
383.085  439.205  0.000383037  0.000236501  0.00154641
610.794  490.259  0.00167513  -0.000792022  0.00164536
572.224  476.076  0.00426175  0.00107472  0.00178148
586.426  461.596  0.00271267  0.00243082  0.00508753
590.27  469.288  0.00144961  0.000915608  0.00170348
598.939  468.212  0.000889834  0.000681714  0.00136257
603.157  478.67  0.000573688  0.000338562  0.000611152
294.016  462.897  0.00126078  3.80934e-05  0.00158643
289.003  447.947  0.00177272  0.000203357  0.00318054
290.79  440.499  0.00153083  0.00106775  0.0109111
296.053  455.817  0.00103995  6.05892e-05  0.00132856
481.017  461.444  0.00194199  -0.00151416  0.00461821
484.01  464.891  0.00153834  -8.21863e-05  0.00340905
433.214  468.692  0.000948038  -0.000192926  0.000890536
191.242  436.681  0.00356903  0.00161479  0.00301528
178.876  441.046  0.00656494  -0.00335485  0.00481722
667.216  431.042  0.000784954  -0.00064605  0.00444834
673.773  422.462  0.000312891  -0.000146323  0.00200779
459.708  464.889  0.00948024  -0.00159058  0.00190402
475.96  467.794  0.00133489  -0.000544435  0.00184735
405.359  459.263  0.0032327  -0.000317589  0.00136571
408.111  458.913  0.00823141  0.000664566  0.00136772
198.212  448.003  0.00503658  0.00455532  0.00886668
203.25  439.273  0.00218462  0.00191538  0.00380892
183.574  439.659  0.00290627  -0.00136014  0.00267596
275.437  467.133  0.000524473  0.000129005  0.00126639
432.913  473.786  0.00222172  -0.00025223  0.000397975
425.947  465.485  0.00131289  -3.98284e-06  0.00107439
460.706  437.727  0.00448837  0.000414913  0.00324996
577.544  435.21  0.00511947  -0.0026899  0.00554612
577.096  440.578  0.00338308  0.000112908  0.00677924
578.191  459.406  0.000788845  -0.000559673  0.00368427
591.034  461.666  0.00186239  -0.00143344  0.00354345
362.473  458.126  0.000490674  0.000199402  0.00193666
120.843  442.77  0.00363218  0.00118313  0.00171748
125.478  450.51  0.0019991  0.000566442  0.000786296
133.704  448.952  0.00111898  0.000430468  0.000652898
135.979  429.55  0.00174233  0.00163374  0.00282428
135.706  434.462  0.00139272  0.00101507  0.00171188
45.4854  439.986  0.0020221  0.000411967  0.00293922
46.3523  449.729  0.00187402  0.000820957  0.00930768
62.6372  483.167  0.000569934  3.66216e-05  0.000404669
653.198  444.42  0.00158434  0.000308529  0.00105667
354.002  451.827  0.0016024  -0.00015118  0.0014522
369.987  451.02  0.000558819  6.56117e-05  0.00121314
378.234  451.417  0.00038684  8.22515e-05  0.00105976
353.932  450.01  0.00204803  0.000313495  0.00309095
370.102  437.774  0.000516134  1.38442e-06  0.000401258
340.539  452.991  0.00146686  0.000296826  0.00206386
281.73  448.216  0.000919933  0.000229289  0.00341071
277.752  460.318  0.000627467  2.13698e-05  0.00110094
627.378  446.174  0.00150826  0.00159469  0.00430314
649.226  438.606  0.00339211  -0.00306183  0.00846885
648.583  456.431  0.000574836  -0.000269542  0.00148049
474.585  460.814  0.000715855  -0.000309142  0.000731133
430.645  407.358  0.00280074  -0.00129428  0.00160336
429.038  402.029  0.00245443  -0.00115832  0.00126295
424.796  452.548  0.00589675  -0.000172906  0.00165069
85.5537  413.972  0.000696801  -6.12899e-05  0.00230305
632.179  400.955  0.0102268  -0.00134791  0.00141393
638.722  435.185  0.00148748  -0.00141598  0.0029563
443.675  397.733  0.000521109  0.000331797  0.00299492
212.229  413.374  0.000724839  -0.000188283  0.00468037
732.548  392.776  0.00351295  -0.0015099  0.00494604
730.368  388.395  0.00323314  -0.00162702  0.00330391
746.963  395.862  0.00186296  0.000958307  0.00953994
750.222  394.472  0.00138781  0.000874581  0.00798913
736.318  393.285  0.00510415  -0.00122031  0.00501929
745.693  383.21  0.00122058  -0.000183883  0.00179298
735.185  384.495  0.00360317  -0.00112692  0.00208551
746.237  379.508  0.00104667  -0.000192504  0.0013463
370.941  412.348  0.00523322  0.000937748  0.00343456
375.982  403.595  0.00306167  0.000395998  0.000853979
743.322  418.325  0.00579904  0.00519152  0.00761174
330.904  414.707  0.00234002  -7.01813e-05  0.00288457
329.062  407.176  0.00233354  -0.000315351  0.00140895
325.272  385.111  0.00203152  -0.00040355  0.000454918
330.349  398.444  0.00221397  6.17268e-05  0.000713835
329.608  410.823  0.00220634  6.62729e-05  0.00181409
323.221  415.81  0.00123525  0.000318835  0.00273587
322.41  408.535  0.00119325  9.34519e-05  0.00133287
322.003  422.263  0.00118965  0.000995512  0.00683849
615.649  413.625  0.00189853  0.000157981  0.0125704
623.122  417.667  0.00132419  -0.000559726  0.00541864
633.138  425.917  0.00111609  -0.000877053  0.00254102
406.132  422.982  0.00260648  -0.000423041  0.00131471
208.544  413.73  0.000511485  -0.000229816  0.00439046
366.235  413.871  0.00397421  -0.000341579  0.00289442
410.789  425.654  0.00113703  -4.37711e-05  0.000934945
411.402  421.976  0.00169545  -5.68705e-05  0.00120055
415.553  415.355  0.00234731  0.000105111  0.00194479
422.304  411.831  0.00127474  0.000325036  0.00243764
361.423  417.768  0.00160279  -7.74702e-05  0.0007606
365.665  419.092  0.000779391  -8.94745e-05  0.000708653
357.311  414.438  0.0115154  -0.0013158  0.00218369
376.652  396.405  0.000907203  -0.00012651  0.000531638
360.321  395.631  0.00583697  0.00197685  0.00451109
371.992  406.981  0.00164138  0.000303187  0.000832286
376.242  411.881  0.00120256  0.000186755  0.00054871
327.535  430.962  0.00146368  -0.000227269  0.000972419
366.851  397.076  0.000872622  0.000723915  0.00420083
377.33  389.725  0.00351129  -0.00266401  0.00777459
367.124  416.853  0.000915269  -0.000245423  0.000494864
71.7095  377.609  0.00279495  0.000488371  0.00765614
41.2697  354.508  0.000958554  6.22025e-05  0.00188567
11.2985  354.387  0.0124832  -0.00124997  0.00174674
17.7982  345.063  0.00569378  -0.000855823  0.000985922
72.0058  385.386  0.00335458  0.000538387  0.00482539
365.02  379.472  0.00196056  0.00171573  0.0117782
637.983  419.307  0.000988146  0.00013937  0.000386603
650.658  390.266  0.00086938  -0.00062854  0.0030376
211.942  334.675  0.000731649  5.70882e-05  0.000780249
200.995  325.271  0.00149306  -6.02207e-05  0.000437467
195.169  326.151  0.00269241  -0.000161075  0.000445948
204.478  320.834  0.00109626  -3.73152e-05  0.000366298
215.278  318.139  0.000554794  5.80623e-06  0.000346717
202.782  327.908  0.000671493  -5.19658e-05  0.000515455
187.918  327.311  0.00202561  -0.000320586  0.00050192
173.738  337.102  0.0038485  -0.000580266  0.000753995
202.334  336.294  0.00187996  -0.00019842  0.000837292
185.439  337.647  0.00405406  -0.000581245  0.000845561
183.19  331.92  0.00340441  -0.000502437  0.000617651
183.509  340.502  0.00764733  -0.00119518  0.00108548
203.051  333.982  0.00568922  -0.000920468  0.000869575
197.13  337.036  0.00475379  -0.000869193  0.000987002
193.581  329.898  0.00353115  -0.000657157  0.000659342
193.566  339.083  0.00677885  -0.00111736  0.00109149
195.31  327.24  0.00108883  6.31105e-05  0.000450001
182.823  328.626  0.0037497  4.94789e-05  0.000439468
310.796  344.193  0.00180564  0.000710154  0.00396738
704.637  339.349  0.00178215  0.00180687  0.00311987
684.821  348.245  0.0079912  0.00344641  0.00330299
686.284  343.148  0.00774611  0.00295419  0.00231448
82.9302  367.72  0.00194837  0.00202705  0.00822168
729.569  315.314  0.000485162  -0.000309129  0.00112993
582.896  359.115  0.00132836  -0.00022865  0.00373498
610.039  372.925  0.000421135  -0.000130118  0.000843913
150.091  359.58  0.00107968  -0.000652826  0.00112226
716.407  322.342  0.0070994  -0.00038213  0.00304056
697.21  314.852  0.000924256  -1.19509e-05  0.00131945
436.437  328.148  0.000535979  0.000462135  0.00316521
435.17  322.815  0.000480694  0.000244127  0.00173512
311.424  340.879  0.00226457  0.00233521  0.0112129
356.86  347.164  0.00140386  0.000335593  0.00121004
365.88  342.259  0.000812407  0.000407307  0.00147933
311.724  340.189  0.00196196  0.000884516  0.00595504
298.863  342.15  0.000825614  0.000871208  0.00589012
311.485  343.926  0.00186701  0.000508295  0.00340562
301.221  345.525  0.000880705  0.000499532  0.00336819
724.335  339.52  0.00593101  -0.000867232  0.00347949
646.173  319.888  0.00474973  -0.00295761  0.00621741
373.101  337.909  0.00209228  4.86431e-06  0.00262532
361.827  340.453  0.000856437  -5.58313e-05  0.00183008
368.66  341.415  0.00142701  5.64287e-06  0.00176018
348.02  349.405  0.000421693  -2.23454e-05  0.00083388
407.988  331.248  0.00361128  0.000723149  0.00652914
363.393  328.164  0.000882443  -0.000251317  0.00713421
379.665  339.221  0.00483338  0.000385836  0.0018634
375.503  344.17  0.00291132  0.00022894  0.00119552
703.384  294.475  0.00169924  -5.10853e-05  0.000490488
696.288  318.606  0.000905522  0.000317627  0.00264189
707.78  289.035  0.00136582  0.000132235  0.000389158
697.664  310.008  0.00074682  0.000212066  0.00119543
694.616  317.847  0.000668912  0.000373148  0.00235882
92.1025  343.556  0.000869103  0.000143775  0.00197884
91.0059  343.196  0.000787722  0.000302615  0.00470273
131.052  336.878  0.00093666  0.000178174  0.00288844
122.036  344.692  0.000474997  0.000120748  0.00159028
364.768  339.346  0.000429058  5.11954e-05  0.00287493
364.076  347.491  0.000373374  -2.48038e-05  0.00131154
380.438  360.008  0.000718384  -0.000160384  0.000589975
424.02  327.53  0.00227154  0.000509097  0.009204
386.015  311.806  0.000575366  -0.000657462  0.00322566
256.892  303.992  0.000529505  4.35203e-05  0.000527027
254.55  323.491  0.000485253  0.000343715  0.00200779
320.328  281.482  0.000653434  -8.06001e-06  0.0003352
328.03  282.768  0.00197015  -2.12029e-05  0.000371347
326.355  280.863  0.00120226  -0.000100558  0.000357532
385.222  297.836  0.000669344  0.000772015  0.00304313
378.843  296.974  0.00089438  0.000533323  0.00225641
586.466  307.664  0.00110193  -0.00046399  0.00252807
719.147  347.136  0.00875811  -0.000149565  0.00160789
707.405  307.517  0.00451958  -0.00390275  0.00637063
714.613  293.435  0.00279297  0.000373414  0.000746081
703.785  297.381  0.00110098  0.000287426  0.000775044
691.289  314.092  0.000706584  0.000681279  0.00220135
408.551  304.318  0.00266764  -0.00317691  0.00798805
402.178  304.19  0.00146182  -0.00158787  0.0054511
364.745  300.301  0.000271386  -0.000193447  0.00172311
427.746  300.993  0.00401837  0.000193537  0.00279529
426.161  298.509  0.0032784  0.000133843  0.00207998
422.76  296.655  0.00222605  0.000121669  0.00166903
345.847  274.554  0.00358257  -0.000732019  0.000592147
349.255  271.806  0.00223326  -0.000462616  0.000481906
166.029  331.58  0.00604811  -0.000979075  0.00196142
209.977  326.6  0.000708285  -1.5927e-05  0.00161068
212.782  333.574  0.000652966  -6.33785e-05  0.000931487
211.297  317.776  0.000610753  0.000239929  0.00427162
227.864  342.185  0.000343762  -3.06674e-05  0.000521065
192.338  331.848  0.00360213  -0.000684238  0.000906097
200.987  320.777  0.000698944  0.00022128  0.0031847
194.43  326.666  0.000477579  0.000116558  0.00177758
203.475  333.235  0.00074627  2.58029e-05  0.000979241
213.846  334.368  0.00158305  -5.11772e-05  0.000858842
196.939  333.44  0.00680901  -0.00109651  0.00186895
191.083  335.634  0.0027516  -0.000245445  0.00156911
221.245  338.445  0.00509761  -0.00104684  0.000874726
217.636  315.191  0.00414433  -0.000380187  0.0060635
218.962  320.608  0.00403097  -0.000635746  0.00287463
236.02  339.752  0.00108867  -0.000186958  0.00060295
196.894  331.717  0.0124348  -0.00173881  0.00220287
202.35  339.731  0.00547162  -0.000748655  0.00103779
209.885  339.998  0.00210204  -0.000184146  0.000828948
222.482  333.36  0.000761369  0.000102238  0.00100277
223.779  320.294  0.000751407  0.000650522  0.00327525
228.418  335.096  0.000561128  9.30095e-05  0.000812481
171.82  331.182  0.00277716  -0.000169045  0.00165115
179.865  336.554  0.00805431  -0.00122532  0.00115892
206.58  334.88  0.00268879  -0.000395741  0.000937666
203.95  320.588  0.00274641  -0.000204423  0.003237
213.253  325.899  0.00123373  -7.24084e-05  0.00167568
215.197  330.854  0.00113209  -0.000103894  0.0011104
231.354  341.453  0.000477165  -3.83073e-05  0.00053057
227.203  325.299  0.000520763  2.31164e-05  0.000840087
171.82  330.961  0.00714459  -0.00100196  0.00184325
196.164  339.282  0.00522205  -0.000908959  0.000867064
200.456  342.732  0.00310241  -0.00052716  0.000661587
203.567  337.508  0.00196852  -0.000300817  0.000803566
208.149  343.714  0.00143425  -0.000221531  0.000558598
219.813  337.241  0.000601225  -5.12996e-05  0.000707876
191.181  337.008  0.00502831  -0.000196155  0.00133427
218.861  344.831  0.00383403  -0.000340828  0.000498013
219.141  334.162  0.00320936  -0.000246122  0.000866749
292.946  285.997  0.00340875  -0.000113347  0.00038818
199.159  326.896  0.00577075  0.000120911  0.00295686
201.266  331.292  0.00771809  -0.000347192  0.00179903
189.616  334.289  0.00169865  0.000229725  0.00169268
197.805  333.633  0.00418113  -5.4495e-05  0.00154045
195.061  338.378  0.00276025  -1.53273e-05  0.00110442
591.87  339.967  0.00329979  0.000537357  0.000868843
587.211  349.032  0.0024832  0.000460599  0.000537784
505.423  311.984  0.00674453  -0.000942187  0.00298385
504.188  300.181  0.00646121  -0.000838698  0.00108238
309.294  312.866  0.00571023  -6.33901e-05  0.00303891
294.784  284.782  0.00139528  -7.03518e-05  0.000375562
202.018  332.351  0.00179036  7.8984e-05  0.00158773
195.609  334.282  0.00106907  0.000181578  0.00150877
209.768  335.282  0.00396922  -0.000391103  0.00115812
202.711  320.428  0.00224275  -7.80611e-05  0.0033214
197.854  320.848  0.0014178  5.57249e-05  0.0032997
211.824  338.159  0.00496982  -0.000746619  0.000808734
206.691  328.505  0.00973378  -0.0012629  0.00231344
202.236  329.982  0.00425544  -0.000302158  0.00204981
208.371  333.981  0.00811543  0.000237826  0.00119313
213.868  318.808  0.0035953  0.0012963  0.00568403
214.9  322.236  0.00307456  0.000748687  0.00330298
215.78  327.847  0.00271269  0.000389746  0.00174186
223.096  327.928  0.00137372  0.000336453  0.00148417
231.729  335.795  0.00075016  0.000164504  0.000727243
232.302  314.85  0.000971595  0.00124502  0.00540915
182.294  329.712  0.00743396  -0.000765079  0.00164113
206.516  340.521  0.00514934  -0.00068428  0.000713716
212.854  344.984  0.00241304  -0.000304628  0.000517871
213.636  317.172  0.00154181  0.000173073  0.00453741
219.721  317.111  0.000970826  0.000228553  0.00422494
209.022  324.705  0.00704257  0.000131262  0.00189926
233.139  341.949  0.00065949  4.00543e-05  0.000499291
531.326  315.782  0.00139476  -0.000285405  0.0042265
530.346  306.854  0.00140594  -0.000190353  0.00155806
532.003  318.531  0.00188613  -0.00084226  0.00677089
318.648  312.314  0.00169172  -0.000126073  0.00246215
310.036  294.353  0.00351127  -0.000300368  0.0007011
671.95  305.339  0.00122729  -0.00101103  0.00671866
203.24  325.062  0.000621585  0.000317207  0.0015645
207.731  332.649  0.000476018  0.000170084  0.000824232
209.415  326.127  0.00185972  -6.13857e-05  0.00167646
194.351  320.336  0.000441021  0.000282098  0.00363689
195.659  331.628  0.000431074  6.71597e-05  0.00115492
405.469  312.379  0.00129808  0.00039438  0.00862004
315.313  315.448  0.00214056  0.000813281  0.00485326
298.842  285.233  0.000564681  8.30797e-05  0.000382802
318.922  275.951  0.000697239  -3.79878e-05  0.00233019
302.396  312.111  0.00459282  -0.00103365  0.00289053
317.37  313.19  0.00101829  -0.000184507  0.00228558
396.579  274.213  0.00144532  0.0011707  0.00515646
385.269  270.708  0.00594952  0.00247284  0.00329633
195.404  303.775  0.000327543  1.79954e-05  0.00178999
232.815  309.63  0.00275595  -0.00154556  0.00174816
208.874  324.121  0.000433558  -0.000128712  0.000487961
168.944  275.214  0.00140637  -7.02502e-05  0.00846912
184.626  268.387  0.000428647  0.000122133  0.00368408
180.447  260.478  0.00037132  -9.7517e-05  0.00162941
176.772  249.512  0.000300312  -0.000144447  0.000814012
706.369  325.086  0.00152009  -0.00061531  0.000930568
198.323  330.231  0.00089253  -0.000321541  0.000539072
199.05  303.463  0.000487889  9.30272e-05  0.00238979
203.048  309.282  0.000440052  -1.86675e-05  0.00135596
163.416  275.229  0.00222034  -0.00116233  0.00517253
158.691  272.106  0.00285129  -0.00183535  0.00408868
168.925  267.668  0.000881519  -0.000432663  0.00226823
160.775  250.314  0.000636889  -0.000415911  0.000868937
481.13  286.353  0.00802111  -0.000667638  0.0023263
347.651  265.485  0.00254998  3.72074e-05  0.00292541
348.869  265.872  0.00147566  0.00011872  0.00311499
388.571  243.782  0.000524214  3.36713e-05  0.000684025
393.113  239.288  0.000414493  2.72261e-05  0.000546659
377.238  256.441  0.00735481  0.0024781  0.00228919
346.784  267.374  0.00359365  -0.000321185  0.00378986
390.945  260.611  0.00119694  0.000256862  0.00297309
392.135  257.406  0.00106002  0.000160234  0.00211061
388.055  252.326  0.00137124  2.02281e-05  0.00127726
380.624  265.442  0.00153395  0.000407478  0.00484698
396.589  233.085  0.00359619  -0.000211099  0.000442404
374.04  241.045  0.00055472  2.88138e-05  0.000546861
405.153  234.413  0.0030034  -0.00017347  0.000492819
375.105  238.399  0.000370157  3.25127e-05  0.000480766
408.183  226.852  0.00267384  -0.000383114  0.000411154
379.434  256.979  0.0109935  -0.00129717  0.00192741
403.255  251.041  0.0034765  -0.000657601  0.00152857
399.626  244.416  0.00463683  -0.00100501  0.00106234
403.052  244.639  0.00293142  -0.000592452  0.000999214
415.34  225.718  0.000717135  -0.000127114  0.000380476
376.144  249.948  0.000819172  -7.71188e-05  0.000993253
389.358  250.877  0.000838476  -1.58262e-05  0.00117372
384.652  243.411  0.00103389  -0.000115896  0.000707486
533.376  275.537  0.00247567  -0.000230716  0.00433249
744.688  272.207  0.00469992  -0.00520591  0.0106411
480.689  275.908  0.00166253  0.00106409  0.0114003
490.248  278.223  0.00404863  -0.000305704  0.00583366
485.078  278.41  0.0022059  0.000230495  0.00618399
254.659  285.776  0.000803192  0.000182816  0.00216567
261.592  287.719  0.00124493  4.56992e-05  0.00164773
300.541  294.895  0.00419003  -0.000375699  0.000677048
517.707  287.53  0.00674525  -0.000546812  0.00136384
511.052  306.579  0.00207699  -0.000164457  0.000450196
209.664  276.766  0.00202396  0.00103446  0.00225267
179.537  279.188  0.000788692  -8.93079e-05  0.00179848
185.61  276.171  0.000528244  -2.28568e-05  0.0014622
193.819  273.414  0.00035094  2.62983e-05  0.00126058
170.413  275.18  0.00130419  -0.000387312  0.00130359
173.399  272.5  0.000961903  -0.000268219  0.00108304
181.944  267.035  0.000512526  -0.000113093  0.000784944
164.505  270.53  0.00167979  0.000165117  0.00610561
184.064  274.203  0.000580285  7.40226e-05  0.0021698
166.371  250.079  0.00577728  0.000912463  0.00290609
150.042  224.596  0.000883669  0.000131744  0.000397196
273.579  240.429  0.0102999  -0.000448151  0.00144357
272.389  236.565  0.00837899  -0.00038064  0.00105749
270.624  232.276  0.00628469  -0.000287125  0.000781355
453.386  248.667  0.00150248  0.000998543  0.00730891
447.876  248.25  0.00230694  0.000604627  0.00577256
467.478  241.008  0.000581501  0.000448747  0.00319429
449.517  222.363  0.00128274  -0.000109184  0.000595827
275.156  229.806  0.00290869  -0.000351552  0.00071553
273.373  240.615  0.0110916  -0.00129368  0.0015923
460.423  261.421  0.000678996  0.000317766  0.00126324
451.099  262.219  0.0020653  0.000113528  0.0015236
468.178  255.868  0.000677114  0.000396269  0.00168949
584.124  257.198  0.00130741  -0.00106896  0.00372529
152.465  270.982  0.00142152  0.000368981  0.00109222
599.812  241.89  0.0019544  0.000926117  0.0103929
588.746  241.215  0.000947472  -4.09009e-05  0.00600278
579.946  247.274  0.000816908  0.000756299  0.00361724
571.595  247.963  0.00056601  0.00046973  0.00261314
480.919  233.236  0.00123824  -0.000118645  0.00393791
494.077  224.729  0.000445804  2.04256e-05  0.00183106
465.514  223.617  0.00320302  -0.00155266  0.00203218
480.437  214.713  0.000640021  -0.000236833  0.000886618
480.235  227.82  0.00103801  -0.000173541  0.00292611
476.156  216.029  0.000864462  -0.00033409  0.00114188
235.738  210.89  0.00183784  -0.000166962  0.000448465
158.47  251.606  0.00056094  -8.80704e-05  0.00473548
182.066  252.072  0.00403773  -0.000917132  0.00446576
178.276  252.819  0.00244757  -0.000543908  0.0039659
180.243  258.468  0.00262795  -0.000604501  0.00211293
184.546  261.402  0.00419677  -0.000981138  0.00172513
186.858  268.401  0.00462687  -0.00108903  0.00113365
182.811  269.767  0.00259432  -0.000607654  0.000946843
166.724  284.928  0.0005712  -0.000131976  0.000398152
529.347  279.695  0.00607097  -0.00416033  0.00544212
529.657  284.174  0.00399706  -0.00177643  0.00420695
502.274  278.002  0.000721275  -0.000245898  0.000807541
496.01  274.559  0.000593205  -0.000235444  0.000642631
182.411  234.545  0.00883372  -0.00189607  0.00170993
180.697  237.683  0.0055812  -0.00107083  0.00185496
177.526  239.586  0.00330165  -0.000495543  0.00193772
158.38  250.513  0.000677141  0.000571942  0.00450167
147.979  224.115  0.00046963  -3.5909e-05  0.000486314
230.025  237.438  0.000569148  2.64585e-05  0.0025361
179.801  220.652  0.000696507  -3.07191e-05  0.000559314
171.408  243.694  0.000415556  0.000178488  0.00341437
164.973  221.34  0.000335726  3.02541e-06  0.00054872
232.159  219.806  0.000861435  -1.65828e-05  0.000664627
229.893  229.827  0.000707131  7.93526e-05  0.00127174
231.41  205.711  0.000908406  -6.35438e-05  0.000341113
256.642  207.51  0.000403935  1.37523e-05  0.000411387
229.07  218.827  0.000722978  9.24584e-06  0.00050101
309.849  296.293  0.00216505  8.19734e-06  0.000739714
324.862  279.799  0.000338486  1.67658e-05  0.000359896
698.953  235.391  0.00139798  -0.000939435  0.00332317
203.722  257.856  0.00462363  3.36349e-06  0.00131654
203.23  266.727  0.00377615  -0.000116004  0.000732562
183.014  275.487  0.000689171  0.000150518  0.000629122
181.596  282.589  0.000602071  9.61991e-05  0.000447762
197.698  278.727  0.00178662  -2.67654e-05  0.000427741
205.322  232.721  0.00408531  -0.000782687  0.00197859
261.983  224.395  0.000353342  0.000114102  0.00141015
757.458  250.227  0.00106038  -0.000120427  0.000534205
450.436  213.947  0.00111364  0.000161585  0.00125482
463.417  205.29  0.00050673  0.000164726  0.000870755
455.197  214.236  0.00170225  0.000298692  0.00140264
468.23  207.456  0.00070643  0.000275971  0.00110033
428.629  229.588  0.00718694  -0.000798081  0.00346909
426.647  224.087  0.0062926  -0.00102857  0.00197152
422.931  228.438  0.00322822  -9.81065e-05  0.00239975
408.229  225.746  0.000964438  0.000131692  0.00123727
403.686  222.853  0.000753863  8.73522e-05  0.000916752
502.111  246.694  0.000496052  -0.000201905  0.00154288
509.631  244.596  0.000351174  -4.87507e-05  0.00103918
454.821  263.678  0.00225685  -0.000122733  0.000538527
458.731  254.744  0.00146728  -5.52586e-05  0.000892125
466.8  252.379  0.000800025  -5.90287e-06  0.00102161
483.288  249.132  0.000342375  3.34204e-05  0.00123129
455.656  242.478  0.00447123  -0.000964338  0.00286531
455.141  238.245  0.00415055  -0.000797019  0.00481071
458.1  244.354  0.00338116  -0.000723401  0.00229457
463.865  244.43  0.00178555  -0.000340112  0.00213008
473.377  244.041  0.000842711  -0.0001121  0.00206636
481.236  243.85  0.000533662  -3.87445e-05  0.00201516
444.363  215.775  0.00200324  -9.44844e-05  0.00821184
443.49  213.107  0.00194691  -0.000223695  0.00508986
459.06  200.486  0.00455843  -0.00101421  0.00156463
445.432  213.52  0.000893699  3.61476e-05  0.00545771
456.967  200.496  0.0102244  -0.00156407  0.00156039
276.306  246.93  0.00702141  -0.000594563  0.00103845
760.41  250.806  0.00169715  -0.000334767  0.000688376
166.703  239.998  0.000377855  0.000230664  0.00153575
251.345  243.911  0.00062798  1.89492e-05  0.000508013
298.943  235.941  0.000475104  -0.00041428  0.00147829
304.178  178.46  0.000635734  -0.000233431  0.000621183
755.178  246.961  0.00215516  -0.000247979  0.000812189
388.441  238.43  0.000625982  -1.15595e-05  0.000430269
383.372  244.764  0.00154585  -0.000252195  0.000395207
465.208  199.486  0.00706083  -0.00133634  0.00190972
516.055  228.74  0.000330063  -6.51804e-05  0.000405716
440.24  209.575  0.000676942  -0.000118568  0.0014437
443.321  210.343  0.00136753  -0.000179086  0.00134387
775.517  168.748  0.00188978  -9.13109e-05  0.00115525
782.709  175.599  0.0095323  -0.00118311  0.00243978
776.248  168.893  0.00371776  -0.000432885  0.00123304
772.975  169.376  0.00789578  -0.00134222  0.00143573
299.187  232.065  0.000355009  4.61869e-05  0.000653158
293.102  169.681  0.000376078  0.000156382  0.00118763
621.582  188.904  0.00252874  -0.00320512  0.00911985
620.283  186.186  0.00187292  -0.00239855  0.00664343
446.183  211.213  0.00083432  0.000123924  0.0012227
461.559  220.417  0.00381799  0.000425458  0.000681181
402.299  196.743  0.00259521  0.00150905  0.00364399
674.027  190.861  0.00553709  0.000433835  0.00368001
675.281  195.033  0.00424396  0.000355803  0.00225686
515.311  207.219  0.000552773  0.000119461  0.000430615
212.779  165.35  0.00223662  0.000429787  0.00157368
669.485  190.72  0.00352954  -0.000475507  0.00362664
672.475  190.76  0.00551156  -0.000661468  0.00368476
699.751  163.424  0.000837554  0.000963404  0.00569444
676.33  189.961  0.0122866  -0.000826894  0.00172214
213.179  192.767  0.00158969  0.000331959  0.00108673
222.005  183.041  0.000913194  0.000419903  0.00226424
230.383  182.18  0.000577512  0.00037045  0.00218247
235.893  185.592  0.000430259  0.000253495  0.00146502
205.476  177.811  0.004792  0.00121545  0.0041605
204.447  197.362  0.00392753  0.000567404  0.000763339
219.393  178.467  0.00115748  0.000584122  0.00279828
218.918  176.901  0.00336993  0.00191276  0.0057751
220.802  187.698  0.00816092  0.00307509  0.0024754
207.737  193.943  0.00185552  0.000793895  0.00126304
216.54  193.365  0.00539155  0.0020341  0.00165407
211.942  194.466  0.00297479  0.00117784  0.00132311
194.823  211.231  0.00104644  0.000426281  0.000553775
499.306  145.618  0.000916517  6.18655e-05  0.00184248
464.448  186.428  0.00635072  0.000380778  0.000851541
635.647  137.509  0.00218251  -0.000246966  0.0113383
623.281  126.007  0.00261686  -0.00197954  0.00348487
659.309  118.545  0.00254353  0.000540079  0.0013646
654.619  116.539  0.00489116  0.000829627  0.00116152
615.197  104.93  0.00507795  -0.00116057  0.00201122
604.734  105.512  0.00160582  -8.63922e-05  0.00123241
591.034  105.379  0.000689508  8.74733e-05  0.000793909
625.891  124.879  0.00947993  -0.00308998  0.00291268
642.626  104.606  0.00686502  -0.000181049  0.000813243
620.704  117.996  0.00564978  -0.00155003  0.00349462
624.709  126.695  0.00657924  -0.00214929  0.0019805
623.758  131.354  0.00429417  -0.00138873  0.00137809
420.644  104.176  0.00320771  -0.00227448  0.00889958
399.034  101.98  0.00122448  0.000141847  0.00561848
416.772  104.244  0.00336352  0.000425073  0.00392695
406.109  116.987  0.000259205  7.34763e-05  0.00135538
427.043  106.98  0.00284534  -0.00177628  0.00364581
395.557  102.124  0.00602297  0.000305941  0.00336958
399.33  116.102  0.00532017  -0.000950178  0.00112449
399.511  121.473  0.00435877  -0.000821324  0.000856256
612.857  60.5697  0.00205087  0.000968121  0.00208855
520.866  506.262  0.000952683  0.000678709  0.000933504
484.957  533.984  0.000678245  -0.000708579  0.00486764
358.754  483.82  0.00289086  -0.000906556  0.00190734
405.112  480.314  0.000199023  4.216e-05  0.00154841
730.931  483.895  0.00163383  -0.00161384  0.00283718
395.666  519.878  0.000183984  -4.42293e-05  0.00126099
280.032  517.171  0.000485959  -0.00034891  0.00353819
327.126  471.447  0.00607109  0.000159338  0.000787814
324.185  473.512  0.00379911  -0.00118808  0.00134329
350.941  429.53  0.00019324  3.38585e-05  0.000290812
356.966  441.214  0.00225721  0.000345584  0.000860223
387.71  436.501  0.000336553  0.000115287  0.000756507
353.093  435.805  0.00390656  0.000511928  0.000639682
394.007  412.756  0.000288356  5.93417e-05  0.000259601
363.93  488.117  0.00196062  -0.000398197  0.00300404
384.809  483.909  0.000472052  0.000215179  0.00364232
408.635  518.85  0.000272204  -6.54163e-05  0.00032198
445.608  450.888  0.00346269  -0.000674009  0.00183598
620.765  458.526  0.000871069  0.000149364  0.0048113
319.332  448.115  0.000442954  0.000305668  0.00190644
380.536  440.4  0.00048484  0.000352825  0.00211785
355.424  440.165  0.0027393  0.000523825  0.00150736
351.357  437.792  0.00490541  0.000730443  0.00122194
388.653  393.983  0.000393288  7.20238e-05  0.000193763
469.596  463.741  0.00061806  -8.90002e-05  0.000485026
380.132  427.692  0.000403229  -5.00025e-05  0.000292925
364.202  451.263  0.00107127  7.6899e-05  0.00233256
375.364  451.314  0.000537594  1.41963e-05  0.0023702
371.852  495.243  0.000495126  5.32047e-05  0.00020944
262.237  367.741  0.000381071  2.9226e-05  0.000169936
298.147  362.912  0.000288168  -5.7255e-06  0.0001772
464.563  481.382  0.000311595  3.86778e-05  0.000227045
474.958  454.973  0.000861593  -0.000515634  0.00112447
463.682  443.205  0.00255969  -0.000326901  0.00199846
465.545  449.673  0.00244413  -0.000415915  0.00118743
421.721  451.963  0.00118096  1.77477e-05  0.00163034
584.119  447.852  0.00166344  -0.0010862  0.0014505
585.698  455.79  0.00117898  -0.000774471  0.00100081
567.89  475.318  0.000240999  -0.000136703  0.000332066
372.903  408.802  0.00529251  1.97764e-05  0.000986928
363.484  405.012  0.00574171  -0.000951349  0.00116496
375.128  399.494  0.00109435  -0.000114516  0.000705532
375.969  415.618  0.00126904  9.73137e-05  0.000349447
367.898  420.165  0.000958136  2.1078e-05  0.000575245
372.391  420.865  0.00123895  -0.000313234  0.000352195
43.0233  354.085  0.00134713  0.000286131  0.00233799
513.731  335.51  0.000671886  -3.18883e-05  0.00053676
496.848  325.335  0.0024297  -0.000151635  0.000338712
379.614  418.459  0.000121501  7.59646e-05  0.000642428
220.05  383.064  0.000284896  0.000123305  0.00164927
189.429  423.535  0.000807709  0.000119302  0.00293676
259.914  316.789  0.0021383  0.000127172  0.000349463
252.613  330.235  0.00119076  0.000234762  0.000568823
261.766  312.931  0.00105423  -8.26696e-05  0.000355509
257.832  296.657  0.00100064  -0.000138122  0.000213554
255.581  324.743  0.000665742  7.39697e-05  0.000486534
653.009  322.307  0.000406294  0.000350303  0.00266222
487.334  300.111  0.000392927  -8.75278e-05  0.000553185
475.202  290.545  0.000669524  -0.000128043  0.000372366
418.761  308.672  0.000257175  -6.9222e-05  0.00108341
394.996  384.671  0.00107555  -0.000461981  0.000404228
396.443  304.866  0.000333509  4.52154e-05  0.00260356
433.929  318.186  0.000461409  -9.82462e-05  0.00122941
178.34  339.307  0.00571772  -0.000406711  0.000889394
187.219  339.071  0.0018682  -3.96111e-05  0.000779266
195.945  339.697  0.000937162  3.40471e-05  0.00067338
215.278  334.766  0.000350487  0.000102333  0.000721238
165.434  327.992  0.00588657  -0.000798914  0.00115311
226.732  322.267  0.000703725  0.000277605  0.00539108
221.199  321.352  0.0009789  8.62446e-05  0.00231071
179.462  330.535  0.00376732  -0.000557713  0.000956664
225.841  344.18  0.000515191  5.38435e-05  0.000682016
173.111  336.919  0.00425766  0.000245668  0.0010524
170.029  331.624  0.00278809  3.29169e-05  0.000814519
225.044  320.339  0.000565645  0.000177625  0.0011929
177.737  330.737  0.00184403  0.000212684  0.00162577
182.977  337.566  0.00307148  1.05967e-05  0.000891057
186.45  337.152  0.00499476  -8.99796e-05  0.000882194
213.385  336.429  0.00380063  -0.000122789  0.000498882
197.71  333.449  0.00218317  -0.000207348  0.00179297
236.676  337.641  0.00210897  -0.000259857  0.000642796
238.685  355.348  0.00226131  -0.000316085  0.000318771
567.521  335.585  0.000885245  0.00071729  0.00178456
581.754  305.646  0.000560358  -0.000175883  0.00318294
570.328  323.414  0.000574847  0.000368229  0.00101005
199.606  336.349  0.00148716  5.59591e-05  0.00133533
215.318  327.478  0.00349232  -0.000242817  0.00139767
540.551  352.491  0.00127073  0.000121644  0.000254456
297.98  297.635  0.00599053  -0.00120443  0.00103129
305.749  296  0.00205943  -0.000351446  0.000817107
425.226  228.367  0.00038856  4.11178e-06  0.000263604
389.549  245.106  0.000600461  -6.27299e-05  0.000445907
418.719  231.729  0.000173822  5.82375e-06  0.000292757
375.371  270.461  0.00216792  -0.000158199  0.0020792
362.782  277.93  0.000784938  0.000407766  0.00392649
377.829  261.968  0.00119171  1.74453e-05  0.00101364
372.407  275.298  0.000799399  0.000389134  0.00329371
169.522  275.511  0.00140777  -0.000129253  0.00430506
178.025  264.197  0.000558414  -8.54758e-05  0.00146828
191.148  248.031  0.000231692  -3.96117e-05  0.000580184
503.563  335.972  0.00114194  -9.8685e-05  0.000203544
514.291  332.827  0.000567593  -3.21286e-05  0.000204787
362.322  229.752  0.0024056  -0.000176461  0.000307835
413.015  232.561  0.000174057  3.91076e-05  0.000427765
418.524  232.102  0.000217599  2.98582e-05  0.000434113
425.064  234.161  0.000249183  2.90558e-05  0.00050076
376.453  262.779  0.00177253  5.22182e-05  0.00266252
529.258  275.353  0.00133916  0.000274167  0.00471578
499.697  276.495  0.000701606  -0.000711187  0.00204814
508.616  286.419  0.000668357  -9.65331e-05  0.00252143
491.528  275.309  0.000513671  -0.000496733  0.00152303
512.707  293.939  0.000945312  0.0011039  0.00478406
642.122  289.55  0.000125882  -8.12163e-05  0.000579303
171.923  254.699  0.000576233  -0.000284239  0.000513959
182.409  252.695  0.000335348  -0.000165294  0.000424728
174.828  270.703  0.0013775  0.00141493  0.00550377
308.53  287.761  0.00115748  2.1118e-05  0.00161477
303.73  300.665  0.000818283  4.89666e-06  0.000646349
308.479  293.343  0.00115493  -9.58975e-05  0.000944003
461.974  220.739  0.00174811  0.000807341  0.00330581
330.15  232.187  0.000252467  0.000137858  0.00107145
417.863  225.178  0.00114806  -0.000165379  0.000408056
423.246  254.064  0.00108658  -0.000186999  0.000216263
411.238  246.887  0.00169644  -0.000281753  0.00141389
409.685  238.959  0.00168087  -0.000308911  0.000829264
411.322  234.299  0.00133913  -0.000247287  0.00063794
151.596  240.504  0.000924967  -9.14052e-05  0.00153151
167.172  235.504  0.000397485  0.000151247  0.00185363
214.396  188.617  0.0012756  0.000540398  0.00507988
210.682  169.27  0.00243185  0.000466291  0.00083546
466.411  204.771  0.000872581  0.000235409  0.00468249
427.8  220.01  0.00707474  -0.00119179  0.00103951
396.256  242.309  0.000377651  -7.73928e-05  0.000273256
410.039  251.562  0.000705975  -0.000126049  0.000216332
471.256  200.826  0.000665806  0.000211004  0.00160548
589.666  206.508  0.000617894  0.000269593  0.00457744
576.574  214.156  0.000552844  0.000672341  0.00272028
518.149  206.799  0.000425095  4.36908e-05  0.000497469
408.381  247.255  0.00171032  -0.000339524  0.000289224
523.266  129.341  0.000291663  0.000125396  0.000637602
209.403  194.198  0.00181067  0.00012594  0.00124893
224.237  183.219  0.000798028  -0.000652022  0.0051226
252.68  134.87  0.000848568  0.00070843  0.00121465
736.909  165.912  0.0007128  -9.78164e-05  0.000367168
207.581  191.893  0.00224264  0.000478464  0.00079131
218.055  180.904  0.00107476  0.000370824  0.00147878
689.77  199.685  0.000387121  -1.62598e-05  0.000220726
672.994  124.065  0.000528507  -2.38968e-05  0.00448397
645.841  112.913  0.00360404  -0.0010084  0.00153572
488.388  573.094  0.00134922  5.81631e-05  0.000220232
427.654  592.552  0.000120311  -6.73287e-05  0.00067072
192.796  594.37  0.000911252  0.000121377  0.00106984
385.441  529.684  0.000267206  -4.13083e-05  0.000593488
283.797  524.221  0.000490352  -0.000210321  0.00158599
281.991  529.823  0.000377089  -0.000174599  0.00107697
382.385  438.629  0.000713359  1.32978e-06  0.000462671
257.524  488.905  0.000240673  2.44491e-05  0.00177468
299.104  379.738  0.000294667  -2.64628e-05  0.000104271
392.533  492.9  0.000385121  -0.000120115  0.000250343
274.618  464.874  0.000480548  0.000154515  0.00084788
361.642  389.17  0.000802224  -0.000131322  0.000172586
373.918  490.432  0.000396641  -1.23745e-05  0.000232149
358.575  499.712  0.00021583  -4.81426e-06  0.000175617
135.899  400.453  0.000999647  0.000507544  0.0016204
128.358  400.353  0.000656665  0.000406463  0.00135593
123.034  392.963  0.000466965  0.000230564  0.000730904
107.911  358.692  0.000214651  6.13305e-05  0.000157817
198.338  370.586  0.000580615  -5.87282e-05  0.000477809
363.374  397.332  0.000807534  -0.000131116  0.00066395
600.907  339.812  0.000670529  0.000479314  0.00102312
581.874  349.04  0.00129496  0.000117802  0.00098043
612.986  326.314  0.000417551  0.000339807  0.000688046
615.524  309.99  0.000253455  0.000147153  0.000344809
596.554  359.979  0.000531092  -0.00015224  0.000848116
618.479  296.995  0.000244952  0.000304957  0.000895478
349.642  270  0.000151902  3.04233e-05  0.000139512
329.962  271.53  0.000269588  1.79164e-05  0.000125861
363.495  259.668  0.00010817  2.73841e-05  0.000118646
308.994  417.966  0.000251319  3.98686e-05  0.000213412
297.66  281.827  0.000538806  4.08332e-05  0.000127542
265.048  299.292  0.000168902  4.70189e-05  0.000158104
400.757  298.473  0.000301451  0.000142943  0.00143315
386.768  300.274  0.000547499  0.00013258  0.00146489
436.509  287.432  0.000109603  8.81354e-05  0.000845033
373.148  243.989  0.000999298  -4.27534e-05  0.000122962
368.638  249.373  0.000760215  2.05345e-05  0.000135729
431.252  308.505  0.000312081  -1.50167e-05  0.000644707
428.105  315.036  0.000356779  -1.86773e-05  0.000970015
400.999  306.959  0.000147224  -3.72177e-06  0.000568193
399.077  315.672  0.000375521  -3.02129e-05  0.000969252
378.179  301.55  0.000188038  -1.65683e-05  0.000424724
196.637  373.855  0.000519872  -4.89366e-05  0.000807444
230.986  315.447  0.000516563  0.000570074  0.00338641
197.878  396.322  0.000483948  -4.95438e-05  0.000122952
193.072  404.43  0.000338813  2.54469e-05  9.79547e-05
157.52  236.564  0.000594292  -0.000334404  0.000319746
168.515  235.808  0.000344291  -0.00019007  0.000236416
197.573  394.592  0.000484373  -3.88906e-05  0.000107544
209.531  319.775  0.00206081  -0.000195324  0.000498114
603.873  241.348  0.000102287  3.49338e-05  0.000236691
303.898  298.279  0.000406512  -8.27497e-05  0.000687003
294.841  286.368  0.000288928  3.10641e-05  0.000409044
605.792  256.215  0.000134244  6.40591e-05  0.000562172
602.815  250.489  0.000108492  5.29773e-05  0.000447422
524.457  341.892  0.000368596  -2.80462e-05  0.000131884
503.147  342.055  0.000265491  -2.16318e-05  0.00013995
397.04  357.772  0.000275901  -5.77248e-05  9.73447e-05
422.599  231.791  0.000377836  -4.59169e-05  0.000425654
395.757  247.231  0.000621816  1.46772e-05  0.00082984
384.67  245.262  0.0017723  -0.00016458  0.000715007
369.063  250.627  0.00110863  -4.09506e-05  0.000893325
360.865  249.371  0.000656139  -1.3425e-06  0.000781376
144.444  200.738  0.000733989  -0.000189671  0.000268588
226.307  328.242  0.00028853  -0.000176982  0.000288012
237.382  310.671  0.000146766  -0.000105052  0.000423613
414.719  235.794  0.000604164  -0.00027538  0.00073785
200.832  187.495  0.000227588  -4.56869e-05  0.000169801
214.112  256.913  0.000193201  -9.58568e-05  0.000334958
249.843  290.058  0.000541111  -0.000166218  0.000170935
329.079  225.659  0.000238571  3.65916e-05  0.000897008
330.652  218.759  0.000221341  0.000109314  0.00148014
363.531  283.773  0.000132859  -2.57459e-05  0.000103014
182.457  281.287  0.000383238  3.95307e-05  0.000343102
200.322  279.899  0.00101865  9.43796e-06  0.000323791
207.371  281.753  0.00180346  -2.94384e-05  0.000289437
205.751  296.482  0.00146979  -3.33456e-05  0.000178358
217.671  203.626  0.000419238  -4.12669e-05  0.000283586
219.807  251.513  0.000329507  -0.000112471  0.000428284
249.201  273.406  0.00139708  -0.000265222  0.000250277
222.715  252.837  0.000370112  2.30618e-06  0.000385284
247.765  268.73  0.00132562  -0.000193314  0.000218875
323.403  182.309  0.000240919  -7.63243e-05  0.000130164
211.835  270.255  0.000130458  -6.23602e-05  0.000206745
244.801  289.208  0.000304206  -0.000101672  0.000153825
216.136  230.691  0.000239023  0.000207352  0.00156476
200.989  244.376  0.000135375  8.49877e-05  0.000702804
202.906  264.689  0.00011347  1.56204e-05  0.000274716
249.042  295.878  0.000334699  -7.67908e-05  0.000115822
260.899  177.598  9.28311e-05  -1.88551e-05  0.000114691
308.474  175.271  0.000468032  1.50347e-06  9.81205e-05
267.644  182.975  0.000118763  -8.70968e-06  0.000128235
493.246  138.792  0.000203306  1.71593e-05  0.000124825
464.197  204.242  0.000926682  0.000361893  0.00129268
418.765  249.58  0.000469103  0.000147661  0.000234222
217.743  223.811  0.00182866  -0.00038799  0.000814339
211.415  208.494  0.00146267  -0.000336639  0.000413908
197.866  181.511  0.000880665  -0.000209701  0.000185893
188.104  223.301  0.000317239  -1.81438e-05  0.000585153
323.35  222.502  0.000129545  9.86086e-05  0.000754993
197.701  220.257  0.000644724  0.000517095  0.00275516
190.284  222.779  0.000480054  0.00050104  0.00251369
178.39  231.504  0.000281811  0.000278839  0.00141471
217.586  244.127  0.00117456  -0.000204033  0.000453257
263.941  213.7  0.000535269  3.41598e-05  0.000524984
265.49  202.975  0.000481967  1.4705e-05  0.000324366
250.359  200.08  0.00120944  -2.15849e-05  0.000273524
253.794  254.958  0.00111523  -0.000108122  0.000446445
264.368  295.173  0.000624834  -4.28765e-05  0.000121443
295.041  250.403  0.000184353  -0.000114778  0.000778286
255.663  230.244  0.000926497  0.000122565  0.000953042
259.061  221.27  0.000761214  0.000290673  0.00190148
169.704  230.648  0.000348052  0.000419261  0.0018215
203.996  235.218  0.00161473  9.945e-05  0.000705657
199.163  243.163  0.00106602  7.06998e-05  0.000487032
595.568  173.435  0.000321782  -0.000257027  0.000624023
396.784  238.575  0.000406497  2.38488e-05  0.000379989
386.378  251.837  0.000252329  1.66939e-05  0.000245204
362.431  259.623  0.000125854  2.79673e-05  0.000219255
374.872  258.248  0.000207949  2.24373e-05  0.000211531
350.949  263.901  0.000127612  1.75163e-05  0.000207803
215.671  170.139  0.00012951  -6.32037e-06  0.000567746
271.962  223.787  0.000298935  -8.38936e-05  0.000384759
237.465  238.331  9.93206e-05  6.99463e-06  0.00026171
527.536  126.99  0.000286608  -6.70679e-06  0.000643084
276.739  183.459  0.00117024  -0.000477165  0.00147374
260.754  185.337  0.000441193  -8.16776e-05  0.00127472
265.994  214.517  0.000277154  -0.000115556  0.000330395
278.942  213.181  0.000495927  -0.000234056  0.000391425
238.022  226.004  0.000104992  -3.0534e-05  0.000222104
525.278  186.708  0.000313908  -2.72798e-05  0.00014823
525.781  195.13  0.000324653  -3.22702e-05  9.5333e-05
712.47  174.467  0.00194932  -0.000130386  0.000408886
695.755  183.784  0.000557837  -1.24075e-05  0.000297332
415.875  128.785  0.000359939  -0.000227679  0.00252004
634.733  156.536  0.000782542  -0.000217928  0.000216597
605.814  117.35  0.00120341  -0.000166342  0.000934496
