1.0
618
90.056  481.601  0.00220477  0.000848813  0.00765321
92.4447  479.501  0.00168716  0.000608256  0.00560922
97.6083  478.225  0.00113885  0.000646686  0.00520042
83.471  478.78  0.00426821  -0.000142855  0.00411839
84.0961  486.118  0.0047216  -0.000568973  0.00189808
98.1217  483.599  0.00109631  0.000114868  0.00176909
110.085  480.937  0.000551013  0.000233809  0.00183618
77.2768  488.35  0.00386446  -0.000375811  0.00169328
82.4622  487.215  0.00206896  -5.99043e-05  0.00166874
92.8007  485.349  0.00553439  -0.00086576  0.00185308
96.8594  484.493  0.00304226  -0.000337295  0.00176112
100.903  483.893  0.00194322  -0.000109254  0.00169371
111.162  481.162  0.000862581  0.000144077  0.00178334
103.955  478.266  0.00222556  0.00127851  0.00622769
111.184  477.095  0.00127368  0.00115097  0.0062106
66.8003  488.376  0.00302015  0.000734055  0.00193216
72.3001  488.612  0.00683889  0.00120954  0.00179451
69.9963  487.587  0.00162698  0.000435581  0.00192439
78.5352  487.302  0.00413208  0.0005425  0.00171619
105.635  483.07  0.00469485  0.000490583  0.00165098
110.443  481.887  0.00253408  0.000376221  0.0017268
115.585  480.99  0.0015419  0.000323108  0.00175712
124.478  479.3  0.000819743  0.000292508  0.00183961
121.36  477.113  0.00192293  0.00119125  0.00854445
116.903  474.25  0.00272546  0.000442443  0.00455099
81.7057  487.302  0.00216339  5.61631e-05  0.0016416
88.2302  486.637  0.00492768  -0.000263434  0.00160381
108.523  481.908  0.0119197  -0.00108178  0.00190315
113.389  475.396  0.00423537  -1.09805e-05  0.00341362
116.226  480.364  0.00310041  -9.21035e-05  0.00188258
79.5396  477.925  0.00084107  0.000440897  0.00325493
98.5228  476.172  0.00474086  0.000211189  0.00409968
80.3114  486.159  0.000808548  0.000247005  0.00185022
95.1722  484.377  0.0026731  1.15676e-05  0.00172506
103.344  483.38  0.0096716  -0.000783141  0.00174078
123.862  480.357  0.00565169  -0.000402682  0.00174539
128.013  479.239  0.00306356  -0.000101337  0.0018033
133.43  478.205  0.00171181  5.67604e-05  0.00183873
119.834  480.652  0.00333948  -0.000410397  0.00183823
112.17  482.185  0.00146786  -5.86762e-05  0.00169018
105.615  482.814  0.000900329  5.65103e-05  0.00170714
97.2268  484.013  0.000555391  0.000121785  0.00168314
136.828  477.821  0.0128178  -0.00072849  0.00187898
132.766  478.155  0.0055561  -0.000171887  0.00187434
126.066  479.267  0.00227632  7.21628e-05  0.00181816
119.058  480.209  0.00121355  0.000152883  0.00181203
97.053  483.42  0.000372165  0.000210918  0.00176395
111.13  481.681  0.00071767  0.000181255  0.00174074
132.693  478.539  0.00293693  -0.00016331  0.00183317
145.267  476.828  0.0117324  6.2901e-05  0.00178366
132.131  478.34  0.00175572  0.00021922  0.0018251
123.955  479.439  0.000932714  0.00023163  0.00182491
116.037  481.262  0.000589481  0.000219768  0.0016983
183.723  461.238  0.000891635  0.000225503  0.00120111
67.3285  482.044  0.00607339  0.000530908  0.00389568
69.2608  488.547  0.00453762  0.000191602  0.0017748
80.9568  486.953  0.00131306  0.000267812  0.00168986
89.1446  484.975  0.000768645  0.000298061  0.00177179
98.0923  483.368  0.000497808  0.000305711  0.00177158
263.21  438.477  0.00110512  0.00057091  0.00408272
277.606  443.406  0.00338308  -0.000406812  0.0018344
237.818  411.252  0.000785211  0.000628241  0.00574317
251.756  410.243  0.000918627  0.000262411  0.0052284
368.943  356.23  0.000637297  -0.00043208  0.00166809
528.378  341.284  0.00398496  0.000519463  0.000775118
491.975  382.024  0.00110002  0.000734108  0.00780773
490.695  387.668  0.000936118  0.000627974  0.00524189
192.738  394.595  0.000824566  0.000441741  0.00272446
249.539  411.553  0.00083771  -4.88637e-05  0.00094942
147.625  360.044  0.00067102  0.00017095  0.00481078
162.232  357.352  0.00497728  -0.00163635  0.00470412
160.973  360.514  0.00347859  -0.000782657  0.00684812
156.27  361.798  0.0019599  -5.79182e-05  0.0076364
151.403  363.107  0.00126358  0.000361633  0.0088585
727.911  349.562  0.00241222  -0.000344084  0.00204973
746.293  333.939  0.000500095  -4.68934e-05  0.000697113
716.832  344.27  0.0118267  -0.00233844  0.00199229
722.858  341.463  0.00361453  -0.000604974  0.00139456
717.77  341.517  0.00838942  -0.00163895  0.00155544
397.025  377.61  0.00204789  -0.000649164  0.00808216
374.249  354.048  0.000966208  -0.000526064  0.000960699
397.802  380.196  0.00186223  -0.00108042  0.00902088
726.982  357.74  0.00340234  4.89517e-05  0.00608
735.38  354.132  0.00145883  0.00096835  0.0098027
729.971  348.211  0.00225656  0.00117831  0.00669385
740.17  327.858  0.000694557  8.8902e-05  0.0009755
700.084  357.846  0.00602208  -0.000836022  0.0024184
734.137  362.262  0.00168846  -0.000275644  0.00161367
742.144  352.694  0.000797049  7.3285e-05  0.00435032
793.68  365.227  0.00662106  0.00318083  0.00319507
249.761  355.461  0.0086055  -0.000198365  0.00140109
576.188  330.816  0.00146979  -0.000535823  0.0128282
846.151  344.036  0.0018018  -0.000872792  0.00459736
847.645  350.012  0.00200825  -0.000344538  0.00224692
853.278  351.856  0.00381189  -0.00018395  0.00211238
195.178  317.645  0.0061942  -0.00171529  0.00323663
695.322  319.953  0.000935333  0.000502847  0.00718306
636.975  303.545  0.000667243  3.50297e-05  0.000879355
191.703  353.349  0.00234634  -0.000522607  0.00377278
184.431  352.763  0.00602009  -0.00209373  0.00381291
844.044  339.403  0.00172335  -0.00131118  0.00456283
685.075  320.425  0.00141236  -0.000676126  0.00618653
200.324  358.581  0.00198317  0.000332316  0.0102457
802.133  296.713  0.000434262  -0.000318112  0.00190712
769.949  277.533  0.00381014  -0.000466091  0.000686051
575.139  291.767  0.000913199  0.000117819  0.000418836
681.766  288.378  0.0106614  -0.00324785  0.00292134
674.706  289.492  0.00307433  -0.000884952  0.00236328
663.347  285.975  0.00114087  -0.00030573  0.00154523
571.441  299.204  0.00099451  -6.65552e-05  0.00215686
573.563  297.764  0.000677116  6.41775e-05  0.00192446
306.282  317.974  0.000647613  -0.00014197  0.000521893
330.368  309.982  0.00610013  -0.00104198  0.00136807
328.598  314.578  0.0061313  -0.00216673  0.0024917
312.731  292.24  0.00194651  -0.00115682  0.00125882
338.389  313.801  0.00676535  0.000247274  0.00125883
344.938  319.349  0.00203465  -0.000570753  0.00106277
293.504  297.872  0.000587023  0.000140077  0.000958151
311.935  303.662  0.000947127  0.000335482  0.00160248
312.209  311.46  0.000745784  0.000332755  0.00153336
319.368  313.624  0.000460999  0.000263883  0.001028
288.115  312.283  0.000736277  0.000110388  0.00101684
291.126  317.642  0.000980336  0.000268105  0.000704386
339.006  327.214  0.00159516  0.000341599  0.000631388
637.562  301.946  0.000655241  0.000179468  0.00215922
618.159  298.546  0.00350297  0.000460979  0.00146894
636.969  293.904  0.000712053  0.000131972  0.00107202
614.795  294.853  0.00625835  0.000749584  0.00112895
413.597  305.057  0.000471121  0.000255065  0.00133829
813.749  253.171  0.000601027  -6.13243e-05  0.000945628
823.448  252.604  0.000373515  -4.71299e-05  0.000891326
803.911  265.067  0.00136358  -0.000102025  0.00283035
795.631  268.611  0.00075477  -0.000150925  0.00474264
785.147  245.31  0.000434809  -2.38604e-05  0.000610902
811.191  255.088  0.000437396  -3.48123e-05  0.000900025
718.209  295.267  0.00139762  -0.00115434  0.00304852
717.967  300.19  0.00147818  -0.00100466  0.00321807
683.365  299.332  0.00731543  -0.00205079  0.00189259
680.336  299.615  0.00434456  -0.00112346  0.00162949
662.056  308.486  0.000683712  -6.08577e-05  0.000876708
721.242  288.839  0.000904055  9.40186e-05  0.0017683
677.99  297.291  0.00344094  -0.00116677  0.00139649
653.199  296.038  0.000511413  -0.000249267  0.00103302
655.081  301.177  0.000643993  -0.000199619  0.00231438
658.821  300.499  0.00533503  -0.0012316  0.00270347
640.513  300.195  0.000392859  0.000279531  0.00221421
719.561  284.375  0.000762176  0.000375235  0.00286516
519.081  296.407  0.00194689  0.00113958  0.00400375
576.128  309.469  0.000422087  0.000128903  0.00109325
524.767  286.279  0.00483421  -0.00261848  0.00532846
519.117  293.645  0.00171464  0.000989453  0.00204211
573.999  302.779  0.000402835  -0.00046107  0.00206402
702.871  298.73  0.00131838  -0.00155324  0.0035362
696.601  239.656  0.00211741  -0.000244151  0.000488542
700.086  300.814  0.000878784  -0.000745692  0.00190161
704.052  244.691  0.00295597  -0.00128844  0.00114611
400.609  299.837  0.000976648  -0.00110982  0.00460748
395.641  293.046  0.00104049  -0.000626147  0.0045488
397.011  296.146  0.00096125  -0.000455928  0.0030402
409.18  297.818  0.000499331  -0.000375775  0.00289702
581.783  303.661  0.000307393  -0.000338443  0.00127158
687.611  228.214  0.00119653  3.04599e-05  0.00039473
693.675  233.524  0.000676358  2.14037e-05  0.000440861
580.336  228.986  0.000360055  -1.46077e-05  0.00044893
685.674  261.353  0.00123958  -0.00089  0.00868328
687.468  258.727  0.00105183  -0.000550089  0.00518759
697.597  257.551  0.000573366  -0.000388213  0.00376708
696.553  244.597  0.000556972  -0.00013222  0.00105595
690.792  235.987  0.000743559  -0.000103235  0.000630664
697.313  234.247  0.000514789  -8.24953e-05  0.000553805
690.002  223.381  0.000742892  -7.63244e-05  0.000344996
796.995  276.077  0.00069957  3.34223e-05  0.00271488
808.613  261.556  0.000417281  3.56492e-05  0.000783703
805.699  239.519  0.00215774  0.00184572  0.00296474
756.007  310.272  0.0015617  0.000224431  0.000318647
853.158  244.61  0.00349154  -0.000151279  0.0011679
865.651  244.433  0.00103909  -6.00132e-05  0.00112815
795.036  275.298  0.000998124  0.000887701  0.00289217
804.213  275.24  0.00158391  0.000638149  0.0021157
783.463  281.043  0.000611077  0.000696475  0.00226189
812.086  275.46  0.00323162  0.000466315  0.00163358
815.911  275.045  0.00546485  0.000403057  0.00152477
793.45  298.994  0.000477965  0.000139108  0.000499299
63.2185  213.576  0.00301571  -0.000169713  0.00110506
63.0523  223.703  0.00272472  -9.89454e-05  0.00282772
636.277  245.511  0.00114864  -5.63606e-05  0.00131234
646.808  247.157  0.00213498  -8.96897e-05  0.00148978
779.909  278.411  0.0049189  0.000213359  0.00381171
797.15  262.633  0.000936394  3.83152e-05  0.000848132
784.992  251.5  0.000429647  -1.4225e-05  0.000458475
788.087  264.905  0.00294946  -0.000127006  0.00100254
804.724  257.686  0.000711854  -3.77684e-05  0.00062149
770.094  276.721  0.00437583  0.000245063  0.00313099
788.76  272.228  0.000779619  1.97534e-05  0.00183055
768.5  270.536  0.00606904  0.000390563  0.00164508
798.78  251.047  0.000938437  5.39517e-05  0.00168351
791.244  267.184  0.000391267  -2.02689e-05  0.000564861
795.547  276.5  0.000455298  -3.52497e-05  0.000362013
843.579  269.847  0.0110074  -0.000430637  0.00132476
752.932  305.807  0.00228062  0.000336651  0.000435253
124.874  173.87  0.00108667  0.000469239  0.000610177
788.008  264.41  0.0014406  0.000691231  0.000677562
528.657  214.306  0.00478456  0.000836398  0.0021345
611.893  240.129  0.00326775  -5.8808e-05  0.00116343
598.641  224.729  0.000983882  -1.3828e-05  0.000447343
760.65  245.834  0.00156213  2.81627e-05  0.000754711
768.309  238.967  0.00086618  6.54767e-05  0.00117051
117.425  247.306  0.0040446  -0.000487912  0.000939404
120.863  258.995  0.00238794  -0.000303203  0.000568763
112.328  248.396  0.0054842  0.00152824  0.00153723
134.709  253.011  0.00259796  -0.00187425  0.0023301
856.827  205.367  0.00239643  0.00120125  0.0109409
673.968  226.454  0.000512646  1.58232e-06  0.0013647
675.698  243.541  0.000562286  1.39484e-06  0.000465466
699.617  233.951  0.00282747  5.21138e-05  0.000792758
694.201  164.785  0.00186883  -8.38342e-05  0.000557166
262.126  183.95  0.00190429  0.000325192  0.00285634
265.506  185.279  0.00282117  0.000967607  0.00366989
284.707  179.72  0.000548596  0.000332296  0.00254953
756.289  218.653  0.00232568  0.000265134  0.00392028
758.704  221.756  0.00182373  0.000170556  0.00258229
764.158  222.184  0.00115023  0.000162324  0.00234967
120.202  195.957  0.000826145  0.000179255  0.000439997
109.415  211.135  0.000401582  6.32703e-05  0.00202196
141.96  217.242  0.00533673  -0.000196275  0.0010781
110.618  219.174  0.000415522  2.22392e-05  0.00101709
111.496  208.723  0.000440734  -3.09508e-05  0.00340812
133.102  210.842  0.00183228  -9.08169e-05  0.0026492
132.335  216.25  0.00166579  -7.96962e-05  0.00153554
138.002  227.214  0.00287165  -0.000130996  0.000702017
160.049  202.579  0.00621934  0.000641657  0.00298492
159.417  198.669  0.00609763  0.000126109  0.00193073
137.082  209.483  0.00545893  -0.000723411  0.00321617
134.791  215.856  0.0034362  -0.000454121  0.00164669
190.294  185.728  0.00505846  0.00112255  0.00217639
188.342  178.839  0.00671424  0.00064783  0.00109457
139.636  181.651  0.00311831  -8.19161e-05  0.000372771
258.044  183.459  0.0013019  4.53804e-05  0.000822147
298.151  205.146  0.00379226  -0.000185335  0.00167298
305.737  194.689  0.00155557  -9.73745e-05  0.00622515
318.117  200.23  0.000656494  -4.1792e-05  0.00280808
302.845  202.547  0.00213855  -0.000225945  0.00164289
305.91  195.566  0.00155888  -0.000351736  0.00364774
332.849  142.638  0.00234464  6.31425e-05  0.00042423
328.776  162.353  0.00445335  0.000485524  0.00118227
272.087  186.619  0.0077004  0.00140316  0.0013676
266.518  189.577  0.00342335  0.00073486  0.00148323
260.492  203.979  0.00233296  0.00135217  0.00772035
290.676  206.357  0.0057418  0.000930493  0.00164234
280.737  193.913  0.0092937  -0.000739159  0.00266818
254.442  183.571  0.00068046  2.66919e-05  0.000809701
131.292  175.533  0.00598427  -0.000158812  0.0035003
129.466  162.596  0.00491633  -0.0002054  0.00101254
120.912  163.44  0.001743  -4.53788e-05  0.00104132
106.014  175.618  0.000581757  -3.71171e-05  0.00245158
105.397  163.26  0.00058174  -3.18833e-05  0.000859167
117.961  193.822  0.00118981  -0.000102031  0.00140458
107.498  196.273  0.000597359  -6.39757e-05  0.00112481
128.988  201.838  0.0034547  -0.000196879  0.000807619
142.906  172.064  0.0091609  -0.000363387  0.00244358
147.902  171.864  0.0038623  -9.69028e-05  0.00243017
147.916  167.151  0.00372895  -0.000126378  0.0015302
141.953  165.556  0.0105343  -0.000477438  0.00132869
152.991  143.638  0.0018203  -7.66437e-05  0.000375215
131.925  160.665  0.00262914  -0.000299521  0.000923902
116.789  151.848  0.000802454  -8.1731e-05  0.000522112
108.267  160.499  0.000470242  -2.68935e-05  0.000826525
109.396  173.295  0.000461474  3.76017e-05  0.00239734
134.058  182.62  0.00182984  0.000202241  0.012921
106.425  170.887  0.000504964  -4.85394e-05  0.00153643
142.684  209.158  0.00334831  -0.000288383  0.00328584
146.889  197.269  0.00547701  -0.000310117  0.00115461
148.637  205.57  0.00443613  -0.000243172  0.000671583
150.582  213.649  0.00356416  -0.000192461  0.000443713
153.919  205.585  0.00227377  -0.00013459  0.000671718
153.126  215.342  0.00262294  -0.000130124  0.000359884
155.033  179.669  0.00178024  -5.93293e-05  0.00595522
123.837  197.873  0.000866755  -0.000141843  0.00104928
111.028  199.583  0.00042274  -8.09677e-05  0.000900609
112.53  208.275  0.000430223  -7.10679e-05  0.000542676
137.315  214.958  0.00221828  -0.000294884  0.0004377
110.317  190.288  0.000568746  -0.000106441  0.00189687
135.695  205.221  0.00455909  -0.000412761  0.000692508
143.924  210.538  0.00313955  -0.000560396  0.00059557
129.668  175.829  0.00170288  -0.000146497  0.0139167
130.78  202.393  0.00139213  -0.000173988  0.000698441
109.048  216.756  0.000472578  -3.9007e-05  0.000339584
121.628  179.813  0.000731146  -9.66215e-05  0.00599849
271.942  183.931  0.00409815  0.000809753  0.000708401
288.556  171.232  0.00105252  0.000449852  0.00101158
307.673  178.915  0.0111032  0.00076226  0.00227506
306.028  174.195  0.00819886  0.000337831  0.00133831
306.66  192.89  0.00277381  -0.000354506  0.00886354
327.044  198.182  0.000586378  -8.18614e-05  0.00366927
307.122  194.27  0.00270273  -0.000649828  0.00448106
295.79  204.916  0.00917911  2.76361e-05  0.00169918
211.555  173.651  0.00261384  0.00109763  0.00194079
205.961  176.779  0.00184206  0.00110826  0.00195292
221.993  171.645  0.00922206  0.000731718  0.00135637
258.175  176.77  0.00872328  0.00138683  0.001427
273.819  188.054  0.00116364  0.00027437  0.000493367
281.463  182.365  0.000753509  0.000253991  0.000578244
235.856  164.677  0.00209441  0.000936762  0.0012848
229.413  166.42  0.00731901  0.000368048  0.00150802
200.605  186.321  0.000854108  0.000634683  0.00111495
710.283  164.939  0.000608475  -5.92645e-05  0.000465898
710.597  156.072  0.00054346  2.68991e-05  0.000697418
710.667  143.653  0.000526774  0.000295733  0.0016262
149.575  121.585  0.00110217  -0.000842527  0.00500203
148.396  116.634  0.0011097  -0.000468951  0.0026275
146.353  110.076  0.00122308  -0.000284638  0.00142134
141.899  98.594  0.00166326  -0.000188425  0.000671455
138.415  103.335  0.00240132  -0.000234603  0.00144507
140.838  98.8389  0.00182745  -0.000170834  0.00100273
37.0563  139.982  0.00581745  -0.00515942  0.00807558
552.2  144.664  0.00969279  -0.000577953  0.0013987
556.423  140.912  0.00440885  -0.00043523  0.00205695
559.927  138.83  0.00276239  -0.000443999  0.00270098
520.613  133.43  0.0019863  0.00171342  0.00839592
534.953  140.875  0.0121307  -9.98124e-05  0.00195372
206.509  82.7432  0.00250731  0.000456647  0.000823596
188.644  83.0441  0.00198086  0.000177936  0.000430027
783.207  116.395  0.0041274  0.000418914  0.00339188
792.305  114.902  0.00155625  0.000480645  0.00335317
814.279  110.995  0.000460783  0.00047681  0.00314296
38.9  127.252  0.0021686  0.000410129  0.000879856
235.383  89.4767  0.00663191  0.0022187  0.00369776
218.498  95.522  0.00336303  0.00118679  0.00199334
218.155  101.893  0.00415306  0.00265384  0.00416094
213.8  93.9198  0.00214225  0.00077577  0.00129805
213.184  99.6709  0.00238416  0.00132925  0.00211088
802.914  108.474  0.00151174  0.00111616  0.00325522
813.238  105.566  0.000943809  0.00102999  0.0029505
788.699  110.162  0.00504586  -0.00029781  0.00288441
803.513  122.135  0.00109551  -7.55841e-05  0.000999111
806.197  109.616  0.000875474  -0.000133259  0.00328465
810.554  123.215  0.000689021  -5.66442e-05  0.000939118
793.204  104.153  0.00270809  0.000269141  0.00224053
805.851  99.3561  0.000917453  0.00025597  0.00171909
786.9  101.831  0.00649957  -3.06614e-08  0.00161399
148.451  125.909  0.00108009  0.000147102  0.00870686
140.713  118.298  0.00203269  -0.000144824  0.000802929
146.527  112.695  0.00118456  -0.000100166  0.00146364
127.672  100.641  0.00134738  -5.30341e-05  0.000635601
126.026  93.8141  0.00049939  -1.83527e-05  0.000444514
129.672  118.199  0.00148324  -0.000116113  0.000776844
784.119  121.289  0.0042185  0.000135378  0.00102357
789.692  120.947  0.00213017  5.24535e-05  0.00105838
799.957  129.838  0.000883792  1.66934e-05  0.000611695
805.46  118.379  0.000646949  -1.38821e-05  0.00133637
789.475  64.7295  0.00152849  7.43814e-06  0.000939307
824.111  66.0078  0.000526761  4.65585e-05  0.00096633
532.651  133.609  0.0012667  -0.000269283  0.000428718
532.427  130.897  0.00117139  -8.30007e-05  0.000470111
301.998  99.4263  0.00334573  -0.00191931  0.00356715
292.661  100.997  0.00142491  -0.000973319  0.00194542
287.623  105.062  0.000932337  -0.000595006  0.00115851
306.212  67.5092  0.00195401  6.38484e-05  0.00288009
851.953  99.1056  0.00432496  0.000141541  0.00275184
856.782  98.94  0.00234955  0.000150137  0.00271147
852.778  54.9457  0.00173218  -6.21411e-05  0.00106953
846.686  65.3704  0.000999453  8.844e-05  0.00267315
841.997  59.3558  0.000752423  3.14706e-05  0.00143166
827.097  107.124  0.00629199  0.000720271  0.00220099
832.88  76.0913  0.00135083  -0.000110412  0.00209886
788.812  83.1909  0.00194538  -0.000161336  0.00172684
202.902  85.4758  0.00498069  0.00110543  0.000955802
208.309  77.4626  0.00353498  0.00125257  0.00100018
211.859  80.561  0.00238779  0.00075099  0.000610209
335.413  60.5909  0.00131783  0.00140601  0.0043383
359.51  35.1159  0.005589  -0.00492725  0.00711369
349.069  44.1279  0.00124064  1.45491e-05  0.00221696
343.439  49.6612  0.00100019  0.00054767  0.00209574
416.396  40.1225  0.000530936  0.000448424  0.00328983
839.554  73.0673  0.00103504  -8.23088e-05  0.00303353
838.368  65.5993  0.00140238  0.000789598  0.00222924
831.234  58.782  0.00230478  0.000392441  0.00100052
226.65  64.5102  0.00344354  0.00128425  0.00194629
222.943  66.4167  0.0104506  0.00147572  0.00211127
207.798  71.1927  0.004888  0.00321853  0.00483658
205.997  77.9333  0.00300323  0.00150424  0.00240627
199.921  88.0851  0.00168835  0.00088683  0.00140195
218.941  74.8414  0.0126383  -0.000845252  0.00155422
200.059  104.064  0.00105009  0.000408274  0.000494874
755.543  78.0402  0.00275559  -0.000334951  0.000743163
754.769  69.5027  0.00255603  -0.000172653  0.00125114
754.304  59.8664  0.00233672  0.000317597  0.00307871
754.733  56.3288  0.00221482  0.000792087  0.0049166
761.196  86.1993  0.00177314  -0.00021994  0.000460266
759.232  60.1174  0.0015151  0.000351645  0.00258924
226.788  74.2199  0.00289415  0.000378204  0.00077249
227.428  81.8568  0.00271479  0.000184608  0.000496486
223.437  71.2823  0.00899983  0.000694043  0.00109534
209.305  71.965  0.00392873  0.00144628  0.00264818
199.937  97.9822  0.00113218  0.000286714  0.00059989
859.744  53.6683  0.000661671  9.84529e-05  0.00129454
854.829  64.863  0.000494763  0.000104665  0.00155881
846.743  69.6045  0.00099721  0.000138327  0.00176495
843.571  70.1962  0.00101023  0.000783703  0.00314051
853.19  72.1293  0.0017363  0.000392553  0.00190748
803.948  84.1626  0.000662569  0.000135212  0.000511757
304.56  65.656  0.00761467  -0.00147436  0.00173032
304.313  63.9496  0.0109012  -0.00115748  0.00207888
124.053  48.0752  0.0019035  -0.000214214  0.00263177
98.4319  66.836  0.000369073  -4.42321e-05  0.000548834
100.867  77.5995  0.000406678  -2.98661e-05  0.000335027
127.603  42.9125  0.00279936  -4.41958e-05  0.00291652
818.641  31.7782  0.00244795  0.00228121  0.00662428
824.702  81.3367  0.00046838  -0.000100383  0.0026528
138.671  43.6512  0.00159043  -7.80342e-05  0.00267381
841.551  27.2904  0.0021833  0.00170568  0.00497848
458.962  30.2382  0.0045558  0.00429218  0.00702988
525.192  120.582  0.00218366  -0.000440859  0.00219147
511.537  150.631  0.00192968  -0.00115224  0.00463893
138.363  39.6436  0.00161022  -0.000139856  0.000982455
157.799  33.772  0.000455493  -0.000130424  0.00174078
125.24  40.2942  0.00161396  -0.000167065  0.000892309
314.173  53.938  0.00236283  0.000348646  0.000599058
311.238  14.2411  0.00160407  0.00172438  0.0088827
310.547  17.7378  0.00141323  0.00123028  0.00499601
137.219  41.3958  0.000949134  0.000386189  0.00518302
136.727  36.8162  0.000668663  0.000360299  0.00308931
149.766  38.7832  0.00071728  -0.000168181  0.000909325
785.2  41.9586  0.00162403  0.0013651  0.00525296
784.728  97.8418  0.00312332  0.000109504  0.00112072
781.321  94.2387  0.00494977  1.29123e-05  0.000837712
809.553  101.596  0.000416  0.000378499  0.00229188
194.066  459.441  0.00045869  0.000157948  0.00116801
94.041  470.473  0.000275303  0.000256436  0.0019108
73.2004  488.238  0.00297185  0.000433735  0.00153949
299.138  282.57  0.000837649  0.000232418  0.000295979
335.77  295.088  0.000357427  0.00010321  0.000348948
297.614  285.695  0.000441517  -3.97857e-05  0.000244894
356.53  299.751  0.000771652  0.000200186  0.000401637
779.879  287.364  0.000405078  0.000170333  0.000632224
803.001  293.51  0.000757222  0.000321293  0.00144736
391.632  287.32  0.000195071  -6.36703e-05  0.000950796
817.317  259.367  0.000399864  8.1513e-05  0.000470638
789.657  245.313  0.000545254  1.05696e-05  0.000259026
769.361  265.351  0.000237238  -1.07241e-05  0.00065934
768.733  273.787  0.000234758  -2.47321e-05  0.00115618
787.949  239.259  0.000370519  -2.86266e-05  0.000211555
396.605  349.315  0.00170425  -0.000186824  0.000223605
290.999  318.15  0.000650557  6.14976e-05  0.000709651
292.973  319.96  0.000734738  0.000156461  0.000489164
541.945  306.092  0.000264865  -7.22485e-05  0.00126758
535.82  305.962  0.000210752  2.16212e-05  0.000583503
624.305  308.13  0.00104323  4.28793e-05  0.000599213
625.478  300.015  0.000975593  4.92901e-05  0.000992659
631.929  293.898  0.000654734  5.29305e-05  0.00159989
320.402  314.089  0.000555964  -1.90017e-05  0.00130346
694.875  283.9  0.00162683  -0.00143482  0.00230445
701.019  300.191  0.00116221  -0.000668233  0.00278577
695.214  241.266  0.00111583  -7.19928e-05  0.000467471
685.315  218.923  0.000619935  -3.61393e-05  0.000200289
678.685  291.571  0.000913875  0.00088243  0.00604603
609.955  248.792  0.00248225  -2.51437e-05  0.00229762
600.946  248.143  0.00109667  1.75619e-05  0.00209026
820.378  255.122  0.000270531  1.46064e-05  0.000884124
783.738  274.345  0.00217234  -2.40918e-05  0.00275013
792.893  295.001  0.000347183  -1.09006e-05  0.00213631
770.781  287.049  0.00109765  -0.000150643  0.00105683
799.779  266.092  0.00106519  5.60797e-06  0.00226859
774.922  257.356  0.000287301  -4.45563e-06  0.00107545
775.29  265.682  0.000294658  -1.92705e-05  0.00224483
799.487  251.224  0.00176507  0.00131614  0.00226127
813.075  259.957  0.00397616  7.1744e-05  0.000690589
809.299  260.293  0.00247603  2.04124e-05  0.000716376
804.704  261.316  0.00157235  -1.46075e-05  0.000780264
796.581  261.187  0.000526408  -4.28968e-05  0.000818352
650.625  262.365  0.00156691  -2.30837e-05  0.000432902
564.818  237.333  0.000201132  6.02737e-06  0.000611945
640.175  269.282  0.0014371  -0.000109334  0.000341558
125.097  183.085  0.000715063  0.000497375  0.000731994
124.377  156.597  0.000422542  0.000129581  0.000222243
106.144  189.878  0.00452517  7.78377e-05  0.000514518
110.908  183.256  0.00245253  0.00016156  0.0004353
130.367  187.453  0.00109211  0.000900717  0.00129849
129.112  150.661  0.000475779  0.000111052  0.000205603
743.569  233.127  0.00270804  0.00290731  0.00532387
807.378  144.213  0.000172683  8.7383e-06  0.000170245
756.899  257.638  0.00280068  -0.000160419  0.000434866
779.545  233.053  0.000472364  6.81646e-05  0.00205023
763.127  205.682  0.00231045  0.00114263  0.00125988
261.452  191.597  0.00213778  0.00012401  0.00114236
145.022  221.85  0.00408538  -0.00104453  0.00135403
139.551  226.707  0.00185515  -0.000474786  0.000900714
121.215  245.58  0.000410726  -0.000105335  0.000333049
117.38  144.196  0.000596974  -6.6374e-05  0.000312342
110.039  171.128  0.000361923  -4.22104e-05  0.00139155
178.991  213.559  0.00212991  0.000813415  0.00286188
333.062  142.33  0.00194114  -0.000181713  0.000364779
264.348  182.918  0.000347165  0.000147933  0.000414686
383.055  99.4243  0.000343195  -1.18892e-05  0.000214467
710.381  187.254  0.0009208  -0.000268165  0.000306303
100.926  96.5906  0.000303113  -1.96832e-05  0.000479509
99.6605  86.9894  0.000294806  -1.84381e-05  0.000313771
109.409  99.9408  0.000245542  -1.61331e-05  0.000568207
106.566  88.7905  0.000227267  -1.40579e-05  0.000336794
304.513  138.052  0.000181294  -1.11668e-05  0.000266612
537.947  172.71  0.000223828  -5.17396e-05  0.000348745
128.966  99.7026  0.00148366  -0.0001556  0.00111519
99.5169  99.2553  0.000290291  -9.49363e-05  0.00123985
785.081  112.829  0.00148437  0.000119343  0.00164117
793.139  104.226  0.000855666  0.000334362  0.00210077
860.068  93.8268  0.00193026  0.000307531  0.00231192
199.466  178.987  0.000391881  0.000148342  0.000259812
102.388  124.72  0.000302167  -4.17322e-05  0.000626858
102.965  140.876  0.000297526  -2.86276e-05  0.000296437
838.346  63.2839  0.00145566  0.000392558  0.000918563
114.231  111.29  0.000290647  -8.29887e-05  0.00108641
109.974  118.576  0.000244125  -5.42787e-05  0.000662567
788.949  66.6099  0.00219403  6.42363e-05  0.0010914
789.367  86.1647  0.00148615  0.000451714  0.00191553
802.825  57.3202  0.000656732  3.42254e-05  0.000654906
827.723  75.9115  0.000503558  0.000485259  0.00253851
815.93  111.352  0.00140091  0.000526276  0.00381355
807.457  112.316  0.000808446  0.000528484  0.00362834
799.004  113.636  0.000543352  0.000542405  0.00362761
827.862  77.347  0.000178462  3.96633e-05  0.000361542
451.222  88.3578  0.000146371  -1.78188e-05  0.000216363
798.969  105.819  0.000604682  0.000224992  0.00154647
464.499  77.9771  0.000470458  8.47789e-06  0.000241691
265.969  471.718  0.000968476  -0.00012395  0.00027562
256.232  475.11  0.000533563  -3.08828e-05  0.000257399
225.553  484.905  0.000176351  4.42371e-05  0.00023871
248.449  480.952  0.000373063  1.72277e-05  0.00022817
464.41  348.223  0.000127356  -0.000135912  0.000505419
307.863  263.561  0.000841292  0.000121681  0.000138808
296.242  283.324  0.000508004  7.35793e-05  0.000223535
242.451  335.11  0.000129022  -9.68773e-05  0.000807477
179.002  312.603  0.00131867  -0.000545315  0.000520574
810.671  271.998  0.000258833  -9.84196e-06  0.000445778
802.104  297.078  0.000561948  -3.14118e-06  0.00271679
796.104  244.765  0.00073326  7.09847e-06  0.000163235
784.154  251.135  0.00039434  4.80575e-06  0.000197201
781.449  291.397  0.000355276  1.62832e-05  0.00150109
772.278  280.294  0.000247995  8.01699e-06  0.000677003
817.286  270.063  0.00189625  -0.000195037  0.000428647
789.279  244.385  0.000376613  -3.80117e-05  0.000165267
788.508  287.777  0.000302222  -2.1507e-05  0.00112762
785.313  282.321  0.000273344  -2.16746e-05  0.000774038
232.032  358.101  9.61109e-05  -8.71256e-06  0.000102851
536.564  273.053  0.000142888  -0.000135628  0.000418328
534.288  309.95  9.24529e-05  3.82303e-06  0.000472698
620.735  309.324  0.00140144  1.10169e-05  0.000799621
613.714  294.769  0.00369011  0.000531207  0.000508828
316.503  300.239  0.000946581  0.000616569  0.00143842
409.54  356.342  0.000667996  -5.15088e-05  0.000159032
546.637  283.001  0.000333599  -0.000180526  0.000755332
245.863  366.302  0.000260769  7.08141e-05  0.000121848
814.045  308.969  0.00024692  -4.56347e-05  0.00142709
782.133  270.019  0.00203779  0.000639464  0.000526604
686.314  249.357  0.000273977  0.0001773  0.000947687
648.606  230.788  0.0017725  -4.92687e-05  0.000265782
689.572  228.865  0.000876421  6.30629e-05  0.000332059
300.676  320.635  0.000191107  -0.000128079  0.000374687
825.137  256.843  0.00116892  0.000116395  0.000412653
774.379  269.933  0.000138946  -3.10821e-06  0.00086256
760.55  237.331  0.00141881  -0.000196768  0.000227098
763.254  231.434  0.00107482  -0.000149378  0.00018733
586.17  250.602  0.000437798  5.35597e-05  0.0027088
108.839  253.333  0.000136568  5.8018e-05  0.000998689
93.8141  235.84  0.000430244  0.000469426  0.000970721
112.328  230.029  0.000267778  0.000287104  0.000642576
820.776  254.199  0.000841053  7.16332e-05  0.000803243
781.067  268.137  0.00034832  -6.20515e-05  0.00284466
785.965  318.099  0.000570904  0.000222997  0.000365274
808.528  296.027  0.000973204  0.000248123  0.00055624
799.912  302.002  0.000655571  0.00026717  0.000530562
816.522  259.514  0.000674934  9.99078e-06  0.000692908
789.085  265.269  0.000220152  -8.46361e-05  0.00119714
683.098  275.06  0.000279076  -1.72747e-05  0.000256587
590.988  276.15  0.000166768  -1.8593e-06  0.000242259
798.597  264.715  0.000876545  -8.95904e-05  0.00107374
768.036  316.432  0.000226907  4.10495e-05  0.000147453
789.32  255.506  0.00053671  0.000628652  0.00249777
811.421  311.292  0.000851085  -5.50097e-05  0.000133715
766.899  290.536  0.00245416  0.000484409  0.000546751
802.956  223.72  0.000816705  0.000967189  0.00250988
690.106  161.002  0.0014541  -0.000102391  0.000442883
808.065  147.572  0.000175951  2.11497e-05  0.000272593
789.214  133.589  0.000341024  1.56125e-05  0.000165107
112.167  225.36  0.000662874  0.000599635  0.00172684
121.527  237.281  0.000497347  7.15194e-05  0.000626261
102.569  256.939  0.000213928  8.04081e-05  0.000357202
111.103  265.652  0.00021017  1.72117e-05  0.000241629
130.914  269.729  0.00033817  -7.64167e-05  0.000204613
116.296  219.922  0.000850363  0.00102939  0.00238303
140.653  226.954  0.00165851  9.79591e-05  0.000619677
118.351  240.401  0.000466179  0.000184859  0.000506018
99.4129  258.1  0.000240181  0.000129353  0.000332656
115.35  269.403  0.000318354  4.64855e-05  0.000177337
136.823  217.595  0.00108556  0.00058467  0.00124864
143.545  223.647  0.00152004  0.000340904  0.000673964
137.888  228.174  0.00103311  0.000295651  0.000601883
117.777  240.94  0.000425741  0.000231495  0.000494637
115.136  250.794  0.000363859  0.000158302  0.000333811
118.381  264.187  0.000382289  9.7432e-05  0.000195801
138.719  263.696  0.00106537  9.65227e-05  0.000152113
629.141  183.659  0.000113  4.45325e-05  0.000416885
693.958  186.74  0.00172538  -9.86386e-05  0.000272388
627.174  203.38  0.000101402  1.75908e-05  0.000199032
535.732  176.534  0.00021723  -3.35257e-05  0.000234996
549.673  214.552  0.000335092  -2.58221e-05  8.87184e-05
373.677  135.414  0.000994494  2.74274e-05  0.000167539
364.403  100.964  0.000699994  5.05132e-05  0.000186026
803.331  87.093  0.000450827  0.000142431  0.000405082
802.537  99.8815  0.000386004  2.52977e-05  0.000164583
804.555  85.1092  0.000616219  2.91826e-06  0.000265954
338.049  162.801  0.000577377  0.00055531  0.000943403
339.175  153.057  0.000479747  0.000350909  0.000551734
339.422  134.336  0.000452099  0.00020668  0.000259419
100.535  233.461  0.000433143  0.000408154  0.000779177
92.0045  211.473  0.000232833  0.000108795  0.000231463
108.766  233.55  0.000557329  0.000596078  0.00106539
148.125  39.3871  0.00106658  -0.000485093  0.00138278
798.508  105.643  0.000285291  0.00018262  0.00178804
