1.0
1601
119.882  639.715  0.00773584  0.00213738  0.00200956
136.253  642.757  0.00132119  0.000904114  0.00238351
197.965  620.548  0.000734723  -0.000617947  0.00209631
137.098  609.304  0.00141443  -0.000327977  0.00051868
129.478  609.774  0.000816105  -0.000146884  0.000431007
153.478  639.061  0.00144426  0.00135856  0.00687621
170.995  629.065  0.00193578  0.00175898  0.00355704
584.494  605.937  0.00568183  -0.00172228  0.00388267
190.579  614.341  0.0101098  0.00340095  0.00278987
185.516  575.018  0.00110527  5.6347e-05  0.000339991
78.131  616.292  0.00267469  -0.000405042  0.000691358
71.7098  617.215  0.00142585  -0.000134341  0.000592219
67.1845  627.243  0.000926472  0.000100131  0.000898629
395.095  560.124  0.00312442  -0.000984467  0.000760058
392.938  567.894  0.00186237  -0.000553954  0.000827529
382.232  570.349  0.00076864  -0.00019111  0.000769182
260.139  590.548  0.00289499  0.000950132  0.000896053
258.539  586.228  0.0021958  0.000715295  0.000667542
253.646  586.755  0.00145302  0.000535095  0.000581064
142.474  587.41  0.00375784  0.000567095  0.00632333
140.18  584.657  0.00301285  0.000135434  0.00384655
139.543  590.463  0.00275765  0.00176037  0.00979086
437.451  613.138  0.00317976  0.000254649  0.00161608
176.01  605.253  0.00039475  7.85103e-05  0.000508522
150.296  616.508  0.00367056  0.000100694  0.000466009
168.014  606.279  0.000784521  0.000152927  0.000634883
153.302  615.435  0.00252235  6.29697e-05  0.000383892
148.737  616.056  0.00460797  0.000152078  0.000575308
235.814  579.722  0.0101575  0.00354642  0.00284472
40.1478  579.164  0.00253759  0.00209251  0.00931988
95.195  619.587  0.00154405  0.000588405  0.00151568
99.6285  619.888  0.0021979  0.000325766  0.000474754
101.277  617.413  0.00258921  0.000514811  0.000721178
85.1182  623.622  0.000770025  0.000262535  0.000625841
146.877  586.488  0.00181644  0.00202858  0.00757637
134.004  589.32  0.00604943  0.00138381  0.00337571
147.278  583.977  0.00152796  0.00110115  0.00493874
428.898  553.951  0.00244945  -0.000183407  0.000656323
423.665  547.283  0.0030359  -0.00062048  0.000562464
434.785  533.539  0.00100837  1.37435e-05  0.000327168
132.381  618  0.00073069  -5.57203e-05  0.000590181
139.734  589.859  0.00144735  0.00103087  0.00573451
158.826  593.397  0.0106573  -0.00283417  0.00299833
138.384  586.297  0.00124811  0.000495906  0.00455867
774.103  586.966  0.00126943  0.000770545  0.00552138
784.97  587.992  0.00438458  0.00266145  0.0059302
71.2292  566.605  0.00443357  -0.000373252  0.00408217
795.76  585.027  0.00219605  -0.00122005  0.00776544
198.654  579.628  0.00204752  -0.00141939  0.00531737
208.719  600.471  0.000685236  -0.000180015  0.00089766
256.31  573.879  0.00235586  0.00108318  0.00329563
260.283  573.821  0.00381249  0.00158708  0.00337164
34.5431  565.072  0.00403815  0.00145652  0.00199443
40.2922  577.873  0.00171894  7.17498e-05  0.00115126
454.125  563.746  0.000920459  -0.000229653  0.000446564
389.799  561.597  0.00824413  0.00250038  0.00236034
191.032  589.812  0.00800082  0.000521771  0.00138593
170.242  599.916  0.000942828  -3.90008e-05  0.000468595
271.387  582.988  0.00523242  0.000717014  0.00172226
260.881  582.097  0.00470581  0.00354015  0.00493541
266.427  584.708  0.00410659  0.00107627  0.00212583
183.638  580.918  0.00352185  0.00386264  0.0106908
192.517  591.597  0.0115989  0.00187793  0.0017439
227.796  590.537  0.00136193  0.000614226  0.000879569
266.738  578.362  0.00252808  -0.000198428  0.00173796
256.093  569.44  0.0013916  0.000250928  0.00577814
255.305  567.738  0.00115403  0.000403683  0.00237176
274.579  569.739  0.0105781  -0.00114713  0.00148193
269.188  556.078  0.00558789  0.00035104  0.00435606
270.356  585.77  0.00348451  -0.000370159  0.000478963
92.7691  571.031  0.0011173  0.000539975  0.00222687
103.225  568.797  0.000617068  0.000444915  0.00241694
258.798  568.207  0.00185698  0.000154047  0.00211418
263.55  574.357  0.0025982  -0.000214819  0.00117972
267.623  575.442  0.00422713  -0.000550948  0.00108689
263.885  557.91  0.00414038  0.000292085  0.00409949
258.642  560.46  0.00219361  0.000489459  0.00342756
253.229  562.419  0.0013898  0.00057313  0.00315829
266.787  579.907  0.00336088  -0.000465307  0.000692747
302.224  552.274  0.00131943  0.000141649  0.00178905
341.175  551.652  0.000876082  0.000749538  0.00209888
267.377  568.193  0.00171731  0.00134821  0.00277814
276.664  568.793  0.00298827  0.000891459  0.00166265
309.041  557.985  0.00376872  0.000499392  0.00132157
320.482  553.719  0.00127146  0.000428913  0.00147237
328.872  550.777  0.000778487  0.000434062  0.00157726
312.26  555.542  0.00411347  0.0015307  0.00548205
270.6  570.052  0.0017455  0.00120909  0.00199833
307.547  555.968  0.00915492  0.00251446  0.00210351
314.129  553.855  0.00337415  0.00116289  0.00254717
318.385  543.686  0.00290837  0.00232018  0.0104012
320.339  547.522  0.00206568  0.00123489  0.00481574
323.085  548.459  0.00157711  0.00098134  0.0039166
323.873  553.234  0.001315  0.000646343  0.00219529
335.615  550.389  0.000668061  0.000530034  0.00237102
253.718  564.321  0.000832065  0.000747501  0.0037648
273.107  560.983  0.0035479  0.000105091  0.00333127
269.523  562.198  0.00232451  0.000299733  0.00313552
269.65  595.117  0.00125746  -0.000158721  0.000371841
315.498  557.556  0.0043414  0.000930064  0.00374989
356.372  540.431  0.00320772  0.00150524  0.00799579
321.745  558.28  0.00323828  -0.000207047  0.0010698
311.494  564.539  0.00113699  4.26702e-05  0.000808376
332.792  548.303  0.000584843  0.000416602  0.00104761
254.425  562.241  0.000752323  0.000249088  0.00179895
274.591  560.18  0.00430042  -0.000493198  0.0016045
267.422  562.126  0.00181794  -3.49486e-05  0.00146393
612.863  519.58  0.00266372  -0.00205938  0.00306116
619.092  520.922  0.00220321  -0.00148732  0.00242268
329.086  546.343  0.00184735  0.00219166  0.00832663
338.235  545.466  0.0043612  0.00291177  0.00736219
364.179  545.514  0.00562689  0.00281243  0.00286321
368.987  544.562  0.00311946  0.00179855  0.00233527
375.02  542.26  0.00192409  0.00134527  0.00217752
361.745  545.049  0.00884751  0.004032  0.00446896
370.7  537.345  0.00364314  0.00297869  0.00843084
365.945  526.76  0.00608311  -0.00131829  0.00124455
626.83  561.867  0.00323716  0.000586616  0.00124282
372.438  538.379  0.00269805  0.0018227  0.00635065
459.374  588.65  0.00110831  0.000359014  0.000456681
380.953  533.673  0.00260161  0.0028094  0.0102608
356.317  485.193  0.000555988  -0.00015264  0.000467285
225.825  510.537  0.00387531  0.00158  0.00371531
218.116  517.956  0.00229166  0.00245492  0.00942825
214.375  513.255  0.00139139  0.00106364  0.0036944
211.928  512.629  0.00171477  0.0019673  0.00416992
556.629  501.722  0.00493067  -6.85821e-05  0.000578154
336.165  507.514  0.01071  -0.00404301  0.00350473
337.942  497.441  0.00373462  -0.00135213  0.00143798
354.657  513.851  0.00241832  -0.000161257  0.00408141
323.032  491.365  0.000632029  -0.000276918  0.00057978
313.277  481.71  0.00133376  0.000745407  0.00100369
301.771  491.595  0.000841406  0.000541824  0.00139006
295.67  490.006  0.000563002  0.000382514  0.00114124
314.805  482.733  0.00471122  0.00148116  0.00112525
304.501  490.262  0.00179737  0.000643546  0.00124232
301.026  488.842  0.00127953  0.00047575  0.00106691
311.033  494.312  0.000797125  -6.00921e-05  0.00164724
316.846  490.859  0.000542776  -2.41731e-05  0.00128543
319.867  487.229  0.000444197  -2.47031e-05  0.00100384
300.741  487.718  0.0011827  -0.000258491  0.000982488
294.72  488.131  0.00202784  -0.000508681  0.00104509
510.687  514.972  0.00341283  0.000395875  0.00484699
503.723  517.521  0.0016693  0.000633413  0.0041584
506.834  510.634  0.00230823  0.00269353  0.0133442
541.006  508.474  0.00513114  -0.000692981  0.00445851
545.657  505.216  0.0025618  0.000258543  0.00646984
559.833  504.533  0.000850165  0.00051226  0.00514091
565.721  502.859  0.00112437  0.000647057  0.00591066
520.743  511.603  0.00157089  0.00077206  0.00397972
508.624  516.325  0.00071779  0.000469019  0.00268137
206.721  519.614  0.000904221  0.000833618  0.00363155
194.756  523.411  0.000528041  0.000634816  0.00295291
72.5012  534.152  0.000761356  -3.23354e-05  0.000620675
534.014  506.812  0.00266397  0.000809012  0.00632516
697.414  548.704  0.00269217  0.000875838  0.000777584
221.678  505.009  0.000901184  0.000293438  0.000904911
233.35  506.202  0.00246083  0.00168975  0.0089076
238.334  509.607  0.00425983  0.000967678  0.00421042
210.259  519.666  0.000529362  0.000417709  0.00222664
283.737  497.201  0.000877594  0.00041031  0.00236075
270.885  496.941  0.00245225  0.000421971  0.00187631
260.65  498.588  0.0125737  0.00098137  0.00191848
243.696  499.453  0.00449829  0.000569335  0.000954923
531.883  507.324  0.00165103  0.000475706  0.00616708
523.397  510.62  0.000854698  0.000411782  0.004357
510.681  515.626  0.000427954  0.000296979  0.00282035
47.0402  497.021  0.00336553  -0.000158946  0.00550716
53.8058  495.055  0.00158515  0.000124004  0.00446204
59.9907  474.979  0.00072344  -7.89386e-05  0.000763193
39.2543  475.286  0.00517518  -0.00105049  0.000895909
43.2404  461.664  0.00212057  -0.000422477  0.000441951
306.071  475.348  0.00328763  -8.17792e-06  0.00160212
413.502  519.914  0.00202782  -0.00230261  0.00824883
418.864  521.998  0.0015598  -0.00178455  0.0060464
435.322  515.416  0.000390015  -0.000213624  0.00195005
416.978  469.396  0.000472957  0.00026592  0.00123614
389.741  465.86  0.00378479  0.000688045  0.000796878
394.134  464.665  0.00227546  0.000455258  0.00074183
416.407  466.444  0.00681001  -0.000756989  0.00110032
423.787  468.141  0.00237799  0.00104907  0.00152127
414.206  465.679  0.00478229  -0.000488405  0.000834638
368.806  518.822  0.00207121  0.000660445  0.0110318
360.734  518.966  0.00121927  0.000661971  0.00715126
390.806  470.395  0.00322085  0.000172208  0.000422743
396.053  470.44  0.0018987  2.05184e-05  0.00033797
224.049  514.119  0.00086997  0.000618424  0.00320188
222.174  464.693  0.000690043  0.000139093  0.000676599
212.807  488.195  0.000537785  0.000616269  0.00326384
37.9963  475.804  0.00655711  -0.00128191  0.00142742
58.1332  459.327  0.000660559  -8.44735e-05  0.000508431
544.919  472.017  0.000571001  -0.00017103  0.00188067
527.076  471.163  0.00205119  -0.00070541  0.00188195
534.986  470.543  0.00102387  -0.000338234  0.0016824
537.464  465.048  0.000760127  -0.000253837  0.00110288
275.145  508.31  0.00249441  0.00185256  0.0109574
275.501  503.272  0.00233607  0.000829792  0.00435064
281.259  498.644  0.0014061  0.00050648  0.00266454
264.962  497.866  0.0128342  0.00119497  0.00193457
269.049  496.797  0.00563868  0.000673761  0.00182139
319.731  497.853  0.00485314  0.00242263  0.00596123
311.406  499.36  0.000970066  0.000639442  0.00569879
298.855  497.786  0.00236124  -0.000117961  0.0035218
294.999  498.132  0.00376016  -0.000525117  0.00352363
289.546  496.648  0.00547837  -0.00121797  0.00292116
501.736  482.571  0.00816995  -0.00250251  0.0027299
411.404  469.653  0.000644142  0.00039313  0.00154613
620.623  476.411  0.00946942  -0.00204859  0.00175398
340.473  501.071  0.00802419  0.0011104  0.00182477
340.211  497.923  0.00287642  0.00146798  0.00274605
323.118  531.402  0.0116317  0.000782637  0.00136697
554.146  470.64  0.000482024  0.000462244  0.002863
532.613  443.149  0.00067837  -9.00513e-05  0.000369415
558.222  465.29  0.0120007  -0.00300467  0.00270185
524.706  451.383  0.000572063  -6.34502e-05  0.000486694
42.51  511.521  0.0131461  -0.00310498  0.00243166
46.408  509.325  0.00540437  -0.00151556  0.00267074
54.8896  502.717  0.00178493  -0.00147506  0.00769298
65.042  536.351  0.00127641  -0.00033902  0.0004985
78.793  532.409  0.000516272  -0.000196853  0.000619076
199.372  474.547  0.00139835  0.000622825  0.0013423
194.374  483.407  0.00121609  0.000911292  0.00269754
96.6561  462.942  0.00152103  -0.000342947  0.00290114
112.413  451.738  0.000496208  -0.000113051  0.000967673
708.984  479.81  0.00211954  0.00227747  0.00948675
533.039  479.168  0.00159759  -0.00131892  0.00887683
541.856  501.737  0.00144239  -0.000586194  0.000986477
553.331  504.826  0.000694944  -0.000309847  0.000793998
564.517  503.748  0.000388616  -0.000208275  0.000850942
522.125  482.049  0.00684804  -0.00230823  0.00316691
531.269  480.508  0.00189512  -0.000515308  0.00278727
537.088  479.66  0.0011261  -0.000230119  0.00283368
547.143  477.34  0.000574023  7.95824e-06  0.00338302
320.801  497.241  0.00580566  0.00326301  0.00611805
317.805  497.77  0.00184118  0.00181161  0.00581743
109.438  449.881  0.00104149  0.000644222  0.000918595
77.7048  470.957  0.00395973  -0.00271016  0.00642062
88.6582  469.687  0.00408759  2.04417e-05  0.00392935
93.4342  466.498  0.00219215  0.000104729  0.00281138
551.319  453.785  0.0057132  -0.00141149  0.00137577
546.915  458.925  0.00258367  -0.000451892  0.00146263
540.199  446.173  0.00184939  -0.000409432  0.000659378
384.583  469.593  0.0116573  0.00143247  0.00193621
234.574  487.326  0.00236727  0.00208565  0.00669307
211.082  520.446  0.00046487  0.000188351  0.000579864
231.412  508.644  0.00342874  0.00100283  0.000978337
63.1384  518.699  0.00428762  0.00069135  0.000623311
376.285  478.492  0.00586163  0.00270843  0.00240431
236.35  482.34  0.00237552  0.00158213  0.00716416
236.541  463.677  0.00201993  0.000255872  0.000929545
265.718  494.062  0.00766659  0.000440213  0.000922699
282.749  474.207  0.00134841  0.00105329  0.00437473
287.728  488.348  0.000819111  0.000245194  0.000953968
290.094  476.547  0.00081932  0.000621618  0.00257881
297.215  475.547  0.000595143  0.000572112  0.0023937
233.201  487.154  0.00185397  0.00116351  0.00400758
598.332  428.465  0.000650935  -0.000198832  0.000481728
557.995  478.367  0.00588198  -0.000288596  0.00376215
552.624  468.071  0.00387863  -0.000672831  0.00132512
544.352  469.033  0.00160235  -8.76164e-05  0.00100332
546.175  483.725  0.00174682  0.00106653  0.00387693
536.646  450.633  0.00124532  -0.000227754  0.000397372
181.56  495.332  0.000573966  0.000292862  0.00165664
170.09  434.887  0.00212253  -0.000128858  0.000599286
520.402  456.34  0.00518765  -0.00188508  0.00333479
513.02  460.344  0.00175149  -0.000406697  0.00414952
512.634  465.924  0.00142896  0.000218029  0.0106212
518.102  465.747  0.00199815  0.00142375  0.011162
521.799  449.49  0.00169217  0.000631474  0.00148367
518.29  458.76  0.00161765  0.000750577  0.00345709
515.804  451.951  0.00343978  -0.00163315  0.00354881
512.768  458.006  0.00191073  -0.00145741  0.00839006
513.589  457.067  0.00109893  -0.000258913  0.00676225
319.262  490.578  0.000504356  0.000114601  0.00168117
312.936  471.757  0.000566431  0.000297571  0.00263661
302.197  472.992  0.00101477  0.000144461  0.00251113
297.063  499.626  0.00314545  -0.000248658  0.00219223
291.475  472.761  0.00260242  0.000271688  0.00419818
298.452  468.024  0.0014838  0.00123453  0.00672096
287.797  494.401  0.00658886  -0.00166465  0.00235202
284.485  483.216  0.00676173  -0.00114865  0.00376022
307.278  478.264  0.000791775  0.000753365  0.00567001
291.936  489.418  0.00290974  -0.000650558  0.00107919
300.927  486.039  0.00116374  -0.000117574  0.00100095
302.762  479.948  0.00229362  0.000688033  0.00378949
301.157  475.183  0.00198325  0.000287764  0.00206743
300.256  480.634  0.00180438  0.000976256  0.00696869
301.005  487.611  0.00241921  0.00258183  0.00937884
334.813  475.64  0.00461863  -0.000650129  0.00254557
338.849  475.825  0.00270303  -0.000427423  0.00251968
346.01  496.408  0.00164927  -0.00021648  0.000565074
347.357  486.413  0.00132793  -0.000200098  0.00102098
339.671  474.183  0.00253381  0.000181874  0.00167252
366.558  469.547  0.000480322  0.0003148  0.00128094
274.87  427.286  0.0004959  4.69837e-05  0.000340168
174.483  488.656  0.000347942  7.04446e-05  0.00146756
528.62  451.668  0.00398705  0.00163625  0.00639984
524.041  453.254  0.00241393  0.00123826  0.00787417
730.179  449.116  0.00333299  -0.00326068  0.0106658
200.003  431.533  0.00655812  -0.000883823  0.00121594
326.399  481.104  0.0064699  -0.000113148  0.00140646
338.824  478.199  0.0014302  -9.92954e-05  0.0019327
342.009  481.177  0.00111067  -7.64221e-05  0.00148586
286.624  473.927  0.00117078  0.000924339  0.00399336
283.91  489.669  0.000840206  0.000209904  0.000925383
546.848  494.649  0.00420629  -0.000290812  0.000924676
550.484  517.518  0.00172103  -0.000176339  0.000396028
164.037  432.04  0.00147154  -0.000732954  0.00161693
117.407  455.307  0.00190642  0.00109388  0.00537485
109.613  452.483  0.00330626  -6.9732e-05  0.0028614
767.834  453.618  0.00332067  -0.0029108  0.00985908
593.628  476.204  0.0112352  -0.000505854  0.00190888
587.513  484.633  0.00343152  1.17994e-05  0.00108315
572.215  490.457  0.000906622  0.000238147  0.000992995
597.203  431.162  0.000871782  0.000304947  0.00152428
567.591  422.117  0.00213992  -0.000408992  0.000601232
581.102  451.413  0.00276732  0.0012394  0.00451336
558.769  431.349  0.000570287  0.000104518  0.000482183
596.043  447.969  0.00161105  0.00159777  0.00570308
597.914  439.233  0.000984956  0.000459221  0.00202368
597.427  430.742  0.000806458  0.000144542  0.00100273
218.346  498.06  0.00166371  -0.000303346  0.000464879
235.45  490.106  0.000562532  -0.000307517  0.000919669
150.391  449.179  0.000607138  -0.000520063  0.00167787
388.622  455.985  0.00300835  -0.000375145  0.00230122
389.115  447.215  0.00240382  0.000873353  0.00685425
401.692  466.658  0.00115613  -0.000161478  0.000810383
402.138  466.897  0.00185221  -0.00060098  0.00101901
432.405  465.676  0.000320557  -8.3224e-06  0.000572929
368.517  461.647  0.00701562  -0.0024529  0.00300156
368.587  470.903  0.00381781  -0.00136495  0.00151683
391.273  453.731  0.00647516  -0.000630696  0.00268729
542.871  457.667  0.00869439  -0.00416818  0.00427693
542.676  454.208  0.00705015  -0.00391939  0.00572447
570.45  473.659  0.000915068  -0.00066065  0.00137849
523.127  457.424  0.00788883  -0.00269705  0.00349444
506.752  468.825  0.000858001  -0.000122872  0.00120892
526.186  468.916  0.0058994  -0.00219062  0.0017685
529.222  451.48  0.00457432  0.00027406  0.00453937
527.907  457.002  0.00471926  0.000917094  0.00248504
528.185  463.554  0.00688823  0.00185679  0.00183145
427.468  461.82  0.000734079  -2.33235e-05  0.000728236
645.59  410.059  0.00047144  8.25834e-05  0.000950848
633.287  434.008  0.00176565  0.00225609  0.00905918
541.019  452.463  0.00207073  -0.001991  0.00587929
547.645  456.912  0.00321217  -0.00183607  0.00402876
554.328  400.43  0.00370487  0.000739532  0.000603644
541.619  463.99  0.00574681  -0.000686419  0.00149244
534.675  464.698  0.00231093  -0.000433523  0.00120414
393.575  464.507  0.0104978  0.00097365  0.00157921
390.895  465.991  0.00592348  0.000185347  0.000839809
393.953  454.777  0.00809302  -0.002684  0.00330627
394.159  463.83  0.00451231  -0.00154253  0.00165153
409.65  457.375  0.008654  -0.00345571  0.00281806
413.172  463.084  0.00618565  -0.00162477  0.00129075
196.422  428.77  0.0011437  -0.0012451  0.00604923
232.643  416.618  0.000462748  -0.00026339  0.00122862
224.117  420.14  0.000581246  -0.0004102  0.00191437
231.505  419.423  0.00051397  -0.000459794  0.00283348
651.418  405.793  0.000481885  0.000399069  0.00147693
161.909  441.733  0.00595894  0.00407498  0.00613931
170.656  445.893  0.00146721  0.00082917  0.002819
152.047  409.616  0.000834017  -0.000576592  0.00386159
148.946  390.125  0.00077206  -0.000193629  0.000719225
344.875  393.114  0.00171676  -0.000936538  0.00105723
645.321  433.385  0.00100278  0.000992416  0.00489306
239.985  501.322  0.00165817  0.000601645  0.00095018
171.825  435.905  0.00269103  0.00203964  0.0059499
190.919  437.588  0.000560601  0.000441873  0.00375803
189.818  442.427  0.000492255  0.00038094  0.00225191
48.9377  433.21  0.00347113  -0.00120133  0.00387074
67.4541  452.607  0.00170158  -0.00092008  0.00110329
71.6388  450.071  0.00108046  -0.000512939  0.000871513
48.6201  429.635  0.00278831  -0.0007817  0.00361331
72.1607  423.587  0.000613092  0.000454753  0.00233741
348.505  385.218  0.00191916  -0.000638939  0.000681067
350.348  393.564  0.00143911  -0.000312243  0.000833062
464.14  426.558  0.00106003  0.000399951  0.0025264
342.029  395.894  0.00720589  -0.00257371  0.00209256
359.321  401.149  0.000926191  -0.000547474  0.00149048
343.926  390.851  0.00265717  -0.000673594  0.000997543
344.37  384.198  0.00224033  -0.000520478  0.000667648
83.2688  432.86  0.00783346  -0.00425279  0.00407804
83.8458  427.408  0.00441877  -0.00270133  0.00502888
129.333  458.913  0.000437615  -0.000278308  0.00059531
118.212  463.561  0.000938893  -0.000577692  0.000893715
50.964  427.342  0.00240178  -6.96788e-05  0.00365378
51.8335  431.19  0.00206389  -0.000326861  0.00244882
53.4394  439.167  0.00157925  -0.000450053  0.00135635
48.0507  440.386  0.00103404  -0.000155966  0.00124708
516.488  406.469  0.00402683  8.65071e-05  0.00184679
515.164  401.673  0.00349742  -5.62148e-06  0.00119779
513.857  412.799  0.00280434  0.000509084  0.00354379
511.209  403.207  0.00219106  9.86448e-05  0.00126429
507.273  411.057  0.00150153  0.000381448  0.00244507
504.721  403.902  0.00123702  0.000153115  0.00120382
213.758  427.111  0.00239569  -0.00102411  0.00563814
259.041  416.181  0.0010253  -3.48776e-05  0.00122265
544.672  386.059  0.00541819  0.00154799  0.0014786
65.1847  404.372  0.000880613  8.76815e-05  0.00347621
68.4239  388.277  0.00052141  0.000242065  0.00099498
299.182  389.734  0.000771836  0.000638868  0.00135958
288.439  370.389  0.000599012  5.63151e-05  0.000349679
290.003  379.358  0.00067096  0.000201529  0.000713403
247.338  421.159  0.0042731  -0.00115574  0.00457293
239.331  421.805  0.00166869  -0.000524396  0.00388824
233.849  422.253  0.00131864  -0.000449576  0.00356108
217.671  424.879  0.000463868  -0.000197845  0.00239545
387.097  406.853  0.00104536  0.000272281  0.00680265
430.102  423.051  0.00557862  -0.000775242  0.00107364
443.787  429.161  0.00136834  -9.57724e-05  0.000517288
429.473  423.854  0.00637922  -0.00177407  0.00298784
435.704  421.634  0.00263286  -0.00134168  0.0044318
448.922  424.687  0.001005  -0.000971262  0.00410122
455.59  427.118  0.000720837  -0.000805079  0.00351072
439.17  455.245  0.00411815  0.000382823  0.000753817
442.799  443.082  0.00288999  0.000396356  0.00179859
545.075  424.704  0.00448372  -0.000183247  0.00260314
546.305  444.739  0.00458052  -0.000287939  0.000579086
543.883  422.643  0.00530384  -0.000192754  0.00137858
544.939  416.87  0.00425391  5.97446e-07  0.00232758
552.979  412.504  0.0016794  0.000322333  0.0034549
548.333  413.775  0.00280751  0.000811621  0.00585242
557.088  391.355  0.000860018  4.12266e-05  0.00335975
545.863  385.292  0.00196986  -0.000198296  0.00167172
566.774  389.67  0.00105942  0.000130514  0.00286889
555.05  382.531  0.00321227  4.02259e-05  0.00133569
321.983  396.484  0.00837116  -0.00233492  0.00257703
323.127  398.002  0.0030619  -0.000490908  0.00230335
277.17  387.553  0.000338847  2.34037e-05  0.000644411
30.0951  428.904  0.00365624  0.00130286  0.00707325
207.872  383.502  0.00351856  0.00225116  0.00315917
173.221  404.341  0.00808239  -0.00113371  0.00251694
158.046  410.492  0.00117032  -0.000130818  0.00528276
351.398  405.98  0.00295451  -0.00196315  0.00728645
347.346  395.455  0.00312425  -0.00123733  0.00216415
350.218  393.934  0.00214502  -0.000890607  0.00175734
353.463  402.129  0.00457646  -0.00167093  0.00387854
356.724  400.709  0.00284052  -0.00112554  0.00298627
341.024  388.42  0.00355369  -0.000733185  0.00120715
616.06  370.125  0.00232749  -0.000470288  0.000572594
634.242  362.288  0.000555088  -2.75116e-05  0.000408645
631.112  426.868  0.00171449  8.72229e-05  0.00272512
639.119  424.562  0.000982913  0.000389324  0.00260037
640.05  381.014  0.0049296  0.00134396  0.00338597
636.92  377.575  0.003167  0.000800331  0.00200118
626.856  385.464  0.00156348  0.00120558  0.00322486
628.777  381.364  0.00229661  0.000394234  0.00225433
690.117  370.372  0.00759323  -0.00100887  0.00103302
702.896  352.853  0.0012077  -5.9356e-05  0.000436612
552.447  378.079  0.00992855  -0.00160411  0.00276618
595.613  366.929  0.000625363  0.000480363  0.0022837
583.092  351.798  0.000839051  -2.24041e-05  0.000610343
558.174  376.62  0.00334432  -0.000401205  0.00258415
552.921  378.228  0.00186473  7.39298e-05  0.00250711
545.24  379.17  0.00104717  0.000259061  0.00218724
572.717  434.671  0.00207892  -0.000627039  0.000683761
570.725  440.181  0.00144033  -0.000421375  0.000519842
391.963  374.969  0.00119536  -0.000147088  0.00232439
392.475  378.269  0.00830155  0.00618631  0.00739109
395.458  377.416  0.0053738  0.00409489  0.00571237
89.165  377.238  0.00516093  -0.000459602  0.001807
137.586  375.997  0.00231151  0.00135458  0.00246966
125.286  387.738  0.00171923  -0.000181209  0.00834246
271.971  405.879  0.00626629  -0.0024485  0.0049119
268.231  403.611  0.00212639  -0.00103238  0.00591589
271.907  406.825  0.00284606  -0.00112275  0.00391115
278.498  410.152  0.00637907  -0.00215394  0.00315806
270.861  388.313  0.00566981  -0.00139948  0.00121819
538.918  380.285  0.00223191  -0.000189175  0.00229875
533.562  375.52  0.00204568  -0.00027661  0.00142357
510.058  397.477  0.00282123  0.000814654  0.00521932
504.748  394.66  0.00171027  0.000447984  0.00296865
496.915  396.185  0.000991608  0.000528234  0.00286477
488.05  398.2  0.00064681  0.00057683  0.00285792
514.571  393.39  0.00510882  -0.000349557  0.00353735
509.536  394.134  0.00257721  -2.805e-06  0.00339383
499.31  395.722  0.00103458  0.000192093  0.00315432
505.581  396.815  0.00166338  3.92669e-05  0.0025714
508.392  402.296  0.00200349  -0.000127308  0.00147788
151.999  396.728  0.0013509  0.000469733  0.00188228
133.921  404.081  0.000590749  0.000544507  0.00171174
143.436  402.502  0.000787385  0.000413201  0.00146245
156.969  401.994  0.00168408  9.96816e-05  0.00107316
209.537  392.694  0.003013  0.00374346  0.00903012
272.533  370.152  0.000713592  -0.000224088  0.000590953
364.484  395.796  0.0015425  -0.000265911  0.00102206
368.355  408.722  0.0013556  -0.000240447  0.000502773
377.86  411.561  0.000718869  -0.000124858  0.000421739
392.519  410.592  0.000342543  -5.57136e-05  0.000422312
563.66  388.936  0.00269485  0.000622121  0.0070672
552.704  377.397  0.0091367  -0.00134451  0.00266623
556.55  382.778  0.00554966  -0.000855829  0.00149606
289.066  354.507  0.00637803  -0.000237538  0.00130148
594.929  373.383  0.000745156  0.000409987  0.00127868
580.153  339.392  0.000852811  -6.92302e-05  0.000339909
537.079  376.109  0.0020201  -0.000251906  0.00109266
543.884  389.024  0.00323691  -0.000367428  0.00115569
542.135  395.188  0.00227126  -0.000261167  0.000800319
543.194  404.982  0.0020252  -0.000299476  0.000502988
378.977  399.562  0.00647605  0.00561343  0.00790105
593.184  366.166  0.000815007  0.00104171  0.00271186
594.958  365.236  0.000553724  0.000603645  0.00198546
554.221  378.441  0.00377863  0.000599083  0.00182253
562.884  388.69  0.00161771  0.00109016  0.00647471
356.836  384.797  0.00510935  -0.00160149  0.00314853
348.217  411.608  0.000893049  -0.000280804  0.000498668
334.953  325.173  0.00229569  -0.000469857  0.000530448
378.471  366.364  0.00829803  0.00235767  0.00279861
374.942  365.292  0.00819112  0.000170465  0.00193219
394.505  407.073  0.00240724  -0.000712128  0.000714456
409.056  402.829  0.000687946  -0.000150243  0.000593707
291.429  374.808  0.00088083  0.000846479  0.00150829
559.404  378.391  0.00407603  0.00032635  0.0037115
549.285  383.962  0.00158298  0.000847392  0.00295114
562.145  382.152  0.00469608  -0.000542923  0.00235103
538.167  383.095  0.000751154  0.000406274  0.00173287
563.814  383.467  0.0054008  -0.00134895  0.00149645
549.045  388.7  0.00104582  -2.18237e-05  0.00102364
637.935  377.331  0.00261206  -0.000384583  0.0016791
658.056  378.231  0.00059625  4.62678e-05  0.00108541
54.5548  357.428  0.00046485  9.37786e-06  0.000739597
53.7157  362.913  0.000905812  0.000332559  0.000529484
87.3992  381.78  0.00803957  -0.00189781  0.00238491
589.36  367.138  0.000696658  0.000534515  0.00285911
535.223  382.467  0.00210067  -0.000172497  0.00173014
573.627  433.439  0.00238475  -0.000742558  0.00092501
536.878  428.536  0.000587306  0.000214902  0.00131831
623.812  330.935  0.00248057  -0.000348082  0.00127512
619.673  329.637  0.00168923  -0.000198119  0.00107332
622.465  348.617  0.00178751  0.00155085  0.010408
624.474  373.866  0.00162977  0.00019355  0.00281264
623.485  336.825  0.00436582  -0.000514558  0.00207322
592.417  328.378  0.000448919  3.52107e-05  0.000679769
588.217  338.924  0.000367313  0.000170442  0.00130612
616.532  368.369  0.00144638  -8.63417e-05  0.000742867
612.722  346.711  0.00206202  0.00199719  0.00609406
635.005  372.42  0.00050918  3.03129e-05  0.00040568
620.239  375.19  0.00122783  -8.39948e-05  0.000614279
729.716  336.482  0.00219837  -0.000304108  0.000793015
732.821  354.525  0.00218485  0.000314334  0.00367185
727.4  327.693  0.00207678  -0.00033681  0.000517542
706.703  362.502  0.00534448  -0.000590511  0.00292894
705.097  363.426  0.0074058  -0.000603757  0.00339511
710.672  361.956  0.00313246  0.000180813  0.00336598
718.536  357.665  0.00149249  0.000797554  0.0047514
728.64  323.098  0.000511829  7.25487e-05  0.000522693
722.236  353.487  0.00103948  0.000423431  0.00277015
732.378  348.444  0.000664223  0.000764582  0.00399256
737.279  351.74  0.000499804  0.000426182  0.00233332
292.958  358.61  0.0103292  -0.00167732  0.00217003
292.9  364.687  0.00783659  -0.00133625  0.00137682
720.749  326.251  0.000373777  0.000255744  0.00255214
710.441  318.835  0.000513551  4.28232e-05  0.00115441
711.91  312  0.000442415  3.60316e-06  0.000740745
703.181  300.265  0.000599047  -7.4326e-05  0.000399225
720.509  322.555  0.000403586  0.000293046  0.00167094
665.889  379.438  0.00371663  0.000385729  0.00199688
644.912  378.994  0.000790518  0.000299268  0.000824029
645.718  412.501  0.000764813  0.000965332  0.00380492
622.027  364.532  0.00108388  4.90886e-07  0.00164219
659.153  374.601  0.000537634  -2.85702e-05  0.000569959
621.903  359.91  0.00162601  6.92133e-05  0.00259757
619.986  369.638  0.00116542  -6.57828e-05  0.00111965
626.566  373.426  0.00251074  -0.000381623  0.000875412
619.315  318.957  0.00272796  -0.000496999  0.00157878
619.104  334.732  0.00199175  0.00140214  0.0123938
606.821  320.46  0.000905968  -2.60099e-05  0.00140988
701.77  312.087  0.00230394  -0.00038403  0.000768584
733.235  317.618  0.000350398  9.79005e-05  0.00130856
728.124  322.205  0.000517525  0.000319521  0.00189326
622.629  347.034  0.00157058  0.000455217  0.0111466
622.428  350.801  0.00140884  6.80593e-05  0.00536972
622.255  353.999  0.00129969  -5.1784e-05  0.00339512
618.36  357.501  0.000917922  -4.21714e-05  0.0023217
627.632  353.025  0.00574783  -0.000950574  0.00385315
628.991  359.756  0.00580026  -0.0011022  0.0019412
631.015  366.935  0.0053238  -0.00105615  0.00117586
603.791  356.049  0.000588071  0.000105256  0.00306155
611.164  364.811  0.000801556  -7.08182e-05  0.00125192
593.591  324.355  0.00041724  0.000106876  0.00296376
487.149  303.662  0.000666558  -1.02406e-05  0.000473117
428.491  338.559  0.000886694  0.00043645  0.00404287
491.021  311.1  0.000456942  0.000115951  0.000716349
496.579  305.401  0.000360156  8.84023e-05  0.000541909
663.966  342.674  0.00219919  -2.00737e-05  0.00151231
669.116  345.652  0.00146192  3.4561e-06  0.00105409
680.537  332.43  0.00076051  0.000597015  0.00227664
684.104  335.936  0.000609359  0.000355287  0.0014668
611.272  358.914  0.000875579  -4.00032e-05  0.0016309
619.119  317.193  0.00279785  -0.00054645  0.00239329
604.926  319.29  0.000806198  -4.55706e-06  0.00248617
726.538  319.061  0.000522101  -9.0475e-05  0.000490518
579.74  385.83  0.00061752  5.17463e-05  0.000589723
593.916  296.263  0.00149219  0.0012964  0.00177726
785.746  343.733  0.00731369  -0.00164976  0.00296247
789.522  343.125  0.00386667  -0.000958196  0.00309122
782.961  302.369  0.00195305  -0.000421575  0.00142349
770.113  347.919  0.000804883  0.00100409  0.00373082
778.469  347.055  0.00103153  0.00073593  0.00303774
794.989  342.873  0.00391018  6.99241e-05  0.00290688
793.107  340.847  0.00267803  0.000659919  0.00393838
781.698  297.546  0.00209725  -0.000136158  0.00081204
482.178  333.98  0.00117321  6.47854e-05  0.00106208
485.984  337.432  0.000916918  4.54217e-05  0.000801739
488.277  329.332  0.000772202  0.00017028  0.00139275
445.514  334.04  0.00725389  -0.000676027  0.00139881
483.004  297.132  0.000974677  -7.6386e-05  0.00045586
482.548  333.253  0.00146039  -0.000510563  0.00204382
445.57  324.498  0.00524808  -0.000315757  0.00360078
448.336  341.437  0.00592042  -0.000640152  0.000846393
491.768  317.151  0.000437151  0.000174792  0.00172424
790.421  342.203  0.0022532  -4.0428e-05  0.00182277
784.889  337.579  0.00416674  -0.000370005  0.00364026
789.24  338.947  0.00255886  -0.00011576  0.00268661
783.279  304.922  0.0021092  0.000234207  0.00258516
613.288  352.8  0.000922301  -1.29365e-05  0.00117654
622.286  363.094  0.00154532  -0.000226201  0.000609491
603.657  353.447  0.000610042  5.95128e-05  0.00123294
610.69  362.513  0.000807607  -6.83787e-05  0.000652409
625.865  368.374  0.00259101  -0.000456316  0.000515553
616.515  370.355  0.00107884  -0.000219921  0.000473252
609.326  337.285  0.00112908  0.000860923  0.00769419
618.299  367.628  0.00128734  -0.000177708  0.000413831
372.568  344.833  0.000392444  8.2819e-05  0.000902432
347.175  331.749  0.0029422  0.00100769  0.00486748
350.057  328.379  0.00231537  0.00143553  0.00819912
343.175  343.006  0.00242766  -0.00114758  0.00220834
343.838  295.058  0.0104377  -0.00212445  0.0018313
606.273  329.954  0.00114031  0.000822709  0.00445852
671.672  332.537  0.000675074  0.000120658  0.00115661
692.747  342.932  0.000334773  1.75596e-05  0.000481959
655.261  347.524  0.00203952  -0.000266461  0.00140561
645.58  403.782  0.000365139  -9.47682e-06  0.000424707
703.965  349.364  0.00219964  -8.29214e-05  0.0020595
716.715  322.366  0.000503875  -2.33114e-05  0.000459028
715.25  341.554  0.000731232  -7.55763e-05  0.00080654
720.659  356.806  0.000692914  -0.000151352  0.000396155
712.727  320.362  0.000659756  0.000328636  0.00241936
705.902  308.932  0.000694511  -3.70352e-05  0.000878273
700.28  299.941  0.000796751  -0.000149897  0.000539617
711.743  318.513  0.000679486  0.000326319  0.00226858
658.353  344.697  0.00131571  -0.000428872  0.00112742
661.924  337.385  0.00229219  -0.000774048  0.00088903
657.367  337.805  0.00146005  -0.000506101  0.000777872
693.436  330.04  0.00100184  -6.27495e-05  0.000460324
683.602  332.338  0.000640746  0.000431517  0.00272075
696.354  333.554  0.0012357  0.000114224  0.00185779
677.377  337.656  0.000445569  0.000275765  0.00177724
703.613  334.403  0.00225269  -0.000178044  0.00156329
707.305  333.935  0.00211031  -0.000131588  0.00151234
681.487  295.085  0.00300976  -0.000838217  0.00234974
685.437  294.26  0.00191696  -0.000387533  0.00215855
707.329  289.471  0.000469308  0.000197277  0.00184999
692.033  292.696  0.00108336  -5.17709e-05  0.00197641
707.563  280.951  0.000374066  4.39814e-05  0.000962227
700.966  320.656  0.00235565  -8.91195e-05  0.0019837
695.532  325.397  0.0013767  0.000319575  0.00281715
694.702  326.011  0.00124169  0.000106733  0.00161385
698.236  332.715  0.00141652  -9.5651e-05  0.000939341
688.428  332.784  0.000766449  0.000198823  0.00159459
677.391  340.888  0.00041184  0.000143538  0.0010138
704.146  336.874  0.00223567  -0.000279775  0.000974559
703.739  319.857  0.00228662  -5.78318e-05  0.00193291
706.76  313.014  0.00149561  -6.34405e-05  0.00114972
700.784  311.76  0.00298799  0.00143955  0.00865888
708.087  332.62  0.00188783  -0.000204188  0.000839053
729.261  319.898  0.000510622  0.000422337  0.00228106
772.788  304.668  0.000729577  0.000144572  0.00186702
778.044  317.492  0.000692152  0.000114081  0.00142541
779.213  318.005  0.000656193  4.10788e-05  0.000822371
724.638  313.724  0.00232798  0.00151468  0.00634057
480.384  286.833  0.00123578  -0.000493377  0.00120653
487.842  298.571  0.000706223  -0.000666382  0.00314568
477.003  284.648  0.00157085  -0.000111403  0.0015939
485.043  292.25  0.000800709  0.000589309  0.00413163
482.748  285.678  0.000759311  0.000169219  0.00184545
469.976  285.848  0.00185724  -8.40998e-05  0.00155821
467.135  283.153  0.00150242  -7.88884e-05  0.00120245
749.565  301.934  0.00321248  0.000553052  0.00704732
731.926  341.208  0.00352177  -0.00113662  0.000919923
733.56  348.087  0.000629442  0.000590945  0.00368584
732.42  351.365  0.000537462  0.000374934  0.00253528
756.117  370.523  0.00129979  -0.000172276  0.000507349
750.009  310.754  0.00389432  -0.000254156  0.0022118
581.389  302.732  0.000932342  0.000780297  0.00265276
635.808  272.514  0.00198733  -0.000713542  0.000793091
639.547  283.782  0.0018396  -0.000545517  0.00121765
653.207  351.404  0.00143261  -0.000374892  0.000622354
577.087  273.755  0.00487233  -0.00109851  0.00100526
580.784  267.187  0.00243744  -0.000536936  0.000652289
410.523  379.347  0.00171232  -0.000316221  0.000828056
415.384  379.25  0.00277998  -0.000691115  0.000890428
178.136  331.978  0.00104192  0.000674034  0.00363153
501.065  318.541  0.000540543  0.000476531  0.00329595
527.651  282.223  0.0022107  0.00012978  0.00298579
523.366  276.899  0.0031785  -0.000269986  0.00165131
519.844  277.663  0.00402987  -0.000132286  0.00162511
524.368  325.658  0.00313307  -0.000264793  0.00118478
726.052  321.457  0.00065321  0.000634092  0.00311361
751.654  322.887  0.00363897  -0.000292199  0.00155769
725.475  324.828  0.000513258  0.000426546  0.00215227
753.469  290.287  0.00248832  0.00227324  0.00996201
757.694  281.694  0.00146752  0.000643448  0.00288872
751.558  280.836  0.00245207  0.000468751  0.00222937
745.24  265.433  0.00517654  3.56613e-05  0.000620415
747.183  279.379  0.00694251  -0.00141956  0.00222531
713.549  287.452  0.000459583  0.000317445  0.00180865
574.835  272.006  0.00665002  -0.00158622  0.00141586
583.32  261.474  0.00164356  -0.00039285  0.000635602
560.776  278.087  0.00212524  -0.00202168  0.00363313
558.882  283.521  0.00260057  -0.00309452  0.00675454
159.503  271.342  0.0033491  -0.000849789  0.00190409
149.184  270.225  0.00123581  -0.000447633  0.00184718
138.193  272.308  0.000684541  -0.00038903  0.00258274
784.717  314.446  0.00208705  -3.87729e-05  0.00165769
779.958  283.705  0.00214245  0.00125934  0.00883276
766.995  260.553  0.0039663  -0.000923229  0.000911999
775.701  255.941  0.00137932  -0.000253645  0.000636985
787.746  252.087  0.000589928  -5.16172e-05  0.000542205
718.981  318.894  0.000459151  0.000367996  0.00185442
750.384  322.498  0.00309062  -0.00035365  0.000881826
727.244  315.304  0.000621958  0.000183078  0.0010463
777.232  315.391  0.00557299  -0.000558759  0.00112767
784.472  313.741  0.00219769  -2.45837e-07  0.000939286
722.293  328.142  0.000455877  0.000326314  0.00127633
754.033  321.439  0.00345956  -0.000289002  0.00111529
726.121  321.398  0.000473078  0.000116266  0.000716767
753.245  321.646  0.00306419  -0.000410794  0.000562028
789.444  314.972  0.0018551  -1.42173e-05  0.000765662
408.197  298.08  0.00049727  0.000195334  0.00363607
420.927  293.79  0.00143721  0.00144942  0.0081964
430.038  298.689  0.00225668  5.70299e-05  0.0029676
431.928  302.566  0.00242518  -0.00021778  0.00194375
493.342  315.859  0.000508642  -6.20445e-05  0.000416257
645.508  285.378  0.00322509  -0.00133934  0.00136351
641.742  285.809  0.00205523  -0.000856004  0.00118827
638.617  266.621  0.0036161  -0.00153473  0.00127131
633.937  271.367  0.00172092  -0.000766217  0.00118895
635.857  280.324  0.00147053  -0.000719368  0.00206924
675.091  293.148  0.00687061  -0.0023712  0.00308533
688.265  285.295  0.0011244  -0.000161826  0.00142782
701.266  282.234  0.000518006  8.47926e-05  0.00130784
718.463  328.664  0.000526378  -0.000119959  0.000443391
728.018  328.805  0.000347479  -5.56776e-05  0.000377841
684.762  297.295  0.00230989  -0.000644185  0.00152394
682.843  288.768  0.0020618  -0.000132448  0.00296964
687.706  287.721  0.00135453  0.000147166  0.00280255
695.803  285.825  0.000816219  0.000361367  0.00268043
704.151  284.021  0.000565217  0.000445005  0.00256443
692.479  305.325  0.00148619  -0.000469273  0.00137034
710.328  311.709  0.000544218  -0.000142228  0.000729787
695.948  318.343  0.0010386  0.0005054  0.00356114
706.551  338.967  0.000710316  -0.000105672  0.000618016
583.816  258.056  0.0015772  -0.00122386  0.00197112
581.353  259.583  0.000772489  -0.000615572  0.00162372
641.09  269.045  0.00438807  -0.000935148  0.000820899
643.422  272.871  0.00561178  -0.00121149  0.00118948
693.81  287.398  0.000702855  0.000241501  0.00168381
689.875  331.557  0.00156852  -0.000209852  0.000495826
691.833  321.475  0.00111688  -0.000174528  0.000480415
686.16  323.885  0.00249389  0.000269326  0.0048916
704.322  350.559  0.0010362  -0.000250615  0.000525774
714.062  328.068  0.000456817  0.000189072  0.00147679
647.781  288.052  0.00199779  -0.000705826  0.00303728
636.034  255.308  0.00266809  -0.000759667  0.000577532
643.094  296.302  0.00558068  -0.00367136  0.00685094
658.839  325.135  0.00192456  -0.000753167  0.00081582
668.818  334.239  0.00105754  -0.000456769  0.000577676
356.139  295.439  0.000976244  0.000510736  0.00265193
347.65  299.049  0.000610571  0.000397933  0.00210509
399.325  290.355  0.00448825  0.000580418  0.00311827
447.167  289.409  0.0113776  -0.00267785  0.00267298
419.542  298.331  0.000571718  0.000240497  0.00433268
428.131  299.135  0.00101156  0.000374808  0.00287079
448.376  299.81  0.00840036  -0.00173284  0.0021961
448.895  288.818  0.0103937  -0.0018569  0.00226879
486.14  322.503  0.0005746  0.000279203  0.00289496
451.888  300.437  0.00887488  -0.00146475  0.00184416
501.095  307.563  0.000376001  3.05658e-05  0.00065545
504.203  310.455  0.000332734  -9.1007e-06  0.000393349
306.92  248.436  0.000712164  3.60401e-06  0.000792043
744.32  259.817  0.0113388  -0.00259563  0.00225213
743.507  264.614  0.00735454  -0.00130119  0.00276743
740.811  266.512  0.00440206  -0.000424425  0.00286751
732.732  263.602  0.00190153  -5.82737e-05  0.00166602
723.512  269.179  0.000935379  0.000351288  0.00211789
711.991  271.875  0.000552985  0.000427407  0.00200292
393.041  288.914  0.00113284  0.000176635  0.00272651
404.124  290.141  0.000600385  0.000183124  0.00192507
393.483  279.997  0.00102832  0.000836434  0.00680175
385.772  285.455  0.00186584  -3.51964e-05  0.00239976
401.398  279.694  0.000661419  0.000469525  0.00309554
405.819  285.428  0.000527678  0.000180278  0.00156465
333.615  299.435  0.00809345  -0.00148216  0.00141027
334.486  292.358  0.00530221  -0.000595668  0.00201167
347.941  313.327  0.00180061  -0.000281455  0.000453711
348.891  288.879  0.00119475  0.000271823  0.00163008
354.969  314.302  0.00104067  -0.00012564  0.000369534
352.08  292.827  0.000988413  0.000139139  0.00110007
363.782  285.856  0.00056098  0.000339225  0.00137862
436.721  281.521  0.000484508  9.18883e-05  0.00410944
436.107  282.882  0.000798481  -9.59347e-05  0.00348754
424.394  273.064  0.0018202  0.00112458  0.0077691
424.68  262.081  0.00115987  1.78302e-05  0.00188475
431.761  280.485  0.0010655  -2.67238e-05  0.00162588
448.668  280.241  0.000435903  0.000106829  0.00121211
476.914  325.369  0.00169225  -0.0002706  0.000395033
335.547  306.961  0.0021085  -0.000646425  0.000945881
332.149  317.917  0.00107821  -0.000307554  0.000546127
364.101  295.264  0.00420382  -0.00142543  0.00205492
368.927  299.736  0.0028353  -0.000964303  0.00137279
380.719  289.267  0.000798673  4.81931e-05  0.00183416
388.536  285.543  0.000488072  -3.55164e-07  0.000773593
498.13  289.783  0.000578839  0.000423529  0.00291537
498.265  298.429  0.000497926  0.000139941  0.00125728
498.827  306.046  0.000466854  5.26186e-05  0.000740819
495.188  322.501  0.0003452  1.81904e-06  0.000341071
498.319  282.744  0.00754317  -0.00117659  0.00142425
460.773  287.109  0.000343492  5.59076e-05  0.00133654
532.714  307.146  0.00197017  -0.000245701  0.000551147
460.55  289.052  0.000376799  0.00025176  0.00188354
499.362  282.464  0.00927118  -0.00170552  0.00154144
224.165  235.941  0.00196208  -0.000363142  0.000424431
769.878  256.966  0.00256031  -0.000348392  0.000900783
774.079  254.715  0.00163702  -0.000112782  0.000813189
776.695  241.149  0.000998544  -9.48076e-05  0.000439911
501.435  292.741  0.000533457  0.000297599  0.00197039
333.925  300.699  0.0021704  -3.29252e-05  0.000963056
339.011  311.69  0.00155476  -9.33072e-05  0.000482995
341.508  296.438  0.00113025  0.00017206  0.00106296
350.29  307.643  0.000697998  4.39076e-05  0.00047143
352.275  286.835  0.000668254  0.00047455  0.00173477
497.015  302.352  0.000512266  -4.33456e-06  0.000463938
500.063  309.422  0.000584413  6.69927e-05  0.000609764
332.502  302.352  0.00530885  -0.000921645  0.00111384
334.061  293.504  0.00329371  -0.000203433  0.00175776
337.563  293.176  0.0022356  7.84608e-07  0.00159519
327.64  310.219  0.00189856  -0.000321971  0.000718196
287.042  262.106  0.00601385  0.000307233  0.00373282
283.069  252.75  0.00966633  -0.000945071  0.00141084
284.861  248.39  0.00606551  -0.0005441  0.00104131
288.254  259.414  0.000812305  0.000656035  0.00274569
270.327  260.497  0.00234109  -8.36014e-05  0.00188808
499.964  294.073  0.000514271  0.000247483  0.00110954
503.366  291.042  0.000960305  0.000826737  0.00177634
433.615  290.74  0.00198809  0.00138544  0.00889597
453.543  308.581  0.00172163  -0.000353015  0.000950396
454.73  300.06  0.00128269  -6.82161e-05  0.00156694
454.857  294.077  0.001166  0.000232074  0.00272102
518.834  302.677  0.000626375  -4.47751e-05  0.000628976
766.161  258.514  0.00100252  0.0005094  0.00123389
754.265  270.758  0.000867271  0.00102651  0.00229734
714.794  286.297  0.000728511  0.000653213  0.00171384
770.059  272.076  0.00428861  -0.000471034  0.00125302
727.826  314.743  0.000685119  0.0001525  0.000488966
726.432  324.179  0.000541937  8.61755e-05  0.000341478
767.413  265.124  0.00522351  0.000705542  0.00478329
776.417  287.571  0.00302979  -0.000570676  0.000711858
781.412  258.593  0.0018061  0.00182889  0.00499
785.863  285.535  0.00121406  -0.000108842  0.000537481
773.656  285.149  0.00533811  -0.00077689  0.000813228
780.46  277.706  0.00200568  -3.11079e-05  0.000872391
385.027  255.118  0.00194225  0.00154868  0.00936939
380.788  251.504  0.00272749  0.000713503  0.00432843
371.815  242.339  0.0112013  0.000211508  0.00134997
372.589  250.877  0.00221642  -0.000889163  0.00425436
503.428  284.129  0.000530287  0.000576823  0.00255167
431.645  286.2  0.0019492  0.00105263  0.00939816
436.121  284.172  0.00137224  0.000740165  0.0043865
444.431  281.7  0.000898964  0.000951551  0.00461225
685.179  224.99  0.000511197  3.16548e-05  0.000798307
669.474  214.61  0.00109712  -0.00017698  0.000441976
681.789  289.33  0.00279963  -0.00041519  0.000887174
677.166  270.156  0.00323535  0.000426296  0.00575368
683.025  269.075  0.00179384  0.000716419  0.00569529
255.736  266.309  0.00211116  0.000542626  0.00381245
269.3  260.722  0.00258342  -0.000101421  0.00287153
505.128  297.508  0.000345714  -1.02563e-05  0.000500077
517.413  297.508  0.000612292  -7.9668e-05  0.000475517
538.299  227.948  0.000628062  8.20545e-05  0.00134457
377.209  244.008  0.00435969  0.000705999  0.0022626
372.854  248.769  0.00288847  -0.000660224  0.00454337
367.8  247.844  0.0018738  -0.000314692  0.00323262
368.105  253.442  0.00174697  0.000877964  0.00595494
153.924  294.859  0.00131372  0.000313123  0.00297357
150.336  291.225  0.00104111  0.000154791  0.00187282
142.803  293.398  0.000664866  0.000254761  0.00200382
182.984  332.644  0.00162553  0.00070712  0.00507324
59.9378  253.791  0.0033838  0.0010877  0.00612307
64.8177  252.495  0.00218994  0.00133827  0.00576878
348.707  293.121  0.000506092  0.000346602  0.00225093
358.179  292.489  0.000764009  0.000223058  0.00199182
352.132  295.014  0.0122813  -0.00301843  0.00264717
356.4  297.669  0.00593367  -0.00136492  0.00171431
360.754  292.504  0.00268995  -0.000346201  0.00204733
358.812  283.584  0.00271728  0.000566957  0.00633984
369.233  302.718  0.0015156  -0.000259234  0.000854466
367.904  286.22  0.0012723  0.000324184  0.00324211
366.849  281.955  0.00138488  0.000934319  0.00623855
414.18  270.781  0.00138367  0.00148264  0.00873197
433.629  277.549  0.000460242  0.000291002  0.00194952
404.402  306.64  0.0102472  -0.00294497  0.00281958
416.391  304.036  0.00175518  -0.000678755  0.0015017
411.282  348.295  0.00668728  -0.00250165  0.00243649
675.06  263.835  0.0022582  0.00169597  0.00857322
679.606  262.192  0.00161308  0.00162246  0.0076945
363.494  213.622  0.000535418  -8.90442e-05  0.000460662
538.977  229.517  0.000738713  -0.000126824  0.00189898
766.051  270.716  0.00111596  0.000939261  0.00235589
784.451  278.588  0.00328912  4.91962e-05  0.000701182
779.08  287.999  0.00173145  7.22064e-05  0.000475426
506.951  292.364  0.000903465  0.000756218  0.00136065
507.096  299.355  0.000811619  0.000495131  0.000821193
506.405  309.038  0.000760581  0.000337144  0.000493328
757.07  208.974  0.00290466  -0.000445228  0.000617047
753.852  213.201  0.0023288  -0.000495704  0.000774804
518.838  245.095  0.00438079  -0.000301226  0.00204455
520.717  249.768  0.00376022  -0.000369203  0.00133433
525.419  249.102  0.00215464  -8.82448e-05  0.00123331
525.04  236.98  0.00199874  0.000723609  0.00420577
486.207  247.988  0.00225669  0.000392791  0.00288839
497.296  248.622  0.0107357  -0.00141991  0.00225241
485.559  269.612  0.00138292  -9.85374e-05  0.000584882
342.156  231.954  0.0042353  -0.00105938  0.00114182
341.01  225.683  0.00380277  -0.000995649  0.000866394
505.748  247.474  0.000853728  0.000758705  0.00174654
528.359  234.238  0.00302389  0.000813971  0.00572143
524.83  235.639  0.00210713  0.000895402  0.00522195
517.151  239.499  0.0011436  0.000765191  0.00388492
509.769  245.088  0.000692325  0.000486879  0.00244085
518.393  244.794  0.0107824  -0.00191483  0.00252808
522.571  236.079  0.00394782  0.000497051  0.00542765
526.059  235.075  0.00264454  0.000821793  0.00547265
531.33  242.513  0.00173073  8.64726e-05  0.00188562
535.365  244.206  0.0012791  8.52416e-05  0.00147373
492.484  247.452  0.00262626  0.000116516  0.00258736
508.711  254.613  0.000558382  0.000263013  0.00105421
500.763  181.486  0.00168258  -0.000872289  0.000896463
264.811  218.251  0.00123087  0.00064054  0.00426061
256.426  221.11  0.000806587  0.000901045  0.00505051
264.814  203.694  0.00380677  -0.000928735  0.00132636
695.324  222.537  0.000688486  -0.000195822  0.00117199
674.322  215.551  0.00316366  -0.00123676  0.00113341
681.38  226.398  0.00239435  -0.000659361  0.00138609
680.19  219.944  0.00213099  -0.000319398  0.00207947
680.866  223.763  0.00120005  -0.000532509  0.00138492
693.63  222.796  0.00110266  -0.000452653  0.00133034
734.277  259.062  0.00476806  0.00476689  0.0079265
730.659  259.84  0.00356099  0.00360104  0.0059788
730.358  249.179  0.00247034  0.00191931  0.0111513
721.467  256.755  0.00101061  0.000659864  0.00402242
712.92  258.629  0.000682142  0.000744053  0.00400084
737.004  261.022  0.00296224  -0.00037453  0.00185094
705.347  267.323  0.000401722  0.000305431  0.00178463
735.829  208.506  0.000523988  5.37078e-05  0.000847816
730.871  266.51  0.00117146  0.000100276  0.00119429
711.671  213.68  0.000618377  8.10457e-05  0.000825212
491.523  180.418  0.000703539  -0.000230615  0.000529887
508.302  190.246  0.0022561  -0.00090067  0.00144663
461.157  204.553  0.0070575  -0.000777219  0.00112571
458.32  214.915  0.00373231  0.000284038  0.00204585
458.812  220.271  0.00342032  0.000578659  0.00514646
633.521  232.95  0.00450255  -0.000390651  0.00171885
626.843  252.438  0.0015238  -0.000143481  0.000513292
682.022  236.964  0.000680953  -3.31915e-06  0.000334592
658.884  229.967  0.00509988  -0.000385584  0.00134018
446.826  204.452  0.00571413  -0.000893943  0.00286089
445.904  205.372  0.00456322  0.000604292  0.00149337
629.053  245.112  0.00155628  -0.000161442  0.000372491
622.735  193.96  0.00429577  -0.000203079  0.00231344
609.177  198.167  0.00109412  0.000317027  0.0028322
593.773  189.128  0.000472178  9.9275e-05  0.000993913
487.859  205.73  0.000368314  0.000169271  0.00207899
590.292  206.814  0.00090637  0.000377432  0.00252538
725.388  231.196  0.0018535  0.000708753  0.00120617
726.993  232.889  0.00131804  0.000545737  0.000991274
476.14  186.998  0.00149308  -0.000195096  0.000412927
376.863  235.683  0.00106849  0.000313901  0.0021502
365.195  209.005  0.00139301  -0.000250887  0.000408318
761.982  227.139  0.00788253  -0.000627152  0.00122778
709.752  208.415  0.000681082  0.000555499  0.0031559
714.084  219.086  0.000674672  0.000110962  0.00106539
477.562  188.833  0.00231985  -0.000485114  0.000543719
618.737  205.478  0.00233971  0.000778516  0.00579537
618.876  202.262  0.00165454  0.00108163  0.0115749
635.687  141.639  0.00044181  9.48964e-06  0.000332723
347.947  170.408  0.00472613  -0.0020438  0.00222763
643.88  176.216  0.00226882  -0.00109423  0.00271495
642.488  168.258  0.00145195  -0.00089711  0.00121171
781.588  204.066  0.00433233  -0.00143441  0.00222005
774.17  198.868  0.00216406  -0.000704889  0.00133127
767.976  190.066  0.00160038  -0.000531238  0.000794019
704.086  209.01  0.00050853  0.000620046  0.00263371
751.829  190.042  0.00120385  0.00119335  0.00760604
767.926  204.998  0.000693356  -0.00046124  0.00165116
775.047  213.146  0.000595414  -0.00049221  0.00118948
363.26  288.94  0.00186826  -0.000279713  0.000988665
263.288  164.188  0.004984  -0.00404628  0.00702209
238.571  121.289  0.000947639  -0.000402241  0.000492176
777.726  189.683  0.00271579  0.000222679  0.00608782
772.224  206.958  0.000841378  -0.000121184  0.00118458
780.32  205.773  0.00153639  -0.000459835  0.00128318
782.214  211.977  0.00139653  -0.000482556  0.00092815
777.4  214.536  0.000904211  -0.00026548  0.000774174
777.084  189.183  0.00250699  -0.00030334  0.00318034
777.382  191.345  0.00184192  0.000284547  0.0046992
781.986  200.424  0.00171163  -0.000439927  0.00177615
757.603  191.478  0.000776799  0.000955434  0.00419418
498.898  173.265  0.00264636  0.000246086  0.00878204
501.672  179.777  0.00239595  -0.000418245  0.00315684
508.194  178.193  0.00127507  -4.35907e-06  0.00331203
512.301  185.241  0.00109452  -0.000174377  0.00156691
533.583  194.294  0.000392751  -4.66565e-05  0.000681287
608.632  204.542  0.000726073  -7.73014e-05  0.000377094
587.363  169.065  0.00251087  -0.000112645  0.00192433
395.168  201.416  0.00136268  -8.58464e-05  0.000346481
560.826  184.913  0.00121084  0.000565877  0.00186197
560.059  173.746  0.00094192  0.000565223  0.00193977
465.159  214.787  0.00720347  -0.000281119  0.00299129
574.628  179.064  0.0020016  4.13875e-06  0.00276694
573.705  175.225  0.00208036  0.000111927  0.00287058
566.384  185.543  0.000804446  0.000113068  0.00157066
558.57  146.654  0.00570789  -0.000631341  0.00273751
597.14  136.367  0.000414875  0.000101178  0.00154985
556.592  142.932  0.000777865  0.000126947  0.00171834
562.747  174.109  0.000733792  0.000260448  0.00203603
700.553  128.848  0.000617952  4.80695e-05  0.00030543
499.137  184.162  0.00169924  -0.000167054  0.00196003
500.626  189.232  0.00164904  -0.000244812  0.00127601
506.685  180.858  0.000908865  9.20493e-05  0.00242184
482.132  119.707  0.00147692  -0.000196937  0.000410265
767.218  194.173  0.00673986  -0.0010007  0.00250216
774.284  191.123  0.00242671  0.000126842  0.00249022
578.799  140.781  0.00102695  0.000403391  0.00336583
598.044  138.482  0.000381884  0.000260564  0.0019895
578.893  142.651  0.000788568  0.00026728  0.00268265
590.443  140.031  0.000605112  0.000137116  0.00194027
477.923  147.189  0.00878282  -0.00202173  0.00239569
482.164  143.246  0.00366471  -0.000724205  0.00301354
483.923  147.332  0.00330681  -0.000696981  0.00198537
492.865  145.023  0.0012712  -0.000181889  0.00221476
505.299  138.321  0.000532066  0.000138667  0.0045506
600.467  131.834  0.00613202  0.00106817  0.00205231
613.186  141.383  0.00166872  0.000239845  0.000505332
612.495  130.709  0.00192026  0.000629472  0.000951172
570.287  142.569  0.00230077  4.00614e-07  0.00202597
618.989  125.883  0.00124883  -0.000421499  0.00316559
604.105  141.885  0.000636048  0.000382842  0.00115698
515.064  111.863  0.00149789  0.000553989  0.00314661
525.101  108.921  0.000915723  0.000712227  0.00263387
532.376  107.054  0.000707665  0.000693411  0.00230733
579.236  89.608  0.00349254  0.00329848  0.00785282
595.647  79.1407  0.00209325  0.00243315  0.0135484
601.715  98.0504  0.000338432  0.000398662  0.00152766
823.827  95.813  0.00179741  -0.000272491  0.00052087
816.199  94.5644  0.0010305  -0.000236975  0.000455939
808.347  93.6549  0.000670924  -0.000204306  0.000394292
455.751  89.2121  0.00218961  -0.00120861  0.00122283
468.525  117.4  0.00163009  -0.000438279  0.0085464
456.428  97.881  0.0014648  -0.000777296  0.00133492
487.609  112.325  0.000708784  5.89741e-05  0.004142
423.133  118.501  0.00301991  -0.000665819  0.00284055
418.408  117.303  0.00186797  -0.00037459  0.00235759
413.937  122.281  0.00114278  -6.87997e-05  0.00402755
475.52  630.846  0.000832349  -0.000793076  0.0047897
499.321  624.86  0.000292976  -0.000229639  0.00143983
328.892  579.87  0.00041539  -3.87142e-05  0.000354856
771.475  589.815  0.00081231  0.000695843  0.00403772
762.356  589.151  0.00052272  0.000514674  0.0029496
36.9068  559.18  0.0024648  4.8794e-05  0.000576285
247.5  561.401  0.000695491  0.000484908  0.00477741
275.203  586.647  0.0037836  -0.000874345  0.000680089
271.035  586.901  0.00227175  -0.000481985  0.000540017
301.039  553.265  0.00210791  -0.000158332  0.0016165
309.861  552.641  0.00102698  6.83853e-05  0.00138312
312.374  544.33  0.000862547  0.00047906  0.00288713
273.497  482.661  0.000561899  -0.000294174  0.000409781
248.54  489.379  0.000185753  -6.24931e-05  0.000280004
317.687  477.468  0.000942119  0.000280079  0.000372205
336.72  523.421  0.000640327  0.000397693  0.00264891
310.279  496.874  0.000380702  -0.000224806  0.000554435
675.544  535.046  0.00127969  0.000221159  0.00150219
684.142  535.769  0.00305211  0.00055424  0.00149039
509.294  508.271  0.00494072  0.00101304  0.00113879
428.567  553.464  0.00273995  0.000202548  0.000422583
693.036  535.392  0.0021089  0.000796237  0.00175664
649.59  536.838  0.000203293  6.28502e-05  0.00125355
306.812  498.403  0.000770206  0.000909949  0.00419288
230.484  506.36  0.00035076  0.000292064  0.00199916
257.228  500.944  0.0019508  -0.000108666  0.00200256
321.374  489.875  0.000898965  -0.000685703  0.00115043
276.922  493.85  0.000145465  -3.99103e-05  0.000457155
412.204  488.877  0.000279807  0.000139436  0.00156255
366.079  479.762  0.0014077  -0.00113782  0.00151496
213.354  463.343  0.00336672  0.0013006  0.00113141
529.968  430.033  0.000651143  -0.000101416  0.000223228
245.486  505.394  0.00107204  0.000847996  0.00293129
620.036  492.363  0.00266734  0.00124441  0.0017742
227.722  509.539  0.00395409  0.00187564  0.00171218
198.197  511.28  0.0041513  0.000831355  0.00129533
186.703  519.324  0.00161112  0.000283116  0.000558507
311.973  497.098  0.000824732  -0.000143813  0.000293468
307.92  498.1  0.00109734  -0.000223161  0.00036813
133.977  452.064  0.000650351  0.000399866  0.00264015
144.692  449.53  0.000432235  0.000451331  0.00255679
119.349  452.687  0.00148973  3.14363e-06  0.00210224
112.079  451.047  0.00280748  -0.000513679  0.00171592
137.315  449.52  0.000440774  -4.13352e-05  0.000968606
159.782  440.696  0.000176712  7.53274e-06  0.000630782
46.1941  488.485  0.00593822  0.000274857  0.000934979
49.9998  482.577  0.00343363  0.000392408  0.00134307
60.8568  470.243  0.00143668  0.00101535  0.00348732
291.466  489.865  0.000441656  0.000280457  0.000921522
443.19  480.553  0.000221989  -4.81524e-06  0.000231797
106.691  398.542  0.00158961  -0.000663911  0.000587843
538.629  435.256  0.00144922  -0.00095668  0.00128369
408.478  455.705  0.00187825  0.000139915  0.00117002
405.742  417.98  0.00208513  -0.000369146  0.000501502
400.628  420.155  0.00131413  -0.000315378  0.000594283
394.837  401.204  0.000979204  -0.000186811  0.000280762
404.858  454.641  0.00422983  -0.000131782  0.00142776
397.159  424.373  0.00259984  -0.00056635  0.000831168
383.438  393.764  0.00106571  -0.000205686  0.000251185
409.588  457.014  0.00302195  -0.00051427  0.00124151
465.732  426.404  0.00113409  0.00139953  0.00465248
483.06  407.539  0.000370115  0.000328674  0.00115881
484.609  397.345  0.000282243  0.00015711  0.00062111
439.774  409.56  0.00470171  -0.000805468  0.000737884
476.762  385.144  0.000291813  4.69004e-05  0.000317812
58.2757  465.787  0.000696825  -9.11827e-05  0.00033361
61.741  453.97  0.00051286  1.23291e-05  0.000487152
77.8817  467.508  0.000295665  -7.15364e-06  0.000237468
418.648  476.707  0.001586  -0.000291962  0.000285131
415.746  433.343  0.00307693  -0.000804685  0.00106619
409.999  447.285  0.00129503  -0.00034107  0.000463108
470.306  423.132  0.000511001  0.000280558  0.00403626
543.98  429.56  0.00119119  -0.00119929  0.00407497
550.304  433.686  0.00106522  -0.00129638  0.00348946
541.066  426.35  0.000867042  0.000364677  0.00142003
546.444  442.804  0.00468225  -0.00116268  0.00106218
162.638  453.901  0.0016637  0.000569712  0.000662539
598.715  373.133  0.000432168  0.000214495  0.00177573
535.393  431.984  0.00029615  0.000106819  0.00110152
591.577  326.354  0.000278299  6.92331e-07  0.000215567
592.938  367.592  0.000404193  0.000487927  0.00186739
593.127  321.688  0.000214025  1.98875e-05  0.000182856
654.424  376.869  0.00107164  0.000949691  0.0033849
663.094  374.559  0.000827549  0.00109464  0.00362745
646.912  377.321  0.00147062  0.000599389  0.00267036
624.065  358.117  0.00269663  -0.000541616  0.000575797
620.805  384.509  0.00130588  0.000465342  0.00229663
597.805  353.712  0.000464186  -3.20884e-05  0.000268671
585.62  365.584  0.000272334  4.62915e-05  0.000338205
657.736  380.048  0.0018857  0.00134675  0.00253887
652.084  380.004  0.0012862  0.00100181  0.001931
663.438  377.442  0.00211959  0.000350493  0.00284792
646.624  377.806  0.000769857  0.000322337  0.00137765
118.261  417.584  0.000280815  0.000245945  0.000904612
668.276  376.798  0.00435365  0.00128525  0.0016818
733.921  308.721  0.000491053  0.000138582  0.00022741
747.708  339.592  0.000248124  0.000144076  0.000443586
385.401  367.68  0.00220315  0.000327105  0.00289131
595.17  373.272  0.000439872  0.000289268  0.00131439
609.843  380.461  0.000256755  0.00012503  0.000619861
499.047  414.831  0.000523592  0.000208576  0.000493731
596.564  414.313  0.000676929  -0.000116678  0.000201247
619.772  381.136  0.000204279  5.08208e-05  0.000521599
545.242  392.555  0.00521021  -0.000880703  0.00112316
542.374  415.986  0.00191757  -0.00033551  0.000375133
542.845  426.44  0.00161277  -0.000294671  0.000273527
690.393  321.341  0.000912661  -8.80714e-05  0.000241219
717.94  310.935  0.00037001  -6.17916e-05  0.000238825
423.794  405.36  0.000295618  -1.09668e-05  0.000390852
431.969  412.304  0.000226977  -2.2464e-05  0.000368886
405.691  400.21  0.000657215  -9.36638e-05  0.000329114
408.702  382.766  0.000481816  -4.78175e-05  0.000739595
425.474  402.333  0.000269604  -3.21354e-05  0.000285287
45.0326  371.454  0.00111216  -0.000156134  0.00139919
63.1211  358.075  0.000356039  -1.29185e-05  0.000652644
48.4065  373.043  0.000620953  -9.55812e-05  0.00121588
57.4596  363.133  0.000360642  4.41636e-05  0.00298759
695.006  366.28  0.00123767  0.00116454  0.00337237
699.143  311.851  0.00221226  -9.55729e-05  0.000602726
693.973  325.613  0.00130404  0.000290938  0.00120787
685.15  328.178  0.000785002  0.000337006  0.00112451
673.525  319.126  0.00044532  0.000133452  0.000496193
670.613  312.151  0.000394062  7.99108e-05  0.000345344
670.347  289.662  0.000415036  3.22746e-06  0.00016502
726.083  321.357  0.000844764  0.000871218  0.00253663
704.749  305.73  0.000684633  -3.16097e-05  0.000525542
702.629  291.824  0.000574495  -8.47912e-05  0.00030901
713.517  324.398  0.000585527  0.000666327  0.0021368
686.234  332.524  0.00187188  -0.000133606  0.00201161
685.901  327.761  0.00154027  -0.000226464  0.00140717
706.315  316.714  0.000450308  0.000186419  0.000949229
681.61  321.134  0.00161728  -0.000471374  0.000980228
683.374  316.505  0.00118157  -0.000321999  0.000763797
678.807  303.871  0.00103892  -0.000364573  0.00049819
465.733  302.81  0.000908348  -0.000191602  0.000543708
489.127  314.474  0.000272088  -5.3659e-05  0.00109296
448.059  311.105  0.00398525  -0.0013966  0.00126477
494.08  302.725  0.000198353  -4.94492e-05  0.00054733
679.636  364.28  0.000437645  0.000380298  0.00213262
715.886  314.953  0.000426736  -6.98585e-05  0.000339
569.95  388.551  0.000344538  1.15887e-05  0.000279148
587.084  401.401  0.000749574  -4.87796e-05  0.000172316
363.364  320.935  0.000650208  -0.000108775  0.000857083
529.398  275.425  0.00170814  -0.000165664  0.00022298
465.335  292.454  0.00105155  -0.000209353  0.000282848
492.473  285.159  0.000175938  -2.99256e-05  0.000225729
495.734  302.996  0.000464105  8.78883e-05  0.000521309
492.028  295.888  0.000401725  4.91449e-05  0.0003585
485.582  286.048  0.000320112  2.35192e-05  0.000231803
761.4  277.685  0.000659963  -7.35982e-05  0.000249444
763.365  291.156  0.000643158  -2.77958e-05  0.000406953
719.977  352.612  0.000235072  -7.65846e-06  0.00167253
715.094  356.759  0.000196555  -9.22818e-06  0.0011852
762.56  303.963  0.000566682  0.00017844  0.00158584
286.115  414  0.0028832  -0.000174539  0.00138254
294.423  350.248  0.00110699  -0.000335355  0.000438437
685.663  332.718  0.000866764  0.000871568  0.00369053
694.745  332.536  0.00129901  0.000565356  0.00280421
715.304  287.713  0.000372605  0.000236327  0.00163215
713.86  336.623  0.000742886  8.39599e-05  0.00124637
664.515  294.512  0.000309993  1.29123e-05  0.000279127
660.597  344.526  0.000216256  5.56227e-05  0.000477518
697.993  338.613  0.00135049  -0.000112762  0.000483623
679.449  347.356  0.000415955  5.03443e-06  0.000364881
704.365  345.777  0.00220445  -0.000262658  0.000362681
689.844  342.904  0.000736128  -3.04614e-05  0.000364536
666.48  348.28  0.000294681  0.000175167  0.000817415
741.485  351.344  0.000332894  0.000365176  0.00218648
709.848  346.453  0.00209605  -0.000373285  0.000383283
725.837  315.69  0.000497512  0.000160443  0.00142863
750.304  331.687  0.000211728  3.22004e-05  0.000414196
770.189  301.127  0.000614075  -0.000143313  0.000965168
645.033  344.801  0.00126817  -0.000268346  0.000579367
665.001  339.438  0.00332028  -0.00112874  0.00110268
670.963  239.585  0.000184538  -3.41713e-05  0.00017918
637.901  280.187  0.00365571  -0.000487511  0.00123255
642.378  280.193  0.00214553  -0.000296081  0.00120038
640.308  269.856  0.00232657  -0.000307143  0.000635092
716.456  350.042  0.000750746  -0.00020463  0.00033157
714.624  335.27  0.000633199  -0.000124269  0.000532861
717.239  315.129  0.000442329  0.000174704  0.00174259
710.239  272.81  0.000337888  0.000355752  0.00242418
721.18  263.917  0.000198673  0.000183438  0.00132026
692.009  317.294  0.00119699  0.000703486  0.00489873
651.589  317.256  0.00491337  -0.000771694  0.000777133
647.183  313.055  0.00301447  -0.000443469  0.000553256
649.209  328.225  0.00275417  -0.000131149  0.00120428
691.78  341.782  0.00157278  -0.000247757  0.000328266
699.481  345.794  0.000925412  -0.000129822  0.000252021
707.567  348.728  0.000590507  -7.03882e-05  0.000206755
718.567  320.628  0.000305873  6.89687e-05  0.00049609
733.525  328.704  0.000194684  3.8495e-05  0.00029582
686.262  323.516  0.00185827  -0.000301878  0.000355414
691.934  334.498  0.00136382  -0.000227411  0.000239136
710.66  317.821  0.000385662  -4.55781e-06  0.000289125
727.668  286.429  0.000235327  0.000253158  0.00112524
695.065  329.656  0.00098675  -0.000190148  0.000359076
722.671  315.011  0.000227804  -2.68913e-05  0.000619225
767.373  324.369  0.000628994  0.000144618  0.000696267
699.741  289.449  0.000701714  0.000213394  0.00235454
717.372  325.094  0.000733433  -0.00033052  0.000663178
682.216  297.466  0.00352981  -0.00181451  0.00246356
713.078  318.425  0.000733374  -0.000371421  0.000530223
719.408  312.146  0.000439603  -0.000176531  0.000469897
729.811  317.734  0.000325883  -0.000131241  0.0003471
713.611  282.143  0.000399958  0.000425442  0.00236035
689.537  301.244  0.00194797  -0.00113553  0.00249727
723.712  313.123  0.000356324  -0.00019632  0.000811397
712.581  350.04  0.000968674  -0.000260465  0.000430498
665.697  388.464  0.000877135  -8.87314e-05  0.000595373
653.67  369.777  0.0013744  0.00059215  0.00313563
666.997  384.334  0.00174736  -0.000563589  0.000983192
665.452  328.582  0.00102828  0.000479687  0.00191899
689.106  316.635  0.00041241  0.00044257  0.00139475
662.717  321.623  0.000959575  0.000140685  0.00102383
656.87  323.746  0.00145321  1.50587e-05  0.0010558
645.456  314.277  0.00339616  -0.000688219  0.000659905
651.392  311.695  0.00168988  -0.000257495  0.000540618
358.562  303.888  0.00535179  -0.0011996  0.00108563
368.432  291.374  0.00129245  -2.31427e-05  0.00179898
388.317  335.722  0.000684844  -0.000141707  0.000206961
572.251  253.9  0.000631704  -4.55676e-05  0.000172631
483.192  324.625  0.00173914  -0.000186795  0.000392768
433.421  299.37  0.00138555  0.000260736  0.00168719
478.172  333.425  0.00135664  -0.000272286  0.000334855
470.107  325.375  0.000869881  -0.000130506  0.000364288
522.406  321.91  0.00221954  -0.000234339  0.000289556
484.238  337.383  0.000235131  1.50714e-05  0.000202993
510.868  231.825  0.000193437  -7.78738e-05  0.000845714
475.716  332.66  0.00113178  -0.000231907  0.00025557
534.366  313.716  0.00167142  -0.000222261  0.00036686
443.549  261.767  0.000730096  4.84904e-05  0.00604306
518.139  312.931  0.0010453  -8.37585e-05  0.000262204
478.584  327.443  0.000169026  -1.19739e-05  0.000181288
501.494  302.948  0.000421059  -5.46964e-05  0.000533315
501.445  304.746  0.000416482  -3.31131e-05  0.000331399
489.231  234.861  0.00027522  5.13394e-05  0.00150008
687.118  224.293  0.00121899  -0.000427309  0.00106956
675.749  214.702  0.00210266  -0.000980438  0.000951267
627.412  216.886  0.000240589  1.90198e-05  0.000279514
623.752  215.273  0.000170658  4.40559e-06  0.00026601
69.7656  283.887  0.00220618  -0.000366487  0.000522592
77.5178  281.129  0.00108806  -0.000104621  0.000463917
85.3544  278.219  0.000654154  -1.63171e-06  0.000444853
94.0862  249.343  0.000584173  0.000776681  0.00250481
107.33  264.457  0.000274832  0.000142063  0.000573524
499.598  305.816  0.00050688  -2.9547e-05  0.000287336
266.269  217.19  0.00263201  0.000132642  0.000528387
517.223  229.324  0.000394792  -0.000350417  0.000827545
407.749  216.232  0.00563937  -0.000396425  0.000859459
404.951  211.784  0.00390761  -0.00026765  0.000639221
398.811  205.554  0.00202139  -0.000121183  0.000437859
366.748  208.953  0.00029867  3.47982e-05  0.000391791
531.302  261.805  0.000337776  -0.000221529  0.00103971
529.155  254.472  0.000295722  -4.14719e-05  0.00127404
529.336  259.848  0.000317476  -0.000260851  0.000882883
439.524  188.74  0.00156875  -6.61765e-05  0.000317815
406.106  190.79  0.000314201  9.63984e-07  0.000250868
393.922  206.765  0.000202683  6.6314e-05  0.000403058
407.071  195.139  0.000427018  -4.38373e-06  0.000296515
616.991  224.576  0.000439514  -9.16986e-05  0.000417806
483.843  211.742  0.00271046  2.58709e-05  0.00201126
482.057  203.394  0.00262238  -0.000267396  0.00103474
479.989  196.242  0.00275417  -0.00040594  0.000696918
471.769  192.736  0.00135975  -0.00021995  0.000516407
676.04  223.735  0.000406609  0.000198369  0.000966345
694.285  228.875  0.000982237  0.000627061  0.00265561
746.685  207.777  0.000314512  0.000125313  0.000930974
697.539  218.421  0.000422238  0.000158815  0.000834847
707.928  216.249  0.000407163  0.000120178  0.000868379
632.397  224.164  0.000306453  9.04197e-05  0.000398455
510.4  247.965  0.000395671  0.000351364  0.00183543
504.977  255.879  0.00028635  0.000188539  0.00105327
502.246  269.68  0.000217754  6.77378e-05  0.000484535
633.251  248.104  0.00128066  -0.000140975  0.000300373
639.191  253.861  0.000912572  -9.51892e-05  0.000223802
644.895  256.856  0.00067309  -5.96814e-05  0.000184588
689.411  215.613  0.000424656  0.000541595  0.00215786
510.625  180.234  0.00250696  -0.000573355  0.000528943
525.992  172.044  0.000646065  -9.88119e-05  0.000338496
536.283  166.454  0.000368338  -3.39338e-05  0.000285519
509.734  255.323  0.000900386  0.000332616  0.00101686
496.765  296.195  0.00054254  0.000106593  0.000188945
492.489  179.445  0.000655851  -0.000308077  0.00051133
471.839  198.352  0.000205183  2.30873e-05  0.000615035
692.502  128.774  0.000186587  -2.87329e-05  0.000445139
691.718  131.465  0.000402146  7.61054e-05  0.000329267
681.243  128.491  0.000283656  5.94122e-05  0.00024216
711.266  128.653  0.00155088  -0.000144119  0.000506205
557.289  127.36  0.0010709  -0.000234104  0.000235549
614.519  209.53  0.000338363  -4.27275e-05  0.000288464
586.039  88.545  0.00248419  0.00141251  0.00146715
592.298  85.2881  0.00158027  0.000932384  0.0011304
607.634  72.6527  0.000814872  0.000490625  0.000640186
534.255  89.0552  0.00252745  -0.000266514  0.000393231
581.528  71.439  0.000752829  -0.000189526  0.000414493
598.579  68.2288  0.000317297  -4.17375e-05  0.000364344
543.006  115.556  0.00265621  0.000745182  0.00232267
552.195  168.703  0.000937703  -0.000218489  0.000230093
718.13  124.388  0.00199146  -0.000271191  0.000373961
511.722  116.653  0.00143527  0.000234769  0.00257449
543.929  107.204  0.00043719  0.000531442  0.00171564
85.425  553.02  0.000738368  -0.000258475  0.000332192
87.2203  545.753  0.000565488  -0.000196714  0.000262307
96.4112  543.856  0.000354269  -0.000113469  0.000226424
114.875  549.384  0.00040033  0.000393462  0.00110322
174.79  603.371  0.000514771  -6.21504e-05  0.000663614
87.5146  585.672  0.00044028  -0.000191947  0.00186795
349.269  527.662  0.00109739  2.57199e-05  0.000998739
324.51  504.615  0.000560697  -0.000293495  0.000457753
339.025  534.377  0.000719601  0.000209771  0.000687962
420.799  494.69  0.000201184  -0.000224654  0.000602105
665.694  484.808  0.00300273  0.000840724  0.000659738
215.679  504.785  0.000198002  8.21405e-05  0.000628584
318.646  491.014  0.00056894  0.00017249  0.00208529
302.781  500.175  0.000257929  -9.93084e-05  0.00043702
437.406  459.164  0.000100551  8.20806e-05  0.000560395
540.508  457.572  0.00199006  -0.000712128  0.00098469
512.141  469.709  0.000112532  6.00565e-05  0.000807778
470.409  467.65  0.00021658  -0.000171649  0.000714694
419.941  525.933  0.000297897  0.000149491  0.00182745
433.433  523.131  0.00045509  -9.52687e-05  0.00201393
448.578  530.949  0.000459661  -0.00050117  0.00110196
590.083  551.841  0.00029818  0.000280673  0.000530396
65.8789  467.122  0.000541977  1.94326e-05  0.000738584
73.0167  449.433  0.000305916  -8.4066e-06  0.000347442
379.111  470.052  0.00039345  1.78371e-05  0.00104899
580.32  556.329  0.000222984  0.000173634  0.000293458
186.116  513.81  0.00139469  0.000678285  0.00109811
180.292  516.414  0.000975781  0.000483441  0.000907963
319.169  487.436  0.000989358  0.000971188  0.00245831
348.051  471.685  0.000209758  0.000243777  0.00124034
505.967  518.989  0.0001751  0.000166941  0.000834525
529.762  493.783  0.000332839  -0.000118035  0.000303357
549.363  493.364  0.000177981  -3.99259e-05  0.000217874
580.299  497.71  8.55146e-05  -2.47612e-05  0.000144932
296.801  473.671  0.000485363  0.00028134  0.00287616
281.135  505.163  0.000335154  0.000155329  0.000332041
304.146  498.27  0.000958051  0.000263944  0.000346724
296.097  501.363  0.000616645  0.00020156  0.000329132
372.245  470.788  0.00134351  -0.000662065  0.00144813
367.77  492.403  0.000433974  -0.000216132  0.000376892
351.609  509.655  0.000168512  -6.05932e-05  0.000204713
364.088  507.049  0.000255075  -0.000120119  0.000238826
173.356  447.06  0.00061187  -0.000775663  0.00283573
165.807  446.03  0.000463577  -0.000564862  0.00221702
157.656  449.288  0.000285779  -0.000221526  0.00174753
143.321  449.794  0.000187479  -9.2003e-05  0.00130671
291.872  507.335  0.000135833  0.000101756  0.0002258
488.765  386.363  0.000260894  5.95734e-05  0.000237392
365.238  462.611  0.000341897  0.000302351  0.00200955
369.221  470.768  0.00027931  7.28529e-05  0.00100012
455.962  431.616  0.000352436  9.33974e-05  0.00124834
508.583  429.274  0.000102853  9.8122e-05  0.000620999
211.29  467.07  0.00212357  0.0011825  0.00133955
253.682  512.073  0.000436632  0.000248963  0.000361554
188.004  493.726  0.000890342  0.000691172  0.00170143
155.154  513.263  0.000287626  0.000248939  0.000683659
131.969  538.453  0.000186933  0.00013214  0.000289444
652.359  404.973  0.000557831  0.000327363  0.000752125
681.373  348.246  0.000155696  5.60244e-05  0.000140902
684.213  329.184  0.00013098  3.38235e-05  9.25481e-05
659.86  332.869  0.000230763  1.18963e-05  8.67557e-05
503.241  400.231  0.000187323  0.00015194  0.000837722
411.885  478.225  0.00112379  -4.39639e-05  0.000209031
517.602  429.902  0.000153697  0.000158381  0.000703614
275.689  372.401  0.000299791  -4.23668e-05  0.000331467
245.391  412.676  0.000353789  -0.000252427  0.000983009
237.214  418.373  0.000704153  -0.000575109  0.00206151
246.461  415.09  0.000454914  -0.000235085  0.00117056
63.5517  467.544  0.000586698  -0.000109967  0.000267616
83.4137  476.469  0.000280186  -4.03911e-05  0.000161272
100.082  473.817  0.000165388  -7.38159e-06  0.000140632
121.139  454.99  9.87518e-05  3.11747e-05  0.000182188
65.8847  449.135  0.000387958  -7.88082e-05  0.000254172
73.0974  459.277  0.000326586  -7.23636e-05  0.000184455
92.4362  469.374  0.000186395  -3.71881e-05  0.000125426
107.752  453.014  0.000111481  -4.62707e-06  0.000161327
109.032  435.291  0.000100472  2.15639e-05  0.000271487
207.305  434.844  0.00173942  0.000149876  0.000256779
218.367  426.124  0.000900778  0.000187328  0.000223609
223.57  426.241  0.000702581  0.000159344  0.000185341
453.963  497.016  0.000135653  8.24551e-05  0.000165048
495.731  448.357  0.000122583  0.000144966  0.000666673
585.148  448.205  0.00158683  -0.000205231  0.000270845
172.467  398.387  0.000707223  8.55071e-05  0.00106096
194.695  445.542  0.000492698  -0.000144592  0.000183413
205.629  438.79  0.000283241  -6.2021e-05  0.000162878
236.425  421.915  0.000110217  1.23646e-05  0.000162728
194.864  443.773  0.000462472  -0.000162471  0.000199416
213.949  435.137  0.000195412  -5.90166e-05  0.000189179
201.095  437.93  0.000322158  -9.79086e-05  0.000165242
241.157  413.23  8.66607e-05  5.71537e-06  0.000205055
658.171  378.642  0.00108229  0.000580583  0.00152321
328.743  329.119  0.000121065  -1.13259e-05  0.000135706
47.3697  368.816  0.000957461  0.000110794  0.00104589
55.0112  362.371  0.000646837  0.000317975  0.00135717
682.66  303.343  0.000696702  -7.95208e-05  0.000132734
723.418  329.346  0.000413752  1.38976e-05  0.000435554
788.788  333.205  0.00242019  -0.00030471  0.000674829
722.943  321.631  0.00013188  2.65118e-05  0.000178273
695.359  338.586  0.00108423  -0.000117553  0.000287338
711.3  351.784  0.00111673  -0.00019988  0.000639856
714.839  346.788  0.000794263  -0.000127547  0.000510318
746.675  338.606  0.00020439  5.07987e-05  0.000447262
712.97  332.106  0.000670284  -0.000142423  0.000299233
653.576  370.673  0.000691863  -2.18392e-05  0.000290958
680.309  350.581  0.000142755  4.13036e-05  0.000179798
684.318  328.622  0.000118227  2.04703e-05  0.000104653
660.58  328.319  0.000217366  5.82645e-06  8.99378e-05
465.413  310.756  0.000781781  -0.000108643  0.000286702
399.419  312.668  8.89782e-05  1.91601e-05  0.000173712
464.399  291.703  0.000368733  -4.53747e-05  0.000155019
216.124  390.104  0.00018138  9.54568e-05  0.000485373
246.39  389.138  0.000456201  -4.78684e-06  0.00036692
309.106  347.435  0.000924499  -9.92225e-05  0.000578741
432.078  325.299  0.000195206  0.000123747  0.000783207
435.177  298.598  0.000173892  4.25129e-05  0.000234498
640.894  369.044  0.00168891  -0.00044875  0.000460871
658.257  367.689  0.000515952  -9.88505e-05  0.000331746
679.879  358.838  0.000205862  6.79205e-06  0.00036323
570.901  384.679  0.00028609  -4.56172e-05  0.000228087
588.018  395.979  0.000511345  -0.000127664  0.00017933
637.385  370.187  0.002507  -0.000654948  0.000627674
407.852  317.789  0.000110251  5.60442e-05  0.000380952
503.382  258.996  9.42191e-05  -1.74075e-05  0.000125457
513.745  278.374  0.00105642  -0.000127961  0.000220206
482.381  281.926  0.0002306  3.02028e-07  0.000183406
464.177  285.13  0.00038796  -4.35708e-05  0.000191607
428.456  328.626  0.00013069  0.000148628  0.000839505
419.687  319.92  0.000102192  7.64334e-05  0.000467645
492.847  294.31  0.000182388  -1.26612e-05  0.000416681
498.272  268.101  0.000114388  -2.24428e-05  0.000178806
514.139  295.56  0.000546446  -6.29079e-05  0.000303668
481.869  282.799  0.000177356  -7.80927e-06  0.000157599
603.294  263.317  8.86046e-05  1.84544e-05  0.000176825
295.418  347.234  0.00122478  -0.000206375  0.000533334
431.859  329.103  0.0002231  4.27234e-05  0.0010643
434.596  318.059  0.000167188  -4.03616e-06  0.000571662
421.991  305.253  0.000191091  -5.64482e-05  0.000328581
433.383  334.621  0.000329874  0.000258194  0.0016009
429.1  299.972  0.000399519  6.54347e-05  0.000240381
325.289  305.002  0.000168474  -1.0511e-05  0.000179138
602.841  346.6  0.000703  0.000195188  0.0018329
569.404  390.784  0.000135525  1.40895e-05  0.000234027
664.363  302.217  0.000294084  -9.39311e-06  0.000497755
705.835  316.905  0.000462969  4.41664e-05  0.00163889
691.707  310.049  0.00094815  -0.000111407  0.000907488
736.01  302.454  0.000145447  2.78463e-05  0.000684372
692.684  298.218  0.000763667  -0.000110511  0.000478809
705.973  257.881  0.000278096  -4.3899e-05  0.000130016
126.454  297.12  0.000366564  0.000316783  0.0017906
704.561  357.216  0.000765249  -5.06755e-05  0.000349042
708.995  327.48  0.000461455  9.69185e-05  0.00101351
701.409  339.409  0.000736627  -0.000100763  0.000172299
728.44  319.633  0.000208857  1.98805e-05  0.000217318
753.199  264.486  0.00096074  0.000571457  0.00102001
722.429  302.633  0.000138069  2.15345e-05  0.000213649
731.891  326.183  0.000274523  0.000354557  0.00113664
768.276  347.808  0.000478401  -1.69989e-05  0.000233859
569.195  243.215  0.000393058  -4.21949e-05  0.000135313
604.799  344.124  0.00077743  2.06632e-05  0.00102897
623.418  364.225  0.00231041  -0.000465334  0.00041077
577.434  286.868  0.00110814  -0.000114885  0.000721079
584.235  267.659  0.00243529  -0.000670979  0.000505183
601.603  354.502  0.000652048  0.000342579  0.0019813
490.107  293.05  0.000400701  -2.35924e-06  0.00167442
515.152  340.296  0.000223438  -4.01976e-05  0.000169403
309.736  312.496  0.000111169  3.18642e-05  0.000548304
334.661  316.987  0.000206477  -4.87481e-06  0.000396975
344.238  330.529  0.000256015  -3.27081e-05  0.000233558
404.927  284.872  0.000667982  -1.05571e-06  0.00202589
419.759  287.573  0.000343218  3.40427e-05  0.00137331
443.472  300.19  0.000171839  3.25961e-07  0.000526906
442.762  287.599  0.000163639  6.56627e-05  0.00112982
467.266  291.669  9.42055e-05  4.56742e-05  0.000726091
364.83  294.665  0.000998405  -0.000167863  0.00126877
389.54  353.068  0.000609989  -0.000166845  0.000156312
378.771  288.804  0.000425776  5.58341e-05  0.00176768
436.974  304.554  8.69891e-05  1.89371e-05  0.000433634
450.339  304.818  0.00188223  -0.000782492  0.0011488
514.647  338.288  0.000160212  -6.13882e-05  0.000199161
478.961  360.743  0.000366525  -7.09381e-05  0.000115099
247.192  204.808  7.34177e-05  -5.11519e-05  0.000194486
363.641  176.006  0.000210335  -5.84255e-05  0.000112545
364.436  181.881  0.000712348  -0.000133113  0.000132548
382.954  355.534  0.000859853  -0.000100584  0.000114683
383.668  285.457  0.000514672  0.00016969  0.00231906
438.338  304.36  9.66964e-05  3.12252e-05  0.000429281
622.023  218.165  0.000156803  -8.51423e-06  0.000182899
263.554  254.082  0.000145631  0.000160788  0.000865043
256.918  235.369  0.000111619  3.24081e-05  0.00032238
249.11  214.653  0.000100283  -4.63265e-06  0.000163068
259.564  246.241  0.000118231  9.77891e-05  0.000516481
250.058  213.142  9.81192e-05  9.29103e-06  0.000147696
713.619  309.575  0.000356921  0.000308838  0.00057875
686.2  336.408  0.000194234  0.00015859  0.000287374
759.811  237.275  0.00147674  -2.89648e-05  0.000200561
762.083  252.182  0.0018422  0.000199418  0.00024178
749.813  244.822  0.000869954  2.47379e-05  0.000116658
740.224  252.122  0.000588994  3.35215e-05  7.83828e-05
133.932  257.881  0.000146205  0.000105596  0.000348505
664.009  216.111  0.00011836  8.61325e-05  0.000517382
512.535  265.193  0.000547296  4.52021e-05  0.000583694
512.708  274.431  0.000494586  1.19622e-06  0.000379621
505.715  283.92  0.000335781  6.3632e-06  0.000278428
465.666  307.287  9.96782e-05  2.69191e-05  0.000175986
683.806  228.848  0.00150035  -0.000958149  0.00141183
737.429  214.942  0.000482823  7.30953e-05  0.000994638
555.565  164.863  0.000144472  4.01923e-05  0.000298805
537.473  168.234  0.000235631  1.21138e-05  0.000292075
525.089  181.932  0.000876791  -1.58119e-05  0.000447992
523.369  195.654  0.000880094  5.36179e-05  0.000941815
518.164  185.603  0.00104091  -9.7527e-05  0.000517301
505.315  181.45  0.000236701  0.000192919  0.000497475
531.02  172.917  0.000137937  0.000147926  0.00044228
434.65  201.606  0.00273677  -0.000213446  0.000571655
759.314  199.193  0.00237549  -0.000798078  0.00061141
670.315  237.595  0.000146199  0.000141964  0.000636824
672.531  241.149  0.000107608  9.75973e-05  0.000519086
680.643  253.445  0.000105126  3.74408e-05  0.000213248
384.38  200.312  0.000120874  5.57245e-05  0.000285713
662.444  134.733  0.00019252  7.05999e-05  0.000251629
752.576  111.445  0.00158104  -0.000274614  0.000446306
648.561  269.277  0.000670847  -7.17587e-05  0.000116731
603.767  151.697  0.0015456  0.000229208  0.000258838
595.336  144.55  0.000842992  0.000144164  0.000168282
593.001  195.091  0.0017853  0.00149729  0.00204368
550.395  147.797  0.000522434  -0.000181309  0.000454024
555.788  151.6  0.000475496  -9.45404e-05  0.000425028
566.514  150.711  0.00031149  -2.86396e-05  0.00034538
579.776  153.143  0.000212652  -8.85245e-06  0.000257306
705.559  132.856  0.000822695  0.000206561  0.00055117
689.512  147.118  0.000446112  0.000231485  0.000449455
546.431  169.014  0.000763694  -0.000330592  0.000418879
565.31  161.478  0.000266199  -9.90247e-05  0.000199559
