1.0
486
334.303  589.597  0.00203156  0.000809872  0.00211368
315.12  584.919  0.000586612  -0.000196205  0.00167116
356.674  597.821  0.00112505  0.000350806  0.00210658
328.057  594.188  0.00237684  -0.00255613  0.0130307
327.479  599.821  0.00218637  4.8775e-05  0.00494495
283.637  605.211  0.000821613  0.00033058  0.00222948
413.699  600.345  0.00132245  -0.000669806  0.00391195
425.57  574.606  0.000461527  0.000215675  0.000711819
401.153  587.38  0.0024947  0.000759984  0.00229562
390.223  596.508  0.00288116  -0.00280943  0.00918888
350.486  601.181  0.00207361  -0.00186165  0.0112912
673.396  591.409  0.00354125  -0.00277763  0.0055971
672.288  602.638  0.00564521  0.00282521  0.00307246
47.7791  569.909  0.00216736  0.00184703  0.00247256
59.0147  538.962  0.000851664  0.000411572  0.000479151
680.747  599.368  0.00848929  0.00252569  0.00350918
683.228  592.404  0.00422416  -0.00205134  0.00571403
680.9  596.55  0.00312361  -0.000343006  0.00306226
250.949  593.869  0.00376793  -0.000445566  0.0027481
254.542  595.505  0.00235439  -0.000171473  0.00150827
275.082  594.554  0.00122751  0.000634268  0.00571755
213.611  572.658  0.0044785  -0.000383457  0.00495978
219.117  570.808  0.00305929  -0.00221344  0.0090644
192.526  563.855  0.0015836  -0.00199591  0.00674549
270.326  563.098  0.00193322  -0.000269404  0.00449553
273.106  555.394  0.00199137  0.000626768  0.00217337
266.516  565.65  0.00145614  -0.00162741  0.0076789
262.634  558.704  0.00181091  0.00019887  0.00380349
381.908  569.775  0.000293022  9.53623e-05  0.00070696
503.481  559.982  0.00890668  0.00535818  0.00556031
688.273  563.949  0.00332607  -0.00310846  0.0101276
730.488  574.149  0.00175318  -0.000385369  0.00191769
737.3  575.954  0.00141632  -0.000858571  0.00219333
672.687  546.947  0.00120706  -0.00107402  0.00202225
668.566  550.578  0.000823177  -0.000560606  0.00120248
201.059  546.565  0.00293588  -0.00234242  0.00951321
165.341  526.599  0.000849305  0.00012011  0.000758889
153.689  524.831  0.00101058  -0.000320859  0.000737889
121.961  558.727  0.00661128  0.00186423  0.00181516
671.857  560.752  0.00492287  -8.28024e-05  0.00296129
693.668  551.026  0.00091592  -2.89408e-05  0.000569266
686.916  582.064  0.000981506  4.51655e-05  0.00129177
698.036  556.349  0.00297826  -0.00242921  0.00504482
707.454  560.242  0.000689069  -7.32261e-06  0.000676497
324.363  574.396  0.00131563  -0.00174369  0.00602628
326.535  571.609  0.000992205  -0.000893344  0.00360223
330.098  568.13  0.000766701  -0.000408096  0.00215271
99.8794  537.653  0.00305735  -0.000708512  0.0054366
349.376  577.803  0.000649143  -0.000743949  0.00283428
355.575  558.13  0.000488361  0.000106835  0.000717093
158.863  550.157  0.00184365  -0.000894578  0.0133122
699.47  568.922  0.00590967  0.00233797  0.00192065
694.75  571.789  0.00388491  0.00153058  0.00126163
526.701  517.105  0.00171129  0.00172642  0.00356982
518.435  521.961  0.00401716  0.00288395  0.00488383
336.645  577.453  0.00256256  -0.000439375  0.00710927
337.97  575.089  0.00235322  0.000158475  0.00487058
351.305  550.227  0.00165106  0.000902434  0.00108288
694.018  552.683  0.00324445  -0.00322093  0.00576341
692.942  559.685  0.00167534  -0.000984942  0.00219813
91.0251  531.529  0.00291647  -0.00250724  0.010302
79.0228  548.886  0.00111222  -1.84675e-05  0.000950239
76.9344  557.119  0.00106954  8.53008e-05  0.000586411
115.472  559.744  0.00212053  0.000355317  0.00106713
119.045  566.523  0.00128935  0.00018913  0.00073258
121.34  572.797  0.000949263  0.000137236  0.000545594
192.558  523.487  0.00145319  -0.000976762  0.00342302
577.075  514.409  0.0102099  0.00121217  0.00160496
606.034  541.316  0.000916218  0.000161981  0.000310666
311.053  554.481  0.000890766  0.000266059  0.00166999
339.058  549.009  0.000304746  5.712e-05  0.000649703
307.202  539.64  0.0034783  0.00151195  0.0013119
109.895  550.912  0.00408619  -0.00219944  0.00230781
109.083  543.711  0.00317101  -0.00221943  0.00376648
92.2025  538.016  0.00110223  -0.00056849  0.00379868
141.276  572.32  0.00728874  7.38726e-05  0.00122672
507.236  569.801  0.0029844  0.00107108  0.000859217
68.5391  539.843  0.00177766  -0.00121945  0.00163418
101.991  570.698  0.00431181  0.000662444  0.000643476
84.4896  529.243  0.00647012  -0.00184011  0.00244757
80.8029  525.186  0.00644426  -0.00278301  0.00255831
28.3016  563.85  0.0023359  0.000550849  0.00355183
31.156  530.953  0.00225003  0.000616226  0.0013574
140.396  505.724  0.00687422  -0.00115056  0.00257312
143.642  500.303  0.00433129  0.000469096  0.00196503
146.486  493.232  0.00406639  0.00163085  0.00218758
714.059  530.671  0.00736916  -0.00175013  0.0015882
718.823  534.523  0.00402779  -0.00130655  0.00144866
44.8319  479.27  0.0014733  0.000237618  0.00257741
41.4856  479.269  0.00482845  0.00239472  0.00403708
698.372  553.819  0.00471568  -0.0040292  0.00803939
686.885  550.1  0.00229648  -0.00226355  0.00419534
694.472  574.992  0.00484971  0.000691792  0.00414058
679.204  568.572  0.00204902  -0.00184979  0.00410079
674.19  560.543  0.0082569  0.00203824  0.00352275
136.462  514.521  0.00936672  -0.00128055  0.00161756
120.904  536.688  0.00189747  0.000691471  0.00081288
87.6885  511.132  0.00109978  0.00056935  0.00168352
137.605  515.111  0.00439164  -0.000134153  0.00117685
699.763  510.366  0.000530593  0.000426943  0.000995833
63.7296  476.265  0.000605551  -0.000333571  0.00191987
66.3473  469.95  0.000538442  -0.000107207  0.00109655
72.5501  460.107  0.000449724  1.7023e-05  0.000572334
75.3354  466.657  0.000465338  -1.90122e-05  0.000778097
80.1493  454.021  0.000449441  8.36635e-05  0.000426779
167.449  439.62  0.00261461  -0.000172391  0.000330967
705.507  491.859  0.00181803  0.00114778  0.00118279
356.709  571.043  0.00253468  0.00156496  0.0030669
338.199  437.52  0.000637695  -0.000402507  0.000988762
346.755  444.38  0.000817221  -0.000237413  0.000944864
345.719  444.207  0.00128441  0.000149539  0.00119311
365.431  460.192  0.000799984  4.04197e-05  0.000926749
66.0787  478.078  0.00354031  0.00170935  0.004007
65.5657  476.888  0.00182479  0.000780583  0.00308782
363.066  400.456  0.000772297  -0.000725201  0.00167513
369.453  406.566  0.00131091  -0.00123371  0.00264429
376.24  414.074  0.00477286  -0.000155176  0.00323556
379.937  408.853  0.00351497  0.000385675  0.00174872
171.024  469.071  0.0103637  -0.000127039  0.00121978
174.454  452.966  0.0049748  0.000545097  0.00063746
727.566  393.294  0.00120324  -1.5572e-05  0.00354319
74.5088  460.217  0.00150525  0.000638685  0.000965205
62.0116  479.632  0.00109997  0.00034156  0.00405593
70.8994  481.17  0.00251757  0.00126236  0.00540323
561.903  375.665  0.00330171  0.000248576  0.000498012
709.388  398.398  0.00183742  0.000312018  0.00192721
62.2456  344.382  0.000907436  0.000766237  0.00120181
484.59  356.834  0.00344664  -0.000665256  0.00106573
478.808  360.771  0.00184633  -7.16651e-05  0.00078143
474.672  354.191  0.00151508  -0.00019312  0.000541916
469.211  361.059  0.00100067  4.91717e-05  0.0004886
499.001  354.466  0.00780928  -0.000727303  0.00159603
119.972  476.289  0.00248552  4.21189e-05  0.00367468
116.802  472.824  0.00412566  0.00096392  0.00305698
411.913  397.191  0.000767118  0.000616846  0.00129888
421.166  386.18  0.000722037  0.000648012  0.00247521
458.41  320.72  0.000576108  0.000254816  0.000500375
470.883  342.806  0.000377684  0.000362486  0.00194189
385.697  374.867  0.000883482  -0.000685057  0.00148007
508.319  341.963  0.00586659  -0.000819786  0.00123997
499.246  358.966  0.00757221  -0.00046866  0.000989462
498.333  362.607  0.00351948  0.000750895  0.000793689
381.936  351.44  0.00229605  0.000477387  0.00043173
506.829  343.362  0.00973256  -0.000704161  0.00175271
522.371  344.235  0.0039284  9.84121e-05  0.00178183
486.633  348.462  0.00160399  0.000135124  0.000213792
496.321  361.291  0.00190224  0.000496622  0.00147983
73.4746  473.373  0.000550806  -0.000306944  0.00150092
75.2134  481.588  0.000829056  -0.000825432  0.00324399
79.3207  466.724  0.000636673  -3.13576e-06  0.000879629
85.08  450.9  0.000631843  0.000166135  0.000440527
76.6885  473.975  0.00076143  -0.000138906  0.00153954
87.2878  461.471  0.000545849  9.23857e-05  0.000625864
301.252  344.12  0.00243383  0.000927601  0.000722247
382.467  303.951  0.00812281  0.00591126  0.00709814
386.89  287.186  0.00248543  0.00103292  0.00138428
393.472  278.042  0.00157272  0.000767158  0.00101675
391.597  270.545  0.00142088  0.000421512  0.000581818
420.478  307.54  0.00279039  0.000198995  0.000493836
475.034  280.187  0.00958216  0.00304211  0.00249219
463.646  273.018  0.00209431  0.000737538  0.000630851
454.368  276.091  0.00119546  0.000512708  0.000468861
386.074  298.79  0.00873031  0.00312317  0.00251121
381.735  304.291  0.00636923  0.00318062  0.00279192
503.141  324.085  0.00318947  0.00114763  0.000946475
508.54  296.242  0.0026034  0.00117665  0.00140898
505.292  305.269  0.00203077  0.000776012  0.000857602
405.628  293.253  0.00864783  0.00287442  0.00244593
458.016  295.456  0.00194738  0.00114783  0.00139968
470.346  289.477  0.004646  0.00123669  0.00113361
194.364  528.283  0.00124757  -0.0013333  0.00505407
194.505  519.598  0.0010702  -0.000217698  0.00186051
577.1  266.799  0.00456779  0.00389247  0.00567661
482.599  268.58  0.00616417  0.00221538  0.00352083
485.312  275.873  0.00672593  0.000486127  0.0013723
461.832  294.73  0.00122384  0.000813004  0.00117619
471.982  290.472  0.00166659  0.000586647  0.000936163
473.162  306.607  0.00135211  0.000177196  0.000377493
469.497  313.486  0.00102133  0.000158351  0.000316478
142.753  255.068  0.00528015  0.00394934  0.00529754
137.337  260.454  0.00361761  0.0026628  0.00349304
131.956  264.37  0.0019591  0.0017096  0.00263202
143.282  247.718  0.00330217  0.00229772  0.00267002
179.023  239.031  0.00357779  0.0021971  0.00229625
184.579  231.596  0.00299981  0.00215897  0.00313293
146.3  240.832  0.00209151  0.00150236  0.00171752
140.984  248.903  0.0020564  0.00172544  0.00244361
370.412  227.882  0.0074548  0.00234684  0.00252343
299.331  242.428  0.00121973  0.00080555  0.00102223
307.558  231.481  0.0010544  0.000778694  0.00101315
688.032  187.771  0.0072986  -0.000642069  0.00127179
689.184  153.513  0.00178971  -0.000101787  0.000322202
227.255  230.034  0.0018725  0.000991316  0.00143796
222.984  231.1  0.00134238  0.000731948  0.00109033
697.063  210.932  0.00603425  -0.000562897  0.00124395
236.792  191.996  0.00236003  -0.00187016  0.00657006
236.249  206.247  0.00178606  -0.000250131  0.00123027
238.679  222.047  0.00127659  -5.67027e-05  0.000487295
249.972  170.004  0.000861394  0.000479457  0.00140872
239.652  189.112  0.00165635  -0.000768569  0.00277945
239.158  208.543  0.00134098  -9.23173e-05  0.000598964
58.2994  180.798  0.00337363  -0.00229222  0.00295535
66.3223  169.248  0.00115449  -8.08214e-05  0.00105404
73.7912  167.199  0.000795157  2.47527e-05  0.000730854
30.1349  195.417  0.00275019  -8.96533e-05  0.00176002
25.6467  194.591  0.00346228  0.000865274  0.00197431
61.1867  187.679  0.0016097  -0.000911801  0.00117425
55.0231  172.879  0.00153021  -0.000174416  0.000968816
60.4675  171.063  0.00111029  -5.89967e-05  0.000688567
71.3705  176.088  0.000686842  -0.000133289  0.000446571
258.613  174.519  0.0024255  0.000551518  0.00637493
255.983  175.332  0.00269008  0.000166722  0.00765234
253.304  170.821  0.00148157  3.80935e-05  0.00434207
251.879  168.32  0.00113748  1.88289e-05  0.00335834
290.117  177.043  0.00348783  0.00187492  0.00323832
292.635  171.312  0.00448273  0.00326435  0.00393628
248.874  159.709  0.000704234  -0.000273895  0.00264471
250.168  150.472  0.00423703  0.00382327  0.00556214
251.848  145.599  0.00276051  0.00247761  0.00365268
236.696  127.28  0.000341235  0.000181967  0.000720589
40.616  187.973  0.00195124  0.00112717  0.00147178
64.6559  170.961  0.00587431  -0.00472725  0.00627538
81.7779  167.186  0.00546459  0.00505909  0.00915374
66.33  153.16  0.00120082  -0.000497293  0.00172125
64.8701  160.477  0.0027841  -0.00116908  0.00331913
67.0363  152.991  0.00220538  0.000479577  0.00241468
85.2285  163.459  0.000843857  -0.000348345  0.00100511
53.3252  183.106  0.00367097  -0.00249087  0.0042593
383.908  197.952  0.000760486  2.55301e-05  0.000360119
106.194  130.719  0.00197524  0.000595706  0.00102968
101.642  142.152  0.0020293  0.00139243  0.00199532
386.62  163.606  0.00587135  0.00424442  0.00511347
134.706  114.628  0.00650049  -0.00291942  0.00276798
116.587  104.589  0.00147042  -0.000577833  0.000737668
110.547  124.556  0.0042762  0.00176381  0.00209681
295.826  171.754  0.000530657  -0.00051753  0.00275232
695.858  202.209  0.00461859  -0.000504161  0.000864477
531.888  155.254  0.00844034  0.00507285  0.00529694
264.112  120.838  0.000920409  -0.000274128  0.000452409
259.199  111.743  0.00104095  -0.000122079  0.000481124
270.474  110.957  0.00437744  0.00488409  0.0102228
268.535  109.581  0.00341347  0.00322246  0.00656624
49.1548  164.758  0.00324138  0.00202424  0.003008
48.5516  180.915  0.00105423  0.000449447  0.000950074
60.6528  171.782  0.00151407  -0.000164528  0.00125494
85.8647  129.927  0.00228792  0.000695052  0.00184434
87.3009  123.145  0.00154599  0.000490295  0.00124764
89.1274  109.161  0.000807792  0.000236327  0.000650566
73.6411  108.393  0.000816111  -0.00023566  0.000625299
109.142  163.279  0.00135219  -0.000774412  0.00101862
103.888  147.676  0.00096974  -0.000256156  0.000811847
270.024  115.204  0.000741688  -0.000571403  0.00128028
253.561  84.0718  0.00256825  0.00120569  0.00120447
172.484  104.868  0.00296132  0.00163038  0.0046359
166.454  121.81  0.00880881  -0.00501414  0.00501564
174.464  101.098  0.00408067  0.0025559  0.00658074
216.853  111.956  0.000383206  3.15943e-06  0.000457008
502.682  152.338  0.00090256  -0.00011565  0.00053462
503.759  129.489  0.00202712  -0.000222076  0.00137002
497.927  132.43  0.00124216  9.53795e-05  0.00122601
510.897  127.949  0.00470428  -0.0014035  0.00169633
488.865  150.906  0.000498326  5.82082e-05  0.000525151
409.888  209.962  0.00323639  0.00201348  0.00420923
413.525  206.914  0.00283212  0.00141247  0.00525528
414.08  211.096  0.00188585  0.000981987  0.00331297
409.418  221.084  0.00140086  0.000894484  0.00171869
403.405  228.55  0.00141253  0.00098102  0.00137736
437.946  214.715  0.00043581  -0.000194985  0.00266315
233.962  101.543  0.00303757  0.000369856  0.00041135
373.352  69.6002  0.00571521  -0.000926183  0.00113275
498.489  51.2172  0.00346776  0.00293799  0.0046569
494.309  67.9192  0.0028634  0.00111574  0.00111588
174.592  66.7601  0.00126567  0.00112327  0.00183045
545.376  145.709  0.0016034  0.00104924  0.00112249
362.009  30.001  0.00119075  -0.00125684  0.00359753
415.786  68.4884  0.00320056  -0.00158848  0.00302989
244.976  622.486  0.000964488  -6.52338e-05  0.00627232
278.688  546.16  0.000306056  -1.49274e-05  0.000188972
670.777  576.8  0.00108984  -0.000527222  0.00186129
259.05  559.774  0.000948353  -0.00106792  0.00396463
265.61  554.68  0.0014662  0.000702657  0.00292431
155.801  566.982  0.00098784  -0.000100505  0.00138495
628.934  550.003  0.00152158  -0.0006661  0.00222718
145.041  578.84  0.00311688  -0.000215606  0.000978582
636.453  554.798  0.00121491  -0.000867494  0.00197916
170.569  557.613  0.00117189  -0.00131485  0.00624981
124.076  562.832  0.00502486  0.00068388  0.00107539
120.985  572.131  0.00454244  0.000910746  0.000742634
314.896  544.272  0.000684849  0.00023975  0.000810783
333.773  540.279  0.00033017  8.53001e-05  0.000464765
348.533  545.261  0.000197428  -3.22332e-06  0.000410207
341.453  527.989  0.000320339  0.000133408  0.000327368
356.727  528.237  0.000194777  6.11251e-05  0.000247821
329.614  519.123  0.000716824  0.000405302  0.000472074
419.417  590.984  0.000790528  0.000219311  0.00168278
425.092  580.981  0.00061401  0.000318617  0.000988469
640.207  556.152  0.00249261  -0.000460513  0.00235333
696.95  547.768  0.00078512  -0.000726695  0.00182818
661.399  562.676  0.00187232  -0.00210804  0.00446204
325.505  565.049  0.000592393  -0.000427963  0.00186992
339.776  561.982  0.000340878  -0.000219086  0.00100234
82.2236  559.132  0.00428929  -0.00172919  0.00183666
64.5814  526.546  0.00190211  -0.0022688  0.00542389
66.0676  529.989  0.00170376  -0.00172665  0.00366415
73.0964  544.735  0.00140311  -0.000999728  0.00136751
677.297  560.02  0.000591498  -4.20965e-05  0.00148233
672.975  567.348  0.00037708  2.41783e-05  0.000994788
637.988  481.078  0.000358437  3.81595e-05  0.000175179
635.245  509.374  0.000353493  0.000184834  0.000473081
216.314  536.075  0.000826331  0.000392673  0.000400779
31.5117  531.657  0.00361302  0.000471029  0.00121518
103.707  495.32  0.00504879  0.00185041  0.0017455
156.188  498.101  0.00346619  -0.00156165  0.00134669
82.6574  443.1  0.00054813  0.000141162  0.000279761
713.162  489.797  0.00417501  -0.000540669  0.00145789
72.493  471.062  0.00174159  0.000795187  0.00179272
152.987  458.985  0.00524178  0.000120357  0.00118693
165.817  473.452  0.00354413  -8.50201e-05  0.0015628
167.001  444.688  0.00125351  0.000171796  0.000409563
755.157  402.706  0.00136311  -0.000899857  0.00187065
194.629  510.272  0.00132617  0.000165434  0.000914215
484.869  343.225  0.001032  -9.8353e-06  0.000162884
505.855  331.614  0.00059765  0.000187369  0.000243788
171.05  498.282  0.000516846  -0.00012135  0.000686586
165.416  472.934  0.00188391  -8.72892e-05  0.000275947
171.042  464.003  0.0012416  7.83988e-05  0.000238348
531.303  337.138  0.00372394  0.000275241  0.00140266
537.536  337.21  0.00208026  0.000314634  0.000953821
342.251  460.439  0.000346416  0.000252989  0.000549276
334.497  451.912  0.000240849  0.000258867  0.000866914
344.248  316.906  0.00231035  0.000279347  0.000328419
483.131  271.452  0.00591441  0.0011085  0.00102081
481  265.675  0.00429685  0.000508451  0.000599812
472.129  272.705  0.00214007  0.000471946  0.00040321
465.907  278.673  0.00155355  0.000428128  0.000333558
461.366  274.46  0.00111936  0.000267191  0.000220615
542.046  287.634  0.00254032  0.000178559  0.000635718
558.721  274.043  0.00085633  0.000405479  0.000815883
507.563  297.165  0.00318517  0.000356484  0.000724245
544.435  271.507  0.0037045  0.00172436  0.00165891
509.8  322.458  0.00167879  0.000102756  0.000286669
504.85  296.634  0.00150405  0.000434144  0.000611351
503.266  308.818  0.0017422  0.000946701  0.00126542
502.486  316.648  0.00242033  0.00191255  0.00250802
491.907  310.762  0.000965488  0.000585636  0.000777852
477.321  321.349  0.000709673  0.000567182  0.000743416
339.41  235.279  0.00221931  0.000388748  0.000333362
480.358  268.918  0.00254922  -0.000177475  0.0006211
478.538  293.578  0.00151796  -0.000144243  0.000237928
130.871  266.341  0.00274834  0.00179724  0.00191413
157.69  246.199  0.00228833  0.00184846  0.00254127
160.834  252.886  0.0012398  0.000991747  0.0013444
130.397  270.488  0.00162489  0.00117392  0.00135832
147.386  228.859  0.00120177  0.00133799  0.0049083
127.997  263.161  0.000898106  0.00050682  0.000621613
224.973  226.076  0.0012156  0.000743197  0.0019217
219.515  220.46  0.000712774  0.000235153  0.000613724
521.124  234.441  0.00334414  0.000993327  0.000764357
482.351  175.457  0.00112409  0.000171307  0.000260113
466.092  274.268  0.00116881  0.000604058  0.000609695
478.175  273.734  0.00193461  0.000477413  0.000379046
480.82  174.896  0.00198501  0.000539375  0.00105227
455.791  187.446  0.000656945  0.000513483  0.00090455
320.625  213.841  0.000832274  0.000705608  0.000991193
251.026  166.151  0.000941925  0.000114736  0.00243101
291.101  175.965  0.000538601  -0.000424301  0.00192996
294.806  170.726  0.000437579  -0.000127609  0.00123489
326.015  152.831  0.000210844  7.46422e-05  0.000386178
302.74  163.307  0.000375243  -7.19099e-05  0.00128526
313.952  154.798  0.000292495  7.1475e-05  0.000722007
289.839  180.38  0.000736515  -0.00085647  0.00311782
343.463  151.039  0.000160171  6.45667e-05  0.000307332
499.028  179.541  0.00519313  0.00152806  0.00122605
494.723  185.214  0.00355942  0.00129591  0.0011039
489.964  187.878  0.00568323  0.00111139  0.00129936
301.001  167.347  0.000452464  -0.000171024  0.00180522
377.854  211.407  0.000757507  3.05418e-05  0.000217703
372.402  219.681  0.000542931  4.07712e-05  0.000184568
398.358  164.471  0.00282763  -0.000501176  0.00157118
395.717  172.213  0.00160153  -0.000201679  0.000987212
392.735  184.255  0.000883395  -9.18916e-05  0.000567459
368.289  218.567  0.000219074  5.07536e-05  0.000227812
379.359  213.458  0.00313465  0.000984732  0.00092732
329.385  135.584  0.000176209  3.39528e-05  0.00025185
214.719  101.731  0.000390146  0.000220505  0.000529314
96.6812  97.3771  0.0025334  0.00224466  0.00321232
259.864  127.341  0.00107687  -0.000257912  0.000418724
257.613  116.711  0.00099601  -0.000127038  0.00056942
234.51  65.9921  0.00265341  0.0013142  0.00205912
190.745  137.284  0.000354382  0.000163284  0.00022274
359.924  70.3175  0.00315289  0.00113615  0.00130556
353.958  78.5935  0.00283118  0.00137269  0.00123916
387.141  88.1136  0.00277952  0.000173746  0.000916373
394.129  113.115  0.00128683  -0.000236182  0.000378123
381.203  47.0495  0.00385685  -0.000292823  0.00106954
429.316  72.5061  0.00126395  0.000232716  0.00492061
414.594  106.023  0.00157833  0.00122629  0.00286357
380.169  127.714  0.000398121  0.000321099  0.000797446
283.59  549.778  0.000266646  -3.11599e-05  0.000115262
305.956  542.833  9.90547e-05  -2.70245e-05  0.00010218
276.581  550.546  0.000239357  2.08953e-06  0.000113953
373.979  576.325  0.000925176  0.000545324  0.00122465
434.304  547.544  0.000198214  0.00015954  0.000317283
266.887  554.545  0.000583632  -0.00035667  0.00155587
324.152  545.814  0.00160712  0.00112911  0.00128711
408.436  568.681  0.000168374  -3.87904e-05  0.000479661
317.173  546.431  0.000101112  -1.70783e-05  0.000126632
283.555  544.346  0.000183305  -1.98398e-05  0.000196728
276.114  546.433  0.000248129  3.16766e-05  0.000189359
433.457  562.25  0.000358563  0.000223689  0.000505642
127.971  565.786  0.00154448  9.56719e-05  0.000823273
98.8356  552.423  0.00058384  -3.67804e-06  0.00123021
101.472  558.463  0.00213186  -0.000233721  0.000735542
104.3  481.36  0.000610256  -0.000349213  0.000480769
355.61  542.191  0.000152169  -5.10172e-06  0.000321295
298.898  496.451  0.00050071  0.00016008  0.000214444
287.857  494.219  0.000306527  7.24333e-05  0.000184506
331.621  495.45  0.00028213  0.000173523  0.000252413
257.822  522.857  0.000159706  -0.000173889  0.000615469
322.609  486.234  0.000171329  9.22313e-05  0.00017611
177.676  467.93  0.000427907  4.13761e-05  0.000188152
166.077  506.796  0.00049888  -0.00029938  0.00116564
140.259  440.337  0.000550599  0.000233137  0.000240435
50.5446  472.87  0.00172403  0.00059936  0.000906688
85.0422  427.76  0.000640803  0.000264807  0.000224942
165.13  447.514  0.00150774  0.000102744  0.000204452
184.305  510.005  0.000522316  -0.000138922  0.000997175
351.012  467.3  0.000696202  0.000556938  0.000711171
508.253  313.805  0.000639281  0.000204812  0.000188782
487.861  343.054  0.000905087  0.000315555  0.000310285
452.812  356.96  0.000284019  0.000168388  0.000206599
561.66  310.802  0.000247966  0.00014466  0.000188924
477.389  300.896  0.00290239  0.000607951  0.000630026
473.892  309.823  0.0020726  0.000484773  0.000489145
388.653  258.1  0.00257217  0.000723956  0.000657723
390.8  363.746  0.000989822  0.000176688  0.000163257
409.748  311.172  0.000745248  0.000572859  0.000879601
191.732  198.336  0.000329797  0.000319418  0.000788108
235.546  233.275  0.000916572  0.000703903  0.00133186
250.657  222.626  0.000594261  0.000690272  0.00219449
237.716  234.118  0.00124284  0.000476435  0.00102635
217.339  233.739  0.00111769  0.00114139  0.00205925
244.126  227.686  0.000329045  0.000299101  0.00115275
180.953  276.525  0.000399344  0.000237441  0.000315415
222.385  225.495  0.000947385  0.000505799  0.00137602
505.767  311.273  0.00201121  -9.37556e-07  0.000470216
307.938  156.961  0.000208696  0.000105919  0.000720698
260.249  217.499  0.000256743  -0.00022508  0.00107493
301.46  155.093  0.00146296  0.000758074  0.000896623
292.603  167.507  0.00146034  0.000520486  0.00123749
229.43  147.915  0.000506526  -0.000567164  0.00152592
326.967  143.356  0.000344814  0.000206058  0.000381893
353.52  144.916  0.000153358  6.16648e-05  0.000206535
291.173  167.426  0.00116093  0.000780461  0.0013763
304.024  149.914  0.00130385  0.0008577  0.000907526
188.389  232.864  9.73166e-05  7.42761e-05  0.000767868
187.809  245.843  0.000112336  7.16647e-05  0.000411111
184.187  191.748  0.000571472  0.000638606  0.00142156
227.058  213.216  0.000276062  0.000243742  0.00157731
252.361  161.157  0.000740766  0.000150293  0.00145979
517.29  125.987  0.00237297  0.000251396  0.000430989
454.627  157.721  0.00047219  3.69238e-05  8.00988e-05
432.358  179.715  0.000247633  5.9267e-05  7.14813e-05
422.567  163.496  0.000176234  6.71843e-05  0.000144056
454.293  170.884  0.000519519  0.000498426  0.000841136
491.82  156.917  0.00154189  0.000155572  0.000509667
459.652  201.886  0.000280946  9.23241e-05  0.000188889
490.738  197.858  0.000935503  -2.29429e-05  0.000133124
500.539  192.163  0.00269362  0.000356151  0.000622372
496.887  197.437  0.00195256  0.00038247  0.000562872
491.934  208.605  0.00128256  0.000299109  0.000412762
479.801  226.145  0.000720433  0.000268882  0.000322517
494.465  224.337  0.00113475  9.52602e-05  0.000212955
497.11  161.161  0.00111815  3.76748e-05  0.000381481
487.267  195.375  0.000452885  1.26796e-05  0.000150821
134.23  141.485  0.00101667  -0.000509363  0.000530158
120.583  153.956  0.000383021  -0.000100538  0.000254559
132.96  222.132  0.000273685  -3.3293e-06  8.05232e-05
149.974  195.833  0.000467434  -0.000154117  0.000168658
156.921  187.375  0.000721492  -0.000332594  0.000280191
233.029  106.426  0.00217023  0.000256527  0.000362963
173.512  185.147  0.000168057  6.45625e-05  0.00010076
400.482  113.897  0.00122954  -0.000470322  0.000410634
441.69  141.513  0.000397787  0.000149341  0.000159038
389.476  95.7169  0.00180047  -8.73322e-05  0.000610282
341.474  49.1659  0.000107941  4.36148e-06  0.000756709
