1.0
338
196.629  619.121  0.00186891  0.000498266  0.000754405
298.248  606.58  0.00808453  -0.00323498  0.00267707
625.283  569.169  0.00199448  0.000766781  0.00352473
218.937  541.823  0.000506306  -0.000155659  0.000487895
689.811  539.517  0.00143421  0.000361113  0.00272917
238.08  543.245  0.00111632  -0.000401182  0.00119212
295.578  530.4  0.00164094  0.000212532  0.00121865
314.174  517.118  0.000771912  0.000278282  0.000507306
280.96  522.556  0.00705929  0.00491816  0.00614035
290.246  541.372  0.0044085  0.000296554  0.00408135
764.103  507.558  0.00132192  0.000604994  0.00106351
743.376  514.864  0.00571  -0.000312159  0.00159661
274.495  480.044  0.00105254  -0.00064496  0.00114548
270.297  488.087  0.000680619  -0.000183516  0.000701264
354.973  546.262  0.00141046  -0.000296838  0.000646534
370.842  514.432  0.00139633  -0.000605282  0.00190862
382.367  524.67  0.00126736  -0.000970873  0.00154185
389.917  489.383  0.00367665  -0.000858588  0.00484389
392.346  486.187  0.00284979  0.000486544  0.00407656
357.034  499.87  0.00319249  0.00126609  0.00438248
312.989  532.578  0.00337348  0.000702403  0.000734625
368.878  510.385  0.00109111  0.000191986  0.00154172
369.108  507.592  0.00165506  0.000911242  0.0019468
382.091  499.67  0.00367948  -0.000550453  0.00240737
359.178  498.457  0.0024576  0.00209946  0.00315191
368.237  510.171  0.000999382  0.000168942  0.000828623
450.13  432.516  0.00483836  -0.00165396  0.00145307
445.098  435.231  0.00717106  -0.0013053  0.00129058
451.331  430.818  0.00255932  -0.000454547  0.000870587
266.809  467.206  0.00425388  0.00317976  0.00394351
465.136  435.579  0.00127823  0.000256065  0.000426938
315.994  460.567  0.00250278  0.00107922  0.00134528
321.368  456.362  0.00261871  0.000583458  0.0012838
327.9  459.708  0.00238054  -0.000291555  0.000980604
333.666  460.107  0.00340893  -0.00117318  0.00123282
409.868  381.208  0.0015162  0.00137015  0.00208732
417.459  447.368  0.00155408  -0.00133442  0.00225285
423.401  412.267  0.00302698  3.19302e-05  0.00355402
447.986  394.476  0.00128842  0.000936145  0.00135933
431.425  420.691  0.00199091  -0.00163852  0.00267683
442.377  421.243  0.000994421  -0.000708985  0.0012947
426.86  414.261  0.00191538  -0.000702793  0.00269231
301.246  383.718  0.00281012  0.00107291  0.00177874
297.153  359.829  0.000441397  -1.75094e-05  0.000457481
297.052  381.267  0.00549352  0.00300554  0.00309177
329.331  358.575  0.00405975  -0.000214584  0.00134808
327.371  352.07  0.00348863  -0.00052463  0.000957931
475.724  379.397  0.00497783  0.00394238  0.00562243
471.506  381.893  0.00379713  0.00303898  0.00424363
441.069  388.602  0.000582682  0.00035304  0.000812732
418.557  340.861  0.00117467  0.000627626  0.00111206
417.529  335.102  0.000820652  0.000383953  0.000797683
397.848  347.299  0.00108851  -0.000478743  0.00143453
493.721  371.918  0.00358056  -0.00390116  0.00935736
472.686  374.517  0.00502351  0.00396095  0.00663018
477.398  374.119  0.00306  0.00167136  0.00505225
470.354  394.326  0.000920481  0.000654163  0.00131279
494.169  375.353  0.00153512  -0.00150915  0.00574406
377.261  382.075  0.00329789  -0.00213881  0.00270717
360.213  401.168  0.000716844  0.000124094  0.000629054
374.811  396.699  0.0010303  -0.000421346  0.000862776
353.075  407.771  0.000619521  0.000238842  0.000552724
379.162  358.212  0.000851426  0.000423531  0.00174333
373.374  363.667  0.000815401  0.000690259  0.00175958
341.826  342.884  0.00458088  -0.00291163  0.00440323
336.106  340.695  0.00294127  -0.00187736  0.00282735
332.839  342.639  0.00194579  -0.000967157  0.00186544
319.175  335.538  0.00109306  -0.000660102  0.00105004
418.346  390.71  0.00343159  -0.00261874  0.00342999
433.113  306.829  0.000669267  0.000248031  0.000683643
434.113  320.403  0.00156099  0.000425641  0.00193143
439.197  309.352  0.00892261  -0.00507094  0.00483906
442.06  323.386  0.00598287  0.00107836  0.00418151
430.267  322.258  0.00198009  0.000187129  0.0013484
484.504  313.901  0.00372706  -0.00332196  0.0056507
478.125  311.84  0.0024513  -0.00220118  0.00372305
442.315  315.647  0.00730148  -0.00351414  0.00404896
444.402  321.87  0.00631107  -0.00120095  0.00383678
428.41  323.992  0.00117947  0.000193796  0.000940823
428.046  332.107  0.00144473  0.00068431  0.00115858
435.576  324.686  0.00266783  0.00215312  0.00532674
429.595  321.97  0.00190786  0.000607928  0.0023016
427.828  318.082  0.00122374  0.000286843  0.00164644
449.854  330.494  0.000703798  -0.000263743  0.00135683
367.524  299.338  0.000602119  -0.000387739  0.00228374
577.381  343.277  0.00993096  -0.000967242  0.00129408
408.555  287.791  0.00663186  0.00336382  0.00345653
406.476  286.239  0.00440587  0.00178269  0.00241108
407.824  281.671  0.00344192  0.00146692  0.00186472
406.845  272.795  0.00179881  0.000607327  0.00101497
489.626  316.105  0.00507664  -0.00439079  0.00784296
483.054  330.156  0.00113696  -8.28522e-05  0.00147712
492.233  327.627  0.00158332  -0.00106345  0.00235116
496.534  333.977  0.00114744  -0.000852274  0.00172921
495.571  345.058  0.00057872  -0.000299817  0.000831799
489.845  353.268  0.000389334  -8.63506e-05  0.000523805
519.82  277.052  0.00101  0.00016309  0.00152024
503.435  260.6  0.000448911  -0.00022699  0.00076555
534.126  273.361  0.00257953  0.000359376  0.00231132
535.049  233.38  0.000419211  -6.98532e-06  0.000353562
524.736  280.503  0.00308528  0.00140687  0.00288019
514.457  284.942  0.00358865  -0.00138739  0.00407471
517.788  278.301  0.00197287  -5.16269e-05  0.00206968
513.261  281.054  0.00256749  -0.00103231  0.00292476
514.61  273.188  0.00140056  -0.000277005  0.00152689
509.417  274.692  0.00174576  -0.000923706  0.00204183
514.687  286.587  0.00473463  -0.00115596  0.00551761
520.327  290.915  0.00341378  -0.00201706  0.00417806
525.055  280.323  0.00202257  0.000580376  0.00217578
530.017  280.299  0.0014408  0.000341826  0.00156202
530.323  270.619  0.00231425  0.00162263  0.0023278
538.975  274.395  0.00101895  0.000450843  0.0010694
499.797  264.699  0.000667097  -0.000385253  0.00104318
490.926  268.746  0.00118416  -0.00119988  0.00210826
574.429  273.262  0.00500649  -0.000779007  0.00103766
566.781  265.503  0.00282887  -0.000663288  0.000606217
493.055  304  0.00407879  -0.00109668  0.00610931
497.795  306.42  0.00353073  -0.00243377  0.00591208
499.279  318.606  0.00117453  -0.000519495  0.00184482
506.334  325.867  0.000845942  -0.000567113  0.00140978
445.202  269.998  0.00234142  -0.00132589  0.00130471
451.249  287.006  0.00328752  -0.00173431  0.0023675
522.819  274.503  0.00333505  0.00257482  0.00349259
516.675  272.851  0.00198351  0.00118148  0.00233245
520.498  272.698  0.00149394  0.000809847  0.00178871
530.168  277.764  0.000745347  0.000119749  0.00100599
522.574  264.121  0.00236279  0.00194746  0.00256269
521.677  271.165  0.00112328  0.000472803  0.0012936
499.755  300.883  0.00302219  0.00155064  0.00260053
506.356  299.216  0.00283017  0.000249898  0.0021814
516.161  294.742  0.00863713  -0.00502645  0.00543459
492.759  285.837  0.00297015  -0.00170409  0.00166909
479.387  259.074  0.00476733  0.00228359  0.00424952
479.61  254.724  0.00734772  0.00557655  0.00719331
482.997  252.762  0.00575347  0.00450415  0.00567561
486.664  252.249  0.00380497  0.00280483  0.00369905
496.682  255.169  0.00137392  0.000671981  0.00122903
494.515  250.036  0.00212503  0.00149705  0.00204415
413.142  339.544  0.000810508  0.000130545  0.000511142
401.575  345.33  0.0011271  -0.000289893  0.000661066
387.513  401.289  0.00332349  0.00106344  0.00312011
389.045  408.117  0.00732016  0.00615612  0.0083306
274.913  284.286  0.00367711  0.00152338  0.00365891
568.358  251.239  0.00694407  -0.00226381  0.00240998
563.941  259.731  0.00297281  0.000142238  0.00179488
549.85  250.282  0.0011902  -0.000129122  0.000590837
594.287  256.675  0.00740915  -0.000785911  0.00291004
471.213  276.879  0.000966776  0.000503979  0.000828256
473.509  283.81  0.00157815  0.00114616  0.00142422
629.795  261.889  0.00186103  0.000346846  0.00193966
633.393  260.986  0.00149404  0.000344513  0.00156778
628.433  254.913  0.00286413  0.00188591  0.00320242
633.695  249.741  0.00271805  0.00220909  0.00310647
614.822  245.459  0.00133417  -0.000322717  0.00107397
617.968  240.964  0.00103489  -7.44924e-05  0.0008182
612.353  234.92  0.000844613  -0.000235179  0.000682499
609.631  242.079  0.00201054  0.000245823  0.00197015
615.438  236.15  0.00152974  0.000637226  0.00154907
609.13  230.633  0.0010187  4.70082e-05  0.00098961
612.965  223.41  0.00074099  0.000142782  0.000731908
404.532  277.253  0.00148383  -0.00129154  0.00546958
417.194  348.55  0.000593276  -2.27918e-05  0.000320424
511.822  226.388  0.000780437  1.44168e-05  0.00185892
499.873  234.842  0.000548962  0.000522313  0.00200712
468.509  266.822  0.00105569  0.000521141  0.000933188
490.792  250.462  0.00494763  -0.00057097  0.0034571
487.724  256.429  0.00385586  0.00124967  0.00303045
484.159  259.487  0.00317816  0.00147784  0.00258666
480.325  264.377  0.00221005  0.00124991  0.00206831
494.784  293.268  0.000579408  -0.000117597  0.000419531
476.759  285.269  0.000451974  6.51854e-05  0.000454611
493.178  258.013  0.00294039  -0.000909773  0.00179389
477.623  285.945  0.000770577  0.00024764  0.000511958
505.992  255.975  0.00244264  -0.00121841  0.00214907
511.374  262.944  0.00204858  -0.00129107  0.0017699
486.955  284.739  0.000503105  0.000162792  0.000492518
759.865  215.129  0.000404313  5.96197e-05  0.000937845
501.229  260.219  0.00141602  -0.000463905  0.00111847
510.763  269.212  0.0012732  -0.000749714  0.0010286
317.15  267.841  0.00124298  0.000842467  0.00111821
322.127  272.869  0.000747263  0.000380043  0.000683569
519.698  198.883  0.00366697  0.000825406  0.00073153
789.709  197.21  0.00335009  0.00385234  0.0081851
531.426  245.412  0.00532636  0.00113453  0.00116398
533.53  239.774  0.00558817  0.000778288  0.00148537
532.716  253.271  0.003148  0.000569228  0.000752893
580.124  229.67  0.00861622  0.00406781  0.00456769
537.406  237.484  0.00387122  -0.000672113  0.00165003
509.683  231.863  0.002927  0.0010894  0.000902865
503.348  239.976  0.00202756  0.000908965  0.000796498
496.722  249.692  0.00147777  0.000732187  0.000657781
477.415  183.386  0.001394  -0.00163481  0.00815941
570.82  210.889  0.0011875  -0.000850853  0.0014979
479.692  184.987  0.000873783  -0.000855192  0.00560982
496.621  192.207  0.000498246  -0.000490413  0.00243016
671.697  93.9431  0.00048572  -0.00014336  0.000527521
666.265  100.572  0.000355449  1.79387e-05  0.000379048
736.428  74.0985  0.00258388  0.000831214  0.00280681
731  84.165  0.00320345  0.00239468  0.00314304
748.338  82.9108  0.00728449  0.00516105  0.00708426
706.463  60.3942  0.000466326  -0.000199353  0.000717331
776.124  46.4017  0.00304727  0.00125842  0.00305411
773.829  43.832  0.00212297  0.000550018  0.0023012
779.707  44.8496  0.00406148  -0.000343451  0.00553499
783.97  40.9399  0.00295761  0.00106976  0.0039996
773.471  52.0607  0.000791255  -0.000805603  0.00252856
696.091  47.5386  0.00109621  0.00059295  0.00222636
696.441  72.4454  0.000819704  0.000506828  0.000923316
719.105  65.1018  0.000922115  -0.000270256  0.000982748
711.368  72.3805  0.000616322  3.58693e-05  0.000671254
727.978  41.7288  0.000470412  0.000106261  0.00395128
359.232  211.325  0.00271134  0.000549458  0.00191131
237.317  549.052  0.00168838  0.00114704  0.00151692
211.365  555.05  0.000685732  -7.71346e-05  0.000209826
142.392  528.187  0.00223517  -0.00183883  0.00268737
333.315  533.719  0.000387046  0.000206869  0.000362944
370.654  508.546  0.00149747  9.67582e-05  0.00167957
362.514  517.795  0.00116517  0.000745129  0.00167021
344.645  527.924  0.000763626  0.000696726  0.00120766
336.943  528.73  0.000558156  0.000485847  0.000870012
353.078  448.007  0.000275102  5.55661e-05  0.000642116
364.933  440.899  0.000211363  0.000115637  0.000545981
324.038  456.294  0.00112297  -0.000377859  0.00144692
325.947  452.4  0.000870491  -0.000175868  0.00111289
326.849  463.269  0.00210726  0.000164901  0.00297212
268.537  410.199  0.00347561  -0.00218759  0.00292185
438.316  437.311  0.00159143  0.000590396  0.00143377
420.02  461.815  0.000679989  0.000469587  0.00072812
358.158  396.463  0.000715638  -4.50781e-05  0.000694325
294.551  352.364  0.000353154  -2.77194e-05  0.000328897
363.265  406.156  0.00163528  0.000567443  0.00121948
354.612  415.329  0.00144376  0.000829483  0.00108589
346.1  425.208  0.00133179  0.000907535  0.00100567
388.479  416.714  0.00165766  -0.00103354  0.00119095
375.299  431.664  0.000408145  -6.82578e-06  0.000355382
367.975  442.912  0.00031388  5.61864e-05  0.000265683
395.348  423.637  0.000766135  -0.000492536  0.000726591
379.176  449.129  0.000255722  -2.36995e-05  0.000225072
341.604  419.993  0.000565166  0.000287835  0.000512269
374.167  401.489  0.00151549  -0.00084634  0.00114149
430.218  314.043  0.00088609  1.51584e-05  0.000910233
464.683  337.63  0.000392933  -0.000307139  0.000632723
579.208  340.112  0.00104643  -0.000314692  0.000979471
425.259  335.707  0.00175077  0.000261932  0.00140129
419.094  345.225  0.00155321  0.000660801  0.00106052
394.389  288.925  0.00207544  0.000688866  0.000892566
399.67  281.16  0.00164239  0.000712837  0.000792783
403.904  270.955  0.00119869  0.000542867  0.000590262
381.237  282.815  0.00276112  -0.00040244  0.000507545
394.606  237.507  0.000543223  2.2527e-05  0.000152284
410.519  330.108  0.0016909  0.000668123  0.0014078
430.948  341.82  0.000768055  -0.000368413  0.000867026
342.859  294.547  0.000301761  -2.72945e-05  0.000248829
384.21  300.006  0.00362208  -0.000577321  0.00160646
656.316  201.706  0.00041352  8.09008e-05  0.000164126
661.67  235.87  0.000779405  0.000598399  0.00079571
613.833  236.708  0.000670925  -0.000369998  0.000566101
480.102  274.99  0.0014017  0.000298027  0.00411974
491.636  259.153  0.00105463  0.000731477  0.0014506
499.075  248.707  0.000920517  0.000702888  0.00105668
528.026  281.221  0.00077239  0.000224789  0.0024028
522.605  275.502  0.00152151  0.00112253  0.002589
477.571  261.948  0.00268026  0.000676462  0.00224127
493.546  245.42  0.00174923  0.00128815  0.00164154
483.629  253.77  0.00182295  0.000895214  0.00161627
498.819  239.984  0.00114596  0.000807198  0.00106133
487.673  278.894  0.0019343  -0.000675257  0.00133643
499.76  278.337  0.000744717  -0.000323559  0.000566488
507.563  270.467  0.000454496  -8.44015e-05  0.000391994
516.16  262.468  0.000329028  2.12148e-05  0.000317468
483.416  259.044  0.00320241  0.00210268  0.00294152
491.317  271.152  0.000999128  0.000162909  0.000929049
328.695  279.415  0.000433461  0.000117109  0.000420072
340.921  293.063  0.000285602  -2.86703e-05  0.000267764
464.974  291.726  0.000327137  0.000181417  0.000421521
501.129  266.653  0.00108546  -0.000651715  0.00112661
486.763  289.664  0.000308027  -1.83251e-05  0.000355857
499.834  301.003  0.000261157  -9.84633e-05  0.000283716
509.383  294.537  0.000402232  -0.000241748  0.00041743
552.432  311.666  0.000379528  -6.11298e-05  0.000153853
563.564  290.313  0.000743508  -0.000369934  0.00039662
377.456  206.556  0.00100312  0.000174777  0.000668304
413.568  199.402  0.000280139  4.91652e-05  0.000186571
582.838  221.126  0.00239771  9.48972e-05  0.00249514
587.016  194.948  0.0005148  -0.000151026  0.000291357
610.641  220.008  0.00312313  0.00276129  0.00402824
603.263  218.705  0.00135349  0.00102025  0.00224412
653.411  171.146  0.00171052  0.00142474  0.00233481
730.642  56.9016  0.00023528  0.000175308  0.0010762
109.016  570.727  0.00072116  8.8428e-05  0.00065291
101.973  579.142  0.000612153  0.000223087  0.000542224
117.515  559.681  0.00102933  -0.000194218  0.000786932
148.668  512.654  0.000980861  -0.000236309  0.000630223
307.567  514.976  0.00105965  -0.000421643  0.000999212
288.753  526.919  0.000439611  3.24766e-05  0.000400929
266.667  543.737  0.000271714  0.000107215  0.000242087
251.214  558.006  0.000228437  0.00012467  0.000201263
232.362  542.011  0.0017939  0.00070146  0.000737242
186.079  509.341  0.000474639  -0.000305205  0.000391644
248.178  548.47  0.000466815  0.000203113  0.00058346
254.741  534.085  0.000580905  0.000479966  0.000772602
270.845  534.622  0.00031177  0.000217867  0.000406515
249.643  547.815  0.000835612  0.000388642  0.000995417
259.804  550.442  0.000495156  7.94419e-05  0.00080886
293.324  490.051  0.000948094  0.000537821  0.00130609
299.309  479.838  0.000731663  0.000492237  0.000904969
268.959  378.753  0.000265618  0.000122991  0.000199638
327.224  347.885  0.00125378  -0.000370879  0.00115507
302.825  330.44  0.000193608  -3.1797e-06  0.000201721
323.43  308.953  0.000143704  4.94031e-05  0.000139727
520.698  307.739  0.00023973  -3.80145e-05  0.000106002
381.004  366.885  0.000639447  0.00018565  0.0010353
471.846  348.187  0.000324082  -0.000328196  0.000670278
656.373  229.452  0.000185463  -1.04654e-05  0.000195553
636.567  239.967  0.000335684  -0.000154529  0.000297194
627.778  244.506  0.000528127  -0.000324838  0.000433365
643.572  400.064  0.000616484  -9.77361e-05  0.000121374
516.447  291.298  0.00126758  0.00084575  0.00135483
358.288  296.302  0.00173357  -0.00111511  0.00133497
355.033  279.169  0.000789579  -0.00044759  0.000599716
573.848  279.523  0.000432907  -0.000314821  0.000923808
629.591  222.826  0.00101723  0.000524083  0.000763544
360.656  278.538  0.000315212  -0.00010733  0.000351179
353.44  287.05  0.000490098  -0.000276729  0.000490445
546.476  314.856  0.000253958  2.78491e-05  0.000124205
508.566  224.712  0.000496734  -0.000370187  0.00179416
498.691  224.328  0.000228361  -0.000152157  0.00148973
567.369  227.464  0.000682404  0.000794018  0.00326432
498.971  246.493  0.00160509  0.00108383  0.00120341
506.593  239.48  0.00151064  0.000838473  0.0011554
502.186  252.335  0.000938078  0.00053401  0.000715807
511.772  242.633  0.00099559  0.000363907  0.000785165
490.163  271.198  0.000694397  0.000459277  0.000521829
504.125  266.206  0.00049196  0.000221249  0.000382778
507.455  274.603  0.000349683  0.000120843  0.000276651
504.128  254.833  0.000721082  0.000417265  0.000579939
548.699  303.301  0.000133121  -4.5099e-05  0.000141278
603.191  178.136  0.000256114  0.000136369  0.000214569
