1.0
913
291.475  612.606  0.0018463  9.26086e-06  0.00143751
512.305  593.728  0.00769351  -0.00445422  0.00573398
494.71  602.526  0.00112565  0.000372622  0.00194802
231.32  590.418  0.00112218  0.000646654  0.00172205
323.995  603.221  0.00559418  7.4995e-05  0.000982452
325.996  599.082  0.00410652  5.65853e-05  0.000752186
650.032  617.587  0.00276694  0.00276699  0.00640508
451.448  561.26  0.00035659  -0.00029005  0.000821341
535.882  598.206  0.0093677  -0.00518554  0.00546093
539.169  596.073  0.00467954  -0.00186042  0.00280949
543.836  589.059  0.00243125  -8.21013e-07  0.00156756
751.588  607.939  0.00941695  -0.00241365  0.00250023
625.156  574.859  0.000378079  -1.18102e-05  0.000538174
541.894  588.871  0.00134427  0.000918665  0.0070708
549.132  588.454  0.000818238  0.000492446  0.00600394
534.436  588.019  0.00305319  0.00241185  0.00777225
541.05  578.463  0.0037653  0.00317596  0.0044498
569.168  567.375  0.000721229  0.000594017  0.00121726
146.818  578.712  0.0107615  0.00205165  0.00263991
715.847  541.069  0.000516573  7.29512e-05  0.000359849
339.334  561.573  0.00517717  -0.000790528  0.00316831
334.54  563.878  0.00270111  -0.000837523  0.00477414
332.976  529.146  0.00289979  -0.000250714  0.000364342
128.566  577.63  0.00355355  0.00069562  0.00330608
762.613  572.247  0.00679918  0.00192624  0.0015842
763.735  570.99  0.00522937  0.00149159  0.00297899
148.087  557.848  0.00356841  -0.000155816  0.00045868
654.947  563.169  0.0052142  0.000796625  0.00111075
305.718  523.421  0.00074333  5.02867e-05  0.0005405
136.461  579.067  0.00501443  -0.00538995  0.0104305
123.566  543.422  0.00419199  0.00152972  0.00188564
126.403  549.318  0.00205114  -0.000441089  0.000772334
546.44  566.576  0.00160323  8.78126e-05  0.000522764
220.625  531.894  0.00434424  -0.000476605  0.0017002
227.308  514.081  0.00137862  -0.000134748  0.000589812
762.578  513.113  0.00356676  -0.000325456  0.000510385
763.493  523.899  0.00337803  -0.000180358  0.000889014
52.8874  484.491  0.00182116  -2.18691e-05  0.000412977
586.001  508.925  0.00367324  0.00345796  0.00693078
593.155  506.706  0.00213555  0.00194442  0.00427024
305.16  534.326  0.00669969  -0.00130759  0.00168243
304.612  529.249  0.0059357  -0.000840992  0.0023582
316.912  546.707  0.00212707  -0.00039202  0.000597344
316.409  545.104  0.00209449  -0.000540869  0.000568275
289.712  573.029  0.00415502  0.000838227  0.00211288
281.871  576.404  0.00182149  0.000329291  0.00142022
298.743  520.563  0.00177421  0.00108559  0.013778
514.008  522.427  0.0016156  0.000887927  0.00727039
515.66  519.047  0.00177066  0.000411605  0.00375215
572.067  523.909  0.000600836  -0.000237804  0.002886
698.599  495.022  0.00213606  -0.00023329  0.000959009
690.898  504.836  0.000998183  -6.21615e-05  0.00207861
674.459  475.028  0.00279202  0.000282973  0.000585076
606.09  530.216  0.00332041  0.000371992  0.00123969
606.576  529.954  0.00594704  0.00032119  0.00118154
591.556  517.547  0.00383244  0.00288297  0.0056224
120.49  471.803  0.000742666  -2.93695e-05  0.000800168
539.962  507.78  0.00160266  -0.000769739  0.00391874
523.795  508.759  0.000684748  -0.000241798  0.00160897
518.343  509.383  0.000547989  -0.00016638  0.00126727
434.288  474.141  0.000519265  -6.61079e-05  0.00121172
732.225  510.708  0.00568114  -0.00218885  0.00371976
734.574  508.575  0.00453481  -0.00297994  0.00596207
673.216  520.804  0.000437774  0.000297412  0.00124951
706.213  524.322  0.00347186  -0.000266279  0.000605137
141.919  502.638  0.00174425  0.00158603  0.0104352
146.511  500.469  0.00158098  0.002049  0.00882572
164.45  473.394  0.00693517  0.00204828  0.00213585
40.0552  484.3  0.00208543  -0.00228914  0.00670774
378.385  441.222  0.000652615  4.41693e-06  0.000385811
384.394  438.854  0.000956323  -3.32851e-05  0.000532454
368.345  439.824  0.000393514  7.37188e-06  0.000526075
428.656  451.168  0.00366899  -0.000404081  0.00094661
458.191  469.987  0.0014949  -0.000803712  0.00823503
461.78  468.294  0.00109074  -0.000571946  0.00576843
463.93  466.391  0.000909115  -0.00043966  0.00419311
464.41  463.573  0.000843216  -0.000347412  0.00288724
458.612  456.629  0.00113567  -0.000324552  0.00150981
293.543  477.524  0.00247485  0.00290791  0.0107062
288.504  480.404  0.00167789  0.00209032  0.00770534
287.648  483.695  0.00138752  0.00124052  0.00453671
445.167  446.985  0.00981455  -0.00597161  0.00612967
339.881  445.702  0.00107091  0.00123103  0.00408102
362.953  442.277  0.0014521  0.00143824  0.00528365
357.503  443.108  0.00211936  0.00150357  0.00497781
355.129  438.997  0.00276077  0.00114112  0.00273188
336.688  435.379  0.00112903  0.000427497  0.00126204
606.728  407.564  0.000405212  2.61753e-05  0.000381576
600.005  419.432  0.000378658  -7.33563e-05  0.000710205
640.176  455.164  0.00199443  -0.00239632  0.0109522
641.489  441.573  0.00171355  6.89177e-05  0.00169573
646.679  436.967  0.00123188  8.95047e-05  0.00107419
234.991  437.081  0.00233581  -0.00173008  0.0074215
346.138  445.641  0.000448089  0.000265676  0.00165281
655.802  449.417  0.00309858  0.000268394  0.00275919
663.28  443.805  0.00205791  -0.00135111  0.00756507
659.38  453.73  0.00185464  9.19734e-05  0.00190891
674.381  459.022  0.000642503  -0.000209344  0.00156543
594.087  458.46  0.000484048  0.000432318  0.00177726
597.231  463.434  0.000576085  0.000353768  0.00114427
291.389  427.87  0.000720379  0.000870616  0.00441347
280.059  419.029  0.00104103  0.000169259  0.00131195
278.185  408.14  0.0010628  1.87295e-05  0.000622583
369.15  448.31  0.00237702  0.000750257  0.00370511
341.739  443.1  0.000691224  0.000251743  0.00122668
403.451  432.401  0.00103245  0.000656153  0.00155753
407.497  427.442  0.000883287  0.00052639  0.00114605
127.131  431.038  0.00372753  -0.00364683  0.00638095
140.933  438.747  0.00198612  -0.000359386  0.00337277
148.942  434.319  0.00113065  0.000512409  0.00306153
282.454  450.673  0.00105403  -7.31818e-05  0.00353347
288.905  459.065  0.000727352  -6.13585e-05  0.00144296
289.948  414.532  0.000468716  1.0132e-05  0.00176002
639.051  440.198  0.00524583  -0.000529181  0.00119794
645.351  438.065  0.00235032  3.01762e-05  0.00100182
652.996  440.397  0.00128555  8.51173e-05  0.000667364
659.05  429.84  0.000913326  0.000372914  0.00101784
662.672  416.062  0.0012472  0.00143082  0.00299368
664.211  421.502  0.000863807  0.000703731  0.00157353
671.862  464.78  0.000855028  -0.000203857  0.000560814
685.168  460.894  0.000399958  -4.28338e-05  0.000546028
655.32  450.362  0.00229307  -0.000560147  0.000611044
663.312  434.953  0.000926267  6.25867e-05  0.00071158
676.641  442.375  0.000509926  1.8689e-05  0.000366371
280.669  444.187  0.000973116  0.000469314  0.00610079
282.223  448.737  0.0010091  0.000168279  0.00306113
277.734  458.974  0.000686682  2.6944e-05  0.00118501
560.524  434.545  0.002979  0.001875  0.00946716
546.133  449.972  0.00187266  0.00195098  0.00336015
564.377  441.122  0.00108657  0.000547305  0.00391135
570.557  437.376  0.00110424  -0.000160163  0.00637836
572.751  446.381  0.000510969  9.19641e-05  0.00239429
570.306  452.453  0.000395055  0.000170936  0.0015162
563.519  424.773  0.00127769  0.000361554  0.00530069
424.424  453.612  0.00755425  -0.000115919  0.00191155
421.018  453.053  0.00108974  0.000165135  0.00169431
110.309  419.396  0.00311206  -0.000417189  0.0056986
117.001  416.098  0.00154135  -0.000236914  0.00327474
568.404  439.446  0.000890032  0.000687581  0.00264027
559.507  432.742  0.00407721  0.00431526  0.01018
567.571  430.057  0.00227285  0.00182942  0.0115492
579.46  437.922  0.000514672  0.000318825  0.00358834
577.884  448.524  0.00031295  0.00026253  0.00148177
94.5405  419.886  0.00229937  -0.00287966  0.00776122
92.8586  416.343  0.00204653  -0.00169339  0.00467763
93.2847  410.958  0.00169123  -0.000787764  0.00229699
632.61  429.047  0.000599649  -1.71432e-05  0.00107362
658.821  421.707  0.000449294  -6.62826e-05  0.00377574
678.413  432.435  0.000742228  -0.000542498  0.00158422
679.317  444.162  0.000451391  -0.000341368  0.000840469
579.949  395.977  0.00315787  -0.00255009  0.00524921
662.762  423.988  0.000565552  -0.000132166  0.00449507
174.928  420.595  0.00437122  -0.000961048  0.0040139
674.069  383.119  0.00409662  -0.0031198  0.00445774
638.555  360.284  0.000663059  -0.000604646  0.00114277
677.83  436.717  0.000453994  -0.00019492  0.000934513
678.463  442.272  0.000401204  -0.000183688  0.000699832
715.707  403.699  0.00470735  0.000388974  0.00516076
714.614  399.535  0.00292239  -0.000881827  0.00702152
652.805  397.773  0.00106576  0.00019826  0.00923197
631.622  372.067  0.000661256  -0.000324441  0.000789151
368.44  438.723  0.00149072  0.00140907  0.00247263
335.9  438.896  0.00124987  0.000479834  0.000567635
326.361  444.218  0.000799581  0.000409703  0.000543252
402.027  437.063  0.000619705  0.000503647  0.0021473
404.445  421.168  0.00346552  -0.000796594  0.00115596
736.667  380.892  0.00652167  0.00270867  0.00443391
81.7945  410.942  0.00142182  1.03269e-05  0.00221535
86.8178  405.231  0.000975668  -2.9524e-05  0.00460384
88.463  409.313  0.000865407  -9.50978e-06  0.00267882
143.638  367.313  0.00445013  0.000218452  0.00061748
125.085  371.908  0.000546082  7.8558e-05  0.000682772
374.365  423.184  0.000771267  0.000194889  0.000357821
316.318  406.311  0.00125882  -9.46843e-05  0.0008701
409.172  423.617  0.00104923  -0.000131479  0.00084992
410.703  417.155  0.00170185  -0.000546903  0.00161835
440.6  423.185  0.000469544  -0.000292573  0.00144471
703.07  385.854  0.00383996  0.00283968  0.00658668
698.442  385.673  0.0025124  0.00176225  0.00418939
676.654  375.123  0.000619172  0.000131594  0.000652447
407.784  421.567  0.00205065  -0.000317429  0.00101328
12.6484  356.264  0.0108625  -0.00126476  0.00151161
364.097  397.111  0.00364427  0.00155563  0.00301279
371.787  406.092  0.00152222  0.00051697  0.000960033
375.985  413.73  0.00104429  0.00030218  0.000540708
368.384  394.812  0.000932631  0.000633314  0.00543121
369.297  411.504  0.000229386  0.000106376  0.00137006
367.913  416.059  0.000990207  -0.000280886  0.00050646
209.942  374.358  0.00202252  -0.00095155  0.00347309
196.044  370.761  0.000766757  -0.00052199  0.00268562
223.619  373.494  0.00623359  -0.000959057  0.00251989
218.259  373.895  0.00287085  -0.000638446  0.00279735
756.522  391.555  0.00189846  -0.00212197  0.0122826
642.44  385.359  0.00472478  0.00239019  0.00562896
635.722  373.646  0.00207458  0.000357179  0.00110879
635.386  385.159  0.00236343  0.00144118  0.0032991
20.7937  343.338  0.00616672  -0.00145422  0.00119703
45.8107  355.47  0.00230001  -0.000432894  0.00208892
46.1829  357.533  0.00429402  -0.000141501  0.00256093
41.4651  350.851  0.0102675  1.87933e-05  0.00138323
43.265  352.02  0.00192154  -0.000293291  0.00152666
227.031  381.892  0.000395739  -2.17154e-05  0.00156002
259.213  394.661  0.00513067  -4.26374e-06  0.000650387
544.706  427.121  0.00058239  -0.000218829  0.000439885
589.937  335.424  0.00100568  -0.000429418  0.000825456
348.274  346.319  0.000493234  0.000527324  0.00147726
204.06  346.064  0.0100278  -0.000716086  0.00198634
202.294  341.099  0.00748908  -0.000538997  0.00128148
200.899  337.681  0.00606613  -0.000437523  0.000992995
197.653  344.937  0.0034127  -0.000221796  0.00172842
194.613  328.102  0.00273649  -0.000195247  0.000549998
195.492  342.27  0.0026766  -0.000173822  0.00136203
195.445  344.859  0.00779893  -0.00138599  0.00194846
193.347  339.405  0.00632965  -0.0011311  0.00128293
189.768  337.82  0.00727803  -0.00050942  0.000990824
198.045  336.316  0.00222862  -0.000143957  0.000881577
211.473  335.663  0.000755509  -3.72794e-05  0.000852501
197.898  327.413  0.00211422  -0.00014297  0.000528713
206.53  327.358  0.0010084  -6.24878e-05  0.000526199
200.348  344.814  0.00732256  -0.000159378  0.00170357
216.238  340.733  0.00113122  -4.47338e-06  0.00123218
205.939  334.195  0.00298187  -6.33408e-05  0.000768792
214.813  333.073  0.00124351  -1.80159e-05  0.00072454
207.417  325.663  0.00244179  -5.49701e-05  0.000480363
210.935  322.589  0.00169373  -3.64063e-05  0.000416092
220.793  320.447  0.000794216  -1.321e-05  0.000380828
186.93  342.633  0.00385842  -0.000250569  0.00138789
183.846  338.073  0.00271107  -0.000176059  0.000975182
144.731  361.88  0.000344167  0.000307177  0.0022785
302.861  352.026  0.00177997  0.000654179  0.00698578
309.337  344.014  0.000956674  0.000188582  0.00249105
322.47  341.331  0.000465023  0.000222085  0.00222175
290.036  344.934  0.00814544  -0.000840427  0.00224972
293.163  341.229  0.00435132  -0.000396175  0.00161094
735.565  370.117  0.00776874  -0.00248222  0.00218088
738.16  352.901  0.00325329  0.00184905  0.00625709
710.16  383.868  0.00566634  0.00077411  0.000869586
707.141  385.462  0.0041392  0.00057801  0.000635268
568.49  384.356  0.00122206  0.000740374  0.00181859
729.667  327.099  0.00342504  0.000700936  0.0005714
599.509  336.827  0.000626133  -0.000531361  0.00126105
720.584  329.479  0.00063041  0.000115567  0.00073488
531.789  357.751  0.000411889  7.77913e-05  0.00093904
261.946  354.766  0.00215257  0.000675049  0.00861822
261.391  351.84  0.00207583  0.000279357  0.00502004
260.85  348.453  0.00203607  6.85297e-05  0.00310428
259.734  342.862  0.00194941  -7.79158e-05  0.00170113
256.614  320.73  0.00191464  -0.000215781  0.000437612
361.636  346.57  0.00273253  0.000806345  0.00486325
367.841  347.476  0.000709478  8.27531e-05  0.0033076
434.238  334.466  0.00160019  0.000169205  0.00430468
433.588  325.49  0.0015246  4.55648e-05  0.00154993
433.667  330.427  0.00152663  9.05751e-05  0.00254368
426.484  323.31  0.000887628  4.25274e-05  0.00125536
704.814  332.068  0.000862256  0.000375148  0.0014209
693.929  323.449  0.0005161  9.50823e-05  0.000608901
716.919  380.554  0.0100172  0.00351353  0.00293146
679.483  380.139  0.000415271  -4.83663e-05  0.000757584
706.007  392.022  0.00339219  0.00116986  0.00105807
672.731  383.868  0.000331107  -2.53839e-05  0.000560834
138.342  345.266  0.00347379  -0.00361495  0.00727063
152.4  360.53  0.00236835  -0.00180278  0.00235638
129.754  324.655  0.00204623  -0.000151435  0.00289601
124.726  324.944  0.0030252  -0.00115517  0.00311648
120.109  319.199  0.00292692  -0.00160265  0.00240849
118.559  315.163  0.00245307  -0.00140055  0.00194682
120.017  309.809  0.00148935  -0.000773728  0.00127781
522.939  325.898  0.00119116  -0.000165397  0.00732219
505.759  316.312  0.00784672  -0.00122692  0.00215442
332.829  353.199  0.00642798  0.000784286  0.00126971
494.419  320.59  0.00628381  1.6361e-05  0.00381588
497.235  319.13  0.0039681  0.000174432  0.00333484
500.928  318.064  0.00250485  0.000294812  0.00314644
496.678  296.317  0.00306657  -0.000221841  0.000566458
496.266  354.703  0.00242249  0.000152416  0.00198622
514.093  352.777  0.000652157  0.000257676  0.00176099
504.331  313.437  0.0096369  -0.00151417  0.00252707
438.43  310.539  0.000666307  -2.68231e-05  0.00100973
426.783  311.428  0.000373054  -3.81134e-05  0.00111704
434.122  309.993  0.00163398  -6.7542e-05  0.000983862
424.767  308.425  0.000805081  -5.09065e-05  0.000906544
476.748  312.604  0.000701257  -0.000253182  0.00110646
478.171  304.465  0.000563433  -0.00019434  0.000669128
436.004  370.617  0.000419928  -6.53287e-05  0.000756238
433.216  327.239  0.000526942  0.000217532  0.00265065
427.913  322.91  0.000404503  0.000135604  0.00162966
439.024  329.229  0.000961102  0.000278744  0.00359857
129.661  339.314  0.00128853  -0.00119913  0.0074734
131.32  350.67  0.00085847  -0.000175757  0.00175461
663.32  317.179  0.00452905  0.00240424  0.00553136
664.399  311.619  0.00272622  0.00107434  0.00298126
610.464  370.824  0.000848442  -0.00034816  0.00103883
633.188  323.816  0.00433699  -0.000496514  0.00576626
165.071  334.757  0.0106815  -0.00127657  0.00225297
166.052  339.652  0.0113189  -0.00148565  0.00152949
704.252  308.853  0.00247098  0.000214618  0.001298
710.487  299.427  0.0055211  0.000983569  0.000857851
714.096  295.266  0.00354901  0.000654514  0.000677529
179.069  326.256  0.00278365  -0.000529423  0.00343408
172.388  324.076  0.00727055  -0.000984948  0.00282555
179.315  321.04  0.00252444  -0.000402304  0.00191253
133.376  356.978  0.00169482  0.00180038  0.00378447
129.217  360.627  0.00134352  0.00146743  0.00307617
179.128  343.405  0.00351521  -0.000271999  0.000647949
182.584  340.204  0.00224638  -0.000112382  0.000727355
190.652  339.84  0.00110829  4.8563e-06  0.000666342
198.248  341.258  0.000686014  3.29209e-05  0.000565
200.039  320.137  0.000632864  0.000476422  0.00279574
207.142  333.291  0.000432777  0.000109079  0.000806748
91.5918  304.039  0.00282028  0.00015582  0.00160617
326.413  281.427  0.00175122  -9.42285e-05  0.000356367
203.923  339.298  0.000387283  0.000103342  0.00058372
188.314  330.41  0.00162367  -0.000575935  0.00581312
186.11  327.088  0.00190783  -0.000467832  0.00360175
188.77  325.354  0.00146543  -0.000363262  0.00282705
177.864  320.049  0.0046565  -0.000689425  0.00179818
186.77  319.809  0.00163944  -0.000306984  0.00162622
179.68  328.738  0.00423369  -4.74204e-05  0.00316146
180.575  339.029  0.00442987  -0.000375095  0.00119895
189.743  338.083  0.00155751  -2.44437e-05  0.00111771
212.183  318.729  0.0004407  0.000437738  0.00251133
181.963  324.976  0.0051827  -0.000866414  0.00291692
168.249  322.155  0.01029  -0.00156056  0.00246547
175.266  321.523  0.00538034  -0.000183739  0.00202759
221.679  335.632  0.00450774  -0.00104618  0.000985155
218.772  318.655  0.00373982  -0.000562836  0.00324374
218.211  314.054  0.00349867  -0.00013216  0.00617082
237.907  337.272  0.000940409  -0.000164939  0.000629509
206.273  336.996  0.00429383  -0.000280766  0.000754207
209.217  339.154  0.00296536  -0.000178543  0.000645526
213.403  314.381  0.00162769  0.000627538  0.00624412
213.855  320.215  0.00158175  0.000194043  0.00269264
215.892  332.216  0.00142701  -1.06898e-05  0.000921348
219.719  316.48  0.00100862  0.000400097  0.00396046
220.829  332.768  0.000982042  1.9306e-05  0.000850495
231.114  340.093  0.000548212  1.60818e-05  0.000517838
179.356  329.856  0.00482353  -0.000408121  0.00100014
225.954  319.957  0.000678877  0.000121933  0.00121473
228.346  327.376  0.000606763  5.3675e-05  0.00071482
218.88  344.35  0.00382688  -0.000333816  0.000487679
219.348  334.158  0.00314069  -0.000223064  0.000812606
195.67  340.035  0.00421868  -0.000236846  0.000675359
200.064  338.745  0.0023942  -9.61504e-05  0.000694337
204.155  342.523  0.001637  -5.69397e-05  0.000546289
210.281  317.331  0.000935356  0.00043739  0.00413205
210.439  321.127  0.000919085  0.000242453  0.00253742
212.304  332.473  0.000838307  5.0446e-05  0.000926844
218.143  336.122  0.000602261  4.06062e-05  0.000701346
227.617  341.005  0.000386258  3.264e-05  0.000503434
168.903  329.296  0.00962413  -0.000934083  0.00215087
169.268  333.758  0.00909764  -0.000992096  0.00147969
210.17  324.916  0.000755526  0.000109409  0.00173413
215.067  319.232  0.000574488  0.000288359  0.00297359
202.968  320.228  0.00326478  0.000352596  0.00314619
213.079  325.695  0.00121384  0.000177683  0.00155151
174.2  318.857  0.00455458  -2.44329e-05  0.00256485
175.556  332.973  0.00553573  -4.72023e-05  0.000785755
209.571  319.266  0.00584798  -0.00133368  0.00372217
222.042  328.875  0.00175546  -0.000383628  0.00124952
213.485  330.759  0.00534901  -0.00148893  0.00113375
217.03  333.564  0.00357617  -0.000978859  0.000865718
202.253  319.754  0.0055793  -0.000578553  0.00355924
208.552  335.262  0.00329219  -0.000449517  0.000881629
426.742  305.611  0.00303341  0.000286234  0.00576078
424.966  299.953  0.00270371  -0.000104706  0.00259368
349.652  270.769  0.00230517  -0.000217538  0.000418348
324.23  285.952  0.00226444  -0.000177267  0.000498626
297.994  284.596  0.000668605  -9.08468e-06  0.000382265
308.537  306.882  0.00559052  -0.000628809  0.00176063
308.145  314.249  0.0044399  -0.000172243  0.00377171
294.698  285.797  0.00155789  -0.000184166  0.000425781
309.785  293.363  0.0031495  -0.000563899  0.000764717
320.139  283.723  0.000997417  -0.000148789  0.000456713
272.723  384.651  0.00126702  -6.95829e-05  0.00130526
112.227  271.506  0.000452412  -0.000158115  0.00150014
475.594  275.083  0.000802313  0.000763608  0.00297448
453.915  279.301  0.00356364  0.000101442  0.00242713
455.644  267.549  0.00224996  -0.000110951  0.000958814
303.097  302.393  0.00283741  -0.000456663  0.00119205
316.813  282.43  0.000660636  -8.75311e-05  0.000412764
317.184  294.656  0.00515491  -7.00997e-05  0.000726574
313.598  296.604  0.00307896  6.79367e-06  0.000792872
101.623  267.099  0.00063447  0.000476357  0.00404749
106.253  261.653  0.000442187  0.000236321  0.00229741
106.586  261.576  0.000409252  0.000382451  0.00223589
234.753  301.183  0.00714818  -0.00379613  0.00399709
234.188  305.895  0.00418291  -0.00219889  0.00249303
378.333  239.083  0.000997901  0.000198878  0.000385395
302.065  314.169  0.000491701  0.000437912  0.00148691
496.878  294.71  0.0112987  -0.00148838  0.00181432
173.677  274.905  0.0017297  0.000613436  0.0105714
172.369  267.548  0.00203539  0.000275894  0.00306011
163.506  263.618  0.00704529  0.00054252  0.00191723
182.788  260.957  0.000895653  0.000133763  0.00160651
184.237  252.763  0.000841004  9.48232e-05  0.000861139
188.366  248.504  0.000663263  7.43196e-05  0.000669397
176.413  242.773  0.00160495  0.000125765  0.000482523
377.179  244.018  0.000679547  2.45183e-05  0.000494645
405.113  235.326  0.00331385  -0.00043784  0.000492505
375.471  241.491  0.000385232  2.0954e-05  0.000434657
406.791  230.508  0.00223145  -0.000179724  0.000365268
165.902  274.095  0.00429037  0.000743044  0.0035131
165.299  265.016  0.00509618  0.000507536  0.00136766
211.344  300.273  0.00419792  0.000614877  0.0026356
171.628  259.748  0.00115657  0.000254724  0.000976302
177.38  255.634  0.000802583  0.000190538  0.000781154
184.003  249.646  0.000568159  0.000138539  0.000580491
481.302  292.341  0.00860354  -0.000879792  0.00148477
308.779  297.565  0.00145703  6.2393e-05  0.00229151
308.584  302.08  0.00141235  2.42108e-05  0.0014831
302.898  308.365  0.000903865  1.46965e-05  0.00093291
177.803  277.401  0.00118509  8.64493e-05  0.00137654
176.269  269.856  0.00139535  9.56133e-05  0.000798024
187.914  261.456  0.000647417  4.53255e-05  0.000498551
216.21  274.161  0.00711033  0.000690407  0.00168797
212.842  265.387  0.00377537  0.000357071  0.000831041
211.705  276.307  0.00357604  0.000504304  0.00192569
206.143  278.362  0.00194574  0.000438906  0.00217551
200.776  278.85  0.00123701  0.000384417  0.00210548
347.171  265.786  0.00241128  7.92155e-05  0.00260789
347.843  266.834  0.00139763  0.000262415  0.00296556
390.536  258.069  0.00119602  0.000156394  0.00219571
389.122  253.041  0.00125008  2.9579e-05  0.00135895
387.339  246.151  0.00133028  -5.80202e-05  0.000820456
379.993  252.565  0.000768587  8.94567e-05  0.00117085
380.189  268.421  0.00152652  0.000881192  0.00773154
412.682  248.208  0.00809131  -0.00109059  0.00138058
403.579  249.501  0.00322378  -0.000576213  0.00135844
399.404  243.382  0.00472625  -0.000988685  0.00100017
414.849  225.37  0.000748572  -0.000124877  0.000376889
395.712  258.465  0.00498288  -0.000329312  0.0025507
395.511  249.607  0.00425207  -0.000424312  0.00117585
421.812  224.203  0.000423575  -1.00573e-05  0.000342089
380.046  259.353  0.00992163  -0.00101558  0.00230874
530.754  276.744  0.00201229  -4.01915e-05  0.00355693
512.666  296.688  0.00412923  -0.000665283  0.000640164
512.956  306.256  0.00339392  -0.0005408  0.000533624
533.933  275.148  0.00237416  -1.77214e-05  0.00422803
263.151  271.93  0.0017423  9.4802e-07  0.00449483
257.983  271.692  0.00113092  4.57356e-05  0.00422096
251.959  271.317  0.000752661  6.75156e-05  0.00388021
320.414  302.073  0.000711415  -2.11915e-05  0.000389946
141.612  225.503  0.0010217  -0.00011365  0.000447024
469.861  235.422  0.00052939  0.000455795  0.00211907
450.481  221.808  0.00120856  3.88702e-06  0.00057321
274.224  240.992  0.0112161  -0.000930208  0.00147883
185.109  243.014  0.00467324  -0.00037141  0.00265177
187.291  235.592  0.00296174  -0.000279526  0.00135586
399.325  259.636  0.00418406  -0.0010125  0.00496291
395.865  260.833  0.00265169  -0.000732276  0.00389144
374.947  259.982  0.000583668  -0.000431548  0.00308339
368.533  264.519  0.00041228  -0.000251073  0.00173523
420.491  262.725  0.0027144  -0.000946688  0.00461958
422.788  262.697  0.00431926  -0.000742368  0.00479243
410.139  260.081  0.00394896  -0.00130125  0.00578498
453.842  264.812  0.00106435  -0.000770179  0.00349595
462.529  260.367  0.000541749  -6.35425e-05  0.00146523
449.598  265.218  0.00201933  -0.000745501  0.00301421
453.457  260.792  0.00150789  -0.00128614  0.0064052
450.679  267.954  0.00178277  -0.000182663  0.000855985
240.279  274.735  0.00139245  0.0010729  0.00321501
246.873  281.342  0.00174932  0.000336151  0.001306
268.321  216.358  0.000429415  -1.34313e-06  0.000641902
270.226  204.687  0.000407134  1.03375e-05  0.000360523
463.119  225.708  0.00145071  -0.000890254  0.00163596
752.021  226.008  0.00232899  -0.000387973  0.00408003
568.521  246.035  0.000576555  0.000752138  0.00302638
183.456  258.866  0.00757709  -0.00303063  0.00273992
178.221  257.838  0.00362534  -0.00174694  0.00217556
179.612  263.917  0.00331873  -0.00141372  0.00145144
155.947  275.776  0.000504967  9.15721e-05  0.000433042
414.394  235.726  0.00351964  -0.000932213  0.00459583
410.98  231.591  0.00538981  -0.000917173  0.00282975
410.052  225.283  0.00559552  -0.000783194  0.00154446
416.447  220.371  0.00223746  -0.000356752  0.000976896
417.129  220.532  0.00117136  -0.000328097  0.00099448
419.793  220.302  0.00674172  -0.000681139  0.000967956
409.274  233.214  0.00619735  -0.00139894  0.003638
406.833  223.471  0.00529077  -0.000994036  0.00144465
405.02  233.257  0.00329838  -0.000974462  0.00384342
404.527  237.393  0.00292478  -0.00136275  0.0075446
417.391  233.031  0.0078229  -0.00221318  0.00343275
416.62  223.254  0.00585694  -0.00152941  0.00150161
417.67  220.718  0.00448853  -0.00117986  0.00121594
194.223  202.795  0.0019094  0.000144608  0.00116423
191.572  206.433  0.00281666  0.000264007  0.00153691
456.786  207.912  0.000486962  -4.79749e-05  0.000801564
760.047  252.401  0.00126191  -0.000128056  0.000613411
755.789  247.703  0.000979387  -0.000243287  0.000573991
444.65  215.367  0.00223652  -0.00044868  0.0080292
442.581  211.066  0.00196566  -0.000385533  0.00394673
465.985  205.94  0.0108768  -0.00107957  0.00218664
460.873  199.728  0.00464997  -0.000462402  0.00124132
446.862  214.763  0.000967546  -0.000115494  0.00706343
443.307  209.979  0.000787834  -8.72435e-05  0.00335174
465.661  199.451  0.00580539  -0.00121687  0.00134914
460.382  223.144  0.00152197  -0.000411715  0.00415348
477.412  222.597  0.000493591  -9.69455e-05  0.00388759
453.716  220.547  0.00276413  -0.000811962  0.0030827
454.108  214.061  0.000898219  -0.000144953  0.00149364
465.516  213.404  0.000465139  -6.57926e-05  0.00141853
456.386  234.75  0.00345216  -0.000683651  0.00508627
489.558  240.108  0.000371738  3.07358e-05  0.00185043
460.927  246.239  0.0030143  -0.000983469  0.00294602
465.596  245.875  0.00179472  -0.000610298  0.00297816
471.227  245.809  0.00111314  -0.000401315  0.00297468
392.212  238.871  0.000385066  5.93107e-05  0.00051967
753.943  245.572  0.00242336  -8.78349e-05  0.000938401
748.287  240.864  0.0014654  -0.00024464  0.000766742
467.953  199.412  0.00174986  -0.00047223  0.00189467
442.332  211.498  0.0019383  0.000101283  0.00600103
464.88  199.613  0.00666324  -0.0015475  0.00210253
439.597  211.059  0.000659509  0.000353357  0.00531814
456.75  200.634  0.00988704  -0.00145754  0.00199752
444.34  213.922  0.00148586  0.000540619  0.00989538
507.98  180.549  0.000618117  2.79769e-05  0.000635842
250.274  245.32  0.00111344  0.000152208  0.000474777
255.51  220.33  0.000934806  0.000525834  0.00279562
210.448  223.253  0.00376101  0.00067236  0.0028026
185.3  235.049  0.000547983  0.000230759  0.0012855
193.7  243.777  0.000890302  0.000157765  0.000654213
198.868  256.134  0.00137534  0.000143456  0.000348385
257.038  222.646  0.000802146  0.000272296  0.00144914
347.872  237.703  0.00308293  0.00175482  0.00168966
364.51  233.94  0.00085764  0.000583292  0.00112835
374.778  218.902  0.000796774  0.000850897  0.00318682
370.168  234.486  0.000606116  0.000438275  0.000977706
167.557  254.71  0.000383473  0.000117451  0.000608028
166.961  266.553  0.000366607  6.80225e-05  0.000345617
195.569  260.422  0.00230217  8.65502e-05  0.000356874
199.185  230.72  0.0113847  0.000620615  0.00155973
235.881  244.65  0.00115038  -1.386e-05  0.000559693
400.297  250.711  0.000658352  0.000619468  0.00289633
401.632  238.034  0.000488399  0.000171157  0.000949281
209.044  198.794  0.00232071  0.000861016  0.00531141
205.009  196.195  0.00346128  0.00039858  0.00327087
217.546  191.942  0.00108412  0.000423246  0.00259163
197.811  192.625  0.0113282  -0.000367559  0.0019238
217.723  186.859  0.00101307  0.000231262  0.00155921
199.977  180.35  0.00617502  -0.000252069  0.000777102
203.682  171.523  0.00325594  -0.000117002  0.000493294
349.972  270.113  0.00208683  0.00213579  0.0100279
445.999  218.314  0.00155147  -0.000396509  0.00725136
445.406  215.569  0.00153001  -0.000338666  0.00456819
775.931  167.498  0.00204169  -0.00021196  0.00111856
728.522  158.064  0.000351594  -5.43025e-05  0.000576986
776.299  167.358  0.00390524  -0.000532768  0.00115996
772.832  168.801  0.0079911  -0.00150057  0.00149088
218.931  180.826  0.0039765  0.00145317  0.00172203
208.299  194.093  0.00197619  0.00133503  0.00505732
207.581  179.539  0.0011984  0.000532446  0.00116685
202.589  175.011  0.000770327  0.000351319  0.000812195
242.14  181.604  0.00903525  0.00314886  0.00286399
245.128  180.524  0.00550403  0.00201275  0.00239285
251.696  178.774  0.00246272  0.00103051  0.00196138
224.423  183.584  0.000664455  0.000239383  0.00182801
231.42  181.653  0.000470883  0.000229755  0.00168466
198.324  185.392  0.0090643  -0.000349376  0.0015313
244.588  186.566  0.00449612  0.00211349  0.00558672
671.609  190.885  0.0102298  0.00041716  0.00175403
212.007  163.906  0.00215238  0.000105644  0.00135983
213.496  147.291  0.00178342  1.5408e-05  0.000479857
206.846  208.183  0.00294866  3.8882e-05  0.00204365
214.197  205.732  0.00140515  0.000180778  0.00242209
209.705  169.342  0.00292583  0.000610403  0.0034649
210.94  165.59  0.00248949  0.000389225  0.00227813
205.981  156.51  0.00446997  9.11001e-05  0.000961467
512.646  210.959  0.000835257  -0.00052761  0.00165978
495.188  173.04  0.00282121  0.00111541  0.00806967
500.309  172.766  0.00172675  0.00103011  0.00737321
517.552  202.487  0.000520545  5.53695e-05  0.000434938
218.652  196.987  0.00926351  0.0033934  0.00301295
208.855  203.159  0.00276489  0.00119443  0.00172574
200.296  215.249  0.00168698  0.000689464  0.000874061
656.04  165.747  0.00306768  -0.00285076  0.00688077
675.499  189.604  0.0120599  0.00026655  0.00190332
668.853  194.865  0.00374531  -0.000243546  0.000655047
664.252  192.957  0.00221477  -0.000253119  0.000656896
205.572  198.827  0.00545823  -7.76369e-05  0.000768815
210.047  194.769  0.00286674  -1.11709e-05  0.000990297
214.548  186.075  0.00174511  6.4822e-05  0.00202174
241.168  183.153  0.00034798  0.000113142  0.00238852
205.71  177.739  0.00499885  0.000277298  0.00364878
740.164  196.529  0.000426358  -6.59697e-05  0.000418309
747.629  197.25  0.000993641  -0.000184892  0.000648926
586.829  161.92  0.00120323  0.00122189  0.00276936
384.696  192.69  0.000446531  -0.000249323  0.00168417
280.369  170.953  0.000839877  0.000516044  0.00241575
292.779  173.263  0.00235285  0.000798033  0.00174296
293.765  181.474  0.00335793  0.000954263  0.00105475
274.925  192.563  0.000807017  0.000269379  0.000564135
265.096  171.686  0.000412501  0.000457047  0.00276608
734.187  190.151  0.00414655  0.0010444  0.00121986
518.682  145.138  0.000448738  -6.5281e-06  0.00159153
493.916  159.436  0.00170449  -1.19186e-05  0.012282
503.961  146.971  0.000772591  -1.71041e-05  0.00188234
656.568  147.161  0.000551003  0.000110824  0.00135496
664.811  150.927  0.00105407  0.000229206  0.00207207
301.985  168.784  0.000642962  0.000207824  0.0030338
313.155  190.633  0.000822723  -0.000159218  0.000565244
306.198  195.692  0.000512867  -8.67446e-05  0.000449945
337.294  111.387  0.00211646  0.000842752  0.000861489
674.253  120.506  0.000890522  0.000137741  0.00125729
667.788  120.621  0.001447  0.000165035  0.00122434
692.256  118.271  0.00035137  0.000102501  0.00116672
677.175  118.4  0.0006177  0.000108099  0.00108572
665.132  167.413  0.00116854  0.000417141  0.00171642
719.119  157.415  0.0074524  -0.0011684  0.00131229
685.536  164.823  0.000405835  7.0582e-05  0.000925555
694.513  170.985  0.00057728  -1.27977e-05  0.000596183
696.393  182.883  0.000563811  -4.98796e-05  0.000344389
665.145  121.329  0.001844  0.000284574  0.00187116
196.937  148.508  0.00201521  0.00100816  0.00101334
550.472  119.215  0.00191562  0.00154034  0.00531471
540.436  120.544  0.000919325  0.000868809  0.00544894
652.059  119.587  0.00684133  0.000652911  0.00169276
617.31  104.332  0.00683974  -0.00176516  0.00208739
588.859  104.192  0.00059669  6.42687e-05  0.000700404
534.175  134.035  0.00118107  0.00103537  0.00205336
539.966  135.505  0.00212354  0.00166031  0.00225561
529.176  144.291  0.00138287  0.0010742  0.00141882
624.337  123.656  0.00732011  -0.00226189  0.00310065
624.836  127.539  0.00628904  -0.0019814  0.00226292
624.223  132.258  0.00438498  -0.00138307  0.00156149
616.837  117.001  0.00330758  -0.000544347  0.00371924
621.295  118.253  0.00592144  -0.00155276  0.00329819
421.478  102.707  0.0025309  -0.000750429  0.00557495
646.607  68.2081  0.00353309  0.00180347  0.00664692
651.563  68.6228  0.00199034  0.0011936  0.0055639
584.359  536.346  0.00297209  -0.00181453  0.00204265
583.043  518.948  0.0013132  8.6756e-05  0.0033116
607.098  555.532  0.00118634  -0.000741173  0.000769564
368.427  441.07  0.000683363  -4.99814e-05  0.000522815
377.314  440.116  0.000472324  0.000252978  0.00194315
359.299  441.448  0.00132129  0.000124185  0.00170287
391.852  394.747  0.000207335  8.74744e-06  0.000198507
328.11  470.282  0.00530496  0.000270732  0.000739311
274.652  468.817  0.000517875  0.000302039  0.00146365
458.664  449.413  0.0010844  -5.25123e-05  0.00114468
456.241  435.656  0.00114464  0.000623312  0.00493907
458.312  442.805  0.00102524  0.000113375  0.0019783
467.815  463.138  0.000720977  -8.62098e-05  0.000479097
101.688  431.064  0.0010611  0.00106788  0.00344166
289.822  423.759  0.000609232  0.000368341  0.00221096
288.178  415.474  0.000579196  0.000135816  0.00104796
288.159  408.242  0.00053891  6.22425e-05  0.00065977
288.468  387.197  0.000451765  -7.33162e-06  0.000260485
296.879  374.677  0.000295194  -2.37007e-06  0.000182109
297.638  406.444  0.000355634  0.000107395  0.000655615
295.974  452.479  0.000502224  0.000190509  0.00162032
426.928  461.714  0.00582396  -8.49317e-05  0.00070222
466.622  479.998  0.000312725  2.87471e-05  0.000227289
474.627  455.096  0.000891192  -0.000524693  0.001091
431.984  476.196  0.00241454  -0.000191759  0.000353099
381.35  470.63  0.000189231  9.71852e-05  0.000658751
360.044  397.787  0.00200085  -0.000342539  0.000684663
223.02  381.984  0.000263317  0.000168502  0.00147253
374.116  409.17  0.00622969  0.000294832  0.000903759
364.74  404.958  0.0058213  -0.000303381  0.000999953
376.885  396.286  0.000943324  -8.91766e-05  0.000581607
371.488  407.052  0.00171439  0.000285656  0.00114177
374.965  411.6  0.00131074  0.000176476  0.000765657
375.37  416.165  0.00126925  3.18499e-05  0.000312542
367.955  420.055  0.000965795  2.96064e-05  0.000577163
591.997  397.458  0.000275152  0.000121733  0.000532397
599.251  443.391  0.000375442  -9.62669e-05  0.000254741
438.19  308.438  0.00109915  -0.000356453  0.000850342
455.095  310.483  0.00124015  -0.000351237  0.000646613
448.848  305.931  0.000851556  -0.000291501  0.000574783
436.357  305.978  0.000686813  -0.000376032  0.000770377
430.879  323.03  0.000634946  0.000221396  0.00164243
420.378  399.07  0.000190062  1.62509e-05  0.000286069
309.48  340.138  0.000758849  0.000767817  0.00565241
309.959  343.7  0.000745099  0.000463986  0.00330767
390.629  301.216  0.000466802  0.000164455  0.000984788
347.031  371.334  0.000930691  0.000346888  0.00043939
301.679  346.523  0.00166833  0.000759403  0.00277206
390.235  295.801  0.000744057  0.000922488  0.00285526
177.739  341.827  0.00625134  -0.000364114  0.000747287
201.837  333.766  0.000639971  0.000121667  0.000877872
222.245  336.534  0.000271162  9.35627e-05  0.000583779
180.073  332.872  0.00385976  -0.000210313  0.000787292
192.408  338.513  0.00375103  -0.000321902  0.0012292
208.379  335.785  0.000838079  1.01628e-05  0.00134657
191.469  331.556  0.00384866  -0.000322993  0.000800264
756.029  313.464  0.00220101  0.000605181  0.00223548
203.015  337.845  0.00296184  0.00011546  0.00117157
220.725  339.039  0.000684091  7.98598e-05  0.000971556
395.575  292.102  0.000410376  0.000344091  0.00232655
383.44  292.491  0.00070841  0.000319035  0.00202977
377.691  245.279  0.00116895  8.70406e-05  0.000174808
368.698  257.012  0.000561437  7.41547e-06  0.000241134
183.38  337.046  0.00366788  0.000123398  0.000893771
213.123  347.793  0.00354541  -1.13583e-05  0.000405122
216.732  327.004  0.00223679  0.000102104  0.00140814
527.737  354.456  0.000433532  -5.7192e-05  0.000314328
507.907  337.88  0.000888401  2.30118e-05  0.000703826
93.3403  273.903  0.000289049  -0.000116898  0.000583794
197.182  333.433  0.00206467  -0.000178764  0.00182219
201.084  329.404  0.00348779  -0.000425569  0.000878169
200.519  337.044  0.00160499  9.03206e-05  0.0012664
210.568  339.839  0.0053414  5.41089e-05  0.000969646
449.92  268.561  0.000288155  -0.000141002  0.000865808
542.454  352.109  0.00168109  0.000111917  0.000233629
322.525  277.622  0.00025903  -1.88344e-05  0.000341569
394.708  250.432  0.00409243  -0.000464836  0.000587307
424.422  229.663  0.000370594  -1.74649e-05  0.000255663
378.907  257.526  0.00132523  -5.94914e-05  0.000707482
367.759  276.414  0.000597979  0.000301264  0.0030235
375.53  265.326  0.00273057  -0.000263867  0.0011951
362.922  278.948  0.000841296  0.000352075  0.00392312
387.815  245.438  0.000663067  -8.73199e-05  0.000420396
419.546  233.333  0.000170082  -4.77985e-07  0.000286394
199.816  331.01  0.000800458  -0.000242227  0.000446412
214.295  325.402  0.000353062  -5.60373e-05  0.000409901
226.61  329.303  0.000237874  -2.97074e-05  0.00030991
120.221  280.601  0.000312972  -0.000372888  0.00156652
503.997  334.883  0.001239  -0.000160357  0.000224728
515.896  331.877  0.00056078  -5.43625e-05  0.000215809
512.026  325.296  0.000655509  -7.2854e-05  0.000182806
530.489  274.842  0.00122697  0.000242362  0.004659
380.188  266.075  0.00142145  0.000385793  0.00424982
378.566  260.903  0.00127687  0.000139204  0.00219107
376.615  256.486  0.00204776  -5.7723e-05  0.00143033
418.839  232.164  0.00021788  3.09765e-05  0.000433929
393.948  239.125  0.000453736  -2.55902e-05  0.00053925
178.611  266.263  0.000611118  -0.000153144  0.000747156
185.415  252.435  0.000339997  -8.75141e-05  0.000398974
531.271  267.761  0.00481845  -0.00109896  0.00128371
207.535  232.224  0.00268995  -0.000403608  0.00116852
203.995  240.79  0.00160166  6.32598e-05  0.00207152
198.604  225.465  0.00132582  -0.000179019  0.000666171
190.381  224.313  0.000764403  -6.62649e-05  0.000551526
182.102  221.375  0.000505698  -2.84645e-05  0.000434537
170.11  223.172  0.000301898  1.63179e-05  0.000410374
465.771  205.946  0.000489282  0.000154649  0.000810569
475.9  217.598  0.00076004  0.000675413  0.0027708
476.395  208.931  0.000592095  0.000257632  0.00122905
453.152  215.969  0.00175568  4.57492e-06  0.001351
445.024  221.841  0.00153165  0.000336414  0.00176872
182.249  282.359  0.000284433  1.33407e-05  0.000342884
190.239  270.747  0.000487033  0.000123215  0.00068939
417.724  228.543  0.0012937  -0.0001283  0.000458164
411.42  255.476  0.00190758  -0.000124691  0.00327846
410.143  251.38  0.0020371  -0.000202722  0.00206106
409.968  239.373  0.00174081  -0.000218858  0.000816937
412.059  233.134  0.00133547  -0.000170344  0.000576094
328.928  233.33  0.000253833  0.000122914  0.00105983
421.599  246.965  0.00102367  -0.000151079  0.000198114
657.003  147.355  0.000703984  -0.000117981  0.00106238
293.463  206.907  0.00028188  -1.9013e-05  0.000313334
525.079  132.079  0.000268825  8.8207e-05  0.000809583
534.887  123.705  0.000248532  9.30835e-05  0.000699868
691.583  196.206  0.000421087  -2.29857e-05  0.000250467
663.315  122.149  0.00301046  0.00024165  0.00171731
648.197  105.578  0.0024413  -0.000450853  0.000597746
269.529  148.077  0.000217948  0.000188249  0.000750374
653.64  122.994  0.00209546  -2.55492e-05  0.00279098
646.697  107.702  0.00307724  -0.000553316  0.000845828
619.965  124.141  0.00388675  -0.000661699  0.00129377
623.027  65.8655  0.00360777  0.000782169  0.000665442
391.288  102.106  0.00172377  0.00211266  0.00624612
68.0916  544.289  0.000488834  4.48122e-05  0.00316655
162.644  469.049  0.000121906  0.000100984  0.000311255
77.6254  548.829  0.000753885  -0.000741687  0.00175499
102.026  556.438  0.000416432  -0.000477504  0.00103377
108.424  541.142  0.000226912  -0.000110447  0.000421205
283.467  524.131  0.000510672  -9.75748e-05  0.00149003
290.184  529.212  0.000572815  -0.000239819  0.00107583
385.23  530.487  0.000265584  -8.30884e-05  0.000684129
382.626  490.415  0.000509658  -7.65027e-05  0.000248781
378.838  453.058  0.000445345  0.00011636  0.00181874
395.022  506.056  0.000334042  -5.15703e-05  0.000150571
369.947  440.018  0.00042151  0.000259337  0.0016302
358.321  440.054  0.000275249  0.00022014  0.00140105
347.36  402.252  0.000169466  3.50976e-05  0.000197153
361.837  389.803  0.000851326  -0.000144761  0.000178631
260.715  364.534  0.000365673  -7.12113e-06  0.000111671
298.233  424.976  0.000474472  0.000568653  0.0028627
304.096  361.75  0.000240954  9.31403e-06  0.000128444
364.642  457.616  0.000331792  0.00016437  0.00138104
382.212  488.242  0.000798074  5.27451e-05  0.000247343
373.59  491.704  0.000495077  4.08718e-05  0.000226588
354.545  516.685  0.00023336  2.04727e-05  0.000117639
206.518  329.951  0.000491814  -4.03603e-06  8.75103e-05
196.061  373.305  0.000514898  1.15201e-05  0.000690354
342.702  460.707  0.00119607  -8.61911e-05  0.000160595
122.463  416.895  0.000573396  0.000479274  0.00155684
140.172  449.28  0.00132159  8.49917e-05  0.000216815
445.966  423.148  0.000370986  -0.000173427  0.000631842
408.986  331.059  7.63951e-05  3.79686e-05  0.000431784
362.705  398.568  0.000809976  -8.78205e-05  0.000657285
376.589  423.86  0.00157759  -0.000355136  0.00027647
574.875  406.957  8.79139e-05  5.17906e-05  0.00058627
371.649  420.471  0.000108942  0.000116165  0.000516672
403.005  407.279  0.000106444  2.0373e-05  0.000777056
592.135  383.065  0.000727269  -1.36923e-06  0.000883746
571.749  399.232  0.000250268  3.47802e-05  0.000454363
562.3  407.912  0.000174603  2.94891e-05  0.000339259
308.767  270.317  0.000353555  7.71496e-05  0.000110577
325.511  274.069  0.000226425  -2.87886e-05  0.00012451
346.223  270.491  0.000123187  -7.84049e-06  0.000118792
288.355  407.689  0.000533436  1.82247e-05  0.000382193
288.857  394.115  0.000503817  7.85865e-05  0.000769658
300.739  414.348  0.000312988  1.77135e-05  0.000270996
433.945  341.402  0.000436141  0.000166255  0.000304649
419.972  365.102  0.000462321  0.00013215  0.000960176
330.166  371.768  7.21789e-05  1.58878e-05  0.000151236
428.78  337.161  0.000454704  0.000123028  0.00022481
399.167  315.205  0.000369466  -1.17789e-05  0.000933656
382.938  303.365  0.000206694  -7.16767e-06  0.00046718
443.906  267.042  0.000784859  0.000247044  0.000210329
425.715  317.265  0.000675341  0.000222892  0.00116915
401.851  312.655  0.000222589  7.791e-05  0.000811088
446.948  256.988  0.000258023  -4.16461e-05  0.000113324
272.123  408.46  0.000232278  7.80492e-05  0.000160122
227.976  333.421  0.000834835  0.000216457  0.0010125
213.567  339.43  0.00258473  -0.000281919  0.00042145
518.89  332.943  0.000729454  -0.000137494  0.000589099
504.63  326.236  0.00198574  -0.000389304  0.000477961
453.124  306.99  0.00125089  -0.000580297  0.000651235
366.377  248.846  0.000896696  6.1335e-05  0.000190065
189.454  406.02  0.00062243  4.50286e-06  0.000101906
191.841  328.818  0.000931908  0.000268755  0.00170438
194.821  328.51  0.00111719  0.000120977  0.000811482
202.01  329.291  0.00203543  5.67755e-05  0.000706327
228.746  333.778  0.00059267  0.000268027  0.000959436
167.35  231.664  0.000309025  -0.000153986  0.000202308
222.597  335.996  0.000351214  4.40068e-05  0.000688669
197.847  395.048  0.000490193  -4.01728e-05  0.000106571
162.238  231.976  0.000376999  -0.000205865  0.000259498
208.911  320.462  0.00193735  -0.000157469  0.000634762
650.22  279.66  0.000896551  8.41218e-05  0.000708158
650.134  288.372  0.000893925  0.000168102  0.00129713
373.413  253.983  0.000961181  0.000538616  0.000737868
404.267  221.143  0.000392528  0.000306098  0.000421373
363.62  244.931  0.00124621  0.000249022  0.000330506
344.921  264.284  0.00263079  0.000432497  0.000432934
301.779  287.895  0.000379238  0.000234029  0.000308886
374.315  250.305  0.00228883  0.000687275  0.000647362
179.959  263.444  0.000417328  -8.61585e-05  0.00145278
187.391  256.914  0.000264605  -5.00205e-05  0.000956591
188.666  247.4  0.000205806  -6.06763e-05  0.000576467
176.098  248.458  0.00032528  -0.000135067  0.000609682
482.079  311.433  0.00069674  -0.000233214  0.000324724
486.775  353.288  0.000510201  -1.94508e-05  0.000104762
498.072  343.533  0.000301563  -4.89245e-06  0.000127897
494.276  325.795  0.00073631  -9.05709e-05  0.000490313
478.382  360.265  0.000252781  4.9659e-05  9.65124e-05
525.317  341.657  0.000352291  -3.15545e-05  0.000129715
526.109  338.813  0.000338598  -2.36343e-05  8.86685e-05
387.777  255.51  0.00053321  0.000315433  0.00140431
392.076  239.638  0.00041548  0.000124464  0.000527463
410.721  227.739  0.000213934  8.37928e-05  0.000363653
390.79  258.035  0.0007654  0.000287051  0.0018927
389.147  249.429  0.000727383  7.77568e-05  0.000926417
376.604  251.403  0.00122549  0.000161517  0.000863593
222.964  328.464  0.000346666  -0.00022971  0.000339667
236.706  309.922  0.000152106  -0.000132545  0.00051803
179.16  239.294  0.000248562  -0.000199512  0.00136599
143.189  193.252  0.000587542  -0.000207762  0.000237874
180.779  176.225  0.000622809  -7.46786e-05  0.000119411
186.004  244.789  0.000535179  0.000294822  0.00289695
176.806  238.202  0.000357502  0.000120914  0.00134338
164.508  178.028  0.000291171  -2.76825e-05  0.000112108
304.861  177.999  0.00040342  1.2283e-05  0.000100336
292.2  199.337  0.000248795  8.67962e-06  0.000173076
269.143  184.698  0.000123799  4.61706e-06  0.000116137
309.089  290.613  0.00107376  2.37923e-05  0.00135889
304.104  301.181  0.000770398  1.39178e-05  0.000657634
328.937  176.828  0.000213763  -4.00136e-05  0.000105808
256.115  183.735  0.000101604  -1.62813e-05  0.000116001
198.363  242.806  0.000116099  1.00463e-05  0.00102659
201.564  251.614  0.000119997  -4.50696e-06  0.000589875
199.084  260.353  0.000108439  -8.69126e-06  0.000386918
248.728  290.058  0.000460492  -8.40632e-05  0.000150951
329.768  224.786  0.000321816  0.000103778  0.000750376
224.365  227.97  0.00029666  0.000152304  0.00168561
200.293  243.746  0.000129948  5.75141e-05  0.000664699
249.706  287.311  0.000497469  -8.15199e-05  0.000129321
330.04  302.757  0.000309306  -6.16765e-05  0.000106686
347.299  295.305  0.000164056  -3.08304e-05  0.000116132
370.143  284.839  8.85625e-05  -1.41057e-05  0.000142942
228.036  251.008  0.000477679  -5.15733e-05  0.000406117
247.919  267.666  0.00132293  -0.000252575  0.000248064
337.352  287.242  0.000461861  -7.95873e-05  0.000104866
258.367  281.64  0.00107413  -0.000137038  0.000145973
255.047  232.952  0.000848408  -1.47858e-05  0.000868119
314.969  229.577  0.000104655  6.79432e-05  0.000669095
162.966  237.828  0.000472035  8.60102e-06  0.0011341
165.462  231.178  0.000401883  0.000146411  0.00188942
174.762  233.421  0.000287004  0.000107846  0.00137116
392.399  242.318  0.000354391  4.84015e-05  0.000286923
422.461  245.627  0.00127161  -0.00037984  0.000334118
329.748  147.935  0.000649075  0.000241434  0.00043897
300.611  160.652  0.000234384  0.000169488  0.000561889
356.86  261.577  0.000164305  4.36812e-05  0.000219397
732.895  169.411  0.000494208  -1.50591e-05  0.000308629
735.584  162.575  0.00058984  -0.000129947  0.000406112
739.412  200.223  0.000596481  0.000278136  0.000533394
746.155  211.079  0.000798837  0.000186471  0.000290436
725.297  165.108  0.000251899  6.68912e-05  0.000240908
731.563  157.233  0.000301655  -8.57899e-06  0.000319572
296.321  227.467  0.000332669  0.00014479  0.000597323
514.301  205.348  0.000538263  -9.13099e-05  0.000378635
252.4  138.743  0.000698453  0.000608307  0.00146438
254.365  146.845  0.000431114  0.000498912  0.0010191
439.531  218.007  0.000590162  -0.000119413  0.000109607
525.26  189.944  0.000307947  -5.21715e-06  0.000157833
392.12  184.427  0.000178737  0.000125075  0.000260427
634.676  155.27  0.000619646  -0.000209864  0.000233519
589.636  98.8637  0.000479422  0.000213562  0.000687266
598.929  93.346  0.00164062  0.000710649  0.000996145
