1.0
1585
111.704  610.143  0.00260986  1.6632e-05  0.0033309
107.049  604.541  0.00104099  0.00022331  0.00152526
106.616  606.897  0.00130432  0.000219072  0.00189507
310.675  586.474  0.00275714  0.00161818  0.00268567
264.876  583.089  0.000344062  0.000197841  0.00134721
305.172  560.756  0.00082913  -0.000214758  0.000414909
355.542  597.74  0.00259657  0.000487978  0.00180689
345.333  598.891  0.00141463  -0.000504552  0.00243338
359.435  592.8  0.00558842  0.0023571  0.00217266
354.811  597.651  0.00413061  0.0013529  0.00231935
366.067  604.358  0.00280565  0.000311392  0.00198869
360.44  601.144  0.00703024  0.00203991  0.00254604
353.226  595.509  0.00168761  0.00092618  0.00825591
351.178  600.608  0.001725  0.000849792  0.00383161
428.059  602.248  0.00204336  -0.00107063  0.0123774
413.663  613.494  0.00393723  0.00216144  0.00483383
389.228  607.903  0.00522119  0.00325619  0.0063146
605.473  591.196  0.00610796  0.00161824  0.00304055
371.057  597.201  0.00223447  0.000637322  0.00777013
365.576  608.878  0.00193931  0.000650816  0.00185988
370.401  609.331  0.00342565  0.00117546  0.00199308
139.346  543.496  0.00319473  -0.00112138  0.00104832
110.701  543.253  0.000436717  -0.000301169  0.000921313
134.076  556.115  0.00648813  -0.00226093  0.00223682
141.082  548.494  0.00193244  -0.000737771  0.000997715
134.222  545.731  0.00386664  -0.00130268  0.0011027
317.315  586.966  0.00972506  0.00361634  0.00318875
334.519  594.807  0.00577889  0.00281027  0.00352192
338.89  594.531  0.00321733  0.00124425  0.00290597
346.429  595.572  0.00151534  0.000186553  0.00254741
327.059  591.86  0.00457958  0.00111667  0.0023458
328.839  594.802  0.00312361  0.000694724  0.00181188
325.327  590.081  0.00337503  0.000293057  0.00440843
328.049  587.949  0.00314501  -0.00072456  0.00640881
327.382  596.606  0.00186851  0.000218205  0.00231158
565.433  558.608  0.00233352  0.00152306  0.00521821
571.981  559.692  0.0012137  0.000543613  0.00453052
601.493  547.559  0.00250064  -0.00194095  0.00283712
604.58  536.843  0.00114614  -0.000439459  0.000983643
601.36  543.015  0.00173128  -0.00114806  0.00182653
301.819  577.799  0.00490416  0.00266855  0.00285739
297.588  576.721  0.00407267  0.00112311  0.00167962
290.958  579.25  0.00704374  -0.000368686  0.00143895
292.916  561.62  0.00287335  -0.000147013  0.000589138
735.25  568.91  0.00678815  0.00289753  0.00436553
594.081  577.723  0.00221728  -0.000526775  0.00550401
598.617  578.996  0.0014731  -0.000590342  0.00504417
343.055  554.507  0.00170448  -0.00136247  0.00228313
561.294  563.804  0.00235058  0.00104158  0.00654225
566.463  560.557  0.00206177  -0.00038775  0.0121604
555.051  562.231  0.000931979  -0.00050898  0.00554736
135.548  530.897  0.00319975  -0.00129334  0.00211035
119.217  512.785  0.00111797  -0.000448191  0.000717673
119.864  532.232  0.000888215  -0.000821126  0.0030471
108.19  510.968  0.000589944  -0.000293904  0.000684419
138.536  540.932  0.00194444  -0.00180305  0.00639656
131.06  538.626  0.00380091  -0.00227375  0.00579427
146.887  563.138  0.00201579  -0.00230234  0.00923734
134.053  535.804  0.00436963  -0.00207281  0.00375159
133.172  531.942  0.00407787  -0.00176371  0.00258537
142.609  532.97  0.00154721  -0.000882355  0.00212453
156.131  520.209  0.000493814  -0.000281411  0.000676977
109.202  548.039  0.000351779  -0.000137483  0.00225348
146.913  580.438  0.00284099  -0.000917747  0.004874
152.682  580.352  0.00156284  -0.0005376  0.00488453
158.634  581.86  0.00100793  -0.000358433  0.00393858
147.842  556.694  0.00188967  -0.000735077  0.00704632
143.699  552.922  0.00256041  -0.000914478  0.0040597
147.085  550.727  0.00167799  -0.000604544  0.00301284
86.1476  552.418  0.0108353  -0.00317199  0.00276404
555.424  528.683  0.0012169  -0.000209465  0.00170957
552.366  532.627  0.00103292  -0.000400019  0.00272227
549.765  536.53  0.000961371  -0.000788289  0.00491321
592.087  539.207  0.00604377  -2.14454e-05  0.00266245
603.763  519.228  0.00168286  3.3074e-05  0.000517999
561.05  529.711  0.00344456  0.000448632  0.00187569
537.867  526.415  0.000567789  -0.000203562  0.0018559
572.507  528.856  0.000598082  0.000182637  0.00164164
643.912  555.978  0.00240259  -0.00167727  0.0065589
637.222  553.108  0.00484613  -0.00150732  0.00527362
692.909  566.65  0.00240165  -0.00156634  0.00679538
635.001  584.506  0.00323429  0.000344052  0.00661008
461.616  553.175  0.00151412  -0.00115969  0.00613982
428.315  546.635  0.0108284  -0.000765907  0.00161771
423.115  548.541  0.00408986  -0.000246035  0.00184854
458.929  553.994  0.00270627  -0.000399703  0.00502758
430.187  549.958  0.00551307  0.00105391  0.00233109
442.907  563.35  0.00287032  0.00023923  0.00136006
456.474  556.638  0.00102113  -0.000401674  0.00322373
413.96  565.532  0.00553232  0.000767091  0.000899478
418.057  548.087  0.00688454  0.00118051  0.00190143
439.586  563.372  0.00689607  0.00142686  0.00161652
66.1934  533.815  0.00780059  -0.00289632  0.00372393
434.706  547.737  0.00221468  -0.000194136  0.00761739
434.48  561.897  0.00112757  0.000338061  0.00157256
433.863  562.495  0.00426279  0.00107015  0.00160207
444.437  562.086  0.00112827  -4.34557e-05  0.00149991
452.333  558.466  0.000745729  -0.000279052  0.00239299
421.506  556.414  0.00404296  0.000752648  0.00102114
129.535  514.253  0.00289618  -0.00130751  0.00183546
131.848  527.157  0.0030598  -0.0031091  0.00803892
121.721  495.73  0.00217451  -0.000795994  0.000722434
114.916  494.605  0.00124269  -0.000527302  0.000668496
117.271  505.091  0.00122037  -0.00065258  0.00113222
130.436  546.943  0.00240883  -0.0027839  0.00765493
133.523  510.647  0.00179951  -0.00090109  0.00126493
127.299  508.364  0.00314679  -0.00134508  0.00138882
123.407  527.986  0.00108986  -0.000560599  0.00275178
149.227  504.299  0.000400859  -0.000171581  0.000464559
259.884  548.299  0.00351759  -0.00265426  0.00592916
451.894  519.431  0.00462391  0.000727404  0.00524204
442.359  517.973  0.00169527  -0.000607237  0.00532424
240.859  534.97  0.00906771  0.00287793  0.00284603
246.533  549.217  0.00195454  0.0005393  0.000909147
252.933  563.746  0.000789295  0.000195303  0.000449165
253.705  529.603  0.00205783  -0.000475062  0.0101555
254.036  550.592  0.000995695  0.000255569  0.00101311
384.549  504.178  0.00340638  0.000844789  0.00246074
375.76  503.169  0.00160583  0.000730996  0.00316785
363.127  500.583  0.000668599  -5.45679e-05  0.00260367
356.659  498.137  0.000473041  -0.000156681  0.00226475
255.424  538.109  0.00258602  -0.00109865  0.00289248
290.377  521.205  0.00193136  -0.00247744  0.010382
383.561  555.229  0.000621076  -0.000709363  0.0015234
343.551  498.463  0.00378968  0.001542  0.00236682
331.018  507.95  0.00170001  -0.000225039  0.0065327
374.218  505.223  0.000587763  1.39954e-06  0.00198292
352.741  498.299  0.00475693  0.00227827  0.00263779
351.34  507.185  0.00216471  0.000702758  0.00413218
354.246  504.55  0.00187765  0.000711433  0.00298825
134.568  533.626  0.0027515  -0.00170638  0.00425727
127.428  532.046  0.0015524  -0.00133616  0.00408757
142.299  536.435  0.00700588  -0.00285721  0.00412496
132.247  540.277  0.00173116  -0.000900946  0.00189917
135.193  532.515  0.00497358  -0.00242079  0.00521544
124.306  529.157  0.00180724  -0.00171421  0.00563918
110.671  528.694  0.000796829  -0.00102281  0.00368419
115.273  490.124  0.00172541  -0.000697797  0.00135553
113.421  494.802  0.00139225  -0.000781201  0.00206633
140.576  560.293  0.00272884  -0.00102561  0.000814185
131.49  532.69  0.00560577  -0.00278682  0.00476061
136.054  534.281  0.00323911  -0.00192968  0.0042048
160.427  562.898  0.000854661  -0.000411158  0.000663332
161.232  541.925  0.000697487  -0.000909622  0.00315474
129.239  532.314  0.00244906  -0.00218505  0.0109772
143.425  503.067  0.000713663  -0.00045009  0.0015862
241.091  528.156  0.00388548  0.00107429  0.0045178
246.082  534.897  0.00150909  0.000363922  0.00385003
251.176  530.915  0.00124673  -0.000237346  0.00741613
255.683  532.203  0.000885887  -0.000312755  0.00640413
252.214  533.761  0.0035334  -0.00145004  0.0047205
350.479  487.261  0.00497412  0.00183865  0.00187454
366.021  504.927  0.00134329  -0.000401567  0.00193197
376.023  507.391  0.000823835  -0.000441606  0.00145994
354.587  495.839  0.00468704  0.00162295  0.00248224
357.573  512.595  0.00324381  -0.00389123  0.00893523
358.655  510.274  0.00232085  -0.00205741  0.005417
353.645  507.418  0.00294472  -0.00154595  0.00544346
357.346  502.924  0.00207191  -0.000227346  0.00267451
380.862  507.777  0.000624182  -0.000390965  0.00123881
387.118  506.515  0.000481279  -0.000270442  0.000913542
114.167  521.959  0.000832833  -0.00104306  0.00414777
123.975  524.901  0.00134945  -0.00110153  0.00370729
133.727  530.785  0.00262265  -0.00121911  0.00248593
140.938  533.189  0.00641938  -0.00230645  0.00261581
126.361  529.42  0.00139381  -0.000846658  0.00233881
131.365  526.939  0.00351976  -0.00160651  0.00361191
110.327  525.92  0.000702831  -0.000632864  0.00231038
101.755  525.13  0.000486666  -0.000531099  0.00207276
113.954  492.665  0.00153845  -0.00102419  0.00339667
129.728  521.695  0.00245919  -0.00223337  0.00754711
130.834  529.602  0.00515428  -0.00219343  0.00297963
130.996  524.735  0.00405516  -0.00223662  0.00497981
154.847  536.512  0.000757412  -0.000633651  0.00204381
163.608  547.202  0.000547962  -0.000365762  0.00100064
132.563  527.55  0.00418447  -0.00224709  0.00508093
462.158  564.136  0.000587937  0.000540277  0.00288905
265.309  496.931  0.00349584  -0.0018104  0.00704403
269.088  497.159  0.0023466  -0.0017505  0.00647659
296.174  479.195  0.000320855  -4.00067e-05  0.00140845
312.982  492.403  0.00207773  -0.00135474  0.00426844
307.224  487.394  0.00313356  -0.00149196  0.00280215
214.369  528.779  0.00119338  0.001269  0.00307772
241.63  548  0.00105378  -0.000273996  0.000478934
208.258  490.324  0.00356335  -0.001853  0.00166039
230.352  522.657  0.00386231  -0.0017798  0.00226372
229.017  515.328  0.00305284  -0.000522337  0.00210349
243.848  534.24  0.00228901  0.000263232  0.00168422
251.486  535.064  0.00156208  -0.000483309  0.00187743
248.969  546.96  0.000979873  1.24363e-05  0.000831073
253.311  564.136  0.000491077  4.70306e-06  0.000418184
274.644  478.746  0.0090202  -0.00232557  0.00221411
277.99  492.566  0.00197482  -0.00172092  0.0123494
120.917  501.477  0.00238446  -0.00121569  0.00270426
158.166  508.195  0.00507967  -0.00542897  0.0100772
161.711  511.153  0.00379838  -0.00414253  0.00772839
129.346  499.968  0.00145383  -0.00149753  0.00430615
651.313  494.256  0.010316  0.00317842  0.00328402
653.585  508.267  0.00432617  0.00112534  0.000926123
377.435  520.657  0.00363276  0.00132063  0.0011476
576.668  467.337  0.00438072  -0.000187948  0.0021338
587.786  488.806  0.00384439  0.00118426  0.00113049
232.275  468.227  0.00384022  -0.00169637  0.00457268
238.838  468.556  0.00190648  -0.00114668  0.00391529
227.789  466.066  0.00708715  -0.00231117  0.00401147
231.087  463.766  0.00385102  -0.00135741  0.00272849
229.09  454.59  0.00373445  -0.00107143  0.00132282
244.794  494.148  0.00291438  -0.00250663  0.00808803
235.449  477.949  0.00411643  -0.00277274  0.00731502
230.846  471.008  0.00527078  -0.00252665  0.00353679
228.165  463.722  0.00510266  -0.00222482  0.00216408
228.635  460.678  0.00397907  -0.00173492  0.00168755
438.562  502.341  0.00221156  0.000144608  0.00119552
444.405  501.577  0.00131939  2.46678e-05  0.00102408
442.113  492.826  0.00180472  0.000184675  0.00063919
126.068  501.686  0.00290595  -0.00168939  0.00325851
104.936  466.202  0.00573624  -0.00306904  0.00495534
188.039  479.535  0.00100412  6.90351e-05  0.000460057
51.6291  486.3  0.00187691  -0.00235026  0.0110915
47.1889  488.29  0.00121965  -0.00138641  0.00633854
68.2267  499.436  0.00803746  -0.00285191  0.00299406
66.4979  511.391  0.00335243  -0.00117122  0.00113581
558.959  427.748  0.0012116  -0.000210387  0.000366908
576.236  467.739  0.00484425  -0.00092733  0.00430213
578.104  461.295  0.00410359  9.45522e-06  0.00193208
331.214  522.642  0.000859461  0.000229219  0.000466563
338.776  510.575  0.00436286  0.0018493  0.00165182
375.163  533.599  0.000692537  0.000283215  0.000521781
346.719  510.175  0.00462913  0.0021745  0.0020672
361.741  510.53  0.001062  0.000219666  0.00131905
363.958  518.077  0.000712365  0.000158777  0.000850199
342.557  519.088  0.00255086  0.00135703  0.00133856
352.337  507.98  0.00188278  0.000771226  0.00167006
359.259  496.913  0.00203488  -3.18241e-05  0.00436686
366.167  497.793  0.00130129  -0.000669771  0.00471519
364.609  502.73  0.00104634  -0.000114058  0.00253466
368.244  520.083  0.000457201  6.08407e-05  0.000779867
351.594  510.664  0.0017101  0.00117384  0.00135686
357.05  510.151  0.00113122  0.000823466  0.00111653
666.57  493.912  0.00321194  0.00114803  0.00148803
654.586  485.784  0.00464531  0.000650131  0.00150511
665.608  492.958  0.00762947  0.0017772  0.00174237
491.499  500.568  0.00210125  -6.40807e-05  0.000503927
490.515  504.956  0.000558745  0.000467069  0.001287
32.392  483.959  0.00168423  -0.000845685  0.00413914
229.243  449.55  0.00323496  -0.00126223  0.00245364
237.753  481.59  0.00377098  -0.00274826  0.00646964
243.1  489.968  0.00277716  -0.00156802  0.00267081
247.291  483.698  0.0017279  -0.00199223  0.00633033
226.932  446.533  0.0041541  -0.0014255  0.00202902
228.867  460.246  0.00460921  -0.00108542  0.00365228
227.505  453.045  0.00440229  -0.001027  0.00180364
473.358  436.545  0.00225051  0.00030904  0.00052452
436.972  517.817  0.00306538  -0.000571795  0.00550359
437.625  494.567  0.00396769  0.00040111  0.000693941
441.101  520.808  0.00286194  -0.00113585  0.00834121
439.964  514.768  0.0033676  -0.000180125  0.00328546
439.977  509.353  0.00360191  0.000105226  0.00183211
440.948  504.916  0.003378  0.0001825  0.00124497
235.562  482.662  0.000489475  0.000382273  0.0026812
244.573  496.402  0.000617584  4.13434e-05  0.000761178
264.896  503.422  0.00276122  -0.000306496  0.000482057
68.7115  436.153  0.00104645  1.96705e-05  0.001176
482.585  428.305  0.00241228  0.00051978  0.000542283
41.0122  450.992  0.00227372  -0.00151681  0.0109949
37.5892  445.549  0.00313975  -0.000567214  0.00436705
231.122  440.93  0.00219002  -0.00151766  0.00621622
246.347  439.87  0.000735696  -0.000746126  0.00351338
241.386  433.251  0.000829962  -0.000492786  0.00185899
227.431  435.583  0.00449868  -0.00160378  0.00331271
224.787  432.568  0.00344234  -0.00121648  0.00247007
233.724  466.408  0.00334334  -0.00172432  0.00450213
233.787  471.667  0.00272163  -0.00120439  0.0024471
229.698  473.7  0.00168494  -0.000797161  0.0018299
226.203  438.796  0.00498784  -0.00204615  0.00522349
221.185  439.645  0.00764581  -0.00180428  0.00323159
224.037  437.965  0.00439039  -0.00104505  0.00255519
442.741  467.845  0.00141882  0.000404978  0.000461441
437.683  469.373  0.00108588  0.000347423  0.000384305
136.79  424.288  0.00130615  -0.000532844  0.00141166
133.344  419.638  0.00105069  -0.000407994  0.00105714
127.223  413.039  0.000747818  -0.00029229  0.000759649
125.041  403.258  0.000689255  -0.0002075  0.000464917
135.804  436.548  0.00109262  -0.000653437  0.00283183
140.097  432.174  0.00123886  -0.000441395  0.0016561
220.78  426.563  0.00485748  -0.00139266  0.00277523
243.235  429.805  0.000694576  -0.000455381  0.00278926
241.102  424.718  0.000719734  -0.000344292  0.0016991
226.098  430.488  0.00439741  -0.00148469  0.00408903
231.167  456.972  0.00345161  -0.00169293  0.00615947
231.924  462.683  0.00300226  -0.001215  0.00293252
237.194  469.782  0.00452394  -0.00155575  0.00182868
238.967  420.344  0.000777511  -0.000336239  0.000974899
241.858  434.852  0.00181653  0.00213207  0.00789697
123.132  460.137  0.00386543  -0.00394829  0.00751532
118.493  438.81  0.00295906  -0.00064822  0.000933313
124.127  467.836  0.00400592  -0.00251825  0.00265038
123.048  457.647  0.00220024  -0.00239539  0.00489774
120.063  450.45  0.00183083  -0.00106441  0.00234402
122.739  426.066  0.00130852  -8.51501e-05  0.000415899
118.917  479.684  0.00175876  -0.00072265  0.00101124
450.216  445.442  0.0031777  -0.00302419  0.00685282
347.351  433.706  0.00121322  7.92355e-05  0.000246022
355.746  439.436  0.000950858  -0.000276728  0.000312781
452.006  454.023  0.0060474  -0.00473878  0.00766178
104.591  413.902  0.00253179  -0.00173902  0.00324561
465.847  465.624  0.0110222  0.00198001  0.00221948
482.492  432.891  0.0115104  0.000523626  0.00144271
469.165  442.753  0.00345537  0.000465304  0.000543621
740.518  484.303  0.00123161  -6.85198e-05  0.00091396
139.275  399.417  0.00152701  -0.000664975  0.000716845
471.131  386.434  0.00156428  0.000739663  0.000689916
646.46  448.305  0.000890662  0.000450165  0.000667555
446.922  451.973  0.00129245  0.000863905  0.0014719
407.813  362.233  0.00174402  0.000587195  0.000660116
405.181  365.306  0.00271828  0.000950911  0.000876001
422.544  378.664  0.00612097  0.00313351  0.00278977
425.504  511.58  0.00435531  0.00173987  0.00512712
426.25  506.303  0.00619666  0.00317964  0.00403294
443.296  508.198  0.000967644  0.000194896  0.0020269
433.065  501.381  0.00340544  0.00173415  0.00227775
111.618  373.792  0.00144274  0.000167288  0.00111326
101.126  388.709  0.00164155  -0.00196956  0.00723658
116.396  393.238  0.00235772  -0.00161709  0.00680198
121.307  448.669  0.0021432  -0.00060298  0.000528797
107.505  386.727  0.00283665  -0.00027322  0.00153837
104.169  382.608  0.00441039  -0.000155291  0.00116439
131.055  386.849  0.000530028  -0.000213898  0.00102912
137.686  384.154  0.000392952  -0.000161915  0.000778155
107.833  372.231  0.00279042  -6.15996e-05  0.000569775
109.409  366.145  0.00236574  -3.7126e-05  0.000414294
120.912  376.957  0.00417759  0.00131663  0.00114006
115.301  390.209  0.00370859  0.000874503  0.00225596
111.563  388.122  0.00220834  0.000395997  0.00187056
116.924  367.958  0.00181713  0.000539231  0.000637328
111.881  365.841  0.00112156  0.00029976  0.000533101
107.273  377.11  0.00108643  0.000202466  0.000887928
117.258  438.915  0.00210552  -0.0010557  0.00137573
117.415  449.951  0.00140797  -0.000672919  0.000755454
111.559  377.282  0.00229835  0.00049854  0.000914524
100.567  387.136  0.00118452  -8.30086e-05  0.00192865
97.4755  367.822  0.000649087  7.0271e-05  0.000560606
114.886  390.671  0.00218547  0.000228197  0.00210972
133.859  390.106  0.000599272  -0.000108659  0.00130945
114.115  425.173  0.002784  -0.00140634  0.00391801
459.998  390.607  0.000812508  0.000698331  0.000994305
438.86  396.003  0.000490186  -0.000264811  0.00112006
362.26  378.818  0.0034296  -0.00116978  0.00185316
341.977  364.218  0.00103175  -0.000359211  0.000545445
342.164  385.191  0.000694682  0.000121059  0.000966909
119.032  410.718  0.0017088  -0.00196978  0.00514639
134.366  429.71  0.000627543  -0.000582885  0.00149459
96.8602  361.857  0.000573384  -0.000241376  0.00105885
111.232  369.862  0.00194425  4.35965e-05  0.00135772
97.9059  356.116  0.000498136  -9.51758e-05  0.000648037
18.6489  428.289  0.0110331  0.000172462  0.00192138
380.698  371.153  0.000852041  -8.82022e-05  0.000612441
377.086  426.148  0.00160182  0.000141963  0.00232448
351.864  409.613  0.00338945  0.00128821  0.00100724
491.3  401.857  0.00226392  -0.000873385  0.00296211
464.142  369.45  0.00176817  -0.00210266  0.00823926
464.481  367.024  0.00153298  -0.00139483  0.00523143
410.696  389.695  0.00779377  0.00126767  0.00320809
391.399  378.256  0.000727551  4.11859e-05  0.000962312
376.853  377.307  0.00231564  -1.347e-05  0.000847723
598.171  376.685  0.000287401  7.23297e-05  0.00125465
421.723  313.102  0.00205961  0.000103708  0.000322636
416.383  305.478  0.00159839  -0.000137042  0.00027365
401.539  384.458  0.00442284  6.95877e-05  0.000678358
96.2598  403.036  0.000986694  0.000133777  0.000616916
101.33  413.881  0.00193452  0.000537371  0.000567059
101.98  376.073  0.00197437  -0.00243678  0.00737723
135.48  330.188  0.00254445  0.00105016  0.000896083
114.715  359.041  0.00210496  -0.00165376  0.00632815
110.405  403.789  0.00228105  0.000436465  0.000851126
124.488  363.276  0.00363855  0.000798628  0.00174675
119.682  357.908  0.00177685  0.000265816  0.00119116
105.996  370.999  0.00155785  -0.00194691  0.00698019
111.43  335.665  0.000588362  8.1643e-05  0.000411785
103.432  389.784  0.00251014  -0.00277555  0.00996377
106.064  408.614  0.00359057  0.000655349  0.00137734
101.976  413.222  0.0025607  0.000483636  0.000937033
105.886  344.502  0.000537171  3.96337e-05  0.000675162
126.856  378.756  0.00180405  -0.0022448  0.00855129
141.006  372.856  0.00068548  -0.00038372  0.00204185
121.812  364.098  0.0029488  0.000900949  0.0022182
96.8661  374.198  0.000932405  -0.000840554  0.00262035
114.901  384.391  0.0029652  0.000186034  0.0021968
111.751  387.225  0.0023122  0.000217726  0.00155707
97.613  384.145  0.000828923  -0.000195051  0.00114436
99.5209  408.854  0.00141545  0.000359059  0.000468624
101.703  378.375  0.00120952  -0.000778576  0.00241779
118.005  363.266  0.00408416  -0.00402459  0.00918545
92.1272  376.596  0.000591925  -0.000160652  0.000658711
106.822  400.199  0.00210029  0.000560188  0.000538728
140.797  400.254  0.00271194  -0.000826114  0.000726989
332.234  341.553  0.000830354  6.59596e-05  0.000523442
334.623  384.762  0.00106385  0.000104572  0.000992534
137.537  331.021  0.00343352  0.00140594  0.00119365
133.542  333.72  0.00409319  0.00184675  0.00162327
124.835  322.922  0.00104369  0.000351317  0.000650685
113.522  389.393  0.00481218  0.000713779  0.00173343
116.333  357.505  0.00328527  -0.00365807  0.00992472
116.361  389.616  0.00216103  -8.46368e-05  0.00165383
122.506  405.061  0.000918127  -2.92444e-05  0.000689686
337.634  424.101  0.00159028  0.000580286  0.000651157
318.679  339.505  0.00215121  -6.44489e-06  0.000576513
331.069  333.495  0.00228041  0.000791713  0.00147798
302.161  354.857  0.00334762  0.00064203  0.00118456
299.038  352.906  0.005924  0.00310303  0.00559597
51.7831  343.954  0.00102094  0.000192413  0.00146476
399.855  344.636  0.00114323  0.000532977  0.00111366
401.994  382.267  0.00604016  0.000489548  0.000956419
393.669  382.447  0.00425082  0.00123406  0.00110133
118.476  346.803  0.0014016  -0.00108026  0.00294485
718.486  330.455  0.00413667  0.000472546  0.000660023
711.249  326.818  0.00209983  0.000252033  0.000341944
297.499  391.412  0.0112685  0.00137866  0.00170563
76.2118  413.18  0.0023026  -0.000186705  0.00231724
70.631  406.168  0.00443146  -0.000292091  0.00123928
75.8807  307.872  0.00340452  0.000653893  0.000542508
80.9169  295.521  0.0016579  0.000299956  0.000308896
74.3217  305.512  0.00240864  0.000112286  0.000328634
425.634  359.405  0.00713904  -0.00112844  0.0027384
405.145  386.606  0.000666941  -0.00011621  0.000375922
426.02  370.194  0.00693554  0.00113998  0.00121732
435.133  359.653  0.00247772  0.00017941  0.00290222
430.994  360.991  0.00233428  0.000107846  0.00236647
446.503  323.554  0.00126585  0.000535719  0.0022755
474.236  304.229  0.000451411  0.000213041  0.000581746
458.133  301.302  0.00135286  0.00072495  0.000840526
421.688  326.579  0.00580076  -0.00118006  0.00354056
418.162  326.807  0.00341855  -0.000844251  0.00374686
413.911  325.08  0.00215253  -0.000600473  0.00312776
403.546  327.592  0.00091645  -0.000587443  0.00503351
453.36  325.656  0.000550117  4.06385e-06  0.0022573
457.343  315.742  0.000533738  0.000116528  0.000993699
451.115  308.649  0.000894757  0.000282297  0.000741868
460.488  308.63  0.000519145  0.000142293  0.000658893
412.792  326.209  0.00130805  -0.000390242  0.00361829
420.174  330.109  0.00539169  -0.00105441  0.00089727
411.963  317.019  0.00232526  -0.000519124  0.000524591
433.846  340.324  0.00478499  0.000292498  0.00117407
429.284  323.81  0.000592489  3.89572e-05  0.000590814
495.256  335.984  0.00188544  -0.000807049  0.00077484
498.216  351.111  0.00148162  -0.000235  0.000621229
503.252  365.484  0.00215253  0.000497651  0.000928469
497.16  380.636  0.00241724  0.00118172  0.0010619
492.533  378.417  0.00149785  0.000620163  0.000654544
531.709  292.886  0.00290686  0.00047879  0.000423678
506.019  363.569  0.0023633  -0.000243857  0.000461279
122.44  364.912  0.00420384  -0.00459583  0.0106995
124.997  395.47  0.000613382  -4.75043e-05  0.00066109
126.267  402.123  0.000487028  -2.06872e-05  0.000500305
121.453  356.144  0.0026257  0.000856031  0.00151913
113.581  371.972  0.00252857  0.00109203  0.000945661
716.891  323.589  0.00298715  -5.13062e-05  0.000365697
506.835  347.138  0.00254911  -0.00194537  0.00307526
129.163  351.909  0.00135794  -0.00075124  0.00123089
101.825  361.976  0.000687405  5.6131e-05  0.000657331
121.105  337.341  0.00158201  -0.000777052  0.00259094
117.049  334.306  0.00124058  -0.00079096  0.00229883
125.793  310.233  0.000670622  9.51341e-05  0.000474015
115.861  348.825  0.00118026  2.93039e-07  0.00115691
123.617  357.737  0.00300319  0.00101608  0.0013103
111.251  354.36  0.000975896  0.00011451  0.000772754
100.932  364.553  0.000670984  0.000143463  0.000427173
122.59  345.818  0.00300143  -0.000622992  0.00479663
132.836  349.528  0.00372753  -0.000727306  0.00514784
140.074  352.511  0.00210323  -0.00145297  0.00491478
146.782  355.45  0.00155689  -0.00165357  0.00475257
147.293  309.498  0.00364896  0.00145795  0.00159729
124.967  341.75  0.0031518  -0.000436509  0.0037844
110.117  341.198  0.00101239  -0.000295713  0.00155042
124.168  351.477  0.00413226  0.00151246  0.00207628
113.404  345.905  0.00127578  -0.000115782  0.00182316
118.743  362.475  0.00413548  0.00184817  0.00165571
133.207  348.558  0.00410785  -0.00108603  0.0050497
142.622  353.126  0.00216575  -0.00179772  0.00451869
170.856  333.167  0.000438475  -2.73593e-05  0.000404813
128.045  352.695  0.00487459  0.00144996  0.00192959
157.2  372.028  0.000483889  -0.000232641  0.00081421
391.44  384.978  0.00246884  -0.00114587  0.00105677
352.107  356.599  0.00183553  -0.000367788  0.00509382
487.505  362.81  0.00277927  0.000746183  0.000783231
500.854  366.172  0.000820846  0.000156171  0.000575993
510.145  348.909  0.000688285  -0.000132539  0.00189731
509.085  355.526  0.000630766  -1.72544e-06  0.00109604
516.843  317.771  0.00104155  -0.00091094  0.00579736
148.535  308.491  0.0013652  4.18544e-05  0.00133595
150.788  301.577  0.00137128  0.000299655  0.000933212
156.351  286.453  0.00149664  0.000572587  0.000629005
727.847  339.69  0.0113633  -0.0017134  0.00187068
237.566  480.232  0.00340622  -0.00200904  0.00493167
232.956  472.217  0.00407921  -0.00187061  0.00246506
235.779  472.429  0.00334451  -0.00132579  0.00213268
238.487  482.483  0.00329365  -0.00200743  0.00655716
511.124  345.814  0.000629712  0.000195525  0.00129391
510.071  353.225  0.000589057  0.000181473  0.000792581
81.1643  308.401  0.00122979  -0.000868428  0.00285047
74.1672  307.768  0.0027662  -0.000993086  0.00346861
81.9794  302.177  0.00811109  -0.000376895  0.00147546
81.079  307.286  0.00700741  -0.000711811  0.0025107
77.0437  307.234  0.00386041  -0.000863153  0.00289061
66.0936  304.584  0.00148906  -0.000977175  0.00317682
63.7139  335.345  0.00256133  0.000143996  0.00371756
78.3299  307.784  0.00177351  -0.000562521  0.00224008
64.4134  334.487  0.00275275  -0.000395282  0.00619931
419.046  366.002  0.00360171  0.000663679  0.000581494
408.365  332.06  0.00132849  -0.000466009  0.000581518
408.281  336.143  0.00130669  0.000345659  0.00142116
397.91  360.258  0.000533364  7.71967e-05  0.000416256
454.394  311.715  0.00474938  -0.000930344  0.00155991
401.134  327.845  0.00531637  0.00354073  0.00547416
402.464  333.108  0.00874997  0.00404808  0.00350255
329.899  333.141  0.00408349  0.00230189  0.00216712
303.187  294.943  0.00168336  -9.50412e-06  0.000561728
64.411  332.871  0.00227914  0.000519723  0.0025271
83.0009  309.337  0.00150986  -0.0019868  0.00600382
77.7927  307.545  0.0023467  -0.00192546  0.00595012
77.1007  307.34  0.00427385  -0.0019567  0.00597462
68.5632  304.541  0.00211569  -0.00199684  0.00602761
173.278  304.341  0.00839096  0.00278915  0.00281234
184.524  308.965  0.00217147  0.000768782  0.000780071
451.157  339.428  0.00525756  -0.000948398  0.000931939
392.725  309.553  0.00107395  0.000225921  0.000599628
274.578  296.697  0.00160019  -0.000267678  0.0004245
169.566  317.067  0.00492871  0.000580645  0.00122169
186.519  308.021  0.00138739  0.000586467  0.000747962
472.537  301.111  0.00147007  -0.00160149  0.00387524
85.4572  284.442  0.00104846  -0.000928879  0.00256216
94.6548  287.92  0.000784543  -0.000944041  0.00256129
62.1427  268.155  0.00856835  6.18142e-06  0.00128574
78.0468  265.798  0.00131403  -0.00019723  0.000709837
72.4926  262.667  0.00211653  -0.000135026  0.000670842
80.799  261.558  0.00108036  -0.000141204  0.000529406
85.5044  333.945  0.000807313  -0.000276535  0.000768732
66.0655  320.856  0.00750806  -0.000170931  0.0011507
77.9722  327.992  0.0016861  -0.000301426  0.000944634
53.5092  258.343  0.000633292  -0.000293336  0.00078995
61.2966  278.933  0.00897847  -0.000113016  0.00212588
67.873  277.298  0.00322425  -0.000262816  0.00150422
75.674  321.258  0.00162025  -0.000631336  0.00223889
82.9396  285.033  0.00134408  -0.000559315  0.00203851
78.3193  277.296  0.00187374  -0.000279416  0.0011631
82.8271  277.86  0.00129593  -0.000280442  0.00109699
102.989  278.706  0.000442171  -0.000214644  0.000773439
84.9028  257.306  0.00111331  -6.23088e-05  0.000343081
70.5213  292.648  0.00267924  -0.00329785  0.0112424
52.8272  276.92  0.0006993  -0.000645311  0.00220602
52.2932  267.798  0.000579791  -0.000293905  0.00101388
418.988  277.385  0.00362801  0.000770538  0.000875505
408.366  274.544  0.00124124  0.000358305  0.000569277
142.847  318.541  0.00703406  0.00090304  0.00107113
308.971  305.666  0.00320334  0.00123158  0.00212873
298.584  279.346  0.00154142  -0.000173386  0.000374339
312.798  306.076  0.00389764  0.00211595  0.00317382
310.279  301.266  0.00258523  0.000807507  0.00161465
301.867  287.585  0.0013724  9.16042e-06  0.000511886
659.352  295.476  0.00164841  -0.0018517  0.00380978
656.875  317.077  0.00208376  3.75383e-05  0.00271502
628.746  305.42  0.000575611  -0.000210408  0.000650565
646.588  327.257  0.00150627  0.00119035  0.00248642
620.419  307.762  0.000402983  -8.95301e-05  0.000481476
266.751  408.248  0.00447007  0.000382129  0.00134709
271.734  447.527  0.00219473  -0.000450782  0.00371166
262.726  449.49  0.00259537  0.000489915  0.00318917
257.397  415.286  0.00255944  0.000371587  0.00200494
269.698  445.726  0.00349547  0.000802543  0.00449426
257.258  410.064  0.00189627  0.000228849  0.00105472
256.22  405.429  0.00147216  0.000130057  0.00075987
251.84  394.933  0.0015314  -0.000123216  0.000439797
262.748  442.757  0.00390171  -0.00217746  0.00405822
241.576  497.237  0.000377571  3.46467e-05  0.000755052
270.554  504.998  0.00202461  -0.000421589  0.000500569
266.132  434.28  0.00535796  -0.000810421  0.00132986
266.165  440.227  0.00454359  -0.000527314  0.00207052
259.809  423.947  0.00288983  -0.000447354  0.000656833
736.981  288.743  0.00509037  0.00137294  0.00128323
743.278  292.638  0.00377413  0.00115589  0.00150599
737.898  340.17  0.00237778  -0.000817166  0.00193063
71.0822  287.826  0.00251573  -0.00157591  0.00571438
66.993  298.112  0.00366938  -0.00207608  0.00728291
72.2391  300.118  0.0023275  -0.00199274  0.00676841
86.6181  331.929  0.000600742  -0.000135204  0.000541574
660.744  296.232  0.00117559  -0.00085227  0.00208113
668.921  303.682  0.00140471  -0.000981714  0.00144436
681.635  272.088  0.00271618  -0.00243855  0.00356268
676.804  258.251  0.00128397  -0.000822267  0.00122733
694.252  318.948  0.0109367  0.000794814  0.00178179
483.087  311.482  0.00290827  -0.00117591  0.00150675
181.116  291.403  0.000597769  -0.00042883  0.00168571
218.619  237.52  0.00218753  0.000436293  0.000565853
209.662  252.603  0.00145104  -2.75274e-06  0.00129738
203.141  265.275  0.00161139  -0.00164999  0.00663843
220.61  271.407  0.00168457  -0.00214651  0.00802116
215.191  250.594  0.00234229  0.000161327  0.00100715
213.529  237.117  0.00382854  0.000594128  0.000580544
205.297  263.875  0.00306336  -0.000721895  0.00482792
215.738  268.908  0.00280314  -0.00149492  0.00657643
195.329  272.114  0.000882492  -2.72478e-05  0.00198643
192.298  261.737  0.000665785  2.60758e-05  0.000878218
214.79  277.946  0.00875328  0.000438511  0.00109537
189.836  265.811  0.00141347  -0.00103589  0.00153335
192.037  242.44  0.000748225  -0.000176341  0.000355714
187.004  268.597  0.00200283  -0.00175668  0.00246919
186.1  278.611  0.000536653  2.03894e-05  0.000980588
182.042  284.13  0.00045701  -2.0736e-05  0.00153169
75.4776  258.344  0.00199971  -0.000473902  0.00217877
70.6362  254.543  0.00336119  -0.000210599  0.00173926
78.0034  249.451  0.00163016  -0.000139758  0.000966983
102.939  247.173  0.000398488  -0.000125662  0.000536644
52.5899  250.303  0.000685895  -0.000565125  0.0019038
66.0644  285.558  0.00173593  -0.00192954  0.00655099
71.5768  271.853  0.00262717  -0.000592708  0.00264961
73.4618  303.56  0.00306998  -0.00117141  0.00410279
73.7885  309.016  0.00272646  -0.000568914  0.00213453
73.7285  318.722  0.00253319  -0.000203363  0.000942092
65.5327  303.753  0.00140632  -0.000881291  0.0028905
52.8266  315.931  0.000588585  -0.000223132  0.000739618
73.0831  324.396  0.0023334  -0.000176946  0.000648986
68.4825  329.01  0.00151078  -0.000130398  0.000471274
204.631  268.622  0.00191163  -0.000881418  0.00772401
213.411  251.289  0.00289501  3.54681e-05  0.00146661
205.524  262.524  0.00363013  -0.00217948  0.0081076
462.956  289.692  0.00551693  -0.00235957  0.00217504
724.505  315.13  0.00192108  0.000757562  0.000681346
741.14  262.277  0.00578705  -0.00170331  0.00253726
737.117  260.589  0.00390255  -0.00148722  0.00201799
730.241  256.695  0.00460724  0.00166905  0.00264315
110.814  261.768  0.00224429  0.00105785  0.00165066
104.729  267.413  0.00161812  0.00072922  0.00222235
86.2748  273.721  0.000565009  0.000141175  0.00427315
107.354  286.291  0.00316584  -0.000649888  0.00137654
126.524  305.177  0.000742235  -0.000248812  0.000603483
127.699  316.657  0.00069184  -0.000160467  0.000354511
109.659  249.76  0.00292218  -0.00154422  0.00439564
110.823  241.298  0.00229583  -0.000560114  0.00158836
124.733  243.311  0.00642964  0.00342691  0.00362546
103.499  235.871  0.000726767  -8.37485e-05  0.00146432
107.976  217.571  0.000457291  0.000116044  0.00054366
401.966  247  0.00307711  0.00173042  0.0037276
416.935  220.85  0.000796686  0.000319047  0.000714198
394.577  283.119  0.00224405  0.00022313  0.00306292
403.937  280.018  0.00122911  0.00059723  0.00233884
718.179  229.193  0.00233937  -0.00121524  0.00117012
710.241  229.761  0.00118635  -0.000520445  0.000650615
699.874  238.778  0.000764698  -0.000503498  0.000927389
75.3062  260.448  0.00311183  -0.00363164  0.0110621
79.145  259.822  0.00215625  -0.00238803  0.0073036
82.9614  242.282  0.00119959  -0.000215252  0.000928515
94.8209  245.927  0.00062116  -0.000259273  0.000896998
55.0644  232.132  0.00168292  -0.000679955  0.000974502
48.091  229.15  0.00106278  -0.000521728  0.00090589
109.271  230.921  0.000385014  -5.82706e-05  0.000326351
71.6626  312.777  0.0032518  -1.86634e-05  0.000389314
203.75  269.911  0.00133256  -0.000117736  0.0015087
209.745  285.104  0.00325772  0.00040852  0.000684658
213.74  288.125  0.00197285  0.000191692  0.000589216
225.201  242.236  0.00619849  0.00129193  0.00252925
220.381  241.027  0.00295115  0.000463834  0.00220291
207.23  240.252  0.000933339  -9.9069e-05  0.00231935
222.164  244.616  0.00137424  -0.000172026  0.00294803
227.45  241.701  0.000962872  -0.000106155  0.00196964
200.924  241.501  0.00114112  -0.000159834  0.00295664
192.267  236.927  0.000624523  -0.000151193  0.00203995
113.487  238.748  0.00196846  -0.00185976  0.0052777
100.184  228.575  0.00670536  -0.000686821  0.00255345
116.119  233.548  0.00136475  -0.000803936  0.00233338
114.589  223.25  0.00135582  -0.000314706  0.000996473
104.13  216.116  0.00379266  -0.000152146  0.000798895
105.445  211.086  0.00325219  -9.17305e-05  0.000579272
110.822  210.624  0.00183318  -0.000118629  0.000509275
107.196  261.433  0.00321087  -0.00189096  0.00483405
126.074  301.857  0.000726416  -0.000170762  0.000367649
108.726  282.205  0.00275894  -0.00026552  0.000722254
97.9187  242.991  0.00141631  -0.00126138  0.00738916
84.5029  236.759  0.000628088  -0.000701688  0.00400983
104.085  241.904  0.00345258  -0.000822352  0.00496856
109.244  240.87  0.00198181  -0.000632476  0.00369167
103.275  236.719  0.00383217  -0.000343926  0.00253774
104.45  231.91  0.00332901  -0.00017113  0.00153653
110.758  230.214  0.00170603  -0.00016784  0.00120686
103.551  266.725  0.00449645  -0.00122379  0.00516786
107.417  265.672  0.00284058  -0.0014846  0.00705495
109.544  281.454  0.00229973  -0.000350301  0.00117489
111.297  222.275  0.00202008  -0.000135595  0.000696726
102.749  278.48  0.00596527  0.0033892  0.00357773
671.802  318.928  0.00128777  0.000214931  0.000252298
738.971  223.909  0.00266364  0.00214111  0.00347628
106.452  211.593  0.00279646  -6.35368e-05  0.00165666
108.25  209.671  0.0021286  -0.000153339  0.00131594
120.473  208.749  0.00792747  0.000644601  0.00101982
116.672  214.472  0.00469774  6.0588e-05  0.00161805
113.403  218.011  0.0015992  -0.000696087  0.00244317
104.338  212.462  0.00382231  -0.000426026  0.00183515
105.284  206.435  0.00341575  -0.000207431  0.00107935
109.532  207.481  0.00212673  -0.000248396  0.00105781
116.51  208.224  0.00119233  -0.000251692  0.0009568
104.454  198.266  0.00392061  -5.55378e-05  0.00064827
110.852  192.98  0.0019159  -6.63905e-05  0.000443779
103.941  268.491  0.00516103  -0.000199846  0.000625473
107.579  264.896  0.00312612  -0.000259404  0.000831763
111.693  256.878  0.00208829  -0.000524846  0.00170646
111.931  269.066  0.00195312  -0.000216242  0.000697
116.608  251.313  0.00160088  -0.00116196  0.00379475
117.338  255.196  0.00140276  -0.000739115  0.00241169
105.033  228.261  0.00310908  -7.48693e-06  0.00725167
108.003  209.767  0.00308718  0.000427477  0.00100182
98.0213  227.75  0.00150923  -0.000260171  0.00717655
80.1427  221.029  0.000459501  -0.000142807  0.00309139
114.038  214.571  0.00316958  0.000283597  0.00132303
99.1389  212.273  0.00082672  1.63047e-05  0.0011694
103.643  226.991  0.00376249  -0.000265932  0.00580387
117.905  226.715  0.000972662  -0.000292628  0.00471886
107.062  215.539  0.00257085  -6.49341e-06  0.00144686
107.567  198.295  0.00260321  6.19619e-05  0.000479803
103.747  264.864  0.00412917  -0.0003144  0.00115513
108.533  262.254  0.00224444  -0.000228106  0.00145569
102.619  269.429  0.00639782  -6.80562e-05  0.000824117
112.184  265.385  0.00184647  -8.27404e-05  0.00114736
213.658  247.927  0.0021256  -0.000695767  0.00334854
206.352  245.342  0.00131678  -0.000906053  0.00329387
192.825  244.741  0.000675686  -0.00060034  0.00203783
215.778  254.621  0.00277625  6.75479e-05  0.00186723
203.745  264.896  0.00116397  6.93866e-05  0.000677431
211.5  271.074  0.0026273  0.000488637  0.000676741
182.233  271.29  0.000399146  -1.72413e-05  0.000337647
209.455  254.948  0.0043392  0.000317605  0.00150462
213.477  246.75  0.00346877  -0.000753117  0.00385754
216.874  248.569  0.00240962  -0.000841809  0.00351972
219.296  259.312  0.00147689  -0.000193358  0.00130683
228.719  254.547  0.0010699  -0.000836481  0.00278262
210.738  246.122  0.0035016  -0.000525031  0.00375712
206.221  244.349  0.00224209  -0.000863595  0.00376892
199.622  255.204  0.0013885  -5.27996e-05  0.00108817
208.452  266.461  0.00445508  0.000846891  0.000864614
204.116  266.225  0.00255375  0.000401885  0.000711627
214.531  245.868  0.00500031  -0.000782191  0.00464054
219.571  282.936  0.00128985  0.000108952  0.000375108
189.439  250.126  0.000582572  -0.000617403  0.00267328
203.331  258.04  0.00105675  -0.000224815  0.00178277
205.856  268.697  0.00144969  0.000144673  0.000893551
214.841  274.373  0.00448686  0.00097576  0.000956841
215.457  260.623  0.00194913  -0.000152866  0.00190565
233.713  281.177  0.000468946  -8.09168e-05  0.000612741
210.254  260.171  0.00469017  0.00065129  0.0019484
181.683  253.39  0.000531604  -0.000316053  0.00156327
207.62  261.916  0.00344342  0.000443208  0.00155083
213.773  264.75  0.0109975  0.00230993  0.00187324
212.366  261.964  0.00408053  0.000313674  0.00163662
752.321  232.468  0.00433817  -0.000216117  0.002105
749.958  223.017  0.00231571  -0.000191273  0.00117244
366.102  248.908  0.00847006  -0.00268532  0.0031242
368.235  252.807  0.00640095  -0.00198883  0.00226976
370.815  247.558  0.00460231  -0.00287009  0.00487591
392.398  269.244  0.00103156  -0.000764094  0.00136498
208.255  243.211  0.00751049  0.000994743  0.00242152
214.289  238.537  0.00347416  -0.000250056  0.0045946
212.404  253.794  0.00293772  0.000368554  0.00104766
214.566  243.815  0.00290177  8.41296e-05  0.00240424
220.172  240.714  0.00181362  -0.000441247  0.0039186
228.249  255.637  0.000776682  -6.21497e-05  0.00105773
231.586  242.195  0.000869863  -0.000713083  0.00433268
233.2  249.901  0.000658984  -0.000241467  0.00182078
214.136  239.004  0.00396739  0.000105098  0.00438052
206.008  239.696  0.00169401  -0.00021876  0.00314658
217.677  244.028  0.00860635  0.00159093  0.00290491
212.474  243.005  0.0035576  0.000366908  0.00260815
185.004  239.064  0.000495043  -0.000304102  0.00208214
188.797  247.51  0.0005953  -7.38871e-05  0.00109129
211.629  255.057  0.00469501  0.000961838  0.00112997
216.732  241.65  0.00373717  4.5181e-05  0.00323401
215.779  257.597  0.0028511  0.000362474  0.000859597
227.377  276.715  0.000791386  7.68903e-05  0.00035487
235.846  266.47  0.000555864  -1.61649e-05  0.000593189
240.032  245.087  0.000665458  -0.000616158  0.00363524
174.207  236.339  0.000873048  0.000142139  0.000343067
53.9916  413.898  0.00350015  0.000255734  0.0006095
68.4845  430.711  0.000986244  -0.000662  0.00543048
54.5521  409.927  0.00290907  -0.000248351  0.000813212
362.418  242.232  0.00329202  -0.00295077  0.00592901
363.197  247.31  0.0027136  -0.0015491  0.00299217
372.463  256.601  0.00694858  -0.00123072  0.00179131
365.11  252.649  0.00282624  -0.00102384  0.00185136
370.415  259.05  0.00484374  -0.000892939  0.00132384
372.089  268.918  0.00556705  -0.000650669  0.000715579
399.554  262.194  0.0044327  -0.000711204  0.00142401
417.914  246.865  0.00826543  -0.00104428  0.00132114
420.941  259.039  0.00520147  -0.00106033  0.000856277
414.938  250.316  0.0059014  -0.00142205  0.00134168
547.445  394.079  0.00209092  0.00106354  0.00196952
546.067  400.711  0.00243158  0.00114127  0.00139606
499.744  291.211  0.00831886  0.000785539  0.00220384
92.5506  224.202  0.00107824  -0.000772388  0.00560924
104.986  235.123  0.00357017  0.00026029  0.00191716
86.0641  237.892  0.000733432  -7.04817e-05  0.00112654
70.9727  245.216  0.000366519  -4.16247e-05  0.000600812
71.1875  256.888  0.000392564  5.11599e-06  0.000349741
112.693  206.369  0.00567999  0.000565928  0.0022226
108.381  202.188  0.00282303  0.000206056  0.00156474
104.787  262.601  0.00210577  0.000191188  0.000366536
122.475  205.762  0.000901744  -0.000949335  0.00592815
104.356  190.914  0.00410579  -8.82459e-05  0.00144294
117.484  184.783  0.00111465  -8.90662e-05  0.000784593
121.972  169.082  0.00115872  3.88453e-05  0.000347158
110.968  240.121  0.00210413  -0.000214852  0.00128288
111.804  234.618  0.00195917  -0.000357821  0.0021525
112.457  245.365  0.00181158  -0.000149306  0.000887897
113.214  255.987  0.00168086  -8.27437e-05  0.000485073
80.3492  235.981  0.000480897  -0.000485087  0.00334723
115.272  205.473  0.00327614  8.92727e-05  0.0018704
114.617  202.504  0.00133558  -0.000177097  0.00141119
108.41  193.9  0.00242849  -4.0422e-05  0.000808977
115.343  194.074  0.00127598  -7.51554e-05  0.000761466
116.921  243.392  0.00128421  -0.000439471  0.00274516
616.189  249.246  0.000632556  0.000265208  0.000895855
453.671  244.09  0.00260065  0.00146973  0.00143316
503.403  206.598  0.00210437  0.000619597  0.00100049
496.717  205.657  0.00579068  0.00255112  0.0027897
498.798  241.683  0.00998542  -0.00145123  0.00172018
500.361  239.798  0.0076758  -0.000881486  0.00122455
478.377  268.694  0.00268773  0.000153078  0.00145018
483.796  274.426  0.00238147  -0.000540262  0.00110433
465.839  271.774  0.00451783  0.00223749  0.00263804
473.717  273.941  0.00381844  -9.17335e-06  0.00135285
470.987  279.063  0.00265956  0.00027351  0.00107141
473.71  287.894  0.00203201  -0.000119029  0.000667261
481.105  287.302  0.00369491  -0.00100143  0.00085111
474.667  273.786  0.00255193  0.000454439  0.000665333
481.55  282.465  0.00138909  -2.75961e-05  0.000440764
43.9986  223.694  0.0101699  0.000582497  0.00215691
49.7086  244.186  0.00297092  0.000183647  0.000535484
56.3911  229.491  0.00169622  -5.64145e-05  0.00143723
77.1889  255.287  0.000399848  -1.75436e-05  0.000368581
49.4774  252.658  0.00279348  0.000192109  0.000367177
29.6029  218.757  0.00780711  -0.000562796  0.00288227
107.429  209.618  0.00187247  0.000672634  0.00919785
105.973  210.309  0.00134702  0.000552785  0.00807425
119.296  221.749  0.00843062  0.00107197  0.00174399
721.238  218.182  0.00130755  0.000742502  0.00344556
721.64  228.499  0.00301758  0.00228617  0.00294285
695.458  232.959  0.000529054  0.000347573  0.000981717
706.917  239.457  0.00160512  0.00122298  0.0015049
302.981  237.407  0.00469799  0.00294424  0.00318037
299.237  250.73  0.00201495  0.00112623  0.00123311
307.009  246.196  0.00242062  0.000781852  0.000981433
309.307  251.177  0.00100221  0.000411264  0.000711292
720.965  221.282  0.000454191  -0.000322082  0.00192355
726.774  241.122  0.000441421  -0.000177378  0.00053598
752.451  235.155  0.00694449  0.000484922  0.000912175
623.563  182.024  0.00838579  -0.00405698  0.0035317
620.268  183.629  0.00429394  -0.0017266  0.00214874
616.737  203.858  0.00297963  0.00266527  0.00523957
657.274  237.154  0.00343639  -0.00380153  0.0100364
657.368  188.082  0.00120275  -3.46841e-05  0.000524909
666.117  185.08  0.00128811  0.000160421  0.000440975
539.576  238.44  0.000580453  -1.43962e-05  0.000647627
407.939  201.759  0.011187  0.00165439  0.00221669
396.447  189.123  0.00294747  -0.000571012  0.000758123
388.963  178.322  0.002135  -0.000686294  0.000596292
391.405  191.733  0.00190726  -0.000254071  0.000470614
405.129  196.769  0.00576291  0.00082198  0.00079168
182.005  211.666  0.000705843  -0.000503683  0.00379081
185.664  220.017  0.000620403  -0.000281402  0.00158646
193.175  235.661  0.000495249  -0.000161725  0.000585695
187.127  209.215  0.00229955  -0.000225629  0.00610781
173.704  207.959  0.000837981  -0.000545769  0.00539235
185.565  209.575  0.00146851  -0.00033296  0.00551395
529.366  206.262  0.00129442  0.00105459  0.00600887
540.918  235.205  0.000535626  -0.0002331  0.000647745
307.621  260.145  0.00195749  0.000280178  0.000332884
358.183  219.05  0.00237124  -0.000567616  0.000805645
353.494  211.004  0.00243686  -0.000761652  0.000667446
345.554  193.187  0.00315916  -0.000112081  0.000924554
355.982  216.333  0.00337374  -0.000643216  0.000867858
344.364  192.368  0.00501055  -0.000490922  0.00111523
114.739  189.516  0.00180247  0.000565179  0.00716632
115.35  196.423  0.00281072  0.00327597  0.0122158
114.189  213.984  0.00234697  0.000576907  0.00125951
112.488  210.535  0.00283626  0.000744914  0.00174778
109.416  228.223  0.00246764  0.000417797  0.000567312
50.2045  197.559  0.00430972  0.000612927  0.00195779
51.4194  204.384  0.00535866  0.000455996  0.00107295
84.0338  204.88  0.00188197  0.000145724  0.000720275
83.5893  215.871  0.00187901  0.000115294  0.000408017
378.487  209.293  0.00240876  4.99708e-06  0.00226285
377.763  202.954  0.00248885  -7.18213e-05  0.00126077
376.447  209.35  0.00480018  -0.00135126  0.00116272
270.285  222.246  0.00214888  0.000134627  0.000554889
280.751  206.881  0.00549429  -0.00264919  0.00229017
68.8657  198.327  0.00173936  0.000184978  0.0012529
54.6901  173.521  0.000626828  -0.00032434  0.00350157
126.174  179.809  0.00063106  9.46873e-05  0.0046596
381.761  187.872  0.00297778  0.000609609  0.000605234
389.015  215.4  0.001335  0.000150271  0.00567311
378.247  215.663  0.00421091  -0.000432147  0.00532853
384.268  209.746  0.0018187  -0.000169243  0.00254273
386.881  205.567  0.00134226  -0.000137545  0.00170136
372.476  204.257  0.00769008  -0.00137343  0.00162934
105.004  273.952  0.00433884  -0.000132813  0.00392784
106.139  274.598  0.00225984  -0.000673763  0.00441763
112.382  254.522  0.000892183  -0.000234104  0.000737697
112.794  248.358  0.000789013  -0.000203342  0.000535955
124.811  247.279  0.000409231  -0.000111881  0.00048038
73.2716  331.515  0.00869641  0.00181794  0.00251368
76.4106  323.073  0.00642367  0.00201175  0.00176572
68.7572  329.405  0.00607722  -0.000621605  0.00201408
161.521  158.769  0.00708209  0.000714429  0.00214738
416.422  250.159  0.00394806  -0.000876329  0.00113673
437.649  311.53  0.00146238  3.83842e-05  0.000197237
541.873  214.107  0.00140344  -0.00109817  0.00137315
524.796  141.873  0.00120241  -0.00012912  0.000624745
643.514  329.217  0.000962697  -0.000830016  0.0074036
646.302  315.768  0.000277847  -0.000276907  0.00191233
385.985  170.272  0.00430063  0.000525818  0.00469069
384.984  191.288  0.00324623  -3.56198e-05  0.000692856
376.65  201.899  0.0013306  6.65077e-06  0.000423915
384.528  205.725  0.00283392  -7.07834e-05  0.000343543
384.374  198.536  0.00288265  -7.52527e-05  0.000885213
379.707  200.548  0.00173876  -3.12237e-05  0.000788284
377.156  157.333  0.00351069  -0.00249544  0.00312913
373.055  155.209  0.00281856  -0.00218175  0.00274972
377.502  178.655  0.00189454  -0.000514116  0.00057959
392.492  172.792  0.00330792  -0.00140121  0.00394462
399.809  177.65  0.00652317  -0.00344431  0.003651
400.317  180.752  0.0052567  -0.00278555  0.00288184
619.726  161.178  0.00500211  0.000123992  0.000931663
385.87  187.337  0.00608074  -0.000353487  0.000911617
401.159  174.261  0.00240687  -0.00271962  0.00604282
385.442  197.969  0.00490086  -0.000341501  0.0009419
384.794  208.852  0.0039062  -0.000285593  0.00051062
393.47  152.859  0.00178687  0.00155451  0.00441074
322.111  142.439  0.00417822  0.00136351  0.00265394
295.037  132.976  0.00111567  -0.00115874  0.00256201
299.616  120.64  0.000546891  -0.000222549  0.000835439
291.537  146.117  0.000552361  -0.000412591  0.0035576
292.929  169.853  0.0025329  -0.000446626  0.000799431
59.0312  177.916  0.000644369  -0.000745936  0.0026387
74.5585  192.051  0.000523644  -0.00051664  0.00116221
69.8357  147.487  0.0013837  0.000631964  0.00593167
576.056  164.466  0.00129473  0.000185506  0.00031697
526.049  154.573  0.0040677  -0.00409219  0.00750286
522.63  144.452  0.00241655  -0.00143677  0.00230192
368.349  162.294  0.00454655  0.00388037  0.00818366
373.549  165.819  0.00177519  0.00157803  0.00417981
372.165  173.66  0.00118388  0.0010096  0.0021183
366.327  180.793  0.00120878  0.00099353  0.00157934
366.835  167.482  0.00326608  0.00216562  0.00316481
355.025  174.512  0.00466058  0.00280293  0.00301709
361.903  167.134  0.00324916  0.00207764  0.00401168
357.335  184.886  0.00172913  0.0010496  0.00126882
426.107  139.989  0.00056133  0.000394354  0.00289619
437.297  128.598  0.00086505  0.000248271  0.000462772
38.175  137.716  0.00326172  0.00225711  0.00638006
126.477  148.923  0.00109938  -0.000316882  0.00252529
134.964  119.208  0.00110014  0.000300965  0.000451155
162.06  144.797  0.00596441  0.00101461  0.00215692
163.038  150.741  0.00514187  0.00076706  0.00230113
168.696  156.584  0.00340064  0.00181905  0.0036536
164.791  149.824  0.00400321  0.000548452  0.00143038
133.638  208.597  0.00648914  0.000157113  0.000777131
127.667  212.129  0.00338059  0.00032237  0.000473839
127.583  331.46  0.000607185  -7.51879e-06  0.000431905
96.0657  301.499  0.00513883  0.00283198  0.00590282
313.695  150.598  0.00258695  0.00293174  0.0120043
294.763  177.15  0.00165897  0.00105219  0.00129927
166.491  118.64  0.000665151  0.000186203  0.000338062
272.947  126.26  0.00170045  0.00116731  0.00239759
657.318  150.774  0.00277242  -5.04143e-05  0.000438516
618.704  169.629  0.00236991  -0.000392026  0.00245502
633.074  161.074  0.00464532  -0.000860541  0.0020364
619.706  160.941  0.00129531  3.13154e-05  0.00103962
609.592  208.178  0.00159978  0.00197403  0.00494679
618.293  210.171  0.00129272  0.000580436  0.00244969
618.174  218.034  0.000853512  0.000173206  0.00129707
618.043  230.922  0.000527069  2.75644e-07  0.000638266
620.096  240.539  0.000425206  -5.58038e-05  0.000429462
626.571  163.06  0.00444905  7.75784e-05  0.000925308
629.228  160.256  0.00309401  0.000183847  0.000843481
642.816  152.151  0.00110506  0.000406746  0.000826401
489.643  132.285  0.00230818  -0.00120227  0.00149563
458.533  112.642  0.000839139  -0.000180201  0.000907014
451.889  120.089  0.000591818  0.000108134  0.000801582
295.268  118.787  0.00145781  -0.00187125  0.00545819
588.176  116.482  0.00591373  -0.000598759  0.0026183
590.021  114.343  0.00636294  -0.00192082  0.00376722
592.516  122.353  0.00344439  -0.000993788  0.00200505
593.752  132.044  0.00205214  -0.000395479  0.00104827
598.529  123.293  0.00361211  -0.00232619  0.00305824
644.507  105.383  0.000576613  -0.000152259  0.000620947
281.515  123.828  0.00100351  0.000307304  0.00255379
281.068  128.449  0.000679065  0.000336031  0.00158992
524.75  102.635  0.00318429  0.00177307  0.001706
533.632  90.6654  0.00172295  0.00158077  0.00279964
534.217  90.6504  0.00347575  0.00268502  0.00343014
474.032  103.562  0.00155004  -0.000574673  0.00117019
483.489  100.386  0.00381417  -0.00147667  0.00132639
534.387  131.858  0.00198908  -0.000557076  0.00075913
537.907  140.88  0.00204809  -0.000729277  0.000663674
462.812  145.07  0.00140122  0.00145262  0.00707951
484.889  129.789  0.000526052  0.000416712  0.00155863
481.327  117.935  0.000863215  0.000479225  0.000809579
58.1621  66.4234  0.00618829  0.00110099  0.00123689
57.5161  89.3111  0.0134584  5.58756e-05  0.00155815
775.118  90.5848  0.00769597  -0.00173509  0.00204621
774.922  78.594  0.00500508  -0.000458797  0.00083518
605.294  101.931  0.00233103  -5.0995e-05  0.0010404
606.974  113.443  0.00178507  2.05365e-05  0.000532311
630.585  112.143  0.000431178  -0.000136592  0.00075671
524.982  143.128  0.00163274  -0.000882367  0.00174994
532.478  149.025  0.00249072  0.000805304  0.00592914
529.519  154.188  0.00180979  0.000399925  0.0029695
528.399  157.595  0.00161783  0.000275547  0.00206217
529.277  157.464  0.00230248  0.00222765  0.00373111
534.53  101.364  0.00313596  0.00268856  0.00680373
496.434  61.3306  0.00195956  0.000317374  0.000782078
639.636  70.1834  0.000836455  -0.000876394  0.00602181
510.851  62.2596  0.00580278  0.00237617  0.00258715
488.828  54.1061  0.000815099  -0.000105656  0.000717518
740.84  195.501  0.00106871  0.000307518  0.00135609
616.207  186.962  0.0042466  0.00274416  0.00522801
633.377  169.359  0.00129101  0.00116098  0.00207448
583.226  137.399  0.00252557  -0.000156343  0.00446263
582.429  140.729  0.00672492  0.00339481  0.00473595
542.472  147.974  0.000361477  0.000118088  0.0012222
543.056  154.705  0.000432822  0.000183138  0.000836115
538.96  165.205  0.00046336  0.000219818  0.000538078
585.785  114.705  0.00104142  -0.000133591  0.00872575
580.632  109.023  0.000639783  3.22272e-05  0.00362929
589.847  132.446  0.00184202  -0.000281905  0.012745
586.909  137.243  0.00157482  0.000153985  0.00486615
553.301  99.0183  0.000314773  0.000114963  0.000811518
586.263  81.63  0.00179692  0.000157549  0.00727173
562.199  85.6883  0.000513287  1.48091e-05  0.00218434
592.683  103.136  0.00244313  0.000559168  0.00100708
591.027  111.449  0.00221086  0.000559566  0.000685855
599.006  90.8786  0.00195892  2.36276e-05  0.00259559
602.998  84.2574  0.00188304  -0.00111306  0.00727676
594.302  114.089  0.00150251  0.000353823  0.00057751
598.809  101.21  0.00145658  0.000213185  0.00110643
687.155  125.77  0.000534588  0.000369795  0.00218658
680.723  121.355  0.000340313  0.00023418  0.00147535
714.29  113.372  0.00227891  0.00111656  0.00127107
687.377  129.738  0.000562582  0.000235501  0.00305223
681.141  135.936  0.000483319  0.000370255  0.00322554
621.509  227.374  0.000836702  0.000174051  0.000981717
553.691  116.56  0.000456971  1.77177e-05  0.00266196
512.251  100.032  0.00872942  -0.00281678  0.00312789
486.626  76.2186  0.00314386  -0.000162515  0.00415968
480.054  75.7622  0.00187524  -8.06325e-05  0.00248682
472.65  77.7743  0.00118734  0.000177159  0.00165388
412.274  58.2596  0.00146197  0.000406143  0.000490866
425.244  30.9273  0.00173748  -0.000623337  0.00225195
439.254  44.1591  0.000721063  -0.000488561  0.00128136
284.031  81.466  0.00101654  0.000557437  0.000882207
360.028  601.583  0.000747291  0.000125384  0.00212375
347.089  599.323  0.000381975  -5.1008e-05  0.00191641
377.324  604.895  0.000980852  0.000199428  0.00239231
341.411  595.221  0.0010854  5.96802e-05  0.00146942
334.513  588.138  0.00236915  0.000617361  0.00117347
329.506  582.268  0.000369424  -0.000243834  0.000688657
191.753  582.464  0.00297273  0.00083175  0.000779459
590.867  585.913  0.00282706  0.000192294  0.00179029
531.587  549.616  0.000694303  -0.000564374  0.00236075
527.786  560.059  0.000631974  -0.000535571  0.00274343
614.599  512.088  0.000667177  9.45528e-05  0.000275173
596.54  520.366  0.0012016  -6.75487e-05  0.000386886
593.808  544.105  0.0010211  -0.000306775  0.00180561
137.707  560.165  0.00389002  -0.0021252  0.00250821
431.775  560.217  0.00194776  -0.000338875  0.00143849
438.77  560.705  0.0011023  -0.000317158  0.00153225
446.055  558.772  0.000718158  -0.000395391  0.0020795
434.39  543.04  0.00143293  0.000162752  0.00143951
430.436  533.884  0.00194832  2.48012e-05  0.000718281
133.853  519.586  0.00341466  -0.00190404  0.00234455
137.021  514.649  0.00152698  -0.00100825  0.00132911
154.758  522.681  0.000748722  -0.000714256  0.00120167
149.225  564.063  0.00247075  -0.00176309  0.00269501
353.972  507.222  0.0028279  0.00079911  0.00127966
362.09  510.709  0.00134249  0.00011932  0.000789572
377.182  514.676  0.000614728  -7.75171e-05  0.000454077
353.591  513.552  0.00192814  -0.000228226  0.0010876
388.363  513.139  0.000379602  -0.00010283  0.000263477
538.193  528.928  0.000708495  -0.000596787  0.0028447
384.91  506.922  0.00274065  0.00165169  0.00307205
363.035  508.964  0.00108648  2.8927e-05  0.00337542
357.631  494.726  0.00350508  0.00169296  0.00188972
379.025  505.242  0.000404015  -0.000121254  0.00163763
479.079  504.654  0.000172804  3.29777e-05  0.000566183
506.951  489.143  0.000203891  4.69746e-07  0.000218946
482.408  522.672  0.00107064  0.000786619  0.0025462
125.289  507.171  0.00186944  -0.00090042  0.00178095
734.546  475.863  0.00168828  -0.000890028  0.000862264
341.892  519.961  0.000373315  4.77036e-05  0.000316719
427.091  460.512  0.00159723  0.000260761  0.000236148
214.348  462.861  0.000309653  -0.000384184  0.00146161
267.501  477.237  0.00173271  -0.000963908  0.00198413
373.869  519.497  0.0038037  0.00209759  0.00226089
311.307  510.946  0.000274996  0.000149046  0.00108981
324.421  516.766  0.000594849  0.000391088  0.000985226
597.647  493.25  0.00131239  -3.84937e-05  0.000187755
567.073  433.242  0.00109202  -0.000516026  0.000511532
26.7462  509.878  0.00356656  5.69318e-06  0.0010859
366.178  523.864  0.000517994  0.000248482  0.000660696
360.053  500.399  0.00118971  0.000294295  0.00329692
360.747  505.516  0.000978274  0.000280346  0.00193179
368.833  528.697  0.000385123  0.000124886  0.000465495
359.543  509.274  0.00129522  0.000662802  0.00119169
367.3  526.999  0.00045051  0.000229229  0.000462811
372.454  532.129  0.000312732  0.000110367  0.000320994
400.012  459.138  0.000247045  0.000162102  0.00206271
405.59  432.574  0.00051235  0.000433063  0.000735557
352.57  439.143  0.000423431  -0.000341866  0.00076648
164.276  528.874  0.000284105  -0.000265063  0.000684771
232.451  470.117  0.000529753  -0.00058763  0.0032291
255.304  500.063  0.00119216  -0.000352002  0.000510247
511.757  496.113  0.000246112  -0.000127148  0.000344791
490.32  499.038  0.000431012  0.000310758  0.000895268
72.2027  397.455  0.000279825  -2.63579e-05  0.00017274
132.509  421.291  0.00049015  -3.19339e-05  0.000260138
127.951  409.426  0.0004015  -2.3841e-05  0.000177649
351.036  432.821  0.00178241  0.000338644  0.000490803
354.416  433.832  0.000765636  -0.000100641  0.000249413
150.569  403.867  0.00117487  5.13428e-05  0.000516973
134.403  406.667  0.00140654  -0.000464197  0.000671265
136.401  424.643  0.00175816  -0.00130733  0.00252326
125.822  419.308  0.00113343  -0.00116782  0.00237954
145.588  432.719  0.00190851  -0.001907  0.00409755
120.422  397.89  0.000415893  -0.000269412  0.000569134
107.068  383.469  0.00223154  -0.000527746  0.00186012
96.2122  384.457  0.00158446  -0.00154231  0.00361437
95.2548  365.048  0.000768056  -0.000216075  0.000707863
96.3353  344.317  0.000595817  -2.84909e-05  0.000275818
432.984  396.499  0.000263187  -0.000295025  0.00172925
150.808  412.926  0.00227349  -0.000907667  0.000937531
416.064  370.573  0.000231019  0.000199757  0.00105791
337.87  422.41  0.00246686  0.00101335  0.000953034
489.214  390.693  0.000229483  -5.75092e-05  0.00023866
467.713  360.401  0.000884782  -0.000643876  0.00179764
582.256  391.385  0.000233229  0.000298262  0.00122727
592.758  394.597  0.000389789  0.000433681  0.00113781
577.654  398.817  0.000252858  0.000291334  0.0008791
579.331  407.896  0.000379368  0.000397418  0.0007597
259.97  501.904  0.000558841  -0.000249249  0.000481545
270.754  508.493  0.000924713  -0.000362239  0.000442414
264.216  435.577  0.00583691  0.000810771  0.000814051
263.81  441.39  0.00468462  0.000560516  0.00062099
260.57  447.788  0.00189274  0.000367535  0.00291972
256.624  419.053  0.001914  -0.00039961  0.000571146
401.425  344.648  0.0017785  0.000546087  0.00121826
263.566  409.713  0.0011262  0.00017442  0.00186597
260.799  405.053  0.000867906  7.26794e-05  0.00119558
245.966  377.159  0.00149254  -0.000298734  0.000322424
349.116  448.277  0.000803398  -7.13585e-05  0.00021107
356.673  385.233  0.000463132  0.000554732  0.00155644
350.992  375.818  0.000275006  0.000304819  0.000780285
596.116  409.404  0.00171947  0.000318614  0.000269121
69.757  398.043  0.00586836  -0.000227166  0.000704545
445.053  270.814  0.000711309  -2.223e-05  0.000140046
653.667  342.368  0.00109658  -0.00100069  0.00461172
665.232  340.473  0.000489486  -0.00033176  0.00343407
64.9361  402.18  0.000468279  -8.05064e-05  0.000491939
111.083  338.006  0.00127467  -0.000731456  0.0013908
102.998  374.15  0.00107736  0.000406865  0.000477139
249.644  493.735  0.000561608  -0.000224066  0.000616869
263.196  479.167  0.00361337  -0.00129219  0.00221924
146.374  311.012  0.00373246  0.00101678  0.00178021
401.005  342.269  0.000313753  -5.37623e-06  0.000221184
412.023  357.022  0.000548188  0.000146575  0.000266922
426.958  297.706  0.00113381  -0.000253061  0.000227488
413.278  329.855  0.000510819  3.99976e-05  0.000119408
492.759  367.97  0.00140534  0.0004348  0.000437711
536.344  256.863  0.000632541  9.19121e-05  0.000226865
405.632  339.086  0.00567946  0.0020514  0.00165237
390.478  352.534  0.00157735  0.000598827  0.000685852
421.507  413.422  0.00106828  -1.38785e-05  0.000121205
390.768  360.007  0.000313551  -2.81062e-05  0.000375722
446.351  342.144  0.00037143  0.000271965  0.000692879
438.637  356.572  0.000366506  0.000235225  0.000418728
207.998  344.402  0.00194387  0.000241942  0.00062593
75.1852  331.838  0.00110042  -0.000877989  0.00369605
81.1533  338.058  0.000680752  -0.000586826  0.00235818
588.732  379.401  0.00125857  2.11308e-05  0.000226876
594.483  364.311  0.00178306  -0.000307273  0.000398896
581.722  393.568  0.00119594  0.000179459  0.000178969
217.929  469.354  0.000567437  -0.000471633  0.00132225
221.457  470.442  0.000518363  -0.000604004  0.00209073
406.386  346.406  0.00168445  0.00117085  0.00133275
437.492  353.946  0.000242517  0.000200832  0.000453558
414.705  277.376  0.00180874  0.000441446  0.000807976
324.72  273.887  0.000512265  -0.000133034  0.00023009
195.934  281.346  0.00199805  -0.000419223  0.00113839
175.185  283.666  0.000324086  8.55323e-05  0.00111062
95.6466  252.34  0.000495714  -7.16736e-05  0.000268439
112.008  256.901  0.000269634  -8.08426e-05  0.000250319
72.2524  256.74  0.00152657  -9.28953e-05  0.00047772
74.6148  311.686  0.00310152  6.21951e-05  0.000429332
400.994  277.227  0.00175687  0.00170356  0.00455141
649.169  211.764  0.00041942  -0.000207872  0.000280408
533.316  257.199  0.000426877  6.62014e-05  0.000256574
89.2955  272.612  0.00179244  -0.00179453  0.0034381
109.535  233.487  0.000417159  -4.17469e-05  0.000192523
85.4156  340.407  0.00105305  -0.000133837  0.000261598
89.8578  339.792  0.000538903  -0.000133044  0.000296005
73.055  253.861  0.00245051  -0.000761655  0.00127719
66.5668  269.763  0.00211166  -0.00109925  0.00264704
60.1431  265.904  0.00132748  -0.000794847  0.00208048
70.1133  319.68  0.00479807  -0.000147645  0.000795202
73.144  269.656  0.00205883  -0.000416241  0.00210068
80.2918  266.831  0.00115507  -0.000281908  0.00135857
59.6372  314.441  0.000820717  0.000139204  0.00113326
74.9709  309.54  0.00278983  -0.000350235  0.00196964
74.8546  320.593  0.00289748  -3.58235e-05  0.000822923
69.31  270.298  0.000509246  -0.000430756  0.00265494
78.793  253.794  0.00414371  -0.000246639  0.000584195
70.1673  260.561  0.001607  -0.000305009  0.00102507
743.164  297.051  0.00455814  0.00248547  0.00260272
746.145  255.004  0.00475639  0.00163926  0.00164232
457.264  268.869  0.00147531  0.000728232  0.00124677
447.651  356.824  0.00102785  0.000362519  0.000290181
489.985  299.753  0.00498544  -0.000250913  0.00103514
271.974  298.643  0.00109509  -0.000275534  0.000402863
477.929  290.478  0.0033689  -0.000312873  0.000484302
447.551  322.512  0.000919768  0.000454659  0.000425064
415.692  185.691  0.000847671  5.68579e-05  0.000239075
401.048  170.913  0.000541184  -0.000119362  0.000200115
657.881  313.645  0.00137152  0.000520779  0.000509605
511.774  204.964  0.00189017  0.00022427  0.000257033
473.861  272.507  0.00271513  0.000924276  0.00124296
190.68  246.852  0.00102136  -0.000929734  0.00177049
503.475  295.135  0.000274347  0.000171858  0.000440872
531.946  188.261  0.000607782  -0.000534432  0.00107365
533.241  179.458  0.000446299  -0.00026585  0.000595761
537.561  157.578  0.000318274  -5.82971e-05  0.000225073
529.845  172.278  0.000360064  -0.000199082  0.000457212
221.065  225.891  0.000460926  -0.000204623  0.001425
221.806  238.256  0.000439274  -9.58638e-05  0.000615082
224.177  221.202  0.000417278  -0.000323599  0.00232684
227.935  243.4  0.000338678  -7.59527e-05  0.000489528
234.845  234.309  0.00026616  -0.000124441  0.000869939
717.403  215.625  0.00110662  0.000784028  0.0050991
688.605  221.508  0.000363306  0.00024564  0.00172645
306.661  272.145  0.000739598  0.000162348  0.000220833
302.597  251.601  0.00217008  0.000570587  0.000708976
297.731  259.983  0.0016155  0.000555289  0.000607675
585.07  258.795  0.000334274  -0.000100793  0.002443
567.809  238.051  0.000318018  -0.000220243  0.000677936
553.077  228.357  0.000244805  -0.000174662  0.000454047
673.806  215.792  0.000382282  0.000174867  0.000373321
680.456  196.468  0.00045416  0.000443469  0.000858566
619.799  224.926  0.000923022  0.000163222  0.00152944
236.607  244.325  0.000611284  -8.014e-05  0.00029532
288.946  142.562  0.000672304  -0.000240851  0.000333679
195.914  150.494  0.000401323  -2.02327e-05  0.000334765
189.777  155.682  0.000522544  0.000116011  0.000493016
524.819  238.383  0.00108052  0.000623807  0.000963051
557.634  256.149  0.000388061  -0.00018017  0.000441529
504.78  246.407  0.000415792  0.000376514  0.000780486
525.433  242.452  0.000346996  0.000100989  0.0005909
542.345  210.174  0.00190167  -0.000182988  0.00231414
553.107  218  0.00197693  -0.00119414  0.00187244
559.853  228.223  0.00153206  -0.00106577  0.00137654
246.69  218.874  0.0045793  0.00119955  0.000977017
126.966  229.037  0.00442049  0.00179499  0.00182261
188.026  202.842  0.000558011  0.000342512  0.000646461
191.49  197.891  0.000473117  0.000252508  0.000442281
118.163  225.909  0.000697486  7.37818e-05  0.000243583
58.2821  203.826  0.000974858  0.000272644  0.000776002
378.394  221.581  0.00130918  0.000411232  0.000443754
387.222  227.81  0.000631195  0.000159242  0.000315575
390.481  203.391  0.00228592  0.000457365  0.000372171
377.089  216.597  0.00159527  0.000830297  0.000852769
394.07  229.772  0.000377189  0.000133468  0.000352182
408.385  228.149  0.000245895  3.15888e-05  0.000362349
369.576  211.803  0.00146517  0.000738618  0.00083068
378.677  216.902  0.000654273  0.000267607  0.000520115
389.458  224.619  0.000331563  9.33802e-05  0.000364827
63.4751  201.84  0.000876103  0.000275653  0.00119719
566.116  144.62  0.000998501  7.94955e-05  0.000305392
534.886  213.802  0.000613903  -0.000532423  0.00114143
545.297  227.109  0.000566867  -0.000497637  0.000788403
532.612  126.419  0.00228731  5.73013e-05  0.000283101
526.314  111.693  0.00124104  3.1504e-05  0.000172267
401.27  264.617  0.000964233  0.000420655  0.000361283
71.662  171.61  0.00137718  -0.00025156  0.00318215
123.815  179.407  0.00119863  -0.000904678  0.00407616
739.672  196.651  0.000988742  0.000508034  0.00219635
749.739  151.933  0.00158508  5.07271e-05  0.000277208
744.215  178.247  0.00117618  -0.00012154  0.0011186
737.671  200.45  0.000897101  0.000369063  0.00102831
717.807  251.388  0.000427998  -1.65367e-05  0.000303186
378.239  229.381  0.0013675  -6.4423e-05  0.000193738
368.791  164.375  0.000823629  -0.000720533  0.00402974
369.13  190.312  0.00072511  -8.83278e-05  0.000494903
290.12  182.533  0.00125435  0.00081322  0.00302429
65.371  149.752  0.000856746  -0.000206217  0.00684311
362.682  167.815  0.00287343  0.00164856  0.00264623
649.625  148.754  0.000977115  0.000425354  0.000681066
671.585  134.719  0.00107221  0.000668902  0.000856748
510.539  112.039  0.000465708  0.000539745  0.00129201
507.588  114.864  0.000445935  0.000412745  0.000849755
497.046  132.569  0.0025723  -0.00111997  0.00148264
496.642  131.429  0.0017718  -0.000458841  0.00106151
183.532  285.949  0.00128677  -0.000939477  0.00142374
215.185  265.454  0.0031395  -0.00024833  0.00137233
234.694  280.237  0.000885656  -0.000528503  0.00104292
278.164  124.106  0.0016992  0.000652314  0.00269047
273.626  134.296  0.000776614  0.000610953  0.00139859
264.965  102.333  0.000960227  -0.00109883  0.00278642
180.789  239.479  0.00110036  -0.00114406  0.00196596
205.845  262.37  0.00285466  -0.000247875  0.00109601
61.1313  182.833  0.000791198  0.000228981  0.000210994
75.3371  148.17  0.00227099  0.000703215  0.000627303
508.702  106.343  0.00036703  0.000369641  0.000841769
479.473  143.708  0.00066134  -1.89996e-05  0.00043608
483.149  135.12  0.000823054  7.12241e-06  0.000489929
547.748  89.7573  0.00050458  0.000193733  0.000484706
181.556  112.449  0.00504917  0.00161031  0.00150948
600.412  99.9559  0.00229512  0.000580544  0.00150055
560.51  85.5313  0.000329793  -0.000287119  0.000969249
596.349  101.773  0.00169357  0.000402712  0.00115947
599.546  110.106  0.00342931  0.00134423  0.00127236
584.741  120.078  0.00125335  0.000457291  0.00053417
549.699  111.086  0.000223661  -2.79612e-06  0.000266982
555.514  92.3102  0.00053485  0.000329067  0.000637995
521.805  112.993  0.000534567  -0.000485742  0.00199044
539.772  87.3907  0.000261424  8.34034e-05  0.000440433
529.274  117.574  0.00164707  -6.33245e-05  0.000291135
575.77  164.241  0.00138525  0.000241632  0.000264258
582.598  161.01  0.000916873  0.000214294  0.000242906
528.41  151.175  0.00216532  -0.00140585  0.00365406
524.864  156.457  0.00146612  -0.000653551  0.0017247
537.087  91.1428  0.000241827  0.000165353  0.000555868
554.695  92.1509  0.000461044  0.000457072  0.000854256
129.247  138.929  0.00107035  0.000219516  0.00121719
122.108  137.522  0.0014773  0.000741489  0.00171248
123.645  132.33  0.0012403  0.00066381  0.00129065
126.377  126.409  0.00110946  0.000632378  0.00101695
130.864  117.59  0.000980296  0.000591693  0.000781183
444.762  126.945  0.000197299  5.28839e-05  0.000450919
516.947  77.8678  0.00120392  -0.000351184  0.000678378
544.905  120.192  0.000884039  -0.000306316  0.000389293
547.534  90.0041  0.00026659  -1.88685e-05  0.000722219
535.352  95.2507  0.000203082  2.51243e-05  0.000492539
641.852  69.064  0.000842475  -0.000418046  0.00224223
533.465  102.24  0.00486426  0.00234259  0.00210588
525.851  98.1391  0.00152871  0.000935594  0.0018587
108.365  111.11  0.000526314  -6.1873e-05  0.000303322
438.349  81.0631  0.000215074  6.63141e-06  0.00106408
455.997  93.637  0.000148872  -0.000104152  0.00063863
276.998  86.2688  0.00111275  0.000918325  0.0011871
157.383  50.0144  0.000959191  -7.55506e-06  0.00107494
168.07  35.3786  0.0012061  -0.00081214  0.00300078
165.863  38.7516  0.00100024  -0.000358054  0.00199916
172.027  32.5414  0.00163339  -0.00195873  0.00539639
188.106  50.6767  0.000576387  -0.000540931  0.0015128
511.121  113.449  0.000681701  -0.000906654  0.00330648
336.694  595.173  0.000750438  0.000159912  0.00163669
315.09  571.62  0.000622381  -0.000280947  0.000478101
346.264  597.976  0.00042596  3.27657e-06  0.00201621
186.625  517.543  0.000377247  -0.000346781  0.00150467
523.476  494.611  0.000353936  -0.000296669  0.000476276
385.8  559.408  0.000488356  -0.000575042  0.00124869
401.359  567.678  0.000343617  -0.000405875  0.000887039
449.153  447.882  0.000345747  0.000126683  0.000151696
425.536  460.205  0.00105878  8.33619e-05  0.000147508
423.279  451.294  0.000914149  -7.5261e-05  0.000113872
597.833  518.938  0.00020352  0.000112558  0.000409476
593.469  513.297  0.00103846  -4.61369e-05  0.000271099
556.124  557.458  0.000593376  -0.000274944  0.00227391
568.37  559.93  0.000394723  -0.000350313  0.00194923
598.647  527.253  0.000218531  9.63676e-05  0.000322079
125.125  515.957  0.00143849  -0.000547211  0.000874777
561.862  538.547  0.00194522  0.000396052  0.000785241
456.929  481.056  0.00115138  0.000409913  0.000494905
448.095  495.622  0.000960363  0.000249718  0.00080609
429.255  458.569  0.000203736  4.52074e-05  0.000204151
411.496  455.399  0.000123626  1.11316e-05  0.000193417
81.4018  506.826  0.000199743  -0.00015584  0.00093637
201.942  456.502  0.000943743  -0.000150426  0.000490252
311.055  510.316  0.000271414  6.17493e-05  0.000569862
401.489  440.739  0.00102946  0.000173947  0.000390752
374.978  455.536  0.000357657  -0.000154144  0.00102205
395.658  456.509  0.000274495  -0.000222069  0.000788423
403.324  464.222  0.000243519  3.80849e-05  0.00170629
75.3864  406.473  0.000298061  -3.75013e-05  8.72857e-05
430.511  461.064  0.00152787  -0.000132391  0.0001877
363.481  430.872  0.000107019  -3.14607e-05  0.000118403
67.9453  494.982  0.000744744  -0.000701116  0.0022007
69.7254  503.04  0.000634806  -0.000482183  0.00119061
73.2872  407.674  0.000257177  -1.18031e-05  0.000167898
74.3476  397.459  0.000233483  1.61154e-05  0.000180182
71.2327  410.854  0.000802181  -2.29621e-05  0.000271978
143.55  449.984  0.000357268  -0.000251828  0.00111629
118.51  416.483  0.00185974  -0.000284254  0.000599016
116.947  404.796  0.00219119  -3.79813e-05  0.000381988
651.228  453.776  0.00163879  0.000117484  0.000355341
135.322  435.017  0.000640202  -0.000170429  0.000501044
364.26  429.726  0.000818755  0.000956609  0.00203739
504.103  501.523  0.000118913  -7.59618e-05  0.000474058
506.875  486.073  0.000110868  -2.70426e-05  0.00024777
466.239  466.813  0.000426459  6.63363e-05  0.000197327
438.465  400.833  0.000360587  -0.000100491  0.00180279
471.997  403.869  0.000352647  -0.000203179  0.00198646
482.499  409.105  0.000234978  -0.00014379  0.00138862
388.274  411.863  0.00121328  0.000891652  0.00155412
378.054  365.318  0.00135095  0.000246258  0.000559566
385.049  409.998  0.000645683  0.00062485  0.0011484
205.134  418.866  0.000259153  -0.000120896  0.000177491
468.964  355.939  0.00109424  -0.000384912  0.00108917
467.27  348.076  0.00107511  -0.000331418  0.000690572
450.434  307.488  7.92903e-05  1.87361e-05  0.000162359
461.163  310.512  9.63697e-05  -2.04789e-05  0.000242277
452.865  320.947  0.000104026  -6.19387e-05  0.000376559
382.177  435.313  0.000262434  -5.58866e-05  0.000179118
360.158  395.739  0.00142859  -0.000311921  0.000942906
382.165  355.889  0.00156467  -0.000569098  0.00119704
400.763  356.068  0.000622125  -0.000213763  0.000468526
392.412  335.192  0.000918236  0.00014803  0.000416442
398.729  318.339  0.000927203  0.000303537  0.00032908
429.373  304.526  0.000307748  8.4395e-05  0.000118929
393.484  373.162  0.000953385  0.000710202  0.0017164
346.505  442.222  0.00145206  -5.77138e-05  0.0002013
341.079  461.165  0.000907779  4.58798e-05  0.000140338
378.888  352.525  0.00180688  0.000250227  0.000324502
443.773  292.93  0.000542149  0.000190575  0.000164822
137.588  453.704  0.000803725  -0.000938812  0.00207758
133.887  445.595  0.000669161  -0.000691045  0.00129098
121.234  412.673  0.00156639  -0.000101218  0.000213134
463.415  264.118  0.000981089  0.000188968  0.000172711
480.428  428.644  0.000195431  6.8214e-05  0.000174407
448.047  437.325  0.000589575  0.000282108  0.00024163
441.983  302.833  0.00181119  -0.000200501  0.000308206
437.698  299.106  0.00141789  -0.000174805  0.000238525
420.64  336.52  0.000659535  0.000136978  0.00014466
427.631  297.122  0.00114089  -0.000446457  0.000436637
418.522  289.015  0.000860127  -0.000365396  0.000332853
619.052  286.408  0.000365132  2.05544e-05  0.000219827
614.269  271.909  0.000326664  -6.25203e-06  0.000140542
611.062  253.212  0.000323536  -2.63405e-05  9.33045e-05
508.191  295.126  0.000332602  0.000127364  0.000174365
501.664  284.483  0.000218912  7.82153e-05  0.000131372
429.774  409.062  0.000171106  0.000186996  0.000621831
526.188  271.67  0.000677694  0.00024238  0.000188656
541.754  269.399  0.000106212  -4.26008e-06  0.000378183
504.837  257.624  0.000265289  -7.66638e-05  0.000241991
480.729  247.41  0.000673425  -0.00023054  0.000231905
232.286  442.936  0.00047224  0.000279897  0.000277005
637.227  306.241  0.000389773  -0.000296052  0.000421749
623.219  313.56  0.00116192  -0.00101811  0.00142174
639.179  313.48  0.000487427  -0.000546659  0.00124812
636.937  277.659  0.000222172  -0.000171521  0.000266884
624.35  317.791  0.00232286  -0.00127864  0.00117949
554.524  418.573  0.000126697  5.75134e-05  0.000165921
341.006  245.831  0.000217794  0.000119295  0.000171784
640.193  274.371  0.000277205  -0.000176436  0.000239126
645.035  278.799  0.000200759  8.1247e-05  0.000132523
656.921  378.035  0.000942356  0.000853458  0.00137986
643.234  289.152  0.000234289  0.000140792  0.000230183
693.197  321.752  0.00256818  -0.000956929  0.000962918
631.58  294.706  0.00061812  -0.000390495  0.0012216
621.123  326.628  0.000278154  -0.000102794  0.000228165
381.653  361.155  0.000634125  0.000332273  0.00031424
394.373  355.838  0.000384584  0.000208905  0.000270917
411.617  325.454  0.00035615  0.000227617  0.000622321
422.244  326.276  0.000235351  0.000162633  0.000544115
421.407  349.332  0.000166522  0.000101574  0.000238227
624.361  204.954  0.000349753  -0.000235808  0.00037335
667.216  306.793  0.000810238  -0.000422779  0.000864012
661.597  375.086  0.000719012  6.89312e-05  9.41707e-05
632.413  312.807  0.000184093  -9.44981e-05  0.000264697
623.619  325.82  0.000142737  -3.60013e-05  0.000161082
662.258  360.344  0.000648081  0.000240098  0.000253287
270.595  269.004  0.000704913  -7.08354e-05  0.000122019
272.261  289.213  0.00119907  -0.000200396  0.000246103
462.686  357.682  0.000937905  -0.00035623  0.000322647
506.456  263.209  0.000281842  -0.000168094  0.000388881
474.997  241.103  0.000839526  -0.000341232  0.00030771
446.351  390.848  0.000102534  -8.69995e-06  9.25302e-05
654.577  188.954  0.00124262  -0.000406203  0.00040479
534.642  280.585  0.000215845  -1.02418e-06  7.82271e-05
325.061  274.399  0.000627321  -0.000326094  0.000446649
316.154  299.373  0.000810607  0.00058174  0.000846497
335.215  248.721  0.000304371  0.000123216  0.000167687
503.08  220.783  0.000388053  -0.000305895  0.000517364
499.733  214.614  0.000297642  -0.000190453  0.000317617
535.449  205.235  0.00121839  -0.000829899  0.00105733
512.339  203.585  0.000451809  -0.000270121  0.000364393
536.591  232.884  0.00122682  -0.00028344  0.00123713
624.979  221.963  0.00106917  0.000155705  0.00121762
636.498  237.282  0.000655614  -4.81723e-05  0.000428683
673.621  219.626  0.000190996  0.000124948  0.000432511
632.819  234.305  0.000735507  -0.000376269  0.000709113
201.418  224.299  0.000622999  -1.10036e-05  0.00154019
198.666  230.849  0.000645874  7.11962e-05  0.000933136
205.138  246.437  0.00037586  5.63158e-05  0.000423459
206.288  296.811  0.000210051  4.8024e-05  0.000103682
239.379  249.833  0.000213716  -5.10529e-05  0.000407483
110.358  396.03  0.000927054  -8.42067e-06  0.000130669
617.779  231.323  0.000559614  -9.5509e-05  0.00104832
620.177  242.094  0.000392468  -0.000126933  0.000634287
600.467  255.132  0.000173235  1.84315e-05  0.000405314
680.334  201.115  0.000485182  -8.34332e-05  0.000696784
684.845  191.009  0.00040091  0.000150527  0.000804842
677.284  214.93  0.000861203  -0.000534373  0.000833594
73.4145  220.53  0.000405124  0.000145835  0.000282739
74.4595  232.663  0.000360529  0.000101547  0.000184852
74.5511  249.824  0.000331768  7.07254e-05  0.000116381
80.2432  207.652  0.000602382  -4.48942e-05  0.000701291
536.451  233.63  0.000994316  -0.000421205  0.00104962
206.282  149.574  0.000281717  -1.0845e-05  0.000288326
179.632  256.362  0.000287925  0.000130213  0.00032506
195.67  239.38  0.000232376  6.23168e-05  0.000594111
209.469  248.319  0.000134821  2.75242e-05  0.00041164
192.231  149.802  0.000397958  0.000144787  0.000392587
513.356  221.022  0.000308601  -3.05223e-05  0.000940548
651.662  158.731  0.000416565  0.00047431  0.00113961
629.487  227.246  0.000547603  0.000267483  0.000700694
635.459  235.219  0.000402729  0.000154571  0.000409303
658.721  149.174  0.000358037  0.000297809  0.000719511
569.356  132.67  0.000838511  0.000140598  0.000232924
528.962  122.748  0.000897981  0.000277816  0.00029276
522.143  153.353  0.000996285  0.00059961  0.00108465
55.9383  200.868  0.000509452  9.60247e-05  0.000820054
689.192  250.919  0.00013879  3.46755e-05  0.000175185
735.262  99.8864  0.000418682  -2.93414e-05  0.000137623
716.738  229.261  0.000323577  0.000164985  0.00182137
722.937  237.778  0.000422538  9.77856e-05  0.000887317
735.146  248.378  0.000847677  9.2247e-05  0.000463033
734.429  262.956  0.000860162  7.66795e-05  0.000255345
720.438  248.177  0.000499863  6.84639e-05  0.000493054
532.989  467.645  0.000110363  -2.90018e-05  0.000126949
387.643  211.522  0.0014773  -0.000287827  0.000243001
377.623  221.03  0.000641258  -0.000120868  0.000167824
365.649  227.916  0.000336012  -6.02855e-05  0.000134624
742.253  206.194  0.000590797  0.000159839  0.000660829
109.908  96.3609  0.000268543  5.7922e-05  0.000259299
116.253  91.1095  0.000585481  0.000439116  0.000557075
166.733  129.744  8.58152e-05  -1.55624e-05  0.000538465
368.299  167.99  0.000866863  0.00052172  0.00199404
343.47  177.175  0.00185774  0.000552279  0.000543691
298.643  298.737  0.00103611  0.000178391  0.000154105
174.037  200.692  0.000587525  0.000444429  0.000657852
637.173  161.043  0.00115544  0.00105313  0.00193035
642.169  156.309  0.000922737  0.000862587  0.00158371
650.197  149.895  0.000706147  0.00071224  0.00131384
296.78  142.957  0.000179294  -7.71164e-05  0.000729671
299.226  150.111  0.000135361  -5.65228e-05  0.000549692
303.441  157.209  0.000106206  -4.94754e-05  0.000434879
306.841  168.941  7.48868e-05  -3.20702e-05  0.000304669
297.967  163.275  0.000187815  -0.000126664  0.000413138
298.625  172.243  0.000141638  -8.88224e-05  0.00031283
263.242  145.496  0.00109923  0.000924911  0.00125481
616.923  139.691  0.000788386  0.000298975  0.000318983
641.378  126.279  0.000368097  0.000218064  0.000268281
535.33  100.647  0.00097672  0.000211138  0.000200093
523.833  148.431  0.000868549  0.000319698  0.00149505
604.737  110.614  0.000245592  0.000212729  0.000421764
482.069  98.0116  0.00176821  -0.000790924  0.000962188
466.16  89.6181  0.000795603  -0.000333766  0.000460036
474.54  105.561  0.00081572  -0.000176053  0.000675337
468.287  110.699  0.00056179  2.56068e-06  0.000616874
415.694  137.704  0.000208645  0.000162316  0.000490852
523.928  187.855  0.000518592  5.14582e-05  0.000101212
503.866  220.978  0.000280759  7.3581e-05  8.21411e-05
523.763  210.243  0.000408949  2.13067e-05  6.82865e-05
576.335  86.4543  0.00190502  0.000244173  0.000468698
537.444  119.437  0.00219154  -0.00088713  0.000761525
440.03  129.243  0.000292776  0.000184366  0.00062283
426.381  139.6  0.000208896  0.00017396  0.000504608
438.827  130.202  0.000198215  0.000210876  0.000616156
486.887  134.777  0.00145225  -0.000344074  0.000568341
457.833  154.152  0.00123678  0.000583555  0.000602844
475.139  139.67  0.0011201  2.34934e-05  0.00065987
483.357  133.584  0.0015611  -0.000577535  0.00105731
495.165  47.9879  0.00130815  -0.000491371  0.00123274
430.075  89.5905  0.000180319  8.40363e-05  0.000850054
424.46  102.779  0.000112152  3.21927e-05  0.000477008
464.875  99.4015  0.000283389  -0.000176913  0.000540247
481.21  117.812  0.000255159  -0.000202161  0.000376026
289.683  67.0637  0.00114291  0.000801523  0.00187803
291.947  72.4953  0.00118369  0.000500073  0.00109722
286.66  93.368  0.000833984  0.000199845  0.000381355
284.748  118.255  0.00078323  0.000112391  0.000164738
