1.0
494
93.1068  479.209  0.00210798  0.000950321  0.00735837
97.2001  476.733  0.0014307  0.00070292  0.00533782
88.0384  483.693  0.00374003  -0.000166636  0.00182392
98.3125  481.413  0.00130102  0.000173341  0.00184098
105.439  480.082  0.000807165  0.000239803  0.00183203
115.016  478.24  0.000502292  0.000282559  0.00183552
78.9145  486.349  0.00415475  -0.000229836  0.00167794
86.5325  484.925  0.00173253  8.37444e-05  0.00163735
123.436  474.956  0.00193889  0.00149331  0.00851076
76.5028  485.386  0.00132781  0.000410791  0.00184039
84.2182  485.262  0.0027048  0.000444839  0.0016308
115.666  472.92  0.00434958  0.000766023  0.00352384
118.66  478.057  0.00281493  0.000432985  0.00186755
124.151  477.216  0.00162568  0.000369454  0.00186416
125.929  471.744  0.00146869  0.000584934  0.00333672
131.162  475.746  0.000965701  0.000345416  0.0019361
107.81  477.256  0.00201689  0.00159512  0.00807815
71.3083  480.519  0.00356261  0.0011831  0.00364376
69.0873  486.449  0.0029706  0.000790698  0.0019612
75.0058  486.605  0.00717937  0.00138406  0.0018414
95.3048  482.677  0.0046653  -0.000883971  0.00201545
99.109  482.111  0.00277301  -0.00039459  0.00186385
81.0083  485.092  0.0037496  0.000260491  0.00174442
108.9  480.557  0.00442648  0.000181335  0.0016918
82.836  476.082  0.000912716  0.00060307  0.0034126
126.826  477.812  0.00459656  0.000486161  0.00170142
133.066  476.856  0.0021436  0.00036386  0.00169532
136.285  475.651  0.00203149  0.000210121  0.00180976
130.371  477.06  0.00121742  0.000224528  0.00172479
122.216  478.309  0.000718707  0.000241285  0.00172423
112.332  479.824  0.000446794  0.000250421  0.00172392
89.5513  478.841  0.0009964  0.00098216  0.0061414
71.9292  486.65  0.00480701  0.000158553  0.00177241
85.9366  484.032  0.00114168  0.000291054  0.00176762
94.2919  482.471  0.000689173  0.000307412  0.00176703
103.858  480.175  0.00045215  0.000332595  0.00185501
238.191  410.093  0.000765683  0.000257911  0.00498701
251.774  408.429  0.00074669  0.000107724  0.00558787
830.268  373.036  0.00163117  -0.000194542  0.0060463
827.977  369.63  0.00206652  -4.92598e-05  0.00364388
829.149  366.9  0.00186809  -9.28696e-06  0.00257627
159.818  356.934  0.00238667  -0.000583907  0.00529757
138.547  339.387  0.000803188  -0.000292952  0.000912315
148.375  358.372  0.000758234  0.000206393  0.00511134
729.215  346.518  0.00279034  -3.894e-06  0.00241001
744.914  326.6  0.000610646  3.67516e-05  0.000677683
745.561  346.634  0.00101674  0.0011611  0.00540827
726.494  339.179  0.00315546  -0.00030978  0.00147617
281.828  332.282  0.000601453  0.000452107  0.00244102
524.398  359.863  0.000389801  -0.000242544  0.00143167
579.742  355.366  0.0103794  -0.000431986  0.00209908
732.209  351.813  0.002539  0.00129853  0.00806405
732.047  344.012  0.00237408  0.00152947  0.00725474
741.663  322.975  0.000726726  0.000113895  0.000966436
735.828  357.832  0.00171039  -0.000275044  0.00152362
743.973  347.988  0.000796532  5.70204e-05  0.00412088
701.635  352.754  0.00575145  -0.00112872  0.00241672
734.187  350.274  0.00186578  0.00203301  0.0101202
695.947  351.063  0.00373606  -0.000403796  0.00272485
254.438  356.287  0.00491648  0.000185597  0.00175003
258.825  358.243  0.00267427  5.9702e-05  0.00150379
251.426  352.78  0.00922322  -0.000137008  0.00140572
197.556  353.814  0.00376166  -0.00123981  0.00647491
192.967  348.136  0.00477758  -0.00212633  0.00360493
636.991  297.454  0.000534457  8.3664e-05  0.00205485
636.071  290.255  0.000545467  2.93653e-05  0.00109459
613.578  286.702  0.00315793  -0.000139586  0.000796463
630.582  277.662  0.000709564  -1.33962e-05  0.000500515
616.563  275.155  0.00208113  -9.71866e-05  0.000431876
619.139  294.609  0.00364705  0.000272456  0.00144477
615.676  291.068  0.00645473  0.000400458  0.00108494
622.249  271.429  0.00286228  0.00017156  0.000372713
774.416  319.194  0.00151556  0.000416304  0.00784854
199.999  356.972  0.00178875  0.000460969  0.0112839
192.892  353.967  0.00309164  -0.00082511  0.00586266
179.644  324.193  0.00466114  -0.00273821  0.00361468
182.178  328.528  0.00423259  -0.00233989  0.00266809
803.415  291.976  0.00043362  -0.000292207  0.00194795
771.51  273.175  0.00383643  -0.000492892  0.000691933
717.428  288.475  0.00156576  -0.00108283  0.00238317
549.965  287.136  0.000344181  -5.47753e-05  0.000926292
618.805  279.888  0.00426445  0.000218673  0.000494346
415.924  302.165  0.000455142  0.000241715  0.00135978
339.164  311.581  0.00778545  0.000477702  0.00146203
291.892  315.657  0.000629708  0.000102559  0.000746278
294.915  296.283  0.000573568  0.000172814  0.00105507
342.636  320.528  0.00292112  0.000538584  0.00078426
308.175  315.652  0.000645569  -0.000159697  0.000507688
332.102  306.622  0.00673765  -0.00120859  0.00129757
330.529  310.861  0.0066448  -0.00220387  0.00223278
315.054  290.059  0.00241445  -0.00144298  0.00141615
346.471  317.305  0.0021132  -0.000634198  0.00105333
77.2993  277.383  0.00146826  0.00103106  0.00638623
660.298  295.812  0.00531954  -0.00199078  0.0033615
289.387  310.347  0.000746  0.00016476  0.001066
312.667  308.471  0.000830406  0.000377275  0.00155278
322.004  311.237  0.000392126  0.000142376  0.00121446
296.738  296.721  0.000906247  0.000319677  0.00114853
292.548  315.015  0.00100852  0.000286514  0.000706323
340.104  324.877  0.00155165  0.000357297  0.000624484
310.784  299.282  0.00134318  0.000571563  0.0015494
316.906  311.306  0.000594076  0.0002434  0.000846963
621.268  307.404  0.00256783  0.000140831  0.000480267
628.547  297.328  0.00133734  7.9632e-05  0.00083448
634.23  279.625  0.000935587  9.8653e-05  0.00457539
812.583  249.656  0.000452728  -4.54972e-05  0.00103305
819.164  261.019  0.0066607  -3.96932e-05  0.0029747
815.624  260.54  0.00379063  -1.59434e-05  0.00279957
808.806  260.581  0.00174549  1.72872e-06  0.00279942
796.942  266.027  0.000716038  3.02654e-05  0.00606985
786.472  241.815  0.00041728  1.05635e-07  0.000617987
656.488  296.608  0.000586718  -0.000207655  0.00247219
635.197  232.372  0.000987371  -2.84093e-05  0.000368338
702.749  296.705  0.000879231  -0.000818907  0.00205372
696.852  234.302  0.000885402  6.98445e-05  0.000551154
702.273  225.56  0.00284557  0.000574295  0.000476516
693.938  234.982  0.00147661  -0.000154244  0.000580023
682.401  295.211  0.00443112  -0.00116103  0.00172727
658.281  299.857  0.000567067  8.94372e-05  0.00134054
686.118  295.252  0.0084181  -0.00246395  0.00206674
689.7  228.646  0.0011447  6.12994e-05  0.000485789
717.661  295.302  0.00177303  -0.00117958  0.0034911
699.055  235.376  0.00244556  -0.0003315  0.000492952
723.872  284.992  0.00083876  4.36196e-05  0.00228671
679.407  292.945  0.00321264  -0.00112052  0.00139495
654.955  291.999  0.000502306  -0.000239753  0.00103642
722.146  279.622  0.000705226  0.000372263  0.00454842
699.056  234.959  0.00245914  0.00058831  0.000759687
637.86  242.242  0.00117561  -2.23038e-05  0.00133795
619.974  242.304  0.00982965  -0.000171481  0.00132603
788.378  261.165  0.00301981  -0.000398622  0.00110372
801.04  255.391  0.000907024  -0.000138826  0.000708133
800.321  276.891  0.000632112  -0.000193976  0.00542277
796.659  270.051  0.000819019  -6.60773e-06  0.00226026
810.584  256.194  0.000423397  1.97605e-05  0.000717097
800.379  244.77  0.00453133  0.00331078  0.00404909
805.244  244.978  0.00146885  0.000806567  0.002187
810.013  268.87  0.00231752  0.000947087  0.0025171
789.428  279.531  0.000748527  0.000715735  0.0018796
820.021  269.23  0.00798237  0.000562729  0.0016446
801.531  290.791  0.000647397  0.000186673  0.000597871
61.7511  212.869  0.00259509  -0.000770987  0.00117594
59.7806  217.537  0.00181187  -0.00065389  0.00190571
615.702  244.47  0.00447258  -5.10804e-05  0.00213342
612.895  241.483  0.00306729  -3.30231e-05  0.00159115
599.629  220.919  0.000941766  -1.11331e-05  0.000425155
651.081  257.663  0.00164628  1.6118e-05  0.0004177
811.618  263.796  0.00233122  -0.000256466  0.00297877
817.985  255.58  0.00546457  -1.05369e-05  0.000743401
812.702  256.049  0.00263272  1.44072e-05  0.000752808
787.186  247.096  0.000431489  1.77218e-05  0.000434516
798.828  248.151  0.000820812  0.000104083  0.00154966
794.651  272.055  0.000427684  -4.7926e-06  0.00037157
845.978  263.564  0.00907095  -0.000651884  0.00119017
794.541  259.862  0.00120962  -1.08364e-05  0.000949273
770.779  269.732  0.00522807  0.000125389  0.00251931
786.59  262.97  0.0016795  0.000673061  0.000592174
834.818  199.631  0.000657578  -0.000599428  0.0020726
762.92  241.297  0.00146807  5.3585e-05  0.000751274
776.728  231.006  0.000582409  0.000114032  0.00146695
855.313  204.316  0.00179323  0.000742553  0.00551165
848.107  205.825  0.00102626  0.000548657  0.00472767
678.39  221.01  0.000501116  1.54467e-05  0.00153444
701.313  229.651  0.00284951  2.82332e-05  0.000794902
678.445  239.796  0.000506207  7.3966e-06  0.000458035
154.647  200.265  0.00111015  9.32716e-05  0.00478224
145.496  185.588  0.00235371  -9.06394e-05  0.0010237
149.157  182.188  0.00160762  -5.81494e-05  0.000817993
147.114  173.412  0.00186509  -8.17261e-05  0.000498156
140.065  205.616  0.00564625  -0.00030964  0.00403664
141.942  225.686  0.00492851  -0.000259714  0.000691316
142.455  217.788  0.00427807  -0.000227531  0.00116126
147.329  205.211  0.0021575  -0.000128559  0.00428791
148.063  208.203  0.00203267  -0.00011679  0.00287897
149.505  223.067  0.00190137  -0.000102192  0.000802238
152.686  201.773  0.00129623  -9.64467e-05  0.00772518
133.667  173.845  0.00185628  1.09356e-05  0.000493299
124.071  189.133  0.000862053  3.77993e-05  0.00126495
118.457  198.191  0.000614365  9.49309e-05  0.00305399
114.459  194.403  0.000496997  6.10835e-05  0.00197315
111.602  182.624  0.000432363  2.34193e-05  0.000775665
111.574  171.26  0.00043201  1.22214e-05  0.000421138
135.823  183.187  0.00451565  -0.000291473  0.000867134
696.137  160.565  0.00196236  -8.06307e-05  0.000556624
109.628  205.366  0.000394884  6.83698e-05  0.00293769
142.849  216.732  0.00594188  7.95437e-06  0.00096687
110.761  218.49  0.000413843  2.02695e-05  0.000902398
131.234  204.739  0.00147409  -2.06848e-05  0.00455496
135.205  209.804  0.00214737  -1.42397e-05  0.0023759
133.341  214.343  0.00178103  -1.01314e-05  0.00152058
136.291  227.485  0.00240186  -8.29096e-06  0.000610836
161.26  200.589  0.00714586  0.000991423  0.0031151
160.35  190.589  0.00696216  5.6342e-05  0.00116129
138.18  208.587  0.00492921  -0.00035755  0.00275705
135.702  214.624  0.00325812  -0.000235135  0.00150094
758.447  215.046  0.0022439  0.000268939  0.00348846
767.099  216.607  0.0010593  0.000205979  0.00263777
191.176  188.46  0.00446703  0.00142146  0.00403549
194.483  154.742  0.00193826  -3.28183e-06  0.000384409
36.0856  212.761  0.00228728  0.000924118  0.00166845
32.613  225.782  0.00139401  0.000378779  0.000751003
256.578  181.479  0.000771043  4.51847e-05  0.000918031
299.626  203.18  0.00647909  0.000373661  0.00136503
306.928  191.728  0.00259624  0.00101306  0.00372608
271.415  186.249  0.0078732  3.90243e-05  0.00139202
268.655  182.634  0.00484362  3.28914e-05  0.00103825
282.483  190.761  0.0108785  -0.000129066  0.00225065
301.972  197.074  0.00203281  0.000615175  0.00229028
262.113  188.782  0.00211065  4.87959e-05  0.00125627
300.127  202.083  0.00361458  0.000312807  0.0014836
136.5  175.252  0.0026833  0.000132039  0.0045574
123.607  177.955  0.000877329  0.000169029  0.00682228
109.458  171.527  0.00040217  -3.65825e-06  0.00196356
109.289  162.36  0.000397599  1.81613e-07  0.00092329
123.336  192.802  0.000878274  -0.000119715  0.00129305
111.189  193.98  0.000450311  -0.000102136  0.00107555
129.556  198.895  0.00138974  -7.28104e-05  0.000865503
137.667  214.108  0.00323328  -9.62075e-06  0.000396204
153.032  178.408  0.00237271  7.16751e-06  0.00856976
143.543  170.058  0.00887188  -0.000673385  0.00244265
148.545  166.914  0.00365003  -0.000258821  0.0017752
142.15  163.585  0.0107456  -0.000853321  0.00136405
153.052  142.264  0.00174685  -0.000134799  0.000387454
141.524  207.729  0.00213461  -0.000308099  0.00307776
142.116  211.981  0.00213459  -0.000303858  0.00194106
150.868  212.305  0.00715883  -0.00100218  0.00198482
114.948  212.996  0.000363401  -5.68901e-05  0.00171417
142.607  225.113  0.00186599  -0.000262045  0.000737462
147.98  194.395  0.00561129  -0.000597199  0.00142356
150.245  203.186  0.00438957  -0.000434413  0.000778983
153.334  214.489  0.00325358  -0.00030849  0.000439492
155.183  196.96  0.00222507  -0.000299782  0.00120771
148.892  196.077  0.00493208  -0.000410539  0.00092721
155.078  199.884  0.00229695  -0.000192754  0.000718908
155.239  177.538  0.0018708  -0.000188714  0.00642315
155.649  180.244  0.00183698  -0.000173596  0.00415269
332.594  141.478  0.00248562  2.68289e-05  0.000479351
630.408  165.391  0.00251353  -0.000425032  0.00775737
233.439  162.5  0.00162438  0.000784612  0.00178669
239.044  164.73  0.00109922  0.000501532  0.00115566
308.754  177.03  0.00957541  0.000397527  0.00248917
253.921  181.976  0.000579361  2.14577e-05  0.000758763
207.866  174.606  0.00170339  0.00088965  0.00199546
234.26  160.271  0.00281706  0.000884465  0.00213911
230.03  164.822  0.00750459  0.000416739  0.00171049
201.052  184.153  0.000797667  0.000607009  0.00116759
752.284  118.356  0.00571948  0.000685107  0.00169744
710.986  165.289  0.000648706  -0.000106345  0.000460072
710.623  156.046  0.000584971  -4.94033e-05  0.000712073
709.755  145.873  0.000548956  7.03111e-05  0.00141405
709.82  140.711  0.000532442  0.000209413  0.00227422
31.9608  133.802  0.00571988  -0.00574262  0.00950281
39.1134  139.653  0.00532516  -0.00421698  0.00724404
525.936  113.187  0.00216628  0.000379978  0.00633109
525.356  109.181  0.00222396  0.00014026  0.0034086
148.75  110.96  0.00105924  6.66205e-05  0.0023552
146.868  105.272  0.00117904  -2.06531e-06  0.00136002
143.269  97.0779  0.00150738  -6.22903e-05  0.000751451
128.125  97.6757  0.00138829  -5.38108e-05  0.000736589
521.242  130.563  0.00192387  0.00171244  0.00775218
535.466  137.617  0.0101006  -1.45557e-05  0.00190928
523.658  129.855  0.00192291  0.000122614  0.00205476
533.583  133.866  0.00703347  -0.000183177  0.00131336
563.325  134.895  0.00220095  -0.000479253  0.00280216
206.549  81.8654  0.00280801  0.000526396  0.000818612
186.544  82.022  0.00162749  0.000179789  0.000349489
800.438  107.884  0.000624495  0.00022117  0.00202356
787.558  107.607  0.00145058  0.000147121  0.0016941
785.898  95.0084  0.00322442  2.7805e-05  0.000854417
795.189  101.506  0.000832661  0.000195658  0.00155186
803.008  97.9857  0.000535673  0.000166119  0.0012701
756.737  95.3079  0.00502084  -0.000689095  0.000788776
531.939  128.495  0.000945625  0.000644778  0.00236041
230.59  89.3898  0.00437591  0.00201638  0.00347295
219.528  96.0325  0.00397711  0.00195768  0.00327989
214.487  89.75  0.00214075  0.000721063  0.00126151
213.335  100.64  0.00285754  0.00220773  0.00357014
215.269  96.9028  0.00232235  0.00162829  0.00261329
128.382  114.298  0.00202076  6.44143e-05  0.000876277
99.2509  126.204  0.000339663  -4.57125e-06  0.00041359
101.838  122.211  0.000375516  -8.12394e-06  0.000589294
149.632  120.084  0.00103733  6.35085e-05  0.00439249
141.04  115.152  0.00210426  -0.000199203  0.00087325
143.911  120.312  0.00164896  -0.000154185  0.000749825
147.056  111.58  0.00120166  -0.000155293  0.00140952
126.454  91.5139  0.000504371  -1.93538e-05  0.000433438
130.04  118.882  0.00143775  -0.000139996  0.000783398
789.377  105.028  0.00512486  -0.000538323  0.00308536
808.841  104.028  0.000886116  -0.000803213  0.00537033
818.705  96.851  0.000528214  0.000463831  0.00272879
794.526  98.4951  0.00256329  0.000315066  0.00206664
806.84  93.6672  0.00091365  0.000260819  0.00159403
826.114  57.3805  0.000529493  -1.43069e-05  0.000580136
533.367  127.22  0.0011927  -0.000145439  0.000418863
306.637  95.3209  0.00614399  -0.0040391  0.0056447
300.112  93.7032  0.00327225  -0.00269164  0.0041843
293.307  95.0497  0.00174849  -0.00146207  0.00228775
286.628  100.265  0.00095115  -0.000720147  0.0010806
805.094  51.4395  0.000520857  7.08654e-05  0.000758813
844.962  58.6129  0.000812765  0.000154449  0.0012985
832.779  53.189  0.00243906  0.000438852  0.000928319
203.794  83.9488  0.00430046  0.000819669  0.000931154
208.221  77.7082  0.0031129  0.00100274  0.00100478
212.358  80.0581  0.00210857  0.000631978  0.000642432
215.248  81.7911  0.0016699  0.000479907  0.000492143
191.894  99.6402  0.00301511  0.0007464  0.000806711
826.693  73.5894  0.000451375  2.39297e-05  0.00287704
789.918  78.1633  0.0017934  -0.000216858  0.00170588
362.374  62.3267  0.00675465  0.00449356  0.00666537
833.191  71.7485  0.00167682  0.000296844  0.00179208
840.987  67.0336  0.00095998  0.000169943  0.00290323
806.031  82.5805  0.000557253  -6.86863e-05  0.000771614
228.35  82.9093  0.00263422  7.7583e-05  0.000419264
228.04  73.406  0.00263516  0.00026186  0.000678925
208.231  71.976  0.00393124  0.00160756  0.0020554
197.863  92.1492  0.00159372  0.000589706  0.000736119
520.864  32.4012  0.00478152  0.00055734  0.00438092
325.111  50.1108  0.0106597  -0.00238835  0.00252575
327.239  46.641  0.00665569  -0.000598449  0.0017256
329.368  43.1712  0.00495314  0.000162646  0.00138536
847.236  64.8391  0.00129788  0.00110456  0.00312868
853.61  64.8295  0.00162813  0.000703036  0.00234503
123.882  45.8208  0.00379817  -0.000465431  0.00272917
99.3615  72.0849  0.000469535  -6.10473e-05  0.000393384
123.969  45.949  0.00201766  -5.36573e-05  0.00267414
754.879  60.2336  0.00267598  -0.000590637  0.00140209
754.488  54.143  0.00246313  -0.000620594  0.00239735
754.376  49.2847  0.00226857  -0.00071953  0.00433644
754.696  45.6425  0.00206465  -0.000940613  0.00805753
759.318  49.3903  0.00143014  -0.000573838  0.00446343
842.603  20.8475  0.00151412  0.00133284  0.00618898
530.616  116.207  0.00160708  0.00059208  0.00224676
138.425  37.2945  0.001691  -0.00024336  0.0010604
153.313  34.6057  0.000605156  -0.000225301  0.00151388
126.023  37.4146  0.00174624  -0.00022647  0.000943697
321.424  62.4487  0.00402603  0.00254597  0.00694649
779.578  46.4595  0.0129983  0.0011758  0.00200524
785.569  39.6698  0.00459154  0.00118715  0.00360672
787.78  35.8585  0.00153607  0.00153981  0.00587477
794.771  35.0346  0.0010526  0.00130112  0.00492699
559.159  107.549  0.00321745  -0.00122056  0.00782792
557.607  104.33  0.00377226  -0.000813698  0.00463638
140.243  37.7826  0.00144338  -0.000199726  0.000772773
147.036  37.3799  0.000872683  -0.000169721  0.000836922
97.8315  467.821  0.000276124  0.000267114  0.00183951
99.2707  474.603  0.000594716  0.000637381  0.00420435
75.4213  486.006  0.003096  0.000321569  0.0015965
115.875  337.247  0.000291132  -6.16637e-05  0.000621881
179.188  311.665  0.00166512  -0.000685806  0.000553944
553.383  269.796  0.000308747  4.91226e-05  0.000187233
790.309  230.651  0.00037477  -1.38424e-05  0.000183773
296.403  280.593  0.000558493  3.91615e-05  0.000233432
298.494  284.161  0.000431978  -4.76649e-05  0.000254305
334.562  294.239  0.000386622  0.000104802  0.000369583
347.584  330.089  0.00078675  0.000169098  0.000406589
540.606  301.019  0.000248141  -0.000127497  0.00109763
632.59  283.38  0.000840271  0.000125003  0.00353923
588.383  298.735  0.000248205  -0.000310235  0.00113227
696.57  279.23  0.00164703  -0.00149322  0.00237662
702.652  295.989  0.0011304  -0.000727287  0.00302483
812.719  268.259  0.000260225  -3.79895e-05  0.000411248
568.611  237.349  0.000214786  -5.88872e-06  0.000801141
862.671  278.37  0.00124526  -8.68819e-05  0.00446002
802.799  292.276  0.000550437  -0.000109212  0.00215027
823.481  251.767  0.000242977  -3.67436e-05  0.000911983
789.269  270.453  0.0014291  -0.000208393  0.00270245
803.361  247.297  0.000961278  0.000864469  0.00185317
796.701  270.685  0.00159904  0.00197514  0.00464467
796.339  278.893  0.00109733  0.000774605  0.00177191
781.442  308.713  0.000454053  0.000181572  0.000394576
803.652  261.453  0.00126006  -5.91193e-05  0.00225791
778.613  249.819  0.000309442  -3.37629e-05  0.000932958
775.855  258.404  0.00028498  -8.43555e-05  0.00190666
648.293  242.657  0.00217641  -0.000110402  0.00137019
784.489  250.983  0.000306193  7.66259e-05  0.0014537
789.378  260.414  0.000348899  1.22786e-05  0.000722527
797.682  142.567  0.000259966  1.83171e-05  0.000180903
758.179  253.293  0.00312113  -0.000234251  0.000440783
803.72  143.897  0.000212157  3.11743e-05  0.000284658
760.292  246.854  0.00229822  -0.0001569  0.000369902
114.881  209.652  0.000347943  -5.52989e-05  0.00269271
145.854  223.02  0.00234493  -0.000312022  0.000892977
238.034  204.452  0.000433186  0.000228319  0.00360292
255.352  206.014  0.00117141  0.000159807  0.00258441
260.686  206.562  0.00184606  0.000141046  0.00233961
307.002  128.644  0.000174665  1.02719e-05  0.000245017
333.76  138.703  0.00222055  -8.11362e-05  0.000321584
263.044  181.146  0.00237201  3.16867e-05  0.000876451
139.95  100.646  0.00244795  -9.50279e-05  0.00137834
129.648  98.3988  0.00148216  -0.0001215  0.00120141
100.3  95.8336  0.000290154  -6.81345e-05  0.00110543
98.4948  103.206  0.000271021  -0.000119668  0.00213191
536.305  166.444  0.000212708  -4.38838e-05  0.000384517
783.922  108.92  0.000584588  0.00014652  0.00158784
794.826  107.403  0.00036466  0.000190013  0.0016064
200.288  177.519  0.000448938  0.000181021  0.00027651
197.074  176.125  0.00032795  9.97888e-05  0.000266603
788.153  94.9451  0.00257281  0.00013189  0.00130682
810.237  97.196  0.000416547  0.000361343  0.00226166
839.47  58.4506  0.00118471  7.31443e-05  0.000727719
223.332  88.418  0.00225471  0.00111751  0.00184393
218.15  89.6067  0.00161839  0.0009253  0.00150347
791.057  56.547  0.00160616  9.63938e-05  0.000599429
792.551  54.0556  0.00283801  0.000125098  0.000533591
789.688  63.1728  0.00209325  0.000216085  0.000873381
103.236  140.021  0.000300338  -1.91887e-05  0.000290827
804.357  103.014  0.00121356  0.00047717  0.00274494
813.375  101.781  0.000708036  0.000460058  0.00263404
150.002  118.704  0.00101907  -9.33361e-05  0.00275149
101.612  92.3229  0.000304368  -2.59506e-05  0.000449687
100.442  81.0431  0.000295886  -2.04714e-05  0.000279464
115.743  105.825  0.000299568  -4.63885e-05  0.000951919
110.071  98.0252  0.000246678  -3.24957e-05  0.000594668
107.608  86.4194  0.000231669  -2.40268e-05  0.000343124
106.349  74.7436  0.00022711  -2.01174e-05  0.000222363
114.872  109.008  0.000291323  -8.95405e-05  0.00114734
337.669  99.551  0.00298724  -0.000319403  0.000890103
790.022  81.8014  0.00140008  0.000253395  0.00120311
790.138  75.442  0.00137397  3.90348e-05  0.000728685
828.991  60.465  0.000519219  0.000308456  0.000906067
384.868  121.194  0.000316465  0.000190904  0.00078636
364.515  97.4467  0.000662531  5.50161e-05  0.000175623
855.903  53.1994  0.00116546  9.3381e-05  0.00153956
852.965  60.3502  0.000933919  0.00032208  0.0031191
855.077  49.2458  0.0021022  -4.60872e-05  0.0011173
807.807  78.4255  0.000872058  0.000164257  0.000498089
480.57  147.995  0.000346974  -0.000440336  0.00191509
818.359  103.97  0.000419502  0.000439167  0.00284377
143.296  31.9545  0.000785  0.000748435  0.0025065
33.5412  104.978  0.00380091  -0.00135415  0.00210353
465.403  340.39  0.00011912  -0.000106817  0.000447322
310.373  258.955  0.000933693  0.000115627  0.000131278
97.4842  337.626  0.000160068  -4.66434e-05  0.000507519
624.625  305.667  0.00120332  -4.35587e-05  0.000753711
814.919  291.536  0.000374107  5.07317e-06  0.00244486
817.74  261.334  0.000403264  5.38349e-05  0.000347052
818.987  266.073  0.00182622  -0.000198043  0.000434615
791.778  237.409  0.000388326  -4.34777e-05  0.000157398
790.423  284.115  0.000300484  -5.78681e-05  0.00127413
794.781  289.264  0.000341173  -9.30405e-05  0.0020105
768.92  280.303  0.00142011  -0.000232896  0.00101804
413.975  352.699  0.000604721  -5.25643e-05  0.000157429
304.101  321.807  0.000167701  -7.0678e-05  0.000362142
296.942  317.243  0.000670598  3.12931e-05  0.000433814
239.999  355.649  0.000107905  7.10454e-07  9.97032e-05
293.391  296.713  0.000387871  0.000158758  0.00091848
538.484  305.489  0.000221517  7.34337e-05  0.000715245
624.423  289.43  0.00142483  0.000255303  0.00113785
707.485  219.741  0.000945538  -0.000165669  0.000230804
691.266  200.613  0.000442248  -8.09381e-05  0.000137618
316.504  297.265  0.00111886  0.000752101  0.00157494
298.404  312.647  0.00139426  3.07394e-05  0.000541546
238.472  356.153  0.000123396  -4.29701e-06  9.68674e-05
820.033  302.634  0.000211468  -3.93754e-05  0.00167845
781.183  267.699  0.00237538  0.000639921  0.000503664
689.153  253.241  0.000240812  6.04987e-05  0.00135312
646.249  227.857  0.00185047  -0.000365106  0.000360373
697.692  254.01  0.000584176  8.43152e-05  0.00152413
695.739  245.047  0.000623178  2.06027e-05  0.00077753
697.307  234.969  0.000549551  -9.1096e-07  0.000452238
692.261  223.604  0.00069587  -2.53209e-05  0.00027697
800.328  235.539  0.000639694  7.88796e-07  0.000214066
829.196  250.086  0.00135478  0.000139654  0.000379896
801.623  237.857  0.000280093  2.67404e-05  0.000234471
819.341  253.754  0.000395018  5.38116e-05  0.000441422
784.94  228.873  0.000352197  -5.50044e-05  0.000182661
587.507  239.755  0.000476344  -7.3863e-05  0.00142821
823.706  249.765  0.00089644  8.26579e-05  0.000812258
808.344  235.522  0.00167073  0.00147337  0.00217097
810.513  291.878  0.000979243  0.000250022  0.000535101
812.256  256.492  0.000482765  4.99443e-05  0.00078149
789.13  261.13  0.000198104  1.89542e-05  0.00106947
764.132  289.659  0.000114482  -1.42617e-05  0.000121652
800.15  260.729  0.000858186  5.66548e-07  0.00103464
792.281  249.827  0.000768811  0.000798368  0.00276742
772.404  312.777  0.000246667  4.1943e-05  0.000143139
808.755  303.67  0.000657429  -2.72316e-05  0.000144974
769.137  284.859  0.00251544  0.000501815  0.000535906
802.33  219.998  0.000924107  0.00108329  0.00253733
767.216  200.365  0.00234296  0.00119815  0.00124369
90.6998  207.441  0.000225035  0.000102196  0.000208696
118.509  138.729  0.000602411  -0.000115881  0.000312341
111.152  164.823  0.000453694  -0.00038242  0.00153615
94.3211  160.938  0.000282896  -0.000369432  0.00153516
130.361  153.214  0.000565769  -0.000147884  0.000526511
285.881  193.738  0.00110304  0.000828729  0.00173086
265.395  180.208  0.000364989  0.000181334  0.000388714
324.99  136.767  0.000112851  1.53312e-05  0.000318242
106.847  147.316  0.000318691  -5.60286e-05  0.000183208
826.639  52.8423  0.000436976  -1.16355e-06  0.000416945
794.345  53.4724  0.0014436  7.16063e-05  0.000423756
373.346  125.247  0.000743309  9.26098e-05  0.000252611
791.808  82.3484  0.00134525  0.000198593  0.000470617
804.54  82.3388  0.000417558  0.000104014  0.000392737
