1.0
515
873.945  581.12  0.00719365  0.00115452  0.00178882
872.662  589.439  0.00719304  0.00113285  0.00102548
835.415  600.398  0.00138158  0.00142276  0.00579195
333.859  547.667  0.00112707  0.000234995  0.00273626
327.593  550.269  0.000773323  0.000431464  0.00319497
493.752  555.444  0.00339305  0.00349891  0.0107678
506.41  529.205  0.000700819  0.000212193  0.000870525
492.171  571.437  0.00455944  -0.00295411  0.00461796
486.394  554.677  0.00541366  -0.00138697  0.00121831
510.149  566.015  0.000949594  -0.000633772  0.000999027
962.885  573.094  0.00180039  0.00014377  0.000935678
966.682  500.611  0.00275102  0.00017602  0.000428882
337.563  547.07  0.00179133  0.000822243  0.00368786
315.115  552.919  0.000668473  0.000875377  0.00291467
709.639  541.525  0.00280849  0.000381719  0.00164139
713.854  541.133  0.00180223  0.000228378  0.00169198
735.257  541.937  0.000437828  2.40129e-05  0.00162376
497.216  537.034  0.0041439  -0.00143659  0.00279794
83.3893  522.86  0.00330409  -0.00191306  0.00503849
84.1184  518.836  0.00268606  -0.00121227  0.00284538
88.1964  491.911  0.00115068  -0.000300529  0.000421047
87.864  511.11  0.00369151  0.00207391  0.00250404
677.208  490.184  0.00134527  0.000756275  0.001474
297.883  555.485  0.00240146  0.000526561  0.00576396
400.446  555.587  0.00474581  -0.00212921  0.00217761
418.675  552.181  0.000767385  -0.000162391  0.00119082
494.563  568.524  0.00118133  -0.000117804  0.00652309
648.109  559.811  0.000968864  6.2945e-05  0.000410671
277.638  503.179  0.00317118  0.00165128  0.00351001
281.831  505.475  0.00692055  0.0031405  0.00337648
105.062  518.894  0.0026689  0.000152353  0.00036098
107.893  509.857  0.00301418  -0.000318871  0.000413084
285.416  557.1  0.00256022  -0.00257929  0.0101909
107.033  517.207  0.00194024  -0.000611036  0.000520861
81.8496  490.828  0.00268483  0.000515889  0.00602591
84.2028  505.513  0.00744058  0.00223164  0.00184853
76.4223  487.548  0.00242764  -0.000661036  0.00131517
960.71  445.835  0.00137447  0.00033146  0.000659197
343.788  444.023  0.001069  -0.000239762  0.00100503
335.664  490.301  0.000838148  -0.000241217  0.00152968
320.53  493.792  0.00040081  -0.000154335  0.00091115
333.9  499.298  0.000766293  -8.42823e-05  0.00077065
346.823  456.238  0.00128733  -0.000515894  0.00430536
877.328  466.538  0.00302161  -0.00120737  0.00454677
870.203  480.942  0.00158947  -0.000102031  0.000896036
849.16  477.659  0.000476808  -0.000180534  0.000689451
878.345  462.195  0.00351928  -0.00145817  0.00369993
860.417  455.488  0.00128029  -0.00129451  0.00279599
858.624  468.131  0.000806256  -0.00034306  0.000864717
209.336  477.113  0.00360248  0.000909989  0.00445157
204.546  480.299  0.00220825  0.000564544  0.00295858
425.554  470.795  0.00501118  0.00133886  0.00149601
417.543  470.962  0.00429074  0.00101162  0.0013341
415.708  469.634  0.00155867  0.000469025  0.00111272
421.976  486.587  0.00477779  0.00127026  0.00152161
413.868  487.895  0.00423073  0.000987405  0.00136101
412.711  488.791  0.00155016  0.000274371  0.00112489
818.201  465.269  0.000634669  -0.000484816  0.00498866
843.357  474.216  0.00372733  -0.00186169  0.00269011
879.357  462.901  0.00276499  -0.00310674  0.0100188
868.898  478.572  0.00100262  -0.000179861  0.00102234
824.15  469.238  0.000473239  5.08331e-05  0.00160347
835.242  468.183  0.000871853  -8.9139e-05  0.00159754
810.17  461.769  0.00143797  0.000223712  0.00104439
819.619  456.837  0.000842071  0.000362945  0.00104779
226.044  473.994  0.00473701  0.00114865  0.00143025
821.361  475.103  0.000489257  -6.84568e-05  0.00108523
836.657  474.604  0.00124582  -0.000398269  0.00112019
838.673  456.29  0.000756178  0.000157294  0.00662138
854.21  470.585  0.000756126  -0.00056761  0.0016851
850.032  473.297  0.000522051  -0.00036682  0.00133417
846.436  431.28  0.00223096  0.000888084  0.00497602
851.903  424.584  0.00142367  0.000454381  0.00229106
818.456  451.647  0.000698947  -2.81433e-05  0.00496498
842.721  458.604  0.00502914  -0.00200678  0.00266304
399.75  461.425  0.00155725  0.00130353  0.00179987
892.191  438.448  0.000703161  -0.000267329  0.00163141
490.612  436.278  0.00176828  0.000700075  0.00218161
837.324  416.72  0.0113752  0.00141745  0.00190367
845.411  398.403  0.00386088  0.000476894  0.000566773
840.327  452.847  0.00576622  -0.00115192  0.000980251
491.524  434.721  0.0065732  0.00197531  0.00226121
482.723  439.828  0.00569829  0.00118191  0.00279391
512.353  452.159  0.00209332  0.00019859  0.000618492
875.889  438.863  0.00173255  0.000273721  0.0015497
889.755  434.068  0.00113537  -0.000449536  0.00250112
892.76  437.135  0.00104559  -0.000692517  0.00167662
499.732  375.4  0.00231057  -0.000205835  0.00053815
415.97  407.679  0.000576425  -0.000301792  0.00237443
818.063  424.841  0.00963778  0.00288932  0.00234526
834.609  380.786  0.00188021  -0.00100488  0.00115496
114.174  421.024  0.0102516  0.000698329  0.00141755
828.913  412.333  0.00280657  -0.000100554  0.00300708
427.254  372.98  0.00382996  0.000625336  0.00184002
151.43  407.986  0.00201259  -4.62637e-05  0.00156244
866.969  385.455  0.000909326  -4.66998e-05  0.00113703
878.726  395.062  0.00110547  0.000712527  0.00150147
865.557  420.948  0.000528053  -4.2085e-05  0.000501633
836.925  390.914  0.001071  0.000675571  0.00402394
619.381  361.578  0.00305437  0.00155334  0.00406785
626.113  355.739  0.00200354  0.00155317  0.00321259
921.768  390.375  0.00463647  -0.00208293  0.00367832
918.817  391.755  0.00703402  -0.00118163  0.00123434
919.721  389.501  0.00591916  -0.000527333  0.000834787
931.923  361.027  0.00276433  0.00230692  0.00334168
924.784  353.273  0.00181295  0.000673112  0.0080586
770.495  334.908  0.00204972  -0.000177251  0.00180679
781.35  329.873  0.000815366  -4.76202e-05  0.00121363
788.185  324.834  0.000530098  -2.74988e-05  0.00086385
780.9  314.9  0.000743257  -7.19559e-05  0.000489062
421.793  324.211  0.0034397  -0.00036719  0.000848313
422.348  319.517  0.0020208  -0.000184317  0.000627533
479.436  366.732  0.000891782  -0.000263776  0.00248971
506.267  376.229  0.000307583  -8.6329e-05  0.00089735
770.038  334.31  0.00228139  0.000742505  0.00670345
752.556  301.133  0.00124536  6.10237e-05  0.000360465
274.684  367.212  0.00212605  3.5644e-05  0.00101203
272.39  374.248  0.00159494  5.03271e-06  0.000669886
328.963  337.963  0.00308408  -0.00021118  0.00174402
342.442  336.674  0.000900601  -4.00487e-05  0.00157691
325.118  332.923  0.00501287  -0.000377291  0.00115382
323.942  331.988  0.00490899  -0.000472319  0.00109439
320.679  311.04  0.00191072  -0.000129553  0.000344562
323.49  337.977  0.00715445  -0.000379559  0.0031219
345.812  342.824  0.000753309  3.89558e-05  0.00159758
349.409  346.107  0.000618874  2.45071e-05  0.00119194
331.866  339.496  0.00225021  -4.54783e-05  0.00128351
348.703  347.378  0.000650263  1.77323e-05  0.000663159
320.804  347.964  0.00151748  -3.49152e-05  0.00118779
334.269  297.617  0.00218405  0.000396474  0.00144064
328.521  295.88  0.00465842  0.000735259  0.0012734
348.377  285.377  0.000801426  0.000153196  0.000654339
320.908  294.592  0.00542288  -0.000425354  0.00107769
319.888  293.177  0.00241065  -0.000153986  0.000949546
321.961  348.92  0.00295237  -0.000221638  0.000739669
359.201  349.376  0.00180702  -0.000144045  0.000592162
355.672  336.971  0.00561618  -0.000837998  0.00259734
358.688  345.449  0.00337819  -0.000368511  0.00120313
343.865  287.974  0.00214903  -0.000266187  0.000878737
340.524  295.929  0.00148558  -0.000296948  0.00165921
338.141  291.06  0.00125634  -0.000222048  0.00113238
352.455  282.788  0.00331126  -0.000355201  0.000623131
353.516  330.474  0.00440562  -0.000374899  0.00109746
349.722  336.453  0.00249854  -0.000141276  0.00171166
344.818  338.357  0.00150944  -6.99662e-05  0.00126817
328.331  346.691  0.000489742  -1.41294e-09  0.000757838
354.848  330.143  0.00500565  -0.000289557  0.00105967
321.376  350.138  0.00157709  -4.25529e-05  0.000670979
358.673  346.489  0.00340686  -0.000198832  0.000693898
424.465  340.485  0.00347007  0.000227562  0.0010163
429.022  343.794  0.00201918  0.000140752  0.000552968
435.341  339.083  0.00118052  0.000121058  0.000691005
439.882  341.152  0.000850757  9.76921e-05  0.000597101
423.314  344.758  0.00320359  -0.000259114  0.000797179
433.144  275.279  0.000908094  -3.7403e-05  0.000594931
424.468  275.27  0.00181914  -0.000127123  0.000580261
463.124  327.486  0.00119217  6.14531e-05  0.00161469
465.689  331.881  0.00100942  8.34509e-06  0.00147975
457.396  321.095  0.00341145  -0.00018237  0.000947034
453.686  321.206  0.00261822  -0.000190089  0.000936519
450.858  329.656  0.0017807  -3.08249e-06  0.00174575
435.893  329.305  0.000622254  9.39033e-05  0.00144455
437.252  322.469  0.000548698  3.1971e-05  0.000877115
433.951  304.727  0.000511469  -2.39376e-05  0.000345996
462.526  333.813  0.00212463  -8.29587e-05  0.00129041
458.1  339.148  0.00380058  -0.000267335  0.000628388
451.397  331.708  0.00182065  -8.01799e-05  0.00166337
436.61  337.99  0.000601638  1.34606e-05  0.00108031
442.199  282.098  0.00271131  -0.00111901  0.00149734
437.667  283.914  0.00157566  -0.000610438  0.00138654
414.878  269.714  0.000521299  -0.00019657  0.000528558
451.483  279.809  0.00411459  -0.000334828  0.000910811
456.483  281.312  0.00134563  -4.51519e-05  0.0010026
438.173  342.092  0.000486133  -1.96029e-05  0.000816074
664.643  301.278  0.00125752  5.59895e-06  0.000990629
656.786  306.606  0.000723179  3.93991e-05  0.00146481
660.981  344.613  0.000716644  0.000177275  0.00348508
667.983  350.622  0.0011714  0.000130074  0.00173299
673.409  306.608  0.0056715  -0.000296028  0.00157587
668.921  292.071  0.00333894  -0.000188323  0.000580766
664.913  293.054  0.00208592  -0.000107983  0.000601649
660.916  308.375  0.00132468  -1.32515e-05  0.00174887
652.223  310.832  0.000715006  4.17299e-05  0.00215162
765.375  387.145  0.00105251  0.000439003  0.000497293
339.253  305.079  0.00136555  0.00124873  0.0102426
326.504  296.219  0.00648901  0.00114881  0.00231492
321.593  295.323  0.00604288  -0.000345571  0.00194118
320.97  294.147  0.00271493  -6.09304e-05  0.00170194
352.54  280.689  0.00181021  -0.000113632  0.000775599
714.856  298.25  0.00259844  -0.000300314  0.000492089
520.977  272.577  0.000557634  0.000141574  0.00210349
524.886  283.938  0.00062557  0.000235716  0.0025473
544.831  269.69  0.000527633  0.000211143  0.00207089
545.218  282.045  0.000553885  0.000281735  0.00228124
450.304  289.698  0.00729258  -0.00226336  0.00194106
445.407  282.92  0.00391321  -0.00156606  0.00250498
429.148  284.648  0.00081978  -0.0001989  0.00195898
418.982  274.612  0.000580866  -0.000185911  0.00088868
450.16  281.802  0.00519757  -0.000362715  0.00168688
453.068  281.367  0.0018294  -2.21485e-05  0.00162503
417.017  272.616  0.000416251  -0.000108498  0.000749392
412.033  261.674  0.00138357  -9.51323e-05  0.000382372
679.205  282.84  0.00049065  -0.000133209  0.00105051
691.891  284.132  0.0010302  -0.00022269  0.00101686
685.459  291.167  0.000632747  -0.0001375  0.000639645
680.893  293.224  0.000503475  7.83776e-06  0.000492011
674.385  298.184  0.00036191  1.68499e-05  0.000410913
668.253  296.02  0.000356642  -4.85745e-05  0.000463781
676.17  284.608  0.000566435  0.000115043  0.000818784
690.869  274.513  0.00231413  -0.000199187  0.00226455
692.683  279.961  0.00277225  -0.000173724  0.00136789
687.015  282.764  0.00153771  -0.00011156  0.00107374
680.02  283.937  0.000895069  -8.12203e-05  0.000962483
684.747  296.506  0.00121633  -6.99761e-05  0.000470728
665.238  229.648  0.000342859  -0.000115287  0.00126653
706.868  213.878  0.00102729  -3.50666e-05  0.000429549
688.881  289.926  0.00179431  3.00291e-05  0.000525614
693.781  295.037  0.00295899  -4.04312e-05  0.00039588
350.001  296.45  0.00419098  -0.000149975  0.00290053
412.133  269.186  0.00216735  -0.000136458  0.000544425
421.809  273.998  0.00236241  -0.000149236  0.000753815
618.718  229.197  0.00389535  9.58823e-05  0.00634462
613.898  230.524  0.00216722  0.000300079  0.00771014
608.533  193.111  0.00164553  -9.69331e-05  0.000351671
706.179  217.188  0.00111306  0.000142871  0.00083337
707.683  222.452  0.00146911  0.000184114  0.00124312
643.358  280.865  0.0012246  -3.38458e-05  0.000456775
679.646  278.409  0.000467729  -1.00026e-05  0.000369153
685.753  248.957  0.00113551  0.000278045  0.00230905
706.719  213.033  0.00163387  0.000684025  0.00417783
707.486  208.834  0.00146723  0.000389262  0.00248688
706.741  188.141  0.00140606  4.3171e-05  0.000528845
712.851  179.899  0.000873981  3.52647e-05  0.000376112
680.117  263.229  0.00462264  -0.000369919  0.000756032
684.859  260.513  0.00242054  -0.000129372  0.000826923
685.401  246.254  0.00200447  0.000193443  0.0026989
663.035  262.969  0.00278318  8.51137e-05  0.000841955
657.546  281.044  0.00154572  2.90288e-05  0.000343748
619.533  183.816  0.00440998  -0.000369228  0.00075799
612.244  188.594  0.00177123  -5.91941e-05  0.00091772
608.486  179.213  0.00138282  -7.48836e-05  0.000519141
621.651  192.102  0.00232786  -0.000234948  0.00136076
614.956  189.287  0.00521974  -0.000807689  0.0011391
617.122  187.175  0.0067487  -0.000959092  0.00102917
612.224  190.978  0.0029737  -0.000322392  0.00113788
607.084  199.806  0.0015457  6.65302e-05  0.0021902
607.288  210.003  0.00153348  0.00121136  0.0099947
606.916  207.372  0.00145537  0.000625604  0.00590676
776.874  201.594  0.00290539  0.000382753  0.00700895
462.092  193.539  0.00206902  -0.00126059  0.00156101
447.629  182.452  0.00625588  -0.00157132  0.00155548
466.923  192.193  0.0014264  -0.000848562  0.00104722
464.789  179.705  0.00120693  -0.000472956  0.000539953
749.754  220.541  0.000643216  0.000546907  0.002699
768.899  225.717  0.00194205  8.52702e-05  0.00113695
770.183  232.186  0.00206572  -1.68825e-05  0.000727623
752.291  236.747  0.000578496  0.000103881  0.000690086
784.186  175.85  0.0060481  0.000117817  0.00196507
781.974  173.683  0.00432927  0.000112186  0.00153225
780.55  165.284  0.00373685  -1.79711e-05  0.000804691
770.554  172.55  0.00131642  0.000182121  0.00113358
750.16  174.596  0.000425815  0.000187972  0.000948871
772.58  173.607  0.00348533  -0.000246571  0.00135129
784.462  168.79  0.00107026  7.86015e-05  0.00109543
773.725  165.268  0.00257956  -0.000231663  0.000783293
776.531  163.392  0.00194981  -0.000281926  0.000767095
780.433  183.694  0.00202316  0.000607232  0.00470021
765.013  169.159  0.000758499  1.85921e-05  0.000854975
259.53  195.362  0.00204187  0.00182188  0.0109091
846.736  195.634  0.00454674  -0.00122574  0.00297866
846  203.836  0.00344524  -7.20019e-05  0.00280669
845.887  205.291  0.00326762  -0.000279222  0.00151099
848.156  197.492  0.0053285  -0.0031598  0.00467797
843.801  176.727  0.00201331  -0.00039933  0.000684321
854.261  201.093  0.00284415  -0.00107361  0.00254427
862.641  198.491  0.00117214  -0.000240366  0.00249094
869.193  197.87  0.000751647  -4.99034e-05  0.0023413
844.406  185.567  0.0076207  0.000763451  0.00269378
848.953  189.167  0.00438963  -9.77791e-05  0.00142849
845.155  204.645  0.00163915  0.000172363  0.00255766
845.443  166.96  0.00251044  6.85659e-05  0.0019814
843.628  170.396  0.00371022  -0.000150318  0.00285286
854.044  169.844  0.00461078  0.00365819  0.0053653
614.251  202.243  0.00202273  0.000863633  0.00642606
620.53  192.513  0.00268643  -0.000145509  0.00209787
616.713  188.835  0.00296834  -0.000246918  0.00143105
873.427  187.071  0.0120914  -0.000397975  0.00204857
871.449  188.283  0.00828864  -0.000416641  0.00156541
859.783  197.278  0.00193101  0.000866557  0.00285916
871.045  198.267  0.00846572  0.0013555  0.00200264
851.979  203.049  0.00108989  0.000548931  0.00187164
876.61  196.269  0.00753084  -0.000514714  0.00217298
893.727  184.06  0.00126704  0.0012893  0.00596193
844.436  206.095  0.00148186  -1.65128e-05  0.00139673
609.869  195.784  0.0021434  5.63878e-05  0.00240948
603.561  166.07  0.00179462  -0.000232727  0.000372974
580.586  192.718  0.0103249  0.000584038  0.00138694
778.214  171.837  0.00266452  9.39401e-05  0.0021838
771.603  169.693  0.00141124  0.000102451  0.00165027
758.899  145.113  0.000638659  3.56404e-06  0.000345897
749.962  171.74  0.00039759  0.000151136  0.00161033
770.233  170.657  0.00123991  -6.0128e-05  0.00394089
781.293  178.211  0.00373512  -0.000192215  0.00167965
748.607  184.299  0.000348061  -1.6971e-05  0.00102145
784.305  169.09  0.00105378  2.88311e-05  0.0017892
778.586  163.419  0.00153426  -0.000122174  0.00108395
785.994  165.108  0.00303045  -4.50885e-05  0.00127762
781.551  162.037  0.00557868  -0.000228435  0.000990689
784.419  179.434  0.00316829  3.12293e-05  0.00696391
769.804  164.376  0.0010745  -0.000126269  0.00110322
766.027  171.146  0.000764709  2.28438e-05  0.00182159
874.171  153.615  0.00753699  -0.00389554  0.00415987
869.26  150.638  0.00578069  -0.0041909  0.00480815
855.583  130.987  0.00209578  -0.00151493  0.00173718
864.269  178.616  0.00262411  -0.00186673  0.00214223
871.366  147.856  0.00358893  -0.000204946  0.000918831
855.226  164.629  0.000873769  0.000555175  0.00269589
843.286  170.342  0.00199624  0.000543797  0.00550516
845.371  200.083  0.00255762  -0.000320677  0.000390954
878.068  163.578  0.00180983  -0.000300049  0.00311579
755.087  159.147  0.00196561  0.00033223  0.00296735
759.634  158.933  0.00134437  0.000367883  0.00272774
755.128  162.705  0.00927001  -0.000311634  0.00203179
568.579  160.915  0.00755227  -0.000406696  0.0013488
875.298  171.636  0.0041988  -0.000320335  0.000836125
870.273  173.596  0.00221153  -9.80894e-05  0.000766822
863.101  176.138  0.00115311  1.55727e-05  0.00070816
848.699  194.854  0.000438423  1.87047e-05  0.00032833
858.422  157.657  0.00093529  -0.000149386  0.00759901
215.578  30.7134  0.00591182  -0.000622167  0.00220559
919.05  54.804  0.000748073  0.000844601  0.00222241
947.24  47.6663  0.00537195  0.0021845  0.00233453
483.763  585.332  0.000760457  -0.00048028  0.00314799
493.75  587.495  0.00145045  0.00112776  0.00383194
328.892  564.795  0.000785638  0.000521368  0.00359996
335.99  544.634  0.00142468  -0.000254986  0.00288556
354.021  544.385  0.00182268  0.00117736  0.00351911
849.427  523.546  0.00261343  -0.000277889  0.000476975
837.811  530.764  0.000898406  -0.000136458  0.000708325
834.57  584.233  0.00094047  -0.000651445  0.00172606
824.226  574.004  0.00103769  -0.000814318  0.00127489
277.868  526.526  0.00216107  -0.00133092  0.00148619
276.861  519.229  0.00142903  -0.00081799  0.00097602
385.63  557.079  0.000481713  0.000321531  0.00125967
95.1448  518.93  0.00471587  0.000445069  0.00134797
106.027  489.384  0.00214113  0.000280208  0.00029192
87.9273  512.855  0.000945337  -0.00014846  0.00089893
86.9694  502.337  0.00103443  -4.63318e-05  0.000497598
97.3345  487.579  0.000578675  -1.75767e-05  0.000243447
314.855  495.316  0.000220985  0.000118148  0.000490685
496.947  554.331  0.000933802  0.000415286  0.00161718
516.789  563.132  0.000420477  -0.000512344  0.00125483
483.484  551.905  0.00162878  -0.00104117  0.00143746
478.649  525.849  0.000919989  -0.000497966  0.000484917
262.129  540.581  0.00161083  -0.000499023  0.000782645
260.656  528.016  0.00158769  -0.000316072  0.0004199
273.611  512.661  0.000620154  -0.000133845  0.000184784
639.007  557.224  0.000912866  0.000270907  0.00052131
286.562  552.671  0.00117775  -0.0004926  0.00498687
230.482  460.469  0.00449984  0.00197029  0.00194682
84.3937  536.349  0.00110049  -0.000812681  0.00229895
84.0516  545.129  0.00132101  -0.000853462  0.00269693
86.1229  541.464  0.0010862  -0.000523709  0.00171039
106.793  522.138  0.00319331  0.000246784  0.000664309
105.313  525.373  0.00251675  0.000479859  0.000601411
107.037  516.712  0.00199142  -0.000251662  0.000420308
260.384  456.417  0.00374974  0.0020621  0.0019892
285.937  427.379  0.00106614  0.00060483  0.000617207
840.105  507.314  0.00221042  -5.97182e-05  0.00082431
848.53  461.583  0.000514696  -0.0003437  0.000664926
892.353  453.364  0.000552687  -6.03717e-05  0.00055614
975.252  439.654  0.00454385  0.000989946  0.00135932
452.389  411.02  0.00135311  -0.000242519  0.000282168
444.026  421.472  0.00082117  -7.11206e-05  0.000149729
506.895  451.913  0.0037244  0.000387053  0.000678111
543.265  485.235  0.000265299  -1.62746e-05  0.000219745
552.633  457.65  0.000260869  -0.000176044  0.000841854
890.962  431.817  0.000877048  -0.000362489  0.00388519
849.779  387.265  0.000390103  -0.000248034  0.000499184
497.76  375.598  0.000768741  -0.00054903  0.000780117
501.118  371.752  0.00180513  -0.000392689  0.000479328
501.577  362.35  0.00150451  -0.000310309  0.000327899
848.027  405.501  0.000261142  0.000126163  0.00113913
863.92  424.269  0.000415118  -4.71065e-06  0.000358372
930.701  359.571  0.00138756  0.000772044  0.00242169
278.097  437.236  0.00112643  0.000569195  0.000706591
315.32  293.846  0.000224042  0.000143201  0.000646385
352.662  298.902  0.00146756  -0.000204116  0.000264481
403.068  364.173  0.000203023  4.99369e-06  0.000211548
334.308  346.829  0.000705892  -3.47029e-06  0.000782224
437.477  360.265  0.0015655  -0.000837863  0.00117306
452.906  372.536  0.00108556  -0.000881989  0.00114876
423.65  352.537  0.0029246  0.000396119  0.000411395
432.057  371.389  0.00106826  0.000149081  0.000197002
458.742  319.727  0.00134613  -0.000220585  0.00086593
454.126  310.388  0.00171284  -0.000313418  0.000542156
455.555  303.727  0.00134459  -0.000247255  0.000404747
378.124  334.045  0.000236323  9.12006e-05  0.00143615
442.072  338.92  0.000823688  0.000189798  0.0047584
441.131  335.569  0.000788037  8.99393e-05  0.00297735
426.547  288.204  0.000459347  -3.72633e-05  0.000194005
379.269  332.846  0.00020117  0.000139713  0.0015703
455.11  370.229  0.00171051  -0.000167306  0.000237888
443.639  370.698  0.000723997  -6.35965e-05  0.000228294
416.216  265.661  0.000394215  -0.000135011  0.000418693
455.563  339.69  0.00251317  -0.000141832  0.000572072
439.103  344.554  0.00067524  4.35632e-05  0.000517547
443.727  362.348  0.000778799  -2.95037e-05  0.000241645
450.591  362.276  0.00125572  -8.20965e-05  0.000235812
673.651  189.324  0.00399232  -0.000131376  0.000779691
692.182  186.242  0.000751966  8.08557e-05  0.000762921
693.287  178.772  0.000700451  0.000171676  0.00127281
692.478  168.251  0.000780294  0.000615354  0.0038921
844.007  176.038  0.00211674  -0.00078894  0.000821741
847.756  194.608  0.00656208  0.000459957  0.000961687
853.952  193.088  0.00161108  -0.000317138  0.00237259
900.213  184.561  0.00025612  -9.75954e-06  0.000342238
873.172  164.381  0.00289447  6.66462e-05  0.00123783
876.081  172.731  0.00231124  -6.01441e-05  0.000676559
878.659  168.035  0.00164568  -0.000360269  0.00207186
755.396  186.948  0.00224825  1.02355e-05  0.000415274
758.417  197.151  0.00170866  -3.76327e-07  0.000267714
785.342  189.73  0.00034089  4.14309e-05  0.000297165
518.346  163.453  0.000325292  0.000153909  0.00210366
541.423  174.676  0.00107397  4.47275e-05  0.000754254
544.671  201.247  0.00134927  2.11509e-06  0.00022513
538.53  201.034  0.000861552  2.14231e-05  0.000198378
623.893  147.438  0.00032668  0.00023745  0.000787575
525.309  202.156  0.000500059  -5.60021e-05  0.000181846
861.698  159.289  0.00112204  -0.000518416  0.00535969
846.559  193.378  0.000379242  -6.68741e-05  0.000354767
397.234  556.329  0.000656482  -6.33247e-05  0.000909943
422.405  538.732  0.00191198  -0.000316644  0.000422501
417.659  560.157  0.000954628  -0.000121369  0.00127762
405.855  556.529  0.000494791  -5.32773e-05  0.000941864
390.473  512.668  0.000508573  0.000282218  0.000296602
404.726  511.646  0.000279774  0.00015738  0.000226473
418.66  504.226  0.000198735  0.000112398  0.000178856
456.191  551.473  8.57278e-05  5.84202e-07  0.00075377
443.678  509.371  8.52405e-05  -2.02474e-05  0.000147112
421.009  534.553  0.00179785  -0.000246779  0.000543829
413.941  536.999  0.000979659  -0.000100685  0.000560191
320.211  561.386  0.000496055  0.000220529  0.00189139
821.468  558.226  0.000599172  -0.000319309  0.000330413
779.245  566.639  0.000131813  -0.000150654  0.000590894
783.593  576.022  0.000188396  -0.000229082  0.000990683
86.4948  509.338  0.000587497  -9.36577e-05  0.000213194
87.9618  499.059  0.000499286  -7.95498e-05  0.00015915
242.94  511.757  0.00199511  0.000305534  0.000504752
227.228  534.758  0.000763892  0.000340386  0.00205001
817.901  564.483  0.000719522  -0.000522993  0.000899648
806.471  552.389  0.000569356  -0.000484816  0.000739816
336.8  486.935  0.000154747  7.00772e-05  0.000251851
340.613  528.314  0.000128633  6.09941e-05  0.000382167
262.621  484.37  0.000104729  3.93009e-05  0.000148036
268.937  482.242  8.10912e-05  3.49754e-05  0.000141232
455.27  522.356  0.000308074  -0.000315722  0.000665971
488.522  496.442  0.000747585  -0.000140175  0.000118014
335.715  527.457  0.000108745  5.62225e-05  0.000406193
260.005  528.074  0.0016866  0.000128912  0.000722573
828.099  496.278  0.00140146  -0.00110639  0.00149532
829.561  541.052  0.000448  -0.000250795  0.000235066
76.4338  525.487  0.000433003  -0.000426864  0.0016451
95.5274  529.36  0.000632182  -0.000504219  0.000977768
88.9975  517.326  0.00066218  -0.000337196  0.000569416
91.003  502.84  0.000499685  -0.000196172  0.000290896
89.9487  488.039  0.000452102  -0.000144169  0.000183836
74.129  514.006  0.00154241  0.000228344  0.000869906
109.243  506.937  0.00254171  0.000267215  0.000547133
71.3121  532.369  0.000483207  -0.000201912  0.00156121
78.3813  539.18  0.000549121  -0.000325909  0.00238198
821.943  466.692  0.000475098  0.000190069  0.00265807
894.383  434.084  0.000583717  0.000107838  0.00245411
852.352  470.659  0.00060177  -0.000376276  0.000776346
849.122  518.031  0.000542771  7.03801e-05  0.00015894
451.025  469.442  0.00071528  0.000558854  0.00132208
445.321  436.749  0.000353012  0.000136143  0.000233727
433.103  429.236  0.000468891  -0.000318098  0.00269398
391.198  442.201  0.000139651  -4.05202e-05  0.000558304
384.906  452.563  0.000129034  8.26312e-07  0.000343615
384.871  468.884  0.000153103  4.29953e-05  0.000218596
400.898  490.088  0.000376281  0.00017707  0.000215852
368.592  442.55  8.94165e-05  -4.32015e-05  0.00043515
436.705  439.006  0.000576241  0.000106027  0.00246424
439.351  450.073  0.000561845  6.272e-05  0.000631114
431.255  406.902  0.000534634  -6.49459e-05  8.05401e-05
864.569  456.314  0.000904587  -0.000837527  0.0020575
857.092  467.528  0.00051648  -0.000209715  0.000690225
846.575  516.355  0.00045236  7.57636e-05  0.000136322
852.211  527.855  0.000705839  0.00015833  0.000140319
876.386  443.379  0.0010591  0.000307882  0.00139216
842.464  441.822  0.00022075  0.000123412  0.00106752
868.318  441.092  0.000569029  -7.73692e-06  0.000864118
502.681  369.546  0.00057427  -0.000325237  0.000489933
495.257  349.477  0.000533199  -0.000267295  0.000290663
249.453  421.482  0.000313695  2.96733e-05  0.000148857
328.509  283.355  0.000235265  0.000267507  0.000706302
522.305  325.512  0.000215442  0.000103779  0.000677007
508.916  349.232  0.00013648  3.60608e-05  0.000255091
928.514  290.496  0.00088567  -2.09726e-05  0.00044838
936.711  278.912  0.000527103  3.788e-05  0.000807729
746.323  175.573  0.000848744  -0.000145248  0.000960879
747.264  184.474  0.000733712  -0.000167062  0.000597281
747.614  194.175  0.000612098  -0.000156741  0.000400607
743.368  211.902  0.000367451  -9.6936e-05  0.000224508
729.583  174.544  0.00102862  0.000102848  0.00113446
773.203  232.052  0.000862228  -5.63091e-05  0.000100463
795.355  157.683  0.000280706  0.000292246  0.00186202
799.825  161.696  0.000233818  0.000188541  0.00122769
490.282  216.688  0.000108569  1.52225e-05  0.000135467
494.005  214.289  0.000132088  1.6915e-06  0.000145688
538.436  211.292  0.000692375  -0.000121914  0.000150921
613.857  147.118  0.000446925  0.000364345  0.000936235
542.086  197.929  9.6112e-05  -4.80271e-06  0.000260196
851.795  196.765  0.000496582  -5.32969e-05  0.00017789
