1.0
218
497.838  582.473  0.000529981  0.000110656  0.0043111
493.144  563.328  0.00157346  -0.00164001  0.00435235
487.724  548.992  0.00109505  -0.000878723  0.00146274
968.062  557.005  0.00138044  0.000186107  0.00178167
416.09  551.416  0.00112938  -0.00039441  0.0011794
499.731  536.705  0.00424465  -0.00200267  0.00527819
488.381  497.29  0.00378841  -0.000357223  0.00127363
278.331  532.603  0.00443431  -0.00254605  0.00450217
266.988  519.766  0.000600126  -0.000134538  0.000885137
267.652  513.799  0.000471206  -5.99327e-05  0.000661971
274.113  531.826  0.00810283  -0.00532488  0.00615588
291.537  550.825  0.000910026  -0.000903952  0.00519991
114.208  510.351  0.00926139  -0.0020151  0.00197856
109.095  514.901  0.00182864  -0.000683278  0.000556009
109.892  510.305  0.00737522  0.00165614  0.00162151
132.885  527.424  0.00169428  -0.000999539  0.00121369
235.617  471.157  0.00449893  0.00105275  0.00155687
849.062  465.888  0.00483848  -0.00227986  0.00333124
416.516  484.769  0.00364884  0.000893213  0.00121332
426.136  479.989  0.00361282  0.00102122  0.00136402
388.269  452.194  0.000732446  0.000551653  0.00347994
418.718  466.326  0.00346262  0.000794646  0.00108129
414.918  474.244  0.00274655  -0.000100005  0.000613145
428.01  464.155  0.00391492  0.000977547  0.00118781
877.5  474.847  0.00405594  -0.00119536  0.000909102
837.901  447.981  0.00101012  0.000655376  0.00847791
830.202  462.788  0.000446959  7.60313e-06  0.00147053
844.074  462.011  0.000970837  -0.000199969  0.00144564
846.754  448.862  0.00373527  -0.000707809  0.00634437
226.742  469.336  0.00407284  0.00104516  0.0017095
227.912  417.279  0.00596405  -0.000303811  0.000988989
414.37  482.294  0.000360678  -0.00010362  0.000610169
453.823  432.87  0.00387955  0.000558908  0.000708247
448.962  425.563  0.001929  -0.00106538  0.00706063
442.746  438.573  0.00100074  -0.000264729  0.00133467
453.55  451.434  0.00223111  -0.000300512  0.00063344
878.402  430.287  0.000726165  0.000461163  0.00225026
886.044  389.8  0.000916546  0.000483293  0.00131107
470.012  364.906  0.00216279  -0.000420041  0.00165673
323.508  326.714  0.00574257  -0.000922051  0.00134099
323.139  341.808  0.00371698  -0.000615961  0.000770979
360.287  343.484  0.00157721  -0.000216985  0.000574623
327.466  330.364  0.00480049  -0.000341493  0.00164896
326.043  321.438  0.00251429  -0.000233106  0.000843419
321.611  306.153  0.00184867  -0.000175088  0.000383829
354.877  331.105  0.00532417  -0.000639799  0.00230562
343.32  332.25  0.001366  -0.00018793  0.00123016
335.02  340.847  0.000679544  -8.55069e-05  0.000714378
356.322  324.316  0.00522237  -0.000263988  0.00122108
323.416  344.511  0.00154342  -0.000157082  0.000591376
360.053  340.163  0.00373764  -0.000316203  0.000674308
427.045  336.444  0.00373202  -0.000210721  0.000963574
424.706  337.177  0.00370367  -0.000299881  0.000947529
433.581  269.607  0.00101408  -5.17055e-05  0.000575804
426.753  269.215  0.00176661  -0.000133584  0.000553683
465.594  321.729  0.00102189  5.8858e-05  0.00182824
467.74  325.672  0.000906757  5.37633e-05  0.00156258
461.662  317.236  0.00320235  -9.95069e-05  0.00120839
455.202  315.586  0.00281535  -0.000266969  0.00105674
453.413  321.998  0.0021147  -0.000116352  0.00171419
463.859  327.721  0.00266676  -4.51113e-05  0.00135548
453.645  326.271  0.00204942  -0.000102359  0.00169304
438.976  329.753  0.000662379  4.79961e-05  0.00139204
443.119  275.356  0.00274244  -0.0010595  0.00133979
439.133  277.273  0.00167138  -0.000603077  0.00124842
415.902  262.527  0.000524842  -0.000181774  0.000469043
453.398  273.855  0.00468269  -0.00045898  0.000895984
458.08  275.266  0.00121839  -1.98199e-05  0.000954681
456.868  333.066  0.00263  -0.000290723  0.00059148
441.611  337.061  0.000721747  -5.30181e-05  0.000488406
322.867  287.177  0.0026425  -0.000224738  0.00189906
352.424  274.856  0.00160982  -0.000113853  0.000846259
548.145  275.016  0.000500808  0.000212293  0.00209171
546.926  261.146  0.000474368  0.000118451  0.00155624
525.434  277.728  0.000527739  0.00020455  0.00214555
523.151  265.405  0.000542926  0.000252057  0.00167226
452.546  283.385  0.00863018  -0.00296833  0.00238043
447.937  276.695  0.00489257  -0.0018642  0.00296674
429.168  276.014  0.000819477  -0.000198905  0.00184493
420.481  267.237  0.000604862  -0.00018359  0.000924349
451.846  275.129  0.00620377  -0.000560908  0.001949
454.079  274.055  0.00169675  -1.31218e-05  0.00172834
413.23  256.262  0.00124211  -0.000104008  0.000431139
414.266  264.03  0.00262338  -0.000179308  0.000639281
422.525  265.61  0.00264105  -0.000210605  0.000737032
968.81  247.801  0.00218112  0.000407911  0.0050918
617.886  186.752  0.00448064  0.000544615  0.00414981
851.268  195.022  0.00164331  0.000288954  0.00287562
850.07  195.401  0.00145116  8.23024e-05  0.00132142
858.331  188.9  0.00272166  -2.76895e-05  0.00217355
868.198  187.243  0.00110902  0.000188401  0.00218395
876.25  184.239  0.00067737  0.000317394  0.00264934
852.153  192.745  0.00530867  0.000516061  0.00378375
850.332  193.167  0.0039972  0.000211945  0.00158348
850.853  157.895  0.00202166  -4.07344e-05  0.00189354
848.827  162.251  0.00463717  -0.000460695  0.00302846
613.1  196.742  0.00220911  -0.000142011  0.000572457
877.035  178.768  0.00824537  -0.000111761  0.00159597
850.233  160.95  0.00196074  0.000915709  0.00796115
876.155  151.212  0.00314906  6.96304e-05  0.00202665
880.454  156.189  0.00214668  -2.28353e-05  0.00118208
882.352  161.262  0.00193002  -0.000106305  0.000819407
685.154  168.031  0.000466343  0.000398484  0.00189144
690.62  172.005  0.000519112  0.000223381  0.00119913
767.264  152.36  0.000914021  0.000145118  0.00167806
505.135  558.261  0.00205141  0.00112747  0.00295654
501.22  551.37  0.000966479  0.000457128  0.00162818
491.582  559.204  0.00124979  -0.000863434  0.00272221
485.726  551.593  0.00165267  -0.000636677  0.00150283
237.97  520.6  0.00622963  0.000272962  0.00093974
971.744  565.427  0.0019191  0.000139024  0.00102382
271.069  521.909  0.00219922  -0.000834653  0.00108612
274.556  514.629  0.00119854  -0.000361757  0.000693016
90.774  515.755  0.00166934  -0.000365523  0.000438395
83.3686  533.78  0.00116116  -0.0010466  0.00260964
109.798  514.486  0.00476796  -9.73148e-05  0.000961511
106.172  520.203  0.00266971  0.0005104  0.000670386
107.738  515.8  0.00185604  -0.000261719  0.000405417
71.9421  436.688  0.000473053  2.20946e-05  0.000563665
75.7174  495.312  0.00199874  0.0005227  0.00134452
846.798  454.627  0.00156682  -0.000231492  0.00307142
855.419  513.115  0.000675087  3.34214e-05  0.000170444
856.925  473.837  0.000642789  -0.000461819  0.00102132
825.489  411.894  0.00232074  -0.00101549  0.00100004
828.262  428.556  0.00149302  -0.000645484  0.00206714
822.006  417.278  0.00133633  -0.000582359  0.00100926
817.41  425.491  0.000746215  -0.000320091  0.00149234
815.921  433.471  0.00056055  -0.000229492  0.00311542
899.265  447.78  0.000551938  -6.81557e-05  0.000538017
434.359  419.911  0.000679893  -0.000694214  0.00335468
436.839  441.775  0.000639328  -0.000119805  0.000584678
898.443  424.109  0.000855932  -0.000200305  0.00413602
854.241  380.275  0.000360976  -0.000239749  0.000510633
480.698  364.953  0.00307389  -0.00248513  0.00372019
512.04  376.325  0.000545229  -0.000430301  0.00104443
522.576  377.868  0.000352433  -0.000273452  0.00084701
467.392  363.3  0.0027713  -0.00014155  0.0020004
345.544  336.049  0.000859979  7.88988e-05  0.00207344
351.13  339.958  0.000634401  4.22048e-05  0.00137448
304.969  387.284  0.000576221  -3.67459e-05  0.000181892
324.77  342.426  0.00146731  -0.000160447  0.00144593
308.77  387.79  0.000333688  -5.12725e-05  0.000186286
322.311  288.127  0.00234485  -6.57047e-05  0.000841686
358.951  341.806  0.00173141  -8.27139e-05  0.00113643
400.93  371.694  0.000215976  -4.2593e-06  0.000224435
408.743  352.488  0.000235943  -5.4704e-06  0.000241941
353.599  275.142  0.00147769  -2.83356e-05  0.000479592
427.891  331.879  0.00266331  0.000813517  0.00152219
435.06  369.44  0.000840505  0.000189288  0.000221509
447.426  329.551  0.000668154  0.000406059  0.00115708
415.943  253.669  0.00153988  -0.000104701  0.000250201
374.603  325.035  0.000194812  -9.05727e-05  0.000821853
373.457  336.823  0.00017553  -5.97201e-05  0.000431915
442.826  333.168  0.000822113  0.00011175  0.00661014
445.336  364.856  0.000818688  -4.98445e-05  0.000228123
452.317  364.928  0.00136264  -9.3087e-05  0.000227554
443.26  337.415  0.000433253  -3.84479e-05  0.000797197
449.324  356.602  0.000475503  -7.95454e-05  0.000318589
466.106  328.015  0.0013877  -0.000469441  0.00035782
468.197  320.647  0.0014373  -0.000662345  0.000554103
881.219  163.531  0.00399774  -0.000303956  0.000686048
877.01  166.075  0.0023146  -0.000101113  0.000619035
868.433  168.577  0.0010954  5.83613e-05  0.000607663
857.239  187.385  0.000494082  3.57495e-05  0.000302014
852.892  183.461  0.000388624  -6.87943e-05  0.000341053
759.257  181.279  0.00261617  4.50543e-05  0.000340108
760.315  150.241  0.00235358  0.000449813  0.00265279
788.672  183.629  0.000366886  4.2412e-05  0.000254656
585.879  146.581  0.00119027  0.000162654  0.00165569
596.604  144.852  0.000608498  0.000194297  0.00171024
607.304  146.698  0.000370666  0.000150682  0.00129303
233.746  519.716  0.00107564  0.000111316  0.000908386
264.755  479.637  9.70713e-05  3.78359e-05  0.000144475
489.455  513.72  0.00142702  -4.30272e-05  0.000205785
495.162  518.741  0.000978523  -9.17822e-05  0.000194979
330.435  483.891  0.000126997  6.22196e-05  0.000252466
329.903  489.54  0.000204187  0.000208375  0.000531765
334.526  495.903  0.000165096  0.000143011  0.000362323
287.489  531.794  0.000184019  -2.22251e-05  0.000642683
263.18  539.628  0.00128398  -0.000291165  0.00113406
262.676  527.772  0.00146528  0.000100736  0.000631524
359.128  519.681  0.000126912  3.51445e-05  0.000259192
94.7661  527.593  0.000576511  -0.000361953  0.000949632
90.8592  513.163  0.000564298  7.00668e-05  0.000795856
72.1416  530.18  0.000377422  4.1042e-05  0.00175029
80.6736  522.65  0.000755755  -0.000579585  0.00131487
111.522  499.603  0.00245008  2.40135e-05  0.000526094
851.31  453.023  0.000355328  -0.000273913  0.000849242
851.793  508.926  0.000462712  0.000101611  0.000152315
427.962  418.343  0.000197397  -0.000171349  0.000817257
474.509  449.169  0.0023129  0.000673416  0.000572928
417.042  435.647  0.00014296  -3.98011e-05  0.000308829
448.045  451.873  0.00042043  7.38243e-05  0.000267293
406.019  474.471  0.000133714  1.7792e-05  0.000104108
437.428  487.771  0.000435073  0.000120401  0.000128836
887.785  394.997  0.000617615  0.000525679  0.00115547
388.735  462.269  0.000152451  7.29095e-05  0.000178201
875.563  435.92  0.000599143  0.000120811  0.00076439
362.495  338.554  0.000247948  6.46137e-05  0.000186237
279.288  432.672  0.0010528  0.000522069  0.000664264
495.685  364.385  0.000723391  -0.0006048  0.000798795
502.697  364.239  0.00254649  -0.000228583  0.000428676
359.628  329.575  0.000168123  -0.000175284  0.000599999
436.282  352.171  0.00233763  -0.000622498  0.000640083
415.168  257.151  0.00133192  -0.000336911  0.000349339
438.97  278.768  0.000892211  -0.000309086  0.000629523
446.652  280.535  0.000592823  -0.000255037  0.000610433
822.338  157.732  0.000301392  0.000103849  0.000615357
750.49  158.193  0.000872847  0.000382087  0.00161269
749.877  165.682  0.000845724  0.000243985  0.000909516
749.512  175.005  0.00085225  0.000171018  0.000529289
749.822  186.226  0.000914946  0.000135643  0.000320118
776.504  221.813  0.000838465  -5.19477e-05  0.000101167
808.907  148.718  0.000215863  0.000251634  0.00135296
869.617  189.829  0.000829733  -0.000179249  0.000188441
555.69  196.236  0.00151387  -0.000128645  0.00018735
490.436  209.279  0.000103711  1.63387e-05  0.000129697
536.469  215.228  0.000407253  -2.52607e-05  9.40645e-05
