1.0
807
149.922  636.57  0.00213213  0.00172826  0.003109
74.4288  644.195  0.00401497  -0.000983625  0.00355245
92.2007  592.743  0.00248631  0.000882428  0.00491369
98.8643  589.997  0.00198277  0.00171756  0.00491559
119.5  611.215  0.000859465  -0.000344506  0.000694811
120.495  597.98  0.00069002  2.95742e-05  0.000584965
53.7366  618.88  0.00241547  0.000521442  0.0027708
52.1522  624.747  0.00363161  0.00135911  0.00370292
48.1639  627.171  0.00284961  0.00146651  0.00303837
61.6952  616.324  0.00389868  0.00117715  0.00386993
67.397  603.699  0.00161553  0.000739485  0.00168809
75.9956  633.587  0.00540029  0.00275761  0.00522739
389.988  573.007  0.00657756  0.00153068  0.00183371
392.849  569.887  0.00509385  0.00129756  0.0013736
400.334  567.126  0.00245803  0.000523032  0.000705551
386.243  567.302  0.0090227  0.0039067  0.00349103
105.714  620.851  0.0058891  -0.000698197  0.00226337
383.059  594.948  0.00957082  -0.00133333  0.00217695
216.493  552.642  0.00324033  -0.00152352  0.00318607
374.735  591.155  0.00754677  0.00179315  0.00237319
359.806  586.619  0.00399697  0.00345934  0.00496446
365.625  588.141  0.00262886  0.00115287  0.00244803
373.765  589.153  0.00316934  -0.000323623  0.0017038
374.609  591.713  0.00276775  -0.000594603  0.00130634
367.622  575.124  0.00475068  0.00124412  0.00391732
363.146  581.267  0.00281081  0.00125678  0.00271187
365.935  584.86  0.00227575  0.000389223  0.00172003
350.12  590.233  0.00222369  0.00201571  0.00291861
154.059  551.178  0.00882194  -0.00177716  0.00197926
170.644  540.689  0.00085003  0.000101622  0.000766611
186.219  579.865  0.00165673  -0.00134149  0.00177096
182.977  568.493  0.00109043  -0.000503993  0.00115697
153.132  550.585  0.00602244  -0.000312752  0.00138894
153.266  543.419  0.00596951  -0.000139086  0.00081915
149.506  560.205  0.00392181  -0.00133577  0.00459773
148  545.292  0.00288739  -0.000263869  0.00103756
165.702  534.737  0.0035325  -0.00178904  0.00159284
163.275  544.174  0.00176054  -0.000500499  0.000888283
158.601  563.513  0.00219784  0.000233785  0.00677892
216.142  554.402  0.00539038  -0.000732881  0.00439952
234.623  542.098  0.000793557  0.000236276  0.00114063
212.703  551.12  0.00441755  -0.0027287  0.00303966
182.429  583.731  0.000790202  -0.000361957  0.000679645
180.316  570.555  0.000688614  -2.18603e-05  0.000625638
408.173  556.502  0.00309628  -0.000247101  0.00216843
406.924  564.031  0.00183625  -8.5577e-05  0.00131744
414.124  559.792  0.003688  -0.00168289  0.00193353
406.498  567.342  0.00134653  -0.000233142  0.000940385
427.291  540.46  0.00816267  -0.00386385  0.0046691
430.587  536.244  0.00374096  -0.000722162  0.00314889
440.019  529.279  0.0017006  0.000779904  0.00249778
378.653  511.027  0.00105737  0.000754302  0.00119554
368.852  520.242  0.00274115  0.002151  0.00295602
361.343  524.311  0.00303753  0.00144242  0.00239736
304.211  564.194  0.00596145  -0.00082581  0.00182013
297.062  573.825  0.00193044  -0.00024268  0.000880686
384.574  501.781  0.00220228  -0.00071675  0.000798439
381.593  508.413  0.00141255  -0.000253495  0.000647902
201.654  535.019  0.000613163  0.000626253  0.00410882
387.928  496.028  0.00167367  -0.000475868  0.000554477
381.931  507.016  0.000982893  0.00023963  0.00119175
384.585  499.95  0.00255738  -0.000594354  0.00114718
384.086  499.439  0.00207245  -0.000168697  0.000812919
293.048  557.302  0.00269652  0.00106212  0.0018266
301.542  551.584  0.00629598  0.000389114  0.00181696
299.061  554.071  0.00438289  0.00062122  0.00167504
281.972  578.907  0.000978083  0.000403433  0.000683828
383.945  509.36  0.00124458  0.000629664  0.00177428
389.706  511.186  0.00348782  0.000876748  0.00305899
386.37  508.903  0.00254674  0.000346679  0.00198765
381.712  509.595  0.00179642  0.000381522  0.00151684
376.385  512.03  0.00132751  0.000471117  0.00127945
380.199  514.655  0.00160541  -0.00119026  0.0116771
371.75  516.977  0.000971031  -0.000184807  0.00564986
286.272  558.205  0.00148061  0.000692693  0.00144024
273.503  580.975  0.000578949  0.000252589  0.000535722
148.597  499.224  0.000581935  0.000245506  0.000861219
139.49  503.212  0.00075615  5.67595e-05  0.000891199
435.342  466.206  0.00044889  0.000111947  0.00039802
373.227  530.27  0.000720964  -0.000519755  0.00122283
395.161  547.262  0.00221841  -0.000923973  0.000833932
381.185  513.986  0.00400291  0.00345894  0.0054872
306.801  513.5  0.00116834  0.000249441  0.000768298
315.783  569.797  0.00162292  0.000477045  0.000589918
320.86  534.586  0.0054749  0.00319457  0.0041797
307.932  571.337  0.000949606  0.000349338  0.000524203
357.073  534.181  0.00262453  -0.000166136  0.000352761
366.171  528.056  0.00118199  5.97865e-05  0.000297551
332.069  548.566  0.00307721  0.0012468  0.00298054
335.111  542.597  0.00311195  0.00270348  0.00540993
325.169  553.878  0.00729087  -0.000162536  0.00093979
380.227  510.481  0.00118369  0.000405691  0.0019569
366.726  520.53  0.00532936  -0.00223777  0.00482146
227.253  533.341  0.00246745  0.00103706  0.00386634
232.886  560.21  0.00079972  0.000271664  0.000512355
227.843  505.617  0.00363498  0.00108188  0.00475587
224.298  505.363  0.0023623  0.000812093  0.00433191
226.724  482.42  0.00192906  0.000410614  0.000661822
444.057  461.215  0.000547851  0.00011479  0.000367209
544.45  507.777  0.00496579  -0.0010901  0.00086126
552.155  506.488  0.00235347  -0.00053668  0.00041975
292.162  486.265  0.00078444  0.000765624  0.00384688
362.155  514.705  0.00215763  0.00133985  0.00361446
370.572  514.041  0.00257946  -0.000144904  0.00284063
377.565  511.282  0.00635045  -0.00314572  0.00462949
374.551  512.78  0.00379938  -0.00122962  0.00332274
255.57  536.862  0.00282875  -8.69834e-05  0.000499186
431.018  468.42  0.00090258  -9.28432e-05  0.000477427
267.994  533.749  0.00391138  -0.00152859  0.00123338
375.77  517.289  0.00265956  -0.00153551  0.00160118
370.128  526.065  0.00105561  -0.000423615  0.00072255
231.547  511.496  0.00272598  0.00133523  0.00178501
241.156  500.977  0.00382339  -2.56916e-06  0.00257859
385.744  490.305  0.00477514  -0.00298903  0.00390947
372.907  486.04  0.00154447  -0.00130978  0.0027997
382.827  484.958  0.00271179  -0.00139482  0.0020632
385.568  494.715  0.00268216  -0.00216026  0.0054352
552.251  514.662  0.00540056  -0.00045302  0.000692085
289.702  492.612  0.000920436  -0.000371807  0.000549151
86.4635  471.409  0.000611817  0.000156052  0.000712925
85.5164  474.35  0.00345641  0.000703636  0.00116487
528.9  452.06  0.006795  0.0025527  0.00231845
532.463  448.591  0.00530561  0.00231179  0.00197932
413.085  489.767  0.00257368  -0.00102997  0.0011765
311.332  426.729  0.000509953  -0.000158992  0.000503363
319.251  445.205  0.000599577  0.000229315  0.00099212
416.096  466.95  0.004277  -0.00174313  0.00366035
417.162  472.639  0.00275794  -0.00116814  0.00234192
413.759  481.475  0.00127619  -0.000280937  0.00119188
412.021  489.185  0.00082792  -0.00012005  0.000799145
99.2807  481.445  0.0127627  0.00194031  0.00183561
102.05  486.057  0.00661512  0.000262994  0.00128205
370.895  417.119  0.00187488  -0.000650974  0.00119162
362.842  411.451  0.0022845  -0.00128087  0.00136609
104.037  486.233  0.00439179  0.000541832  0.000709097
459.077  454.769  0.00106934  -0.000349073  0.00061906
464.882  452.504  0.000728771  -0.000165856  0.00048543
450.651  458.969  0.00241683  -0.00189344  0.0108387
446.894  462.743  0.00341677  -0.000444634  0.00479621
575.282  424.722  0.00399308  0.0027301  0.0039437
379.224  428.123  0.00276213  0.000812516  0.00341501
375.543  423.361  0.00208952  -0.000152182  0.00209054
364.944  423.089  0.00499073  -0.00293386  0.00334108
361.179  412.564  0.0028491  -0.00172771  0.00187339
291.795  537.544  0.00284412  0.00061656  0.00118473
329.436  544.115  0.00334795  0.000279424  0.000898299
415.756  463.704  0.00143611  0.00125507  0.00200786
445.492  448.681  0.00506612  -0.003086  0.00411972
441.635  449.112  0.00827886  -0.00437603  0.00470794
379.541  423.377  0.00323742  -0.00290688  0.00485412
368.024  426.864  0.00108731  -0.000563027  0.0015026
358.426  421.021  0.000842002  -0.000606311  0.00121622
421.542  406.544  0.0016912  0.00134822  0.003072
188.71  416.897  0.00461227  0.00394693  0.00822032
184.317  415.926  0.00280233  0.00232367  0.00482729
750.179  422.449  0.00406924  0.00228572  0.00628526
744.461  425.791  0.00306815  0.0027736  0.00592716
421.41  428.425  0.00303775  -0.00219107  0.00336316
384.459  418.01  0.000376032  -0.000304056  0.00111906
428.58  417.131  0.00271588  -0.00150449  0.0015644
425.973  421.375  0.00163822  -0.000934314  0.00151334
553.012  405.703  0.00349796  -0.00183462  0.00356579
550.002  407.671  0.0023592  -0.000799342  0.00248062
556.413  415  0.00382658  0.00109372  0.00443643
535.636  398.81  0.00126893  -0.000736019  0.00128136
545.286  409.475  0.00158866  -0.000262962  0.00171798
549.506  422.367  0.00328442  0.0025128  0.00407978
530.383  402.74  0.000814064  -0.000307214  0.000850537
473.62  403.302  0.00213505  0.00201693  0.00405328
370.592  435.019  0.00402924  0.00413841  0.00730193
358.227  426.166  0.00104174  0.000680167  0.00115896
595.9  385.275  0.00148202  0.000890115  0.00220832
610.393  373.906  0.00103519  0.00101018  0.0018002
593.7  390.507  0.0019025  0.00145013  0.00330001
530.16  393.56  0.000865607  -0.000245097  0.000697597
551.93  400.936  0.00527197  -0.00325559  0.00544041
643.192  385.18  0.00455235  0.0021968  0.00272685
404.072  393.57  0.00870903  0.00226157  0.00313484
424.98  372.95  0.00132893  0.000818925  0.00132352
435.052  360.744  0.000792215  0.000512471  0.000832309
413.634  415.369  0.00201713  0.000450535  0.000509961
410.924  373.842  0.00503215  -0.00335635  0.0052776
409.513  378.023  0.00307401  -0.00100233  0.00354165
404.975  372.571  0.00284264  -0.00173725  0.00302942
411.729  383.404  0.00346464  0.000769157  0.00456737
409.321  389.319  0.00413427  0.00334615  0.00618629
404.368  392.869  0.00363335  0.0034617  0.00559468
390.376  383.576  0.000864527  0.000170378  0.00113315
396.683  396.188  0.00242047  0.00237608  0.00374829
391.167  391.928  0.00115843  0.000798261  0.00169117
409.054  380.711  0.00447701  0.00184652  0.00565279
414.085  347.629  0.00208046  0.00192272  0.00285796
400.59  323.821  0.00075717  -3.01155e-06  0.000397367
415.928  347.428  0.00113357  0.000902358  0.00160031
491.239  366.814  0.00270694  0.00103702  0.00386719
488.036  368.355  0.00198686  0.00124538  0.00329649
481.727  374.446  0.0019634  0.0017894  0.00317741
755.288  359.972  0.00291205  0.000114309  0.00142257
526.601  345.124  0.00340571  0.0021543  0.00454038
519.732  346.902  0.00318104  0.00014202  0.00408559
527.824  344.561  0.00652456  0.00498812  0.00662422
528.716  383.574  0.00111499  0.000816302  0.00142083
557.107  371.526  0.00273966  -0.0017188  0.00261595
530.628  376.846  0.0022546  0.00106553  0.00225296
247.211  330.364  0.000811906  -0.000359468  0.00065169
264.929  353.579  0.00148296  0.000986238  0.00176451
518.398  346.338  0.00326708  -0.0011109  0.00560181
521.435  341.678  0.00268568  0.000552678  0.00351656
523.525  349.044  0.00222723  -0.00175434  0.00398378
495.819  365.301  0.00260139  0.000794532  0.0045288
495.607  385.957  0.000831836  6.24801e-05  0.000710496
744.476  379.131  0.00291287  0.000978149  0.00092251
552.313  314.39  0.00130264  0.000973529  0.00157502
556.583  308.896  0.00108587  0.000863659  0.00133358
538.624  305.968  0.000933472  -6.23651e-05  0.000677464
529.608  299.907  0.00104143  -0.000360759  0.000602716
522.897  337.362  0.00445299  -0.000885516  0.00307519
533.388  347.163  0.0023326  -0.00128068  0.00160342
550.444  322.063  0.000914277  0.000547086  0.000982122
344.693  345.503  0.00525683  -0.00257826  0.0047429
346.223  342.214  0.0035575  -0.000713441  0.00374483
343.372  338.313  0.0044995  0.000848847  0.00564502
355.561  348.628  0.00206654  -0.000914062  0.00191613
353.785  340.295  0.00183625  9.69081e-05  0.00217428
417.699  389.585  0.0019376  -0.00107602  0.00231694
426.605  400.429  0.00153226  -0.00114423  0.00166465
424.279  403.453  0.00106334  -0.00070722  0.00120482
394.662  411.09  0.00040132  0.000167585  0.000703018
361.387  329.819  0.00234328  0.000395812  0.00138268
366.627  329.147  0.00247214  0.00158699  0.00274049
360.693  328.394  0.00300566  0.00142088  0.00297758
456.302  302.74  0.000733043  0.000247025  0.000758743
448.604  307.717  0.000993167  7.37861e-05  0.00082229
454.101  288.319  0.000465165  4.88902e-05  0.000396431
435.539  294.928  0.00181765  -0.000694115  0.000672377
548.916  313.117  0.00195245  0.00139109  0.00181806
531.246  285.348  0.000442674  -3.59742e-05  0.000335271
560.524  317.86  0.000724723  0.000375095  0.000771025
439.151  299.903  0.00172404  -0.000513952  0.000788929
451.996  328.729  0.0025695  0.000282742  0.00246743
409.395  349.402  0.00135631  0.000483944  0.00142431
398.943  330.728  0.000854513  -0.000150928  0.000482742
457.89  295.078  0.000578631  2.4673e-05  0.000428557
511.293  348.589  0.00334847  4.38579e-05  0.0021784
489.937  369.705  0.000570499  0.000275261  0.000748207
494.742  377.716  0.000434005  8.67826e-05  0.00047252
526.73  368.484  0.00283065  -0.00148781  0.00135699
363.83  325.986  0.00215578  -5.76838e-06  0.00240138
371.152  316.559  0.00171956  0.00107463  0.00217001
369.626  322.468  0.00332482  0.00290955  0.00523293
374.609  324.125  0.00186936  0.00124244  0.00279469
359.661  323.55  0.00469224  0.00318121  0.00739254
362.462  326.809  0.00295547  0.000732801  0.00412072
433.538  293.489  0.0018647  -0.000166448  0.00159379
456.366  302.74  0.000843239  5.74653e-06  0.000796199
444.121  291.623  0.000567077  -0.000141687  0.000444542
432.031  293.294  0.00242936  7.84865e-05  0.00190438
423.91  297.709  0.00207199  -0.000198834  0.00203229
468.387  313.792  0.00246492  0.00244789  0.00522072
594.517  300.564  0.00247785  0.00144548  0.00302985
574.579  292.249  0.00225097  -0.0013354  0.0019002
570.438  300.679  0.00225849  -0.00102853  0.00172774
575.808  315.412  0.00268244  0.00102488  0.00294347
539.061  308.319  0.000435646  1.09817e-05  0.000389338
333.625  353.925  0.00109357  0.000919015  0.00169156
341.74  301.255  0.00535454  -0.000817499  0.00395362
350.047  305.954  0.00342308  0.000329717  0.00331985
340.425  315.127  0.005665  0.00429683  0.00629259
357.097  303.76  0.00492427  0.00466291  0.00778982
352.476  305.618  0.0045913  0.00295785  0.00632275
451.01  325.489  0.00177285  -0.000711667  0.000796847
445.898  325.096  0.00165428  -0.000881042  0.00120314
397.741  323.297  0.00233384  0.00154786  0.00322165
411.674  334.206  0.00187474  -0.000521156  0.00110532
421.543  321.008  0.00171332  -0.000711795  0.00210552
419.11  315.311  0.0017281  -4.7416e-06  0.00242962
348.153  304.307  0.00459174  0.00151561  0.00511338
538.699  338.685  0.000441321  -4.86422e-05  0.000417066
554.808  291.868  0.00213644  -0.000256608  0.00486158
592.944  298.4  0.000401596  -0.000202963  0.000920765
452.762  298.794  0.000865062  0.000231263  0.00132878
549.289  276.505  0.00241021  0.00140136  0.00295833
454.973  304.053  0.000632717  9.05944e-05  0.000914352
479.26  304.242  0.00216896  -0.00130979  0.00144941
452.475  294.15  0.00133998  0.000630257  0.00151685
459.165  316.704  0.0005147  -1.5635e-05  0.000454713
480.361  306.255  0.00136155  -0.000771651  0.00102369
540.977  337.567  0.000597644  9.97604e-05  0.000723167
552.384  279.12  0.00235328  0.00233753  0.00555631
550.175  276.144  0.00376452  0.00342162  0.0055949
566.924  306.087  0.00143953  -0.00065778  0.00103237
570.861  303.765  0.00226052  -0.00127675  0.00147672
502.114  273.983  0.000636269  -0.000444433  0.00466535
539.431  257.457  0.00498979  -0.00267519  0.00538203
544.569  281.203  0.00416245  0.00312422  0.00500879
502.746  272.694  0.000894091  -0.000504687  0.00574715
613.911  288.634  0.0013687  0.000216902  0.0014996
619.535  283.456  0.00110462  0.000504903  0.00137128
618.657  277.325  0.00156402  0.00124438  0.00220008
599.966  256.715  0.00246087  0.00235238  0.00361151
584.057  264.21  0.00266172  0.000413849  0.00275285
588.169  260.105  0.00194347  0.000746538  0.00225058
603.217  242.77  0.000906895  0.000691553  0.001236
584.823  256.323  0.00153029  0.000151997  0.00153616
571.782  248.902  0.00184617  -0.000890727  0.00127176
591.409  261.646  0.00255938  0.00149181  0.00318586
583.951  260.424  0.00231629  6.70673e-06  0.00211594
580.61  256.759  0.00210803  -0.000459516  0.00165974
563.878  254.008  0.00177988  -0.00188476  0.00340837
575.903  267.969  0.0017995  -3.65015e-05  0.00322986
568.812  248.356  0.00160871  -0.000784752  0.00113323
545.45  286.84  0.00268061  0.00189077  0.00351257
610.332  263.572  0.00045764  3.61138e-05  0.000697014
598.543  279.092  0.0014209  -0.000770213  0.00101109
483.319  293.807  0.00172541  -0.000696075  0.00112228
457.24  294.773  0.000684936  0.000417269  0.00141201
469.821  293.013  0.000842626  -2.9855e-05  0.00123382
392.068  219.388  0.00131897  -0.00068134  0.000871703
348.204  256.761  0.00130023  -0.00120314  0.00197079
319.947  294.432  0.00212651  -0.00145978  0.00159736
302.328  264.581  0.00182117  0.00118953  0.0132866
319.294  282.725  0.00109179  -0.000611117  0.00149604
447.134  327.215  0.00150657  -0.000935863  0.00108377
419.677  305.407  0.00158095  0.0015344  0.00256956
483.041  294.346  0.00180306  -0.000852309  0.000882657
283.463  245.506  0.00233447  -0.000956073  0.00491116
279.871  240.078  0.00218942  -0.00122709  0.00299182
443.323  236.98  0.00049705  0.000522535  0.00218602
458.769  233.875  0.00125662  0.00120966  0.00271427
335.339  265.163  0.00049314  -0.000326496  0.00127828
389.674  227.215  0.000375657  6.43212e-06  0.000839829
418.387  259.453  0.000566342  0.000325017  0.00232897
604.495  237.616  0.00163241  -0.000922002  0.00100388
605.134  246.317  0.0011529  -0.0004629  0.000785912
617.022  295.852  0.000563142  0.000186084  0.000674262
427.859  255.891  0.000997585  0.000437053  0.00377442
452.023  286.946  0.00107363  0.000663891  0.00139433
465.622  289.485  0.00087123  -5.48718e-05  0.000894349
427.292  254.962  0.0010576  0.000738718  0.00130895
422.266  258.366  0.00119086  0.000772871  0.00114945
555.129  233.444  0.00180099  -0.000202115  0.00313711
536.625  213.458  0.00129258  -0.000991936  0.00143027
552.053  226.041  0.0053082  -0.00305112  0.00340681
545.836  221.313  0.00347748  -0.00202478  0.00219993
550.142  234.025  0.00240848  -0.000537186  0.00258777
584.484  273.764  0.00123632  -0.000481225  0.00122517
427.046  253.536  0.00142778  0.00124394  0.00656632
417.464  257.491  0.00108112  0.00122233  0.0043106
466.371  232.202  0.0019418  0.00106413  0.00534315
466.859  291.164  0.000672815  -0.000236205  0.000750331
458.979  295.532  0.000452943  -4.47662e-05  0.000597887
456.142  291.593  0.000621955  0.000140842  0.000809515
556.801  233.7  0.00182419  0.00050725  0.00477533
553.834  226.782  0.00654169  -0.00372418  0.00458418
626.936  227.926  0.000645723  -0.000218315  0.00070304
499.335  237.869  0.0050609  -0.00465905  0.00828441
368.836  234.192  0.00134775  -0.000549136  0.00074272
344.295  249.558  0.000491497  -8.47562e-05  0.000391198
394.871  221.201  0.00158019  -0.000779334  0.00110188
399.447  209.817  0.00034826  -0.000139192  0.000681063
398.949  200.94  0.00033628  -2.97125e-05  0.000371099
367.449  236.607  0.00185552  -0.00101528  0.00117517
393.755  228.651  0.0013542  -0.000579817  0.00120698
566.028  224.721  0.00168883  0.00185092  0.00867296
557.448  211.456  0.000354164  0.000383426  0.00190466
558.159  250.818  0.00140994  -0.00115975  0.00419238
568.052  261.004  0.00180002  -0.00132267  0.00217187
567.532  263.97  0.00142471  -0.00104712  0.00172371
604.967  254.59  0.00217651  0.00147278  0.00271103
612.674  252.037  0.00223823  0.000485421  0.00226335
600.394  262.986  0.00134866  0.000947176  0.00169749
618.842  250.511  0.00304394  -0.00063975  0.00241553
621.619  249.094  0.00270284  -0.00053269  0.00224838
633.283  229.773  0.00231638  0.0021358  0.00319107
628.795  251.333  0.00111647  3.54181e-05  0.00105531
637.349  262.302  0.000854026  -0.000265  0.000665234
610.709  240.369  0.00300838  -0.000245495  0.00280135
609.129  246.208  0.00275552  0.00116856  0.0034316
575.588  239.174  0.000454127  4.73788e-05  0.000475335
608.186  246.676  0.00203343  0.000384938  0.00213531
599.173  255.016  0.00127083  0.000730697  0.00161261
598.658  260.197  0.000940302  0.000465374  0.00115047
614.449  251.354  0.00185147  -0.000425477  0.00150393
597.251  271.884  0.000707838  0.000393693  0.000862858
605.142  249.985  0.00119991  8.8666e-05  0.00136529
616.057  254.084  0.00157375  -0.000654588  0.00120592
605.066  266.296  0.000582667  -3.30153e-05  0.00060527
623.758  256.28  0.00258245  -0.00152955  0.00163342
613.65  238.286  0.00286927  -0.000169016  0.00280137
613.08  232.579  0.00194439  -0.000260664  0.00181081
620.229  239.185  0.00203708  0.00202439  0.00374292
612.471  235.36  0.000969297  0.000515457  0.00180284
594.143  247.464  0.00334547  -0.00300827  0.00645608
598.257  237.307  0.00101064  -0.000372922  0.00192417
585.53  237.856  0.00189664  -0.0019996  0.00367448
591.479  232.261  0.000846929  -0.000566964  0.0016249
582.137  232.67  0.00136762  -0.00144419  0.0026497
617.63  235.363  0.00159188  0.000792941  0.00208756
612.191  229.623  0.00113428  8.37779e-05  0.00119982
605.153  223.482  0.00103841  -0.000277843  0.000886484
597.343  217.602  0.00115221  -0.00055654  0.000835234
622.124  247.565  0.00206615  -0.000730105  0.00160856
636.562  222.444  0.00140572  0.00128958  0.00206861
636.711  263.787  0.00150504  -0.00081216  0.00100915
404.729  213.873  0.000695101  -0.000233562  0.00108345
445.237  282.726  0.00156121  -0.000120917  0.000314702
422.892  209.644  0.00293667  -0.00139086  0.0023007
659.226  195.034  0.00164445  -0.00125951  0.0016789
605.271  253.302  0.0019342  -0.000824621  0.00125601
618.08  260.838  0.00105177  -0.000471428  0.000669446
621.281  242.97  0.000630083  3.83116e-05  0.000589768
604.467  241.064  0.00296977  0.00223317  0.00514784
627.455  256.92  0.00077887  -0.000533648  0.00146503
617.023  237.683  0.0014032  0.00107818  0.00242996
614.051  233.329  0.00321606  0.00267572  0.00458505
601.531  246.99  0.00175063  -0.000872937  0.00104589
591.03  218.695  0.00269536  0.0018234  0.00332578
597.564  213.749  0.00229145  0.00196456  0.00305184
616.962  236.342  0.000553026  -5.81183e-05  0.000448272
621.476  225.604  0.000462926  0.000109775  0.000461042
608.206  250.661  0.00125242  -0.0006194  0.00075101
627.079  243.578  0.000796041  -9.53686e-05  0.000677045
640.715  237.583  0.000454045  6.24567e-05  0.000439091
633.177  258.14  0.000821888  -0.000360384  0.000652958
732.724  198.157  0.00230806  -0.00119847  0.00333278
730.404  213.715  0.00281884  0.00249144  0.00442117
698.164  199.191  0.000404668  -7.09772e-05  0.000596673
687.349  223.209  0.00575623  0.00111941  0.00412467
676.891  234.42  0.00360641  0.00238758  0.00305796
688.497  224.53  0.00532349  0.000132816  0.00362548
663.835  192.744  0.00267475  -0.000805051  0.00141897
678.802  164.606  0.000611282  0.000130653  0.000422931
659.897  177.364  0.001585  -0.000668328  0.000861248
689.287  173.08  0.00109781  0.000652933  0.000905479
666.599  211.667  0.00151947  0.000606703  0.00143515
631.35  234.731  0.0032789  0.00259403  0.00322293
649.654  224.155  0.00474663  -0.000793  0.00289221
667.973  212.475  0.00106021  0.000191492  0.00100533
682.336  221.35  0.00391029  0.000555626  0.00523776
705.194  235.793  0.00118004  -0.000706006  0.00132094
667.586  197.521  0.00316502  0.000285303  0.00285007
445.757  203.354  0.00275616  -0.00227754  0.00661758
487.429  195.278  0.00227724  0.00136799  0.00293685
548.448  175.735  0.00129444  -0.000826287  0.00107008
701.426  197.532  0.00416339  -0.00108852  0.00294954
705.773  187.403  0.00166428  -3.60933e-05  0.00137664
632.282  230.657  0.00225996  0.00145283  0.0022352
650.589  224.104  0.00459848  -0.00171595  0.00249521
631.827  234.066  0.00170077  0.00108568  0.00170681
809.705  240.749  0.00309113  0.00235445  0.00378011
554.636  181.822  0.0011734  0.000733871  0.00104892
379.23  177.267  0.00746547  0.00328894  0.00318349
672.436  206.214  0.00298148  -0.000267177  0.00235233
419.313  216.973  0.00110854  -0.00114687  0.00279434
410.286  218.892  0.00309166  -0.00224639  0.00303006
530.155  199.106  0.00407502  -0.00166473  0.00373811
533.293  213.775  0.00152225  -0.000679737  0.0013784
577.198  164.29  0.000905063  0.00069072  0.00124328
683.609  176.008  0.00850198  0.00063597  0.00206999
705.952  192.341  0.00280033  0.000352778  0.00300556
709.905  197.774  0.00153282  8.84356e-05  0.00191491
496.883  132.862  0.000663352  -3.29223e-05  0.000541051
479.732  144.081  0.00266068  -0.00158036  0.00161526
487.793  150.201  0.00436506  -0.000687079  0.000772515
478.886  141.537  0.00204961  -0.000303344  0.000379095
369.35  197.553  0.00425462  0.0020601  0.00234491
398.266  220.334  0.000454289  -0.000197832  0.000658852
386.89  231.547  0.000347974  7.68957e-05  0.000499422
374.153  183.846  0.00832783  0.00378252  0.0045806
376.032  187.476  0.00441129  0.00156131  0.00278442
378.324  192.809  0.00240965  0.000591096  0.00173288
379.756  197.142  0.00170243  0.000326746  0.00129785
325.869  153.965  0.000979701  -0.000899692  0.00159714
344.298  152.684  0.00221495  -0.0022893  0.00418196
539.153  209.538  0.000550603  -1.85297e-05  0.00104275
546.893  221.249  0.000548193  -0.000269436  0.000719368
563.237  177.988  0.00241639  -0.00133538  0.00323992
559.639  172.66  0.00259742  -0.000250062  0.00362098
597.296  144.407  0.000808808  0.000269272  0.0011502
610.006  180.557  0.00405071  0.00155291  0.00517426
605.85  184.204  0.00322904  0.00208334  0.00440086
601.263  187.876  0.00288816  0.00239777  0.00411083
592.048  201.181  0.00140895  0.00127051  0.00203834
601.159  210.322  0.000597195  0.000245132  0.000768128
611.535  136.283  0.0024321  -0.00140523  0.0018514
396.201  154.865  0.00314107  0.00123608  0.00421967
446.188  252.03  0.00239867  0.00108902  0.00220309
449.329  259.66  0.00143521  0.000226296  0.0011436
459.393  280.827  0.000766205  -0.000209465  0.000474951
443.008  247.065  0.00666252  0.00362547  0.0048876
443.935  251.063  0.00474048  0.00159408  0.00266889
448.081  255.583  0.00480281  4.90809e-05  0.00141892
431.664  201.781  0.00104459  -0.000191492  0.000933661
419.312  204.67  0.00240003  -0.00157431  0.00189145
433.208  184.049  0.000495316  -5.52383e-05  0.000450672
392.332  229.156  0.00144349  -0.000635058  0.000754384
409.489  220.845  0.00541348  -0.00308822  0.00311101
730.675  154.937  0.00299972  -0.00123972  0.00341043
630.03  221.625  0.00150496  0.000167299  0.000313328
658.299  168.349  0.00671087  -0.000524923  0.000858884
664.844  177.424  0.00351477  -0.00028596  0.000512787
678.829  151.41  0.00138991  0.000480678  0.000517747
454.476  181.153  0.00160442  0.000879766  0.00228512
462.453  188.126  0.00149951  0.000482997  0.00192163
464.304  177.705  0.00333804  0.000751187  0.00360025
465.333  179.785  0.00340162  0.000736582  0.00367469
507.096  186.354  0.000378617  4.91165e-05  0.000382937
469.454  138.991  0.00113548  0.00100065  0.00186392
444.865  155.908  0.00214929  0.000271659  0.00228652
728.761  155.209  0.00259077  0.000296735  0.0012674
794.709  177.575  0.0038238  0.00234237  0.00632309
455.754  150.114  0.0025252  0.00162603  0.00336151
618.23  143.369  0.00705657  -0.00413159  0.004374
613.429  139.028  0.00177843  -0.000909314  0.00186818
167.905  150.637  0.00118957  -0.000128229  0.00186537
139.387  181.804  0.000823703  -0.000250195  0.00095701
449.996  154.379  0.00336858  -0.000256941  0.00297915
485.223  144.318  0.00176347  -0.000572401  0.000964579
485.369  122.732  0.00176903  0.000794934  0.00130554
499.838  119.73  0.000837313  0.000361092  0.000614192
446.382  88.9457  0.000432923  2.25767e-05  0.000552141
433.925  97.2511  0.00078638  -0.000308659  0.000835052
575.912  154.633  0.00246051  0.00187635  0.00269023
584.029  160.275  0.0012935  0.000328332  0.00110607
517.548  151.123  0.00375558  -0.000336719  0.000925589
752.536  142.766  0.00815689  -0.000295413  0.00284
719.097  130.106  0.00183136  0.00188915  0.00332012
381.241  140.046  0.00611395  0.00469464  0.00742055
385.182  130.707  0.00276992  0.002163  0.00334438
380.956  134.917  0.00297167  0.00196629  0.0037597
385.658  127.29  0.00203694  0.00153309  0.00248727
377.085  120.392  0.000800617  0.000284207  0.00113195
365.984  104.427  0.000334039  -2.19838e-05  0.000540418
584.219  170.83  0.000449586  1.8982e-06  0.000474227
663.209  98.1514  0.00049657  0.000103966  0.00144261
617.138  126.039  0.000827323  -0.000250921  0.000827505
608.682  123.937  0.00301673  0.00243184  0.0034933
622.32  128.122  0.00110748  8.21381e-05  0.00144151
630.223  133.325  0.000838719  -0.000279384  0.00115872
634.868  128.743  0.00126577  -0.000807222  0.00182438
621.157  139.151  0.000530271  -0.000139063  0.000728117
616.067  154.035  0.000307921  -1.56077e-06  0.000401232
607.232  123.074  0.00401397  0.00331809  0.00466438
660.888  98.7761  0.000779795  -0.000319755  0.0011521
485.222  121.322  0.00146181  0.00168743  0.00373898
576.102  66.3213  0.00163262  -0.000812897  0.00131178
698.338  146.125  0.00116971  -0.000518473  0.000617582
481.388  60.5995  0.00172445  0.00124844  0.00171045
473.247  75.4153  0.00198367  0.000615495  0.00101976
618.779  126.325  0.00735715  -0.00479656  0.00607484
616.752  119.898  0.00543637  -0.0013309  0.00485715
253.409  630.358  0.00152413  0.00125925  0.00186619
259.367  627.865  0.001886  0.00176266  0.0027174
245.377  639.209  0.00178545  0.00102282  0.00370549
249.612  635.093  0.00166476  0.00124303  0.00294744
76.4257  630.75  0.00183385  -0.00023046  0.00156365
368.796  591.179  0.00102499  0.000519719  0.000792248
351.95  515.111  0.000507249  -0.000526359  0.00132721
346.725  518.694  0.000353126  -0.000277283  0.000955382
327.328  529.85  0.000178233  6.40242e-06  0.000533816
350.405  513.499  0.000601102  -0.000530909  0.00129688
335.957  526.932  0.000286341  -2.80429e-05  0.000526389
345.346  545.907  0.000950119  0.0001688  0.00026389
358.969  535.089  0.000549015  0.000190353  0.000252194
275.365  488.855  0.000306761  0.000168591  0.000538233
174.957  573.022  0.000717416  4.45973e-05  0.000658856
186.181  578.405  0.000664237  -0.000228793  0.00058905
195.928  571.642  0.00142419  -0.000960341  0.00122651
430.106  534.926  0.00142839  0.000922919  0.00184582
422.901  539.079  0.00128345  0.00112327  0.00194713
419.832  544.095  0.000998375  0.000857938  0.0014991
448.548  479.191  0.000494742  0.000491741  0.000976634
403.414  502.211  0.00119028  -0.00112312  0.00276365
637.631  491.989  0.00429903  0.00288902  0.00313206
360.984  531.694  0.00130318  0.000297785  0.000269528
485.398  507.39  0.00266404  -0.000418762  0.00110635
289.146  488.257  0.000717233  0.000318157  0.00222695
277.916  484.078  0.000376546  0.000231065  0.00100609
447.018  459.452  0.00130292  0.00102583  0.00211419
448.473  454.009  0.00060435  0.00013028  0.000620208
428.204  466.431  0.00235782  -0.0010052  0.00125334
426.572  455.704  0.00147875  -0.000638334  0.000779964
426.766  465.25  0.00289025  -0.000784411  0.00156723
435.578  468.655  0.00156613  -0.000412192  0.000855111
314.103  481.745  0.00259782  -0.001011  0.00138727
372.592  491.514  0.000160685  -1.76452e-05  0.000365325
309.795  459.892  0.00215651  -0.000431163  0.000382134
320.323  432.131  0.00101116  6.39283e-05  0.000158002
309.184  416.326  0.00236107  0.000943455  0.00090704
333.841  412.082  0.000471175  0.000253442  0.000639388
365.489  420.514  0.00200578  -0.000601037  0.00187018
552.552  412.232  0.00162876  0.00133698  0.00224644
538.912  399.887  0.00194541  8.5339e-05  0.000525738
443.316  447.607  0.00292591  -0.00102193  0.00216155
409.607  484.238  0.000617894  0.000443147  0.0006509
467.939  407.733  0.00286547  0.00239724  0.00387266
537.474  393.065  0.00255731  0.000527296  0.00085294
484.616  448.598  0.00112225  0.0010901  0.00216764
491.315  451.617  0.00105243  0.000543536  0.00120318
491.085  445.723  0.00170767  0.000872721  0.000981108
455.143  460.557  0.00178924  -0.00105602  0.00109769
407.72  450.737  0.00173084  0.000362899  0.000409652
410.209  421.386  0.00249664  0.00088529  0.000721736
427.031  407.253  0.00117191  0.000669313  0.000648345
766.531  425.331  0.000927695  -0.000744089  0.00157604
300.006  426.13  0.000722229  -0.000171778  0.00122467
307.762  440.7  0.00101425  0.00112758  0.00538803
301.35  440.126  0.000731013  0.000764869  0.00375522
530.817  400.503  0.00297355  0.00251051  0.00353639
535.178  402.66  0.00184126  0.00108674  0.00200922
531.667  409.469  0.00130378  0.000813039  0.00143951
665.654  409.564  0.000779063  -0.000187282  0.00042494
359.075  362.679  0.000896126  3.6193e-05  0.00131758
351.369  347.35  0.0029709  -0.000864877  0.00199226
383.596  371.209  0.000729317  -0.000326013  0.000411563
361.997  332.291  0.00148603  0.00092503  0.00192208
363.426  326.827  0.00192253  0.00173608  0.00285434
446.922  305.945  0.000845737  -0.000170975  0.000694696
449.061  284.725  0.000390653  -4.18677e-05  0.000327101
446.778  271.779  0.000282986  -4.42908e-05  0.000234611
387.114  361.424  0.000863454  -0.000740292  0.00112579
362.443  324.824  0.00247343  0.0024666  0.00421805
410.266  321.762  0.000277932  0.00017563  0.000451988
602.228  284.449  0.000795588  0.000432984  0.000576599
421.281  325.835  0.00204699  -0.00166869  0.00255533
476.54  320.424  0.000181426  -2.41488e-05  0.000292754
421.384  302.016  0.000461905  -0.000156576  0.000419491
327.234  363.676  0.000780027  0.000684775  0.00119698
337.957  376.311  0.000365442  0.000125318  0.000456247
356.792  378.463  0.000411703  -9.73908e-05  0.000386434
464.283  270.197  0.00175392  -0.00113937  0.0012834
457.274  273.324  0.00135426  -0.00058863  0.000652778
460.95  304.348  0.0010866  0.000450807  0.00107646
442.552  288.955  0.000466518  -1.60018e-05  0.000336697
565.977  294.462  0.00223885  -0.00178116  0.00252754
571.777  303.999  0.00179749  -0.000902439  0.00265951
537.038  293.158  0.000418539  -0.000209564  0.000619934
539.873  318.968  0.000434767  0.000422876  0.00140918
275.09  349.423  0.00272295  0.00129275  0.00238819
270.808  348.864  0.00189404  0.000765398  0.00161957
548.287  291.244  0.00202884  0.00113174  0.00302839
552.366  296.484  0.00127998  0.000219037  0.00172698
536.608  341.696  0.000211884  7.90708e-05  0.00030176
618.973  261.441  0.000315737  9.48526e-05  0.000721582
617.258  251.558  0.000405557  0.000388326  0.00121298
551.404  294.344  0.00105995  -0.000143699  0.00138023
559.607  333.584  0.00026096  -9.6674e-05  0.000312137
800.232  246.976  0.00220556  0.00020301  0.00152927
760.1  264.528  0.0024582  0.000776302  0.00248272
801.732  249.081  0.00257987  0.00102421  0.00133429
774.273  225.757  0.000518694  -0.000160488  0.000372004
766.924  224.24  0.000406619  -0.000122517  0.000292063
573.054  184.54  0.00017533  1.48461e-06  0.000285336
559.328  190.766  0.000264195  -7.13487e-05  0.000338451
589.918  233.409  0.00073341  -0.000418685  0.000485894
677.927  220.726  0.00207714  -0.000594903  0.00107873
630.971  233.805  0.00026536  5.8863e-05  0.000199905
607.183  274.448  0.000289174  0.000128974  0.000450204
453.631  207.845  0.00142163  0.00149557  0.00268877
438.707  216.231  0.00171375  0.000847385  0.00254973
427.143  208.805  0.00143258  -0.000417965  0.00131622
456.419  171.287  0.000241154  0.000108994  0.000351373
420.35  207.32  0.00322859  -0.00223401  0.00264576
429.01  191.756  0.000684394  -0.000252001  0.000701829
685.564  223.147  0.000347739  7.35079e-05  0.000316412
676.85  211.785  0.000563308  0.000309712  0.000575227
428.515  208.606  0.000743876  0.000101662  0.000992318
432.125  189.392  0.000341154  3.76864e-05  0.000449322
416.936  213.688  0.0013447  -0.00121799  0.00301215
488.422  235.215  0.000452308  -0.000187283  0.000391615
515.367  193.184  0.000220829  5.2854e-06  0.000266331
542.28  208.238  0.000648721  0.000106087  0.00054259
547.063  218.916  0.000514539  -2.50392e-05  0.000353667
553.389  229.326  0.000466598  -9.82845e-05  0.000267626
563.65  224.982  0.000244734  -6.86967e-05  0.000316565
434.876  166.831  0.000508301  -0.000204421  0.000976379
355.391  133.552  0.00245269  -0.00263353  0.00512383
355.029  126.903  0.00120293  -0.00107084  0.00245833
359.404  123.353  0.000791063  -0.000461383  0.00155649
360.915  117.461  0.000544818  -0.000225251  0.00104907
365.119  112.711  0.000421375  -7.2974e-05  0.000786302
550.52  90.3709  0.00132223  -0.00056876  0.00103918
605.467  175.517  0.000823232  -0.00045643  0.000579741
603.452  183.12  0.000373101  -0.000140578  0.000314925
583.953  160.962  0.000755645  0.000180715  0.00108636
563.982  174.667  0.000454952  0.000373686  0.000858133
561.464  187.035  0.000279705  0.000189387  0.000496492
667.581  99.135  0.000308217  8.02572e-05  0.000244481
292.058  77.4406  0.0034905  -0.00225566  0.00253563
503.834  493.157  0.000119865  4.78056e-06  0.000102733
480.066  494.001  0.000225323  -2.18598e-05  9.55369e-05
381.797  498.024  0.00111232  -0.000166312  0.000543619
376.141  504.249  0.00077293  2.74508e-05  0.000473297
322.575  494.771  0.000156335  1.13731e-05  9.96189e-05
583.734  504.486  0.000133015  -0.000157558  0.000639753
225.769  538.609  0.000875555  -0.000616258  0.000915241
233.139  520.824  0.000415161  -4.50846e-05  0.000446695
271.824  514.77  0.00015598  1.13908e-05  0.000169285
285.241  499.467  0.000131882  4.63169e-05  0.000145019
427.346  484.191  0.00122104  0.000324689  0.000272629
481.298  438.538  0.000300843  0.000248312  0.000395055
434.726  457.591  0.000536884  -5.5711e-05  0.000306721
320.77  435.684  0.000281846  -0.000113928  0.000678944
306.633  417.241  0.000177952  -0.000125168  0.000403624
325.117  404.35  9.83858e-05  -2.31877e-05  0.000244805
317.124  423.461  0.000826104  -0.000117318  0.000266592
333.44  433.05  0.000426498  -0.00014262  0.000243839
314.929  397.828  0.00100317  3.34557e-06  0.000135003
582.791  505.273  0.00112322  2.69664e-05  0.000281915
543.43  432.128  0.000997486  3.07741e-05  0.000230464
526.844  423.417  0.000490666  -4.25548e-05  0.000127632
512.371  436.982  0.00030966  -6.53486e-07  7.40693e-05
310.27  425.059  0.00177925  0.000843207  0.000783419
284.38  468.871  0.000415051  0.000208209  0.00034527
502.904  458.48  0.000287071  0.000213075  0.000337218
612.274  470.275  0.000348637  0.000117553  0.000130362
426.184  306.655  0.00100086  -0.000412317  0.000414899
390.582  344.409  0.000216416  5.94586e-05  0.000161477
450.298  308.741  0.000537195  0.000424532  0.00127321
449.165  303.95  0.00040622  0.000257702  0.000925697
447.517  298.551  0.000313446  0.000148483  0.000684788
411.541  313.301  0.000307375  8.20342e-05  0.000492643
429.653  311.334  0.00114738  -0.000207688  0.000896842
394.24  340.379  0.00145057  -0.00126872  0.00209917
440.52  284.24  0.000236834  9.87227e-06  0.000273077
438.544  267.828  0.000159508  -1.40684e-07  0.000184497
485.296  318.285  0.00015666  -5.58306e-05  0.000155774
340.56  356.952  0.000390535  -5.1413e-05  0.000593684
314.579  370.336  0.000200139  0.00011049  0.000441812
387.21  300.899  0.00140164  0.000634121  0.00134044
425.057  303.102  0.00110051  -0.000407538  0.000472072
391.313  339.429  0.000270632  9.76088e-05  0.000206198
433.693  291.349  0.000377318  -3.35061e-05  0.000239803
433.482  289.543  0.000273124  9.32806e-06  0.000208253
513.937  230.072  0.000197312  8.6145e-05  0.000223222
463.507  263.177  0.0013231  -0.000866892  0.000919126
510.413  232.81  0.000204136  9.74637e-05  0.000201872
459.332  245.999  0.00058393  -0.000233458  0.000259786
459.448  281.625  0.00171761  -0.000787055  0.000664008
428.317  305.275  0.000224191  3.84869e-05  0.000159914
512.665  232.724  0.000213646  9.36855e-05  0.000170786
460.332  248.367  0.000597511  -0.000245357  0.000245533
520.564  237.871  0.000162644  4.68985e-05  0.000176617
494.976  228.912  0.000818396  -0.000403663  0.000383754
505.823  248.065  0.00101559  -0.000251951  0.000634222
502.325  243.315  0.000947686  -0.000378924  0.000530331
420.308  324.968  0.000424272  0.000204231  0.000579932
452.968  345.422  0.000360713  -0.000162888  0.000301231
388.828  344.927  0.000391607  0.000343011  0.000580881
391.173  354.206  0.000268382  0.000186841  0.000359981
438.007  328.734  0.000971028  -0.000315445  0.000518971
479.861  223.481  0.000497177  -0.000333634  0.000454975
633.281  237.669  0.00062031  -4.85102e-06  0.000580728
619.872  222.66  0.000469964  -0.000184651  0.00039749
632.735  254.563  0.00103378  -0.000293663  0.000990336
651.48  237.888  0.000445834  0.000168391  0.000540881
625.603  243.754  0.000806957  -0.000385413  0.000712814
615.969  236.564  0.000909731  -0.000585253  0.00074546
627.884  209.318  0.000239195  -7.79577e-05  0.000225283
599.689  288.998  0.00136049  -0.000534917  0.000711437
588.017  289.2  0.000743677  -0.000260047  0.000374028
596.771  318.255  0.00106166  0.000132944  0.000302352
512.617  285.277  0.000108298  -5.73589e-06  8.84525e-05
664.502  237.43  0.000264605  8.2644e-05  0.000357812
664.217  220.403  0.000386075  0.000331342  0.000632928
627.648  249.265  0.000917858  -0.000525442  0.000714819
622.687  239.101  0.000843018  -0.000310324  0.000681999
617.264  226.645  0.00092574  5.25599e-05  0.00080706
621.782  218.868  0.000826622  0.000290356  0.00075663
617.86  212.763  0.00126341  0.000756177  0.00120261
573.016  283.347  0.000403257  0.000330469  0.00046271
603.068  280.245  0.000244199  6.0605e-05  0.000259967
599.802  290.648  0.00019303  5.45321e-05  0.000206455
588.58  274.104  0.000394745  0.000351527  0.00067061
605.456  283.203  0.000223662  7.65593e-05  0.000326021
557.284  179.898  0.000878107  0.000569044  0.00150825
419.736  172.265  0.000698683  -0.000554797  0.00122663
473.48  135.685  0.00218348  -0.000532367  0.000625586
458.316  143.092  0.000720794  -6.42515e-06  0.000334512
443.931  175.697  0.000307024  -0.000203148  0.000649402
480.476  183.046  0.000143868  -9.58406e-05  0.000304082
464.343  175.524  0.000254338  -0.000165316  0.000451822
453.824  166.871  0.000282146  -0.000116379  0.000533666
477.784  177.835  0.00018752  -0.000116882  0.000335545
405.322  213.098  0.000475364  -0.00027986  0.00137817
142.234  191.456  0.000655403  -0.000195279  0.000617371
544.443  142.668  0.00146015  0.0013051  0.00191289
567.12  193.954  0.000196307  0.000110501  0.000329046
614.754  178.588  0.000572344  -0.000337578  0.00054951
594.506  222.594  0.000114876  -1.99467e-05  0.000139992
592.9  236.527  8.88768e-05  -1.43769e-05  0.000108964
583.055  205.746  0.000173371  1.6414e-05  0.000166886
620.374  197.468  0.000358338  -0.00021578  0.000297861
659.34  94.0759  0.000622094  0.000247075  0.000351511
685.199  144.107  0.00119546  4.10678e-05  0.000397126
675.466  163.484  0.000599479  9.3296e-05  0.000211966
686.844  152.926  0.000662509  -8.01934e-05  0.000278935
674.51  177.176  0.000453741  7.54051e-05  0.000159268
664.95  198.676  0.000380484  0.000105968  0.000123136
262.634  166.139  0.000189519  -3.3269e-05  0.000162676
447.127  210.649  0.000783825  0.000872076  0.00213244
425.144  213.221  0.000863024  -2.48867e-05  0.00137261
426.944  202.639  0.000501913  -2.5728e-05  0.000787133
456.473  171.329  0.000149606  8.02486e-05  0.000321667
441.855  201.177  0.000367281  0.000279104  0.000860737
445.51  181.963  0.000184531  9.44107e-05  0.000385933
579.683  64.3314  0.00102281  -0.000354207  0.000941793
