1.0
1514
453.374  601.028  0.00392481  0.000855173  0.00535242
406.238  579.377  0.00176216  -0.00153406  0.00235124
358.785  592.242  0.00157991  -0.000652694  0.00387373
364.225  590.774  0.0021615  -0.00118117  0.00517267
358.547  592.531  0.0013731  -0.000294705  0.00333204
360.259  595.36  0.00280023  0.000359302  0.00688593
360.506  591.216  0.00172557  0.00020744  0.00424246
363.128  594.265  0.00255959  0.00124162  0.00628334
350.94  604.678  0.00605341  -0.000266266  0.00189566
329.156  601.009  0.00109165  -0.00074325  0.00403733
333.208  577.895  0.00118736  0.000310406  0.000713467
382.391  600.934  0.00191324  0.000574281  0.00700575
351.558  592.091  0.00162112  0.00162152  0.00696936
475.783  590.023  0.00160882  0.00145174  0.00950341
479.454  589.867  0.00169145  -0.000984344  0.00575185
578.683  563.383  0.000975649  0.000942906  0.00256941
563.576  566.331  0.00202152  0.000556155  0.00189336
570.696  564.208  0.00126549  0.000685254  0.0020127
552.275  568.225  0.00843337  -0.00025747  0.00157159
541.933  575.793  0.00259395  0.00152388  0.0022958
538.69  575.416  0.00190217  0.00120065  0.00192226
527.283  579.08  0.00100813  0.000877328  0.00171046
527.159  579.384  0.000738392  0.000515061  0.00171545
536.111  579.984  0.0017778  0.000107589  0.00190043
521.647  580.157  0.0016577  9.43098e-05  0.00153102
515.151  586.92  0.000996383  0.000364699  0.00268819
481.737  590.43  0.00227817  0.00111629  0.00676043
484.637  586.942  0.00198723  0.00238193  0.0125673
124.809  574.042  0.00156605  -2.00858e-05  0.00218116
113.647  574.357  0.00456319  -0.00198848  0.00264427
131.365  592.699  0.00228876  0.00038675  0.00508013
125.821  594.567  0.00428714  -0.00122147  0.00446492
132.313  591.302  0.00231346  -0.0013573  0.00201438
126.968  582.613  0.00289804  -0.00121583  0.00129171
494.729  592.8  0.00470794  -0.000663226  0.00409508
495.217  595.437  0.00455975  -0.000155446  0.00114156
500.369  591.075  0.00230465  0.000112021  0.00145562
508.667  583.868  0.00113805  0.000431408  0.00245262
477.507  596.982  0.00610232  -0.0011732  0.00341016
483.655  594.87  0.00249832  -3.84946e-05  0.00341708
489.459  595.123  0.00148142  0.000148551  0.0028101
471.565  597.585  0.00394993  0.0002953  0.00314878
122.85  572.699  0.00186846  -0.00151603  0.00415897
110.417  564.376  0.00149839  -0.0015687  0.00290965
109.729  579.455  0.000678648  0.000139806  0.00234317
97.737  571.406  0.000487199  -0.000227041  0.00128735
149.882  559.463  0.000558577  0.000380813  0.00122562
117.469  562.124  0.00121131  0.000195329  0.00102501
115.075  551.126  0.0011075  -8.08381e-08  0.000523793
115.983  579.178  0.00185841  0.00209468  0.00572815
134.463  572.73  0.00212731  0.00239805  0.00680229
127.264  573.715  0.00277468  0.00139924  0.00501938
122.335  575.468  0.0045276  0.000847843  0.00499098
143.811  605.107  0.00297597  -0.00336782  0.00658007
368.304  597.376  0.00120941  0.000289664  0.0038564
375.201  600.034  0.001005  -0.000392081  0.00305741
361.887  592.763  0.00300264  0.00233339  0.00947337
363.409  595.434  0.0019642  0.000895589  0.00596043
347.497  599.18  0.00375393  0.00190098  0.00377839
588.579  560.319  0.0105387  -0.00187283  0.00250009
570.783  532.773  0.00281677  -0.000421447  0.000467387
133.753  553.27  0.00911807  -0.00131369  0.00153531
96.7355  561.853  0.000438247  0.0002404  0.000969102
116.903  558.292  0.00149798  0.000114467  0.00123111
107.663  615.602  0.00153333  0.000672004  0.00346356
94.3008  611.877  0.00203868  -0.00107608  0.00252308
507.794  598.44  0.00918861  -0.00127727  0.00238067
507.182  602.836  0.00725892  -0.000989914  0.0015754
539.592  578.653  0.00140759  0.000455089  0.00249607
541.962  581.488  0.00118205  0.000296585  0.00175957
526.754  585.229  0.00364504  0.0025532  0.00741632
326.099  554.124  0.00300859  0.00239699  0.00394458
317.343  555.376  0.00153531  0.00150903  0.00295249
321.293  540.322  0.00106231  0.000738253  0.00103745
314.389  553.458  0.00115074  0.0011123  0.00215131
313.254  562.812  0.00163376  0.00092384  0.00856003
304.774  559.423  0.00134503  -0.000737958  0.00523226
294.183  551.829  0.0010289  -0.00113324  0.00331369
302.897  556.754  0.00163113  0.000235169  0.00570954
310.807  551.814  0.00102732  0.000796656  0.00392789
297.175  557.941  0.00218404  -0.00115396  0.00689323
298.583  554.266  0.0013356  -0.000458293  0.004342
283.066  547.78  0.00143472  -0.00173002  0.00403082
559.093  569.118  0.00288981  -0.000173745  0.00172395
564.411  573.932  0.0017308  -9.79583e-05  0.00111755
571.207  573.321  0.000993633  -2.18708e-05  0.00112035
294.255  553.212  0.00177876  -0.0002621  0.00567793
288.16  548.213  0.00124614  -0.000834326  0.00371541
281.669  542.734  0.00109781  -0.000652783  0.00331159
267.127  534.88  0.00101306  -0.0011983  0.00281287
124.402  545.228  0.00280681  -4.90727e-05  0.00152509
115.487  543.2  0.0012875  8.69189e-05  0.00102334
93.633  538.854  0.000466625  8.01463e-05  0.00051623
128.379  543.485  0.00209149  0.00242568  0.0069315
134.998  582.939  0.00136026  -4.82189e-05  0.000899501
141.353  579.436  0.000866636  0.000112833  0.000926404
316.845  590.994  0.0044307  -0.000585182  0.00285876
311.581  590.139  0.00232878  -0.000526681  0.00285714
288.118  588.414  0.000680534  -0.000885659  0.00321735
345.67  594.59  0.00335783  -3.02204e-05  0.00506965
126.229  567.706  0.00232309  0.000450509  0.00259239
90.9113  524.77  0.000581201  9.85478e-05  0.000589549
123.003  571.943  0.00209325  0.000242106  0.00187999
113.057  577.883  0.000952012  0.000323284  0.00145607
131.389  569.643  0.00144061  0.000232778  0.00182345
146.364  575.892  0.000616367  0.000100306  0.000782114
110.113  572.518  0.000876697  0.000472285  0.00217214
127.457  571.943  0.0032153  -0.000186063  0.00154015
127.023  584.512  0.00228575  -0.000253036  0.000690305
136.17  567.914  0.000984935  0.000229519  0.00170405
626.199  562.388  0.000848367  -0.000700421  0.00117763
299.926  554.365  0.00214846  0.000662128  0.00505834
308.546  554.742  0.00121698  0.00021024  0.00288645
313.062  556.007  0.000950296  -8.73302e-07  0.00227512
306.392  547.581  0.00217254  0.00218783  0.00491998
279.6  534.344  0.00170154  0.00102075  0.00364914
293.454  520.885  0.00092435  0.000930607  0.00200733
282.601  518.877  0.0005683  0.000284448  0.00121504
33.9666  537.893  0.00233621  -0.000192437  0.0037812
45.6928  561.613  0.00337675  0.0022455  0.00558552
274.002  539.777  0.00333305  0.00333481  0.0103861
290.799  555.582  0.00295148  -0.00137133  0.00851864
317.942  560.916  0.000713907  -0.000514362  0.00201515
292.752  550.439  0.00194428  0.000776545  0.00658101
297.603  552.941  0.0013972  -0.000156974  0.00445082
614.553  539.291  0.00490661  0.0011461  0.00477551
618.79  536.539  0.00324895  0.00184496  0.00534895
466.323  512.289  0.000987839  -0.00015329  0.000885232
324.444  551.166  0.00196554  0.00168809  0.00790596
67.8655  550.596  0.000755865  0.000847724  0.0028457
49.3753  513.621  0.00460115  0.00026008  0.00105082
43.7351  512.649  0.00233621  0.000259689  0.000833357
44.7379  560.191  0.00257335  0.000927686  0.00267157
766.155  532.004  0.00243677  0.00193122  0.0054282
761.46  533.193  0.00375175  0.00215613  0.00534485
366.059  567.787  0.0012615  -0.00012882  0.00120878
119.275  566.428  0.00120448  8.47118e-05  0.0013226
173.189  559.551  0.00038239  -0.000494588  0.00156993
164.543  563.207  0.000801372  -0.000770293  0.0018719
157.574  565  0.000398568  -0.000317906  0.00145241
193.218  576.073  0.00115127  -0.000718191  0.00569763
151.88  572.172  0.000288664  -0.000145323  0.0014925
295.173  549.093  0.00101659  -0.000350547  0.00301179
46.8136  543.36  0.00111808  0.000624668  0.00295327
49.9437  538.038  0.00123614  0.00152912  0.004648
66.51  546.235  0.000414886  0.000114635  0.000972623
413.675  525.327  0.00261205  0.00293994  0.00671981
41.4942  537.334  0.00263809  0.003285  0.0100779
42.8568  549.142  0.00196634  -0.000837308  0.00234054
37.7058  539.82  0.00217365  0.000651443  0.00538905
52.78  547.326  0.00091918  -0.00013618  0.00154753
40.8662  556.308  0.00436173  -0.00403361  0.00735451
35.7964  533.445  0.00180175  0.000738683  0.0047678
39.1843  535.891  0.00143073  0.000210425  0.00312702
45.5557  544.211  0.00118551  -0.000406966  0.00157261
53.0307  545.623  0.00831379  -0.000920966  0.00128433
51.4351  555.242  0.00538681  -0.000995201  0.00331755
81.7754  567.964  0.00351742  -0.00123015  0.00123003
80.8032  559.216  0.00324208  -0.000819264  0.000723772
106.601  585.091  0.00672079  -0.00144055  0.0012556
445.822  498.508  0.00318121  0.000225261  0.00101874
475.117  501.157  0.00103466  0.00107472  0.00332968
476.965  495.28  0.000791562  0.000583489  0.0018489
486.193  492.305  0.000579605  0.000603339  0.00186903
456.404  497.589  0.00322209  0.000229357  0.00124793
462.211  508.819  0.00192459  0.00176471  0.00543485
463.718  502.686  0.00142693  0.000796549  0.00252258
457.348  491.133  0.00199357  0.000188548  0.000803005
460.048  511.027  0.00186113  0.00139481  0.0080619
110.916  527.735  0.00224251  0.000357679  0.00317446
112.097  533.284  0.00239808  0.000822035  0.00514666
119.535  554.24  0.00328398  -0.000426677  0.000738254
103.328  538.367  0.00112236  0.000461659  0.00216786
97.0769  540.591  0.000797502  0.000493317  0.00207374
116.747  537.188  0.00349144  -0.000114846  0.00173901
100.658  556.503  0.000698337  5.80821e-05  0.000609374
117.837  554.824  0.00265154  -0.000318018  0.00057592
124.745  528.131  0.00234074  0.000935324  0.00525602
131.499  526.491  0.00139782  0.00105178  0.00518438
104.625  528.181  0.000966056  0.000602039  0.0027466
97.7069  529.375  0.000686594  0.000584177  0.00261437
95.6967  499.4  0.000546344  5.53778e-05  0.000345198
124.58  529.733  0.00245208  0.00103015  0.00565638
133.543  527.556  0.00128795  0.00120485  0.00569559
121.074  536.025  0.00373129  -1.79525e-05  0.00168512
97.3607  538.212  0.00074933  0.000935293  0.00407343
114.394  485.586  0.00190824  7.31996e-05  0.000654869
114.308  490.196  0.00286668  -5.05273e-05  0.000887951
742.436  534.436  0.0083377  0.00488638  0.00522133
141.231  529.393  0.00172849  -0.00128235  0.00375502
129.793  533.476  0.000673025  -0.000130079  0.00230072
105.16  541.957  0.000935431  0.000386938  0.00144937
118.175  543.071  0.00246487  0.000177116  0.000990819
105.286  549.769  0.000867888  0.000200205  0.000811624
106.595  562.043  0.000871787  8.07544e-05  0.000411239
115.342  488.283  0.00182301  0.000272712  0.00127964
50.0606  532.001  0.0057457  -0.00285756  0.00511017
768.083  494.71  0.00270523  -0.000321119  0.00344228
149.506  531.07  0.00726245  -0.00370609  0.00398579
150.603  535.778  0.00477006  -0.00141758  0.00142893
484.798  498.072  0.00251834  0.00276128  0.00521764
485.95  494.714  0.00218766  0.00207786  0.00358087
487.208  490.03  0.00227848  0.00155014  0.00228373
467.791  498.685  0.000952849  0.00110615  0.00227157
496.108  483.561  0.0024813  0.000445551  0.00153232
536.867  485.709  0.00408589  0.0046688  0.0112184
462.856  516.489  0.00362228  0.00441175  0.0108083
457.374  516.865  0.00337488  0.00292282  0.00720608
459.77  509.533  0.00211566  0.00109931  0.00279461
572.291  503.768  0.00256211  0.000130466  0.000762767
530.901  476.233  0.00488614  0.00120438  0.00324519
359.844  474.271  0.00105259  0.000951471  0.0048526
357.012  478.482  0.00248108  0.00171019  0.00653796
136.869  468.713  0.00748129  -0.000487713  0.00198668
152.577  465.212  0.00169641  -8.36564e-05  0.000442436
584.873  487.351  0.00284353  0.00117114  0.00507901
591.868  498.537  0.00176034  -0.000160265  0.00132014
598.45  495.201  0.00105408  0.000136212  0.00126889
609.271  483.915  0.000732937  0.000710031  0.00215015
595.255  488.627  0.00272453  0.00226283  0.0038695
589.422  481.042  0.00167202  0.000374932  0.00131169
578.353  483.689  0.00413404  -0.000873251  0.00135544
575.081  484.927  0.0071743  -0.0020849  0.00175515
559.198  503.46  0.009225  -0.00339768  0.00346175
588.911  498.271  0.0059609  0.0056186  0.00947861
593.692  484.127  0.00160989  0.00103459  0.00210531
571.65  489.626  0.00872323  -0.00346079  0.0028711
574.104  476.498  0.00248769  -0.000790865  0.00100339
568.747  468.977  0.00286965  -0.00114241  0.000940799
115.814  499.014  0.00421645  -0.00237994  0.00285845
32.9238  475.448  0.00242786  -0.000562548  0.00483361
44.9966  476.35  0.00231124  0.00208281  0.00854585
40.046  471.893  0.00162994  9.3053e-05  0.00380803
45.5641  499.712  0.0037802  0.0016691  0.00432947
29.9417  473.793  0.00327847  -0.000207491  0.00539747
464.762  509.575  0.000873749  0.000373528  0.000679291
478.462  509.211  0.00290687  0.00120601  0.00101893
473.688  509.2  0.00174472  0.000712716  0.000698679
480.154  499.012  0.00055581  2.38862e-05  0.000981418
476.45  507.459  0.000458586  1.29998e-05  0.000585549
31.6671  482.082  0.00535755  -0.00354069  0.00655081
42.8733  485.008  0.00198944  -0.00114311  0.00264324
45.2923  481.866  0.00139013  -0.000457011  0.0022664
48.8724  477.536  0.00101639  0.000112141  0.0022048
55.4482  480.901  0.000762554  -7.50599e-05  0.00145879
28.9976  476.755  0.00412255  -0.00192722  0.00586999
57.6959  479.718  0.000629526  -0.000103912  0.0011154
52.3214  464.324  0.00106513  0.00127471  0.00355605
49.0745  481.8  0.00134184  -0.000656275  0.00172529
42.7423  457.874  0.00131471  0.00144024  0.00442585
494.211  502.356  0.00377816  0.000262624  0.000533708
495.346  505.82  0.00319055  8.7546e-05  0.000385292
447.976  519.605  0.00371825  5.45694e-05  0.000720535
471.823  497.124  0.00939701  0.00168567  0.00241443
472.937  503.838  0.00739599  0.000730932  0.00119776
456.324  514.843  0.00362383  1.06835e-05  0.00085126
474.489  506.781  0.000774991  0.000237888  0.0010483
458.97  526.415  0.00190616  3.61679e-05  0.000430284
461.92  496.379  0.00159355  0.00107617  0.00422453
462.586  510.428  0.00135511  0.000217245  0.00101362
471.045  492.674  0.00104895  0.00134392  0.00512912
472.904  498.238  0.000786195  0.000592448  0.00231149
463.404  514.978  0.00150519  0.00025285  0.000325402
609.561  499.165  0.00522675  -0.0019438  0.00160539
614.889  474.934  0.00180618  0.00156997  0.00506551
583.169  488.264  0.00979184  -0.00291391  0.00314129
586.077  509.278  0.00334906  -0.00125382  0.00103275
608.08  491.451  0.00248294  -0.00193883  0.00363457
594.54  498.441  0.00454937  -0.000638423  0.00126421
597.651  504.09  0.00353286  -0.000557089  0.000846604
611.988  480.426  0.00109059  0.000960742  0.00275766
571.799  495.349  0.0111343  -0.00169765  0.00196208
593.975  483.581  0.0038382  0.000611032  0.00204887
147.887  439.065  0.000884836  -0.000728516  0.00410599
144.3  480.16  0.0015044  -8.54582e-05  0.00132854
418.158  475.918  0.00382782  -0.00354319  0.00821543
195.816  471.932  0.000903845  2.16413e-05  0.0010679
315.496  460.089  0.00373319  -0.000607172  0.00142826
314.689  460.573  0.00298977  -0.000168859  0.00102276
353.256  567.57  0.000323286  -1.71294e-05  0.000617215
363.273  564.247  0.000402145  -0.000189526  0.000776807
298.122  499.34  0.00236333  0.000366265  0.00217405
297.017  501.113  0.00194631  6.45685e-05  0.00143566
169.626  426.162  0.00821644  -0.00420837  0.0045313
163.982  423.278  0.00418389  -0.0020511  0.00262776
133.268  428.571  0.000411325  6.26094e-05  0.00118009
125.836  418.573  0.000354871  -5.89691e-05  0.000624017
133.727  448.811  0.000601796  0.00061825  0.00187845
392.574  384.712  0.000907553  6.88589e-05  0.000234822
417.375  472.206  0.00183318  -0.00198632  0.00472396
408.6  460.074  0.0024693  0.000291575  0.00262529
384.795  410.239  0.00245624  -0.000366403  0.000568114
384.7  392.305  0.00135368  -0.000189403  0.000315904
687.46  448.266  0.00411217  -0.000246689  0.00437946
675.547  468.744  0.000729158  3.25243e-05  0.00095135
572.81  458.665  0.00112654  -0.00103907  0.00164348
363.338  423.558  0.00238926  0.000211522  0.000388484
389.672  416.933  0.00235527  0.000494145  0.00110386
379.501  423.697  0.00643352  -0.00134713  0.00149519
385.346  413.359  0.00233461  -3.43276e-05  0.000798763
391.86  385.103  0.00078654  4.61473e-05  0.000301634
396.602  421.681  0.00480005  0.00239454  0.00283518
393.725  420.222  0.00412902  0.00117802  0.00185953
385.391  423.468  0.00972153  -0.00125854  0.00172917
388.446  415.534  0.00442342  -0.000171302  0.00105047
396.154  464.153  0.00224546  0.000665451  0.00183831
404.801  469.891  0.00161011  -0.000358447  0.0012398
409.956  469.233  0.00212103  -0.000994168  0.00158427
392.674  492.894  0.000584378  0.000144601  0.000475737
385.149  390.671  0.00117065  -0.000152858  0.000375041
380.191  395.835  0.00186113  -0.000440491  0.000493001
585.961  472.36  0.00431889  -0.00020089  0.000670759
568.39  473.958  0.000859786  -0.000147201  0.000450612
768.3  422.295  0.0110291  -0.00260838  0.00250585
766.833  432.197  0.00706471  0.000742879  0.00201306
361.423  427.51  0.00110034  0.000126325  0.000742597
158.922  415.357  0.00201897  0.00153454  0.00610349
136.978  386.024  0.00165173  -0.000851374  0.000912426
149.093  418.079  0.00270646  0.000960751  0.00512476
140.519  431.125  0.000924635  0.000578298  0.00162225
38.3897  416.534  0.00705789  -0.00529929  0.00654316
38.0312  418.69  0.00561708  -0.00373361  0.00444117
158.496  413.97  0.00239824  0.00287459  0.0101674
148.221  417.301  0.00306026  0.00239971  0.00931317
147.009  402.59  0.00164014  -5.50015e-05  0.00190828
133.804  393.383  0.0039497  -0.00148949  0.00136308
136.742  391.152  0.00245298  -0.000845984  0.00103489
167.139  444.091  0.00287881  -0.00127818  0.00212001
323.677  453.655  0.00454127  -0.00203218  0.00260197
329.006  453.092  0.000601543  -0.000794342  0.00278475
419.043  465.745  0.00111426  -0.000753385  0.000946966
750.484  406.189  0.00377582  0.00096182  0.00259568
761.942  401.196  0.00145798  0.00092119  0.00242765
704.538  429.998  0.00154832  0.0018074  0.0045176
442.942  429.661  0.000583959  8.183e-05  0.00117292
411.807  391.328  0.00169314  0.00109595  0.00159828
404.607  393.782  0.00114606  0.00088934  0.00144509
405.613  393.527  0.000929445  2.6192e-05  0.00199668
349.483  429.853  0.00311365  0.00139694  0.00268223
314.57  400.937  0.000931428  -0.000450592  0.00121871
148.119  422.574  0.00256026  0.00308791  0.00824846
170.12  429.872  0.0061732  -0.00294476  0.00302898
326.149  534.577  0.00252253  -0.00161354  0.00349624
317.439  564.341  0.00183791  0.00110567  0.00779984
333.804  533.694  0.00264748  0.000215736  0.00161402
410.683  389.676  0.000600954  0.000632095  0.00235827
389.533  455.719  0.00135808  -0.000330912  0.000559702
448.603  428.618  0.000432326  2.62426e-05  0.000794082
395.004  433.538  0.00198599  -0.000240933  0.00048815
312.951  398.952  0.00126825  -0.000339879  0.00114645
324.148  387.417  0.00159641  0.000137828  0.000951746
543.907  448.304  0.00238272  -0.000843928  0.00120555
571.092  429.181  0.000387235  -4.22062e-05  0.000497386
574.394  457.475  0.00429519  0.000525504  0.00498141
571.352  452.495  0.00465204  -0.00068529  0.00263107
568.823  447.851  0.00517159  -0.00124197  0.00186691
566.295  442.134  0.00555055  -0.00158695  0.00144407
736.226  373.059  0.000954532  0.000468309  0.000840307
149.651  392.666  0.00279833  0.000580685  0.00217699
146.228  393.153  0.00205437  0.000595087  0.00194191
151.114  393.601  0.00131455  0.000794954  0.00266997
153.903  388.03  0.000919961  0.000483308  0.00174018
181.907  431.004  0.000641872  9.81125e-06  0.000874923
127.648  404.642  0.00117321  0.000908766  0.00275177
116.381  405.831  0.000714304  0.000632164  0.00181313
131.665  389.142  0.00446891  -0.000859455  0.00265497
134.583  386.793  0.00285223  -0.000241219  0.0021898
164.101  430.166  0.0017101  -0.000666179  0.00117624
170.238  428.481  0.00103172  -0.000278552  0.000887662
143.056  424.634  0.00137952  0.000480374  0.00204759
153.892  421.994  0.00309754  -0.000532446  0.00201909
87.4529  433.764  0.00716615  -0.00146662  0.00122503
90.1548  443.046  0.00908282  -0.000286565  0.00113168
98.09  418.479  0.000584521  -8.24567e-05  0.000363523
146.461  487.231  0.00219441  -0.00117543  0.00183337
154.211  463.506  0.00116621  9.24728e-05  0.000419489
473.742  396.703  0.00131257  0.00132162  0.00572711
478.292  404.932  0.000528441  0.00053121  0.00232223
425.533  367.993  0.00140147  -9.97568e-05  0.000451766
426.526  364.319  0.00103512  7.70567e-05  0.000329322
233.194  351.094  0.00291199  0.000100994  0.000341187
333.568  514.398  0.00131863  0.00053342  0.00275366
330.419  515.214  0.0026139  0.0010677  0.00331661
318.529  517.435  0.00103339  -7.02656e-05  0.00568934
367.312  551.918  0.00125935  -0.00128776  0.00263126
365.533  556.938  0.00076466  -0.000642999  0.00158271
150.974  411.006  0.00166895  0.000107533  0.00226699
151.74  412.859  0.00374347  -0.00100123  0.00234613
146.257  416.932  0.00176748  -0.000222663  0.00168151
156.992  414.698  0.00728138  -0.00278574  0.00264006
119.076  423.279  0.000535005  0.000550717  0.00192725
137.503  411.786  0.0084013  -0.00291457  0.00316003
140.276  411.88  0.00522452  -0.00159683  0.00238458
138.368  401.35  0.00428474  0.000734427  0.00593131
142.933  411.091  0.00348281  -0.000848649  0.00200945
146.351  399.63  0.00208175  0.00112426  0.00437442
155.905  405.816  0.00106379  0.000207746  0.001522
166.054  394.442  0.000854322  0.000990158  0.00282368
131.707  404.682  0.00165455  0.00166675  0.00500607
145.695  399.631  0.00424688  0.000214829  0.00499154
142.724  401.147  0.00298145  0.000703577  0.00457319
119.046  414.596  0.000794156  0.000943223  0.00267978
134.464  416.858  0.000882388  0.00017767  0.00129438
151.826  417.655  0.00283555  -0.000944884  0.00122809
416.42  394.665  0.00748115  0.00555951  0.00654492
243.076  401.933  0.000562499  -0.000335101  0.00120704
280.116  417.67  0.00394213  -0.00171562  0.00154242
272.371  375.659  0.00151082  -0.00190833  0.00518968
140.049  394.172  0.00266393  0.00128879  0.00668451
148.186  407.083  0.00166521  -0.000307774  0.00138968
147.529  392.208  0.00162571  0.00151049  0.00589276
166.547  399.344  0.000540312  0.000239897  0.00130193
139.423  397.001  0.00454428  -0.000265683  0.00482653
143.337  395.916  0.00281727  0.000388713  0.00439484
154.22  407.481  0.00142623  -0.000231578  0.00113924
178.555  399.84  0.000393285  0.000178309  0.000927887
139.384  395.822  0.00262038  0.000759373  0.0053796
133.884  398.91  0.0015957  0.000893658  0.00435126
117.967  416.79  0.000439458  0.000246903  0.00120031
147.087  409.822  0.00247674  -0.000757935  0.00140494
141.91  414.234  0.00130924  -0.000288214  0.00102305
133.935  404.529  0.00892092  -0.00339413  0.00320216
135.879  400.85  0.0048252  -0.00141105  0.00289821
135.45  394.584  0.00375975  -9.71183e-05  0.00501009
144.085  397.021  0.00171967  5.67134e-05  0.00256921
166.28  392.974  0.000524783  0.000376869  0.00177116
173.322  387.163  0.000534235  0.000650776  0.00250528
145.695  393.85  0.00543127  -0.00133947  0.00415334
139.346  396.237  0.00229353  2.45598e-05  0.0033676
111.577  407.843  0.000491831  0.000542836  0.00219198
444.269  382.281  0.00153542  -0.00128274  0.00188792
384.148  388.301  0.00255871  -0.000102222  0.00515753
369.853  329.345  0.00113304  -0.000148531  0.000415252
379.533  410.849  0.00155301  -0.000461346  0.0019285
391.951  410.734  0.00193814  -0.00212787  0.00402484
390.754  421.328  0.00200143  -0.00149917  0.00176122
321.869  387.654  0.00362821  0.000311248  0.000613894
336.681  384.474  0.000942191  0.000800368  0.00163795
268.748  376.86  0.000792525  -0.000265973  0.000850422
298.542  403.984  0.000347789  -2.35584e-06  0.00126061
116.949  413.162  0.000264214  -5.56482e-05  0.000690232
93.2995  390.024  0.00279874  0.00254653  0.00592416
69.1059  344.987  0.000571072  0.000112943  0.000388192
253.677  365.95  0.000470796  -4.62792e-05  0.00232021
378.105  326.362  0.000701032  4.50814e-05  0.00049138
410.078  345.768  0.0011966  0.000143517  0.000607048
396.742  361.438  0.000661462  -0.000700094  0.00192572
395.678  369.218  0.000516939  -0.00033578  0.000977429
422.911  386.092  0.00284223  3.52881e-05  0.000677885
406.85  382.618  0.000789521  -0.000141466  0.000565875
416.582  388.033  0.00155546  -4.34162e-05  0.000527556
34.1919  362.956  0.0042315  -0.000472465  0.0023475
43.6823  364.386  0.00472518  0.00154316  0.00219444
35.1564  362.947  0.00354258  -0.000746426  0.00178861
39.0463  422.285  0.0035493  -0.00227015  0.00295175
179.692  372.835  0.00522185  -0.00114534  0.00326575
180.141  378.186  0.00384127  -0.0010193  0.00209101
184.223  386.08  0.00394919  -0.00142952  0.00147776
729.164  384.444  0.00163222  -0.00112859  0.00149463
723.871  381.089  0.00127043  -0.000135096  0.00126759
449.427  376.893  0.00514826  -0.000795248  0.00335814
409.099  387.099  0.000833187  6.73225e-05  0.000816723
396.191  387.686  0.0010552  -0.000504988  0.00102143
389.561  387.529  0.00145915  -0.00101084  0.00140561
373.6  430.002  0.000719202  0.000239142  0.000751777
436.143  375.896  0.00273195  -0.00158818  0.00232224
435.914  378.664  0.00185167  -0.0010312  0.00168188
542.04  411.808  0.00112451  0.000949867  0.00317745
552.301  423.265  0.000616132  5.51393e-05  0.000919506
559.677  431.005  0.000491715  -5.41082e-05  0.000560616
568.054  456.685  0.0016684  0.000480837  0.00326993
554.862  459.162  0.0070292  -0.00278026  0.00410909
565.302  452.649  0.00153802  -2.75959e-05  0.00206726
562.529  446.467  0.00136658  -0.000289499  0.00130381
568.558  443.567  0.000863094  -3.35751e-05  0.0011237
556.355  407.184  0.000885916  0.000819993  0.00265151
530.281  447.296  0.00159648  -0.000568015  0.00070165
562.356  444.31  0.00778552  -0.00193651  0.00148024
534.972  403.975  0.00134455  0.000368288  0.000495769
170.776  370.592  0.00203906  0.0020695  0.00524831
170.693  373.937  0.00157526  0.00120341  0.00328422
156.513  388.259  0.000639991  0.000543913  0.00144145
166.488  396.552  0.000624513  0.000132738  0.000631093
666.56  316.022  0.000583571  0.0001966  0.000940458
703.055  321.779  0.00163742  0.000480747  0.00455993
700.715  315.158  0.00138043  -0.00012209  0.00209726
559.404  327.089  0.00187108  -0.000607707  0.0012628
566.404  316.419  0.00306487  -0.000594088  0.000774743
182.851  328.732  0.00229572  -0.00215721  0.00337755
382.927  340.135  0.00180965  0.000598117  0.000564365
740.422  298.187  0.00358176  0.000267711  0.000629196
738.286  306.729  0.00329037  2.22221e-05  0.0010569
731.667  330.247  0.00240055  -8.47182e-05  0.000706949
197.046  279.37  0.00213335  0.00107089  0.00112602
398.504  334.357  0.00542272  0.00165412  0.00217887
400.486  366.322  0.00245323  -7.06009e-05  0.000334615
729.328  333.382  0.00126337  -0.000155619  0.000462821
578.313  331.885  0.00158217  -0.000420366  0.000893137
586.573  332.24  0.000615198  0.000194045  0.000449242
450.268  353.694  0.00603606  -0.00246126  0.0024925
455.88  353.14  0.00276434  -0.000879631  0.0015088
455.342  334.765  0.00253126  0.0022219  0.00587338
442.625  342.844  0.00265929  0.000671267  0.00562693
437.923  379.118  0.000301907  -2.37331e-05  0.000532046
463.741  368.125  0.00138477  -0.0010461  0.00143906
447.632  348.29  0.00294568  -0.000741389  0.00270096
457.341  338.04  0.00144374  0.00107823  0.00328788
410.977  322.566  0.00100986  8.92751e-05  0.00228978
402.996  331.398  0.000904321  0.000945201  0.00282655
442.533  343.989  0.00176917  0.000913015  0.00464235
460.006  343.149  0.00583982  -0.00511153  0.00788765
443.208  321.185  0.00188627  -0.000525166  0.00145447
446.215  345.274  0.00590209  -0.00205615  0.00317984
450.287  341.786  0.00290518  -0.000357854  0.00268819
442.056  332.922  0.00460606  -0.00287648  0.00642522
426.308  324.212  0.0018376  -0.0013034  0.00228527
399.429  318.919  0.00046847  -0.000253677  0.000722887
437.709  305.851  0.000709984  -0.00027527  0.000643543
420.253  323.144  0.000952481  -0.000688513  0.00166236
446.425  342.851  0.00274591  -0.00115317  0.00416098
450.533  341.903  0.00472858  -0.00311147  0.0057008
454.169  340.057  0.00131945  0.000339767  0.00239826
446.418  303.588  0.00130555  0.00082253  0.00190583
420.905  319.101  0.00225424  -0.000479857  0.00496612
416.22  321.966  0.00155552  0.000487731  0.00435186
410.83  324.716  0.00121315  0.0011232  0.00374088
438.398  347.664  0.00266146  -0.000751267  0.000747207
443.498  351.986  0.00193382  -0.000738762  0.000761428
298.411  288.24  0.0031026  -0.000672975  0.00267649
296.685  291.277  0.00273265  -0.00113345  0.00424219
296.387  295.729  0.00311887  -0.00264209  0.00954215
293.171  294.059  0.00234733  -0.00226065  0.00813031
291.413  290.635  0.00182242  -0.00132998  0.00483026
355.323  306.514  0.000607636  -0.000566587  0.00241401
307.031  302.873  0.00404336  -0.0042368  0.00932261
277.232  278.367  0.00103257  -0.000892605  0.00146894
181.319  326.522  0.00138629  -0.000861901  0.00378142
186.744  343.583  0.00111023  -0.000346345  0.000875033
412.091  336.183  0.00100365  0.000300504  0.00101715
465.801  317.388  0.00132371  -0.00119949  0.00201061
466.018  307.997  0.000735102  -0.000375444  0.00159565
385.457  283.984  0.00201478  -0.000731953  0.00121912
370.412  290.44  0.000740534  -3.90283e-05  0.000503348
387.864  287.376  0.00281571  -0.00105323  0.00166367
376.681  280.033  0.00154836  -0.000674211  0.00089119
300.521  278.657  0.00350998  0.00383551  0.00759385
258.279  340.938  0.0013877  -0.00104265  0.00153186
236.27  342.43  0.00194157  0.000282043  0.000560341
260.132  347.153  0.00110896  -0.000678085  0.000901102
264.288  275.828  0.000688933  -0.000607599  0.00164444
249.635  270.406  0.00139373  -0.000668709  0.0015778
476.14  318.112  0.00233109  -0.00106554  0.00117408
449.284  287.314  0.000917019  -0.000811424  0.00292202
470.533  311.804  0.00180672  -0.00095307  0.000959553
463.063  318.912  0.00246796  -0.00171185  0.00196597
462.759  309.615  0.00135831  -0.000681561  0.00159283
445.221  271.318  0.00116992  0.00134123  0.00417986
430.892  280.203  0.00218833  0.00195338  0.00828465
424.6  274.173  0.00167417  -0.000143865  0.00302078
450.583  287.659  0.00139269  -0.000390278  0.00266716
447.854  271.608  0.00274527  0.0027173  0.0102738
431.71  275.396  0.00160995  0.00181319  0.00836343
269.833  271.812  0.000891884  -0.000639507  0.00111917
247.17  270.242  0.00198288  -0.00125952  0.00239917
331.582  290.611  0.00237518  0.000776499  0.00209419
333.212  298.958  0.00519846  0.00270545  0.0025357
329.097  287.837  0.00118016  -0.000151151  0.00177059
354.075  259.875  0.00598386  -0.00284877  0.00388857
353.332  255.719  0.00543607  -0.00226309  0.00258904
355.459  271.056  0.000827082  0.000327447  0.00141982
345.232  271.239  0.0011503  -0.000119772  0.00119525
332.858  257.197  0.00131595  -0.000588363  0.000755768
193.099  249.777  0.00342926  0.000571377  0.0022733
166.714  297.244  0.000472946  0.000290146  0.00147855
181.994  301.574  0.000954056  0.000104336  0.000836719
185.795  299.476  0.00186659  0.000985284  0.00185691
196.188  293.58  0.00120559  0.000328365  0.00213767
174.194  328.184  0.000669421  -0.00050064  0.00262044
182.276  291.393  0.00106018  -0.000492336  0.00185512
348.853  273.315  0.00209411  0.000109981  0.00125641
352.591  286.365  0.00136384  -0.000394611  0.00208124
371.757  274.61  0.00043624  0.000156234  0.000955127
529.536  236.936  0.00182578  -0.00119397  0.0020518
526.22  282.677  0.000449612  -0.000223433  0.00136549
544.703  289.395  0.00127356  -0.000139423  0.00104004
522.688  230.56  0.00132351  -0.000979541  0.00153196
531.54  267.709  0.000676421  -0.000690025  0.00401219
530.673  272.562  0.000450007  -0.000464447  0.00228798
134.987  264.718  0.00202735  0.00105281  0.00170161
137.545  276.449  0.00113714  0.000520461  0.000628712
110.724  251.785  0.000337871  -3.63487e-05  0.00180881
361.486  284.589  0.00915574  0.000599631  0.0010939
366.337  318.433  0.00203925  8.42073e-07  0.000298989
374.583  298.238  0.00378064  -0.00145947  0.00116361
319.888  564.746  0.0019524  0.00203233  0.00929496
316.203  562.939  0.00143021  0.000639352  0.00611767
340.06  271.545  0.000712078  3.5767e-05  0.000965572
348.543  257.236  0.000356439  6.11119e-05  0.000539439
351.951  255.718  0.00658063  -0.00240634  0.0041492
364.421  256.658  0.00154193  -0.000923039  0.00326628
350.443  249.263  0.00619793  -0.00201134  0.00227897
537.949  284.499  0.000481227  6.94006e-05  0.000357871
478.073  318.399  0.00147598  -0.000200774  0.000398278
483.633  233.456  0.00390138  -0.0014804  0.00163803
272.025  258.976  0.00808044  -0.00102094  0.00151258
288.139  263.747  0.00179215  -0.000221295  0.000335337
285.36  252.638  0.00204578  2.32255e-05  0.000375472
269.445  266.294  0.00283038  0.00127029  0.00107576
274.222  264.989  0.0018083  0.000847972  0.00091513
291.421  264.086  0.000566521  0.000321727  0.00063767
390.493  259.702  0.00627243  -0.00157256  0.00142041
280.835  267.45  0.00338755  0.000421837  0.000534301
285.121  264.593  0.00214877  0.000328042  0.000454884
291.563  263.589  0.00122873  0.000232522  0.000431175
289.973  262.671  0.00264476  -0.00210232  0.00363305
298.296  264.075  0.0014608  -0.0014287  0.00286661
285.422  255.813  0.00291214  -0.00178381  0.00229324
298.519  258.335  0.00111512  -0.00092395  0.0016525
284.553  250.339  0.00242736  -0.00138133  0.00157226
288.543  247.856  0.00152184  -0.000911442  0.00113171
293.95  259.454  0.001264  0.000242514  0.00197498
283.862  271.987  0.00107267  0.000474291  0.00098993
240.297  223.088  0.00453973  0.00132325  0.00120364
236.981  239.336  0.00539734  0.00336326  0.00506733
436.817  215.568  0.00285038  0.000420861  0.000560594
444.801  257.238  0.00538041  0.000643173  0.0038273
442.867  261.307  0.00475709  0.00224462  0.00493008
438.731  253.128  0.00292613  -1.60898e-05  0.00174393
440.708  260.301  0.00364863  0.00142996  0.00351226
423.471  236.903  0.00124101  -0.000263882  0.000502472
430.729  233.344  0.000706922  -4.88587e-05  0.000456386
427.653  248.251  0.00050825  2.76967e-05  0.000302191
494.733  231.533  0.00141193  0.00013568  0.00185889
315.18  233.415  0.00211748  1.49011e-05  0.000971265
287.194  231.593  0.000395968  0.000107965  0.000516216
359.078  275.779  0.00257191  -0.000706125  0.000568538
361.682  233.28  0.00109108  -0.000206058  0.00161721
362.705  245.815  0.00114234  -0.000175952  0.000673492
300.026  233.431  0.00103182  -0.000687419  0.000955546
302.672  226.699  0.0049808  -0.00373185  0.00472173
290.993  262.415  0.0017233  0.00102281  0.00107836
192.492  286.044  0.00371629  0.000487071  0.000537773
187.344  290.718  0.00222271  0.000440224  0.000517901
455.726  247.196  0.00653103  -0.000934563  0.00386789
477.308  263.627  0.00219909  0.00182073  0.0106577
481.739  262.657  0.00163852  0.0013436  0.00801359
447.099  242.389  0.00427702  -0.00180859  0.00146344
470.107  258.694  0.000820046  -0.000832448  0.00313702
445.328  231.267  0.00485468  0.000578913  0.000707709
447.937  236.832  0.00358574  0.000246525  0.000446838
442.709  239.931  0.00206446  -0.000109686  0.00208858
452.271  253.103  0.000817195  -0.000266349  0.00106191
429.465  250.12  0.000693066  -3.36755e-05  0.000375925
370.712  229.606  0.00169678  -0.00208354  0.00529066
259.101  218.331  0.000674839  0.000304951  0.00487516
252.347  216.141  0.000510314  0.000126052  0.00316445
295.046  246.097  0.00127227  -0.000716814  0.00196078
301.755  254.339  0.00120742  -0.000833749  0.00142236
293.178  243.842  0.00121074  -0.000933797  0.00136615
288.006  271.472  0.00185704  0.00138017  0.00195546
275.88  249.512  0.000641673  2.75129e-05  0.000384743
282.145  267.356  0.00105143  0.000577116  0.000974874
459.799  259.125  0.000668546  -0.000334622  0.000797348
445.954  239.786  0.0011866  -0.000456383  0.00066735
454.67  241.918  0.000714735  -0.000340461  0.000619558
433.467  242.824  0.00450726  -0.00119985  0.000948407
446.537  238.752  0.00193689  -0.000515661  0.000676617
438.297  221.783  0.00375203  -0.000117336  0.00470596
446.163  224.198  0.00156766  -0.000229915  0.00371131
449.839  237.643  0.00103767  -5.09154e-06  0.00103755
463.023  235.143  0.000491175  -9.58126e-05  0.00139219
445.719  229.266  0.0020087  0.000951393  0.00270224
450.276  235.07  0.00102782  0.000463165  0.00159932
462.019  232.056  0.000568589  0.00013436  0.0020012
465.041  260.134  0.00339866  0.00298223  0.0054898
444.789  259.824  0.000940373  -0.000398552  0.00396244
291.169  238.333  0.00249335  0.00119318  0.00526978
299.033  237.151  0.00130803  0.00101937  0.00511386
284.611  248.47  0.0046927  0.000893568  0.00121138
285.962  259.686  0.00568778  -0.00327972  0.00368373
303.383  257.244  0.000989764  -0.000786347  0.00133654
308.005  255.379  0.000721906  -0.000589591  0.00102661
300.982  264.871  0.00269116  0.00176308  0.00571029
294.407  266.262  0.00200057  0.000141656  0.00616793
288.341  263.386  0.00123289  -0.000531893  0.00481968
288.086  241.822  0.00172324  -0.000114159  0.000411418
282.641  244.668  0.00114285  1.258e-05  0.000351143
278.429  257.889  0.000909073  0.0002274  0.000472086
297.56  244.412  0.0031673  -0.00264187  0.00403496
277.573  220.23  0.00517065  0.00502334  0.00902482
292.197  222.525  0.00109163  0.000215727  0.00420296
297.538  219.207  0.00121116  -0.000676884  0.00715505
300.668  220.909  0.000946255  -0.000689626  0.00602741
299.177  224.378  0.000724495  -0.000196446  0.00371309
458.269  196.109  0.00146981  -0.000912016  0.00381235
456.897  191.844  0.00142595  -0.000756959  0.00240437
385.722  273.191  0.0043897  0.000113176  0.00049581
411.665  205.37  0.00171464  0.000406395  0.000801327
252.304  273.892  0.00473365  -0.00332092  0.00416427
258.88  267.153  0.00187581  -0.00112015  0.00131234
252.625  271.491  0.00224482  -0.00201569  0.00286863
255.691  257.026  0.00242828  0.00152394  0.00348157
257.831  266.216  0.00177232  0.00033816  0.00127493
263.11  267.278  0.00122727  0.000277471  0.000953678
247.683  262.435  0.00218312  0.00143972  0.00298874
255.689  230.396  0.006128  0.0034347  0.00370103
261.368  229.71  0.00343735  0.00209024  0.0022986
308.331  159.798  0.000586236  5.64482e-05  0.000446937
623.369  220.667  0.000983506  -0.000199242  0.000657074
622.42  228.862  0.000904092  -0.000129079  0.000423739
427.961  169.739  0.00361124  0.000207454  0.000969798
434.169  153.483  0.00271704  0.000475698  0.00046413
303.909  166.668  0.00095444  0.000820478  0.00121281
300.202  159.175  0.00225508  0.000213659  0.000484879
611.542  209.222  0.00397908  -0.00128503  0.00159383
601.342  181.085  0.00394402  -0.0020376  0.00304111
584.538  251.109  0.00093364  0.00049615  0.00218251
615.482  284.176  0.00175685  0.00050447  0.00093996
618.121  289.864  0.00171095  0.000207357  0.000607847
68.6954  176.665  0.00110142  0.000348144  0.000814195
471.055  162.843  0.00202028  -5.94243e-05  0.000338595
62.3204  109.505  0.00903967  0.00111114  0.00184217
81.6254  168.542  0.00205341  -0.000422333  0.000793595
101.577  106.387  0.0017719  0.00126685  0.00148775
519.293  134.391  0.00261408  0.000636806  0.00839793
512.944  148.902  0.00685428  0.00174954  0.00177423
623.202  419.197  0.000932367  0.000700386  0.00092825
494.042  153.523  0.00142566  0.00045328  0.00762786
125.511  96.4397  0.000540899  0.000306223  0.000944027
92.4724  122.586  0.00219348  0.000965232  0.00499309
128.231  103.777  0.000393787  0.000177739  0.000798401
132.774  104.382  0.000525515  0.000333716  0.00160729
137.394  97.1261  0.000512043  0.000311688  0.00100892
322.657  132.41  0.000491376  0.000109332  0.000649286
723.784  110.498  0.00450334  0.000458697  0.00512088
730.473  105.151  0.00228886  0.00207349  0.0104832
725.759  100.498  0.00390377  0.0023125  0.00612809
721.81  99.0655  0.00510671  0.000974811  0.00379469
729.974  91.6333  0.00199035  0.000813195  0.00237112
679.889  117.449  0.000900858  0.00035783  0.00226613
682.107  92.1377  0.000701571  0.000682819  0.0033966
702.678  144.333  0.0027456  0.00178346  0.00207659
132.404  110.673  0.000449457  0.000206955  0.00121586
415.063  101.808  0.000680712  -0.000184915  0.000867397
407.273  80.2034  0.00101969  -0.000725839  0.00108798
414.27  103.041  0.00060653  8.15928e-05  0.00248704
66.7644  66.6609  0.000860894  0.000637035  0.00168941
681.244  81.8758  0.000681405  0.000532584  0.00286871
680.602  77.1748  0.000630198  0.000285842  0.001724
684.15  86.8168  0.000734821  0.000621739  0.0043712
319.536  152.035  0.000683816  0.000694498  0.00134819
350.449  116.095  0.000797524  0.000221591  0.00038131
92.0263  120.555  0.00166163  0.0010537  0.00418044
106.853  102.665  0.00141495  0.00110209  0.0015099
123.364  84.0563  0.00114542  0.00117002  0.00403176
56.9915  116.475  0.00299374  0.00227674  0.00390968
224.782  74.2386  0.00764933  0.00138499  0.00152031
183.031  99.6306  0.00135596  0.0013645  0.0043222
223.851  67.9588  0.00310806  0.0016605  0.00174552
231.626  89.2309  0.00101649  0.000507061  0.00285925
243.503  110.937  0.000648351  -8.51297e-05  0.000519952
230.777  122.527  0.00218311  -0.00065587  0.000572494
762.078  75.6382  0.00341525  0.000413194  0.00118521
760.363  73.1614  0.00594831  -0.000362236  0.000774403
110.925  85.4195  0.0011475  0.00119049  0.00404607
661.575  88.5067  0.00936078  0.00273194  0.00317271
735.039  75.3211  0.00287756  0.000467434  0.00535016
183.056  55.6602  0.00411846  -0.000322003  0.000791928
212.896  52.7099  0.00339942  -0.000564347  0.00151753
179.383  81.441  0.00498189  0.00200672  0.00375073
192.494  98.8989  0.00138011  -0.000596233  0.00112938
182.394  54.8  0.00439564  -0.0016565  0.001822
205.934  55.7625  0.00447767  -0.000517861  0.00156606
201.809  55.3545  0.00267618  -0.000193031  0.00132372
198.447  47.034  0.00220873  -0.000263863  0.000744489
672.785  79.2654  0.00108607  -0.000170899  0.00168579
559.088  58.49  0.000904692  -0.000639581  0.00693118
557.423  60.8769  0.000829441  -0.000287962  0.00453939
566.376  79.1915  0.00374241  0.00176895  0.00181776
595.557  75.7965  0.00482349  0.00196309  0.00276317
609.408  73.0701  0.00146312  -0.000247516  0.00340412
621.373  75.408  0.000808035  -0.000723227  0.00366533
740.187  33.3579  0.00218557  0.000812209  0.00373168
393.929  57.9048  0.0053844  -9.86036e-05  0.000932132
392.93  50.4338  0.00340323  0.000537968  0.000934807
190.25  49.2247  0.000867699  0.000388155  0.00452889
198.536  68.3814  0.00115797  -0.000111625  0.000740026
189.184  46.6128  0.00108063  0.000630015  0.00721181
198.101  46.2504  0.00220136  0.000296734  0.006418
188.998  53.1339  0.000921368  0.000133797  0.00276672
196.577  63.647  0.00133186  -0.000160321  0.00103336
203.293  66.9169  0.002338  -0.000396631  0.000848064
225.729  56.0809  0.00413699  -0.00130741  0.00186258
230.576  41.6322  0.00148785  0.000367939  0.00757398
222.907  57.0175  0.0105607  -0.00232309  0.00185689
201.183  35.9261  0.0103788  -0.000205883  0.00158556
224.689  60.6839  0.0020807  -0.00100773  0.00156103
226.788  44.1572  0.000911862  0.000139765  0.0053653
195.412  61.4665  0.010623  -0.000229868  0.00121567
198.49  70.9528  0.00637661  -0.000830684  0.00087445
196.201  81.4066  0.00446177  -2.73356e-05  0.000496132
215.475  55.3699  0.00996536  -0.0043113  0.00361395
214.852  47.6312  0.00572743  -0.00212984  0.0049101
743.129  61.1067  0.00486263  0.00235455  0.00217045
581.402  83.0336  0.00259993  -0.0006761  0.000537097
540.282  45.1013  0.00160006  -0.000626642  0.00163011
79.1916  65.0287  0.00197704  0.00145207  0.00203071
91.333  52.174  0.00252606  0.000933644  0.000964068
96.1911  60.0799  0.000565416  0.000169726  0.00108668
88.7049  63.3479  0.00222812  0.00109356  0.00158334
91.7334  65.0492  0.000915661  0.000580648  0.00119925
305.267  21.957  0.00190738  -0.00189337  0.0124072
144.732  66.7597  0.00049248  0.000307437  0.00070102
67.8814  88.6952  0.002119  0.00205216  0.011037
71.269  88.689  0.00198118  0.00099805  0.0103068
91.0029  78.9922  0.00057433  0.000270835  0.00258566
397.46  63.5752  0.00573095  -0.000278855  0.00075139
398.475  60.1621  0.00209882  0.0016414  0.00309786
399.351  56.9605  0.0043879  0.00226413  0.00254322
416.134  84.433  0.000631589  -0.000516503  0.00238372
417.309  48.0761  0.000444957  0.000434221  0.00135557
478.129  42.0054  0.0032198  0.000334527  0.00124744
485.043  40.8517  0.00156349  0.000209352  0.00130695
752.659  20.7899  0.00486746  0.00337844  0.00574232
696.554  129.431  0.00112975  -0.000184048  0.000259381
640.688  49.6858  0.00520083  0.000915183  0.00291708
549.402  49.2095  0.00426687  -0.00157013  0.00349565
554.142  42.2697  0.00184711  -0.000635378  0.0124807
544.663  52.5535  0.00134809  0.000614727  0.00262177
573.393  81.2014  0.00136042  0.000815782  0.001454
578.414  89.6702  0.000648413  0.000366347  0.000825504
484  47.7316  0.0025799  0.00263492  0.00503959
589.631  94.961  0.000544667  0.000244998  0.000612391
641.986  49.785  0.00442175  0.00188443  0.00304723
430.236  101.2  0.00454769  0.00264401  0.00349772
438.235  131.411  0.000668523  3.22757e-06  0.000486116
375.559  80.4034  0.002266  -0.00235144  0.00797474
343.611  33.5846  0.00136652  -0.000710314  0.00246285
355.593  46.0688  0.00173793  -0.00115711  0.00153275
331.886  77.7256  0.00203698  0.000959023  0.00421253
327.024  79.6494  0.00138754  0.000683673  0.00335906
310.561  98.1719  0.000687009  0.000284754  0.000797773
143.597  29.47  0.00149019  6.24697e-06  0.00815912
152.962  34.5159  0.00317761  -0.000953414  0.00365414
156.122  38.4332  0.00398587  -0.00133823  0.00256039
158.797  43.9697  0.00435762  -0.00153263  0.00180992
144.643  49.6866  0.000893842  -0.000271381  0.000982508
142.462  56.6856  0.000662962  -0.000205943  0.00066248
182.578  50.4274  0.00306082  -0.00130066  0.0012919
189.804  56.9542  0.00189418  -0.000801705  0.000844799
214.956  59.6933  0.000401694  -0.000149825  0.000464789
143.445  64.2561  0.00163079  0.000200483  0.000697431
138.384  64.383  0.000666735  -0.00029487  0.000705089
73.2566  34.2151  0.000358515  -0.000195852  0.00249845
252.345  603.102  0.000420928  0.000370722  0.00157896
311.264  615.836  0.00205724  0.000523123  0.00258435
163.792  573.296  0.000506446  -0.000361729  0.00108271
169.146  580.013  0.000489914  -0.000246637  0.0014071
150.929  576.149  0.000276066  -0.000125385  0.000840249
186.382  568.637  0.00196572  -0.00156692  0.00207964
178.095  582.627  0.000539735  -0.000120995  0.00169419
460.669  595.637  0.00241323  8.42847e-05  0.000777143
410.812  583.617  0.00172062  -0.00125495  0.00161452
256.597  569.556  0.000490748  -0.000262341  0.000903889
157.288  582.113  0.000321135  -9.25277e-07  0.00117428
442.555  596.498  0.00242929  -0.000755128  0.00111467
487.194  597.808  0.00115143  -0.000168794  0.00130267
499.538  590.927  0.000539642  0.000147021  0.00131801
442.311  600.315  0.0025964  -7.19574e-05  0.00115395
430.42  592.633  0.00125453  -0.000552042  0.00110115
458.459  594.159  0.00163108  -0.000468987  0.00152436
513.614  600.449  0.00097523  0.000969063  0.00520917
508.027  589.924  0.00107965  0.000163344  0.00138226
501.389  588.95  0.00179852  3.51327e-05  0.00116017
488.679  596.192  0.0016561  -0.000384251  0.00155126
478.753  591.985  0.00455952  -0.0011606  0.00142791
466.227  592.705  0.00194667  3.64835e-05  0.00233979
507.883  586.929  0.00164526  -2.17068e-07  0.00114749
500.926  586.132  0.00350451  -8.69922e-05  0.000944065
103.238  609.553  0.00112307  -0.000143795  0.00189669
130.204  555.835  0.00337301  -0.000618423  0.000773043
132.094  571.983  0.0028007  -0.000170644  0.00221722
124.969  572.743  0.00141182  0.00010658  0.00200267
120.662  562.13  0.00117265  -9.05169e-05  0.000840736
118.173  552.579  0.00112732  -0.000152742  0.000506238
117.599  572.954  0.000853521  0.000180665  0.00174479
108.236  578.086  0.000541693  0.000390667  0.00237556
99.6662  563.253  0.000375817  5.65983e-05  0.000662798
129.23  574.351  0.00191199  -1.47546e-05  0.00268372
162.425  555.547  0.000259253  0.000120773  0.000918671
125.326  523.678  0.000769409  -0.000193521  0.000232331
91.11  558.439  0.000279835  5.60484e-05  0.000656585
139.539  574.042  0.00101505  0.000958789  0.00685051
117.35  517.336  0.00118633  -0.000277304  0.000288373
568.377  567.789  0.000513536  0.000658927  0.00197156
552.202  571.938  0.000781202  0.000533903  0.00170886
531.146  579.204  0.00361261  0.000226656  0.00172637
522.373  573.723  0.00330786  -0.000346336  0.000997234
507.021  586.666  0.000883  0.000399503  0.00157396
515.168  584.285  0.000459196  0.000531832  0.00161529
311.318  582.627  0.00370403  -0.000991123  0.00122642
302.084  591.934  0.00189373  -0.00194423  0.00449473
351.41  599.008  0.00161614  0.000166656  0.00189996
310.323  598.653  0.00278228  0.000666154  0.00234779
573.362  574.233  0.000693548  9.10957e-05  0.000820668
561.964  570.136  0.00288833  0.000419339  0.00134258
577.092  562.102  0.000922515  0.000537877  0.00189916
460.117  584.283  0.000181055  -2.54011e-05  0.000647339
359.861  554.472  0.0010887  0.000820667  0.00515336
103.256  556.073  0.000488692  0.000336614  0.00377974
117.701  522.406  0.00208765  -3.46884e-05  0.000366771
104.522  524.644  0.000740395  1.62774e-05  0.000376404
136.37  592.836  0.00468661  -0.00102398  0.00143661
121.902  548.48  0.00225389  5.343e-05  0.00199806
121.67  592.968  0.00077558  -7.63628e-05  0.000656812
115.302  516.446  0.00169383  5.3295e-06  0.000450455
111.474  547.077  0.00124106  0.000805716  0.00563512
105.928  515.708  0.000829331  3.07328e-05  0.000406625
104.406  499.389  0.000778305  3.6939e-06  0.000215219
593.053  566.323  0.00552219  -0.000376524  0.000767689
179.355  563.979  0.000766748  -0.000137666  0.00146106
195.112  574.572  0.000490696  -0.000495489  0.00155294
471.715  506.989  0.000828832  -1.67901e-05  0.00077369
494.552  496.941  0.000268605  8.51162e-07  0.000461766
498.473  492.828  0.000192879  -1.21253e-05  0.000386198
50.8421  543.172  0.000883251  0.000611421  0.00239959
405.789  526.864  0.00163019  0.00199952  0.00481177
380.223  527.069  0.000493341  0.000579932  0.00140135
46.1844  548.572  0.00314601  0.000454422  0.00157439
40.9163  550.138  0.00284242  -0.00173083  0.00306302
41.5361  537.755  0.00141204  -0.000721048  0.0010127
471.707  501.624  0.00100658  0.000439583  0.00119744
492.956  486.842  0.000403273  0.000295541  0.000772264
461.374  499.847  0.0019423  0.00022883  0.000793443
469.629  510.064  0.00111255  0.0008796  0.00242888
464.377  506.933  0.00123119  0.000459401  0.00146706
511.809  478.387  0.000466519  0.000315497  0.00073112
432.501  516.571  0.00059254  0.000498609  0.00113376
97.1833  535.208  0.000769219  -2.40425e-05  0.00208457
107.862  530.093  0.00183426  1.95652e-05  0.00287462
126.015  553.299  0.00426883  -0.000841691  0.000706916
38.9385  534.408  0.0017112  0.00023344  0.00365563
115.919  533.786  0.000305659  -0.000188467  0.0021489
175.524  568.224  0.0014111  -0.00139817  0.00358486
169.627  584.154  0.000504279  0.000180948  0.00283304
159.356  585.314  0.000353685  0.000249585  0.00239147
98.4637  537.317  0.000512158  2.58647e-05  0.00168548
101.429  544.529  0.000589993  3.26261e-06  0.000942341
98.217  550.954  0.000492436  -1.33297e-06  0.00063376
113.379  491.82  0.00362247  -0.000248141  0.00144358
99.3515  558.54  0.000515838  9.94266e-06  0.000398834
109.466  567.261  0.000915858  -1.40644e-05  0.000271889
197.416  571.866  0.000360385  -0.000380884  0.0011834
178.625  584.729  0.000624995  0.000387255  0.00370345
282.169  559.21  0.00022698  0.000235197  0.00104624
491.422  489.117  0.000460383  0.000506206  0.00130146
504.92  486.925  0.000762153  0.000750552  0.00174583
512.567  480.147  0.00055355  0.000547435  0.00127374
498.428  484.89  0.00245782  0.000738375  0.00119673
483.746  497.694  0.00130496  0.000858257  0.00213331
473.392  502.055  0.000874144  0.000876465  0.00215297
456.917  505.849  0.000525038  0.000657445  0.00160766
628.523  525.162  0.000352513  -3.821e-05  0.000206545
586.378  482.43  0.00139728  0.000726284  0.00104065
592.529  534.565  0.000547896  0.000131796  0.000205419
569.353  502.891  0.00516354  0.00102346  0.000907865
455.076  510.45  0.00449549  0.000614459  0.00135921
476.81  509.88  0.000824678  0.000322095  0.000589458
470.027  503.909  0.00107595  0.000585014  0.00112689
490.757  515.382  0.000386075  0.000151292  0.000313472
473.078  512.195  0.000968759  0.000213759  0.000320515
491.771  512.451  0.000423397  0.000133332  0.000188883
511.033  517.879  0.000382997  0.000129956  0.000198933
435.942  537.965  0.000683554  0.000307053  0.000453112
293.873  494.097  0.00112018  0.000245305  0.00137756
296.704  492.045  0.00099453  0.000122365  0.000914245
279.245  488.413  0.000492206  -0.000552694  0.00109011
94.1633  495.863  0.00026245  -8.78092e-05  0.00034954
44.9867  460.263  0.00104463  0.000820376  0.00289078
502.867  516.367  0.000588457  0.000220577  0.000297801
492.589  504.181  0.00379131  0.000864973  0.000776483
598.439  496.481  0.00215414  -0.000653585  0.0016909
603.619  493.007  0.00127237  -0.000105715  0.00153413
640.111  517.064  0.000342701  -9.56566e-05  0.000284897
626.043  420.958  0.0002378  0.000124374  0.00063459
352.639  568.71  0.00018595  -2.70086e-06  0.000615114
323.237  523.845  0.00179487  0.000426186  0.0019258
326.035  523.501  0.00299469  0.000762223  0.00217357
301.716  504.204  0.000807644  -0.000575714  0.00147091
409.859  449.932  0.00070471  -0.000341391  0.000529823
411.913  450.332  0.000324187  -0.000173323  0.000461826
620.549  411.015  0.00069083  -0.000352793  0.000930522
618.587  414.451  0.000563821  0.000416762  0.000630335
134.783  444.452  0.000543566  0.00032132  0.000828912
620.066  497.143  0.00042993  0.000331852  0.00048782
324.742  467.46  0.00465967  -0.00116331  0.000975372
349.549  496.473  0.00090153  -0.000435527  0.000499418
294.446  489.923  0.000835266  0.000316545  0.000970051
269.393  483.749  0.000518848  -0.000328748  0.000891721
256.244  475.699  0.000460442  -0.000426667  0.000865598
287.656  492.636  0.000731776  -8.79257e-05  0.000823124
336.951  568.322  0.000245764  7.92984e-05  0.000713873
389.071  478.05  0.0013806  -0.000311517  0.000264363
398.372  380.96  0.000484513  -3.90093e-05  0.000572266
413.212  393.821  0.00296601  0.00209267  0.00320246
402.458  396.422  0.00154069  0.00131564  0.00207264
413.516  390.21  0.00106097  0.000935908  0.00252366
562.98  405.291  0.00131623  -0.00031649  0.000291091
133.315  425.739  0.00133211  0.0014433  0.00342956
120.9  465.283  0.000231373  9.48237e-05  0.000370734
139.7  386.799  0.00151354  0.000754727  0.00196106
129.975  388.703  0.000921406  0.000618012  0.00146988
116.239  385.774  0.000486289  0.000296551  0.000724194
104.1  386.617  0.000332774  0.000226157  0.000536006
138.496  379.88  0.000514675  0.000544593  0.00153289
151.796  383.633  0.000296852  0.000224723  0.000777145
164.071  387.507  0.000204554  0.000112112  0.000484357
699.041  395.658  0.000464328  0.00047181  0.00141161
228.663  386.28  0.000419835  -0.000217544  0.000335411
124.827  468.345  0.000179256  -1.55256e-05  0.000207815
137.97  453.879  0.000431483  0.000427505  0.00222957
478.196  417.128  0.000275568  0.000346993  0.00097218
175.687  401.166  0.000527177  0.000576305  0.00181401
151.825  407.948  0.00224039  0.000454292  0.00234958
140.672  415.6  0.000956401  0.000468686  0.00165635
158.471  418.813  0.00317015  -0.000372998  0.000909116
162.328  419.146  0.00534007  -0.000879829  0.000933298
382.04  347.996  0.00103719  -0.000116524  0.000446956
319.706  405.942  0.000999857  -0.000715467  0.000953271
176.268  396.84  0.00033768  0.000226918  0.00115399
149.717  401.004  0.00103341  -0.000132884  0.00102103
143.868  402.584  0.00167805  -0.000393764  0.00111783
137.742  402.524  0.00312591  -0.00100576  0.00125617
171.439  390.504  0.000320681  8.85599e-05  0.000710705
426.602  381.572  0.00164606  -0.0013958  0.00186581
402.628  348.734  0.00685602  0.000931928  0.00102145
411.627  343.508  0.00244679  0.000216635  0.000480563
526.179  346.542  0.000170799  -7.02564e-05  0.00077279
433.486  381.998  0.000654167  -0.000472574  0.00132532
514.821  362.745  0.000348286  0.000239884  0.00236591
729.517  382.996  0.00171867  -0.00120931  0.00201906
741.466  312.11  0.00150208  -0.00104557  0.00114913
470.382  431.525  0.000484866  1.23488e-05  0.000184226
434.546  366.846  0.000603177  0.000481487  0.000731413
431.579  381.03  0.00113899  -0.000374549  0.00132563
143.216  390.379  0.00128534  -0.00014668  0.000491774
144.855  419.72  0.00128762  0.00120165  0.00483166
125.8  387.435  0.000474331  -8.69293e-06  0.00032767
717.856  376.357  0.000794389  -0.000422812  0.0012414
729.601  389.618  0.00122911  -0.000549978  0.000727848
699.016  395.717  0.000233036  -0.000125791  0.000384289
269.359  421.879  0.00105265  -0.000286158  0.000225594
388.194  315.963  0.000287869  -0.000291031  0.000778866
495.634  311.117  0.000369735  0.000164108  0.00150104
454.224  377.548  0.000261541  -0.000111696  0.000619149
466.029  375.891  0.000386567  -0.000290675  0.000777879
457.495  273.134  0.00029222  6.64673e-05  0.000290264
449.069  298.6  0.00111998  0.000346226  0.000801794
482.582  270.972  0.000278654  0.000171572  0.000397382
444.415  279.909  0.00144161  0.000125525  0.000290491
483.012  288.925  0.000413101  0.000489525  0.00113387
420.714  322.737  0.00203086  3.00416e-05  0.00254823
406.258  320.006  0.000546174  -0.000450993  0.00121758
426.3  312.527  0.000381218  0.000140388  0.000454754
437.383  389.283  0.000192965  3.39351e-05  0.000335856
450.021  381.506  0.000253493  -5.07433e-05  0.000424613
198.233  348.232  0.00130953  -0.00100743  0.00157271
158.763  267.638  0.000357846  -0.000130139  0.000383726
451.832  285.181  0.000740469  0.000500507  0.0008188
567.393  317.422  0.0040375  -0.000631941  0.000885314
555.061  323.972  0.00162356  -0.000995107  0.00122439
549.585  299.703  0.0018191  -0.000853061  0.000729885
557.552  321.545  0.00164525  -0.00024243  0.000598818
366.929  297.116  0.00532794  0.00257564  0.00234506
242.135  405.345  0.000366206  -0.000186439  0.000908574
234.482  336.033  0.00359654  0.000252749  0.000800245
233.135  344.986  0.00312251  0.000379936  0.000541675
249.106  343.611  0.00155899  -0.000459923  0.000560392
246.324  363.946  0.000975014  -8.69464e-05  0.000238062
252.101  373.553  0.000722728  -0.000124636  0.000210175
242.114  344.981  0.00149051  -0.00031601  0.000550477
243.843  359.582  0.00108171  -0.000145022  0.000308579
255.953  378.926  0.000548301  -0.00013134  0.000218774
27.8977  327.117  0.00384526  -0.000161452  0.000905303
32.5937  323.101  0.00331135  -0.00101535  0.00155588
352.321  233.73  0.00100617  0.000258547  0.000371655
331.664  294.123  0.00328722  0.00186977  0.00229876
407.994  337.785  0.000174606  -2.72004e-05  0.000246923
431.646  351.705  0.000404105  -2.54337e-05  0.000169499
409.453  348.913  0.000179762  9.07572e-06  0.000169625
503.321  319.858  0.000210457  -0.000191486  0.000955508
474.128  270.196  0.000418821  -0.000381871  0.00265267
247.385  273.484  0.00222892  -0.0019324  0.00410526
259.958  274.668  0.00107432  -0.0010896  0.00233772
465.771  263.461  0.000602484  0.000303498  0.000424109
382.325  285.472  0.000540559  -0.000167705  0.000255166
659.318  364.974  0.000897413  -0.000190667  0.000190296
274.926  228.98  0.000238718  -3.00824e-05  0.000543053
190.102  243.492  0.00203966  0.000105663  0.00103303
155.903  246.14  0.000282934  0.000107271  0.00094063
194.647  271.27  0.000533577  5.49247e-06  0.000420057
161.456  283.972  0.000347806  -0.000443786  0.0015824
159.296  272.639  0.000250452  -0.000191968  0.000724174
194.439  286.212  0.00346282  -0.000827871  0.000976853
182.603  285.203  0.0011779  -0.000493195  0.00108124
535.049  286.022  0.000541682  -0.000404952  0.0010968
557.47  291.457  0.00272354  -0.00141289  0.0015504
427.699  216.717  0.0027499  -0.000153251  0.000471877
166.56  262.199  0.00024957  0.000313825  0.00135184
132.959  266.158  0.00224179  0.000915136  0.00160469
131.62  279.283  0.00311001  0.00108746  0.000903644
515.838  300.88  0.00292849  -0.0010381  0.000828093
519.166  299.438  0.00195065  -0.000619535  0.000638102
532.503  301.689  0.000796395  -0.000188459  0.000338066
501.103  185.307  0.000215991  -2.30169e-06  0.000198038
504.962  186.13  0.000258482  -1.90119e-05  0.000227982
481.434  310.365  0.00165406  -0.000665265  0.000944544
331.966  284.072  0.000734914  -0.000243526  0.00232511
330.143  292.171  0.000749556  9.84919e-05  0.00122241
320.358  215.363  0.000375903  -0.000156752  0.000372825
504.064  184.32  0.000220362  -5.00184e-05  0.000299035
518.663  179.013  0.000524972  1.21289e-05  0.000212579
295.496  260.885  0.00193113  0.000520151  0.00237545
293.096  255.032  0.00160874  7.43643e-06  0.0013935
288.294  218.876  0.000632687  -0.00017008  0.000310232
298.778  273.636  0.00116171  -0.000758587  0.00103155
308.37  276.815  0.000807442  -0.000566148  0.000760063
294.097  270.541  0.000653864  9.38673e-05  0.000467143
319.54  272.254  0.00021588  3.50817e-05  0.000416406
302.475  261.328  0.000500642  0.000196189  0.000370248
310.103  261.4  0.00036668  0.000163422  0.000326131
289.883  250.043  0.00114134  0.000360293  0.000439938
666.563  269.225  0.00052537  -0.000313186  0.000579833
677.984  284.945  0.000729529  -0.000245624  0.000358425
287.795  248.158  0.0032417  -0.00102508  0.00118938
289.054  222.266  0.00101775  -0.000308061  0.000392712
221.904  189.282  0.000347459  -0.000337229  0.000812036
290.615  261.11  0.0011564  -0.00037066  0.000714472
280.832  267.354  0.000899733  0.000930295  0.00180675
274.42  251.335  0.000449984  0.000221805  0.000486652
257.109  256.454  0.00126231  0.000557553  0.000556192
251.047  255.158  0.00188926  0.000604265  0.000520079
291.98  252.806  0.000575083  -0.000220227  0.00114766
315.894  263.749  0.00108161  -0.000933687  0.00129581
309.926  273.098  0.000461057  -0.000348547  0.000634497
475.298  260.775  0.000711445  -6.42802e-05  0.00371227
439.114  248.133  0.00489629  0.000372179  0.000679447
453.018  260.373  0.00121378  -0.000218617  0.000526107
449.309  286.789  0.000973185  2.51805e-05  0.000191185
462.202  255.759  0.00112786  -0.000656144  0.00101005
465.387  250.25  0.00160016  -0.00137193  0.00194043
293.499  242.536  0.00110565  -0.000643718  0.00148938
289.085  249.755  0.000596463  -0.000300526  0.000750706
473.839  259.318  0.000358237  0.000109166  0.00293905
443.693  250.657  0.00180124  -0.000544795  0.00125752
258.384  256.819  0.00378999  7.92085e-05  0.000490043
309.198  233.235  0.00145181  -0.000410764  0.00161306
297.251  238.552  0.000623712  -0.00021097  0.000918139
645.14  240.243  0.000609137  -0.000293145  0.00041342
76.3895  173.673  0.000997094  -8.18087e-05  0.000533474
196.295  270.396  0.00530588  0.00102842  0.00100584
475.85  169.455  0.00142419  0.000627213  0.000972519
487.609  162.475  0.00076796  0.000494984  0.00118717
497.243  159.708  0.000511177  0.000424311  0.00119114
96.0765  116.351  0.00167409  0.00110928  0.0028352
166.677  99.7842  0.00224996  0.0014312  0.00168793
437.92  116.57  0.000894869  -4.30905e-05  0.00107413
429.22  118.124  0.000603032  5.23296e-05  0.000779008
467.605  151.012  0.000345513  -3.71845e-05  0.00124338
382.658  192.842  0.00044438  0.000154778  0.000234262
432.351  145.079  0.00107702  0.000246748  0.00048381
367.847  114.494  0.000787998  -6.5426e-05  0.00478207
398.032  81.9347  0.000606141  0.000751075  0.00292794
197.327  141.701  0.000340573  -0.000332767  0.00080636
179.616  79.4742  0.00250484  -0.00139461  0.00220126
51.7511  114.716  0.00138782  0.00114767  0.0034435
370.456  136.798  0.00029985  0.00010529  0.000297843
420.307  84.9078  0.000486726  -0.000301899  0.00154904
692.961  116.571  0.000217895  0.000134051  0.00137336
728.418  73.5  0.00104465  -0.000630012  0.00492377
413.827  81.4088  0.000863853  -0.000536416  0.000722948
399.2  78.041  0.000468301  -0.000262528  0.000414601
416.17  105.208  0.000521851  3.73274e-05  0.000726745
360.329  283.32  0.000765503  -2.28343e-05  0.000176337
428.976  298.402  0.000784006  -0.000512982  0.000603653
395.807  268.751  0.00267339  -0.00100237  0.000939984
611.704  112.824  0.000293627  0.0001952  0.000678147
622.344  98.718  0.00111726  -0.00137204  0.00376715
640.376  95.3642  0.000434714  -0.00033749  0.00124494
591.047  110.588  0.000877656  0.000775565  0.00108368
601.612  117.965  0.000353378  0.000285522  0.00055369
597.491  109.966  0.00061815  0.000532302  0.000799651
555.953  71.0227  0.000437444  0.000276837  0.0021878
549.728  76.5482  0.000415432  0.000311786  0.00146068
535.979  100.549  0.000658295  0.000606718  0.000892402
144.809  105.649  0.000379326  0.000242723  0.000482165
154.593  87.8489  0.000380343  0.0003092  0.00104197
122.719  83.6657  0.001422  0.00109425  0.00478184
138.055  98.0193  0.000314366  0.000324636  0.000783572
141.594  90.0966  0.00026096  0.000313402  0.00106544
599.711  74.9884  0.00319336  0.00100175  0.00229937
628.536  75.9951  0.000504087  -0.00041562  0.00293994
755.783  67.6244  0.00278601  -0.000851106  0.00090887
393.072  53.4009  0.00240214  0.000819632  0.00124877
67.6665  65.3553  0.000892537  0.000861693  0.00153227
206.201  46.8098  0.00185695  -0.00185519  0.00437017
252.666  90.5183  0.00034685  0.000323881  0.00250103
324.926  59.9349  0.000644309  -1.64585e-05  0.000886264
293.134  65.746  0.000182087  6.89558e-05  0.000784371
133.453  78.4285  0.000724202  0.000347626  0.000408932
143.09  67.8728  0.000594744  0.00024314  0.000473403
153.388  68.6787  0.000366734  0.000109009  0.000424846
170.837  60.0268  0.000256345  -3.45056e-05  0.000656618
393.749  52.8504  0.00148322  0.000570906  0.00116422
402.122  52.2151  0.0030676  0.00152021  0.0017405
403.142  51.7113  0.00267537  0.000883036  0.00075449
219.881  33.5319  0.00124015  -0.000253508  0.00240957
204.49  62.0468  0.000600653  0.000310338  0.000585638
425.695  53.033  0.000248045  0.000290077  0.00121676
468.174  46.2587  0.00173791  0.000728314  0.00124668
472.634  35.7305  0.00193597  0.000259455  0.00268415
478.09  35.4206  0.00123604  0.000311202  0.00246207
488.483  32.0007  0.000677651  0.000472168  0.00290025
590.01  100.417  0.000230127  0.000157232  0.000489801
510.362  83.1398  0.00136646  -0.000658095  0.000646595
440.577  91.2876  0.000334983  0.000141849  0.00041455
501.231  74.9328  0.00118111  -0.000699258  0.00095849
429.469  105.31  0.00151214  0.000802245  0.00236905
429.674  110.727  0.00104267  0.000397905  0.00153124
355.088  62.6796  0.000806132  -0.000470397  0.000611291
330.953  75.3999  0.000756621  -0.000100058  0.000231673
331.258  77.9213  0.00073262  -0.00013625  0.000263926
169.719  52.6651  0.0020668  -0.00110732  0.00128349
178.109  51.5536  0.00103512  -0.000716882  0.00133105
192.434  58.979  0.000557617  -0.000447944  0.000978935
183.082  49.7852  0.00267804  -0.00181499  0.00226897
208.928  66.767  0.000732333  -0.000565135  0.000920524
277.721  576.65  0.000235085  0.000232114  0.000534539
140.472  579.177  0.000999723  -0.000428194  0.000670919
176.987  569.286  0.000165866  -5.34126e-05  0.000365025
289.261  566.212  0.0003247  0.000395888  0.00145421
225.951  534.968  0.000629554  -0.000425911  0.000492736
165.663  578.171  0.000458649  -9.62837e-05  0.00210554
149.569  573.897  0.000195742  -6.6632e-07  0.00112617
198.533  574.321  0.000517153  -0.000473687  0.000917215
186.813  575.644  0.000500023  -0.000521446  0.0013597
538.626  555.475  0.000888329  0.000724471  0.00218221
303.749  551.155  0.000560712  -0.000527685  0.00259445
464.588  509.375  0.00150022  -0.000174727  0.00090455
505.747  488.845  0.000140475  -1.58259e-05  0.00032699
515.9  485.395  0.000272992  -1.44899e-05  0.000286626
382.334  466.719  0.000291865  1.22079e-05  0.000121826
394.95  464.265  0.000803935  -8.49233e-05  0.000149102
386.034  470.655  0.000474283  -2.34394e-05  0.000148118
361.628  528.869  0.000301325  0.000380627  0.000986503
392.809  515.851  0.000593426  -0.000366512  0.00233364
60.0342  547.921  0.000581684  -0.000282042  0.000949013
156.9  459.018  0.00112498  -6.98543e-05  0.000184808
503.673  491.837  0.000913948  0.00103785  0.00260633
290.392  496.703  0.000509941  -0.000584511  0.00145338
531.328  397.67  0.000229599  -1.63303e-05  8.67814e-05
635.115  400.972  0.000144552  6.21841e-05  0.00029721
628.177  431.92  0.00177889  0.00101103  0.00132203
206.412  483.112  0.000114357  2.3431e-05  0.000204003
378.603  560.759  0.00032378  -0.000424592  0.00133121
368.364  563.841  0.000200888  -0.00020796  0.0009359
342.217  484.168  0.00191043  -0.00113994  0.00113733
320.879  517.672  0.00224781  -0.0011805  0.00111331
236.686  486.591  0.000136314  -8.7588e-05  0.000320137
421.81  428.855  0.000289988  -0.000133419  0.000217212
455.625  431.027  0.00011303  -6.84064e-05  0.000173549
428.562  415.169  0.000195572  -8.95356e-05  0.000144086
442.591  418.031  0.000129466  -1.82794e-05  0.000122108
415.6  449.592  0.00019679  -0.000107563  0.000420436
410.079  452.33  0.000498859  -0.000117739  0.00050208
429.381  410.161  0.000212188  -2.9369e-05  0.00010763
96.6408  470.647  0.000667248  -0.00030722  0.000292719
255.061  362.724  0.000490211  -0.00013393  0.00022401
247.751  375.195  0.000859764  -0.000418442  0.000435641
272.274  319.437  0.000235492  2.37519e-05  8.70917e-05
336.154  564.026  0.000143973  -3.52532e-05  0.000922147
406.458  461.641  0.00065692  -0.000382803  0.000588536
407.022  490.765  0.00043922  -0.000109271  0.000184964
386.571  452.546  0.00294756  -0.000426157  0.000471247
390.816  481.047  0.00236756  0.000184452  0.000346136
126.429  397.372  0.000543439  0.000138601  0.000744589
172.333  425.533  0.000163903  -2.30976e-05  0.000144647
450.302  437.378  0.000133052  2.81455e-05  0.000558255
455.885  426.158  0.000138034  0.00010668  0.000995061
155.558  463.523  0.00120621  -0.000125445  0.000286464
232.09  567.118  0.000133496  8.37462e-05  0.000692782
204.025  554.625  8.39669e-05  -8.83494e-06  0.000336694
111.551  425.643  0.000377416  -0.000101714  0.000450256
92.6261  400.209  0.000899885  0.000893068  0.00221644
101.656  408.056  0.000481534  0.000204346  0.000910734
116.693  405.481  0.000312693  0.000176437  0.000635425
134.328  404.03  0.000204589  0.000124619  0.000424984
162.94  433.516  0.000113238  -1.70506e-05  0.000148647
150.51  407.19  0.000140846  6.88239e-05  0.000275497
93.7456  353.283  0.000564822  0.000232968  0.000262247
118.933  417.723  0.000262157  -9.19168e-05  0.000166289
93.8454  374.047  0.000563717  0.000214146  0.000341857
481.35  432.071  0.00029236  5.12191e-05  0.000123796
491.25  420.87  0.000222202  5.44715e-05  0.000103703
409.317  344.942  0.00084995  0.000453961  0.000557824
524.723  394.481  0.000599165  0.000510223  0.00179577
219.507  380.607  0.000264902  -0.000199649  0.000387353
572.426  306.616  0.00258901  0.000229312  0.000368101
642.633  406.248  0.000296195  -9.80894e-05  0.000121413
642.37  405.783  0.000350634  -9.97217e-05  0.000111009
434.769  387.665  0.00221865  0.00134027  0.00152627
443.229  381.784  0.00140555  0.000929285  0.00103431
408.544  348.787  0.000960415  0.000416116  0.000650284
459.941  302.324  0.000270085  -1.0408e-05  0.000305755
460.322  285.396  0.000237565  9.59257e-06  0.00016884
464.94  334.662  0.000466521  0.000216676  0.00232025
458.265  279.141  0.000354056  -5.16171e-05  0.000154068
428.662  263.181  0.000406632  -7.29882e-06  8.84511e-05
277.145  398.647  0.000525661  -0.000165808  0.00030574
291.678  395.992  0.000320691  -0.000190974  0.000429779
294.915  427.232  0.000492989  -0.00032673  0.000385132
274.717  408.554  0.000420574  -0.000303758  0.000444354
478.308  296.712  0.000183916  0.000115394  0.00051133
487.495  296.166  0.000191348  0.000128812  0.000568804
430.568  262.98  0.000451086  8.94292e-06  0.000105874
547.958  318.319  0.000103451  1.66862e-05  0.000210483
141.071  398.856  0.000191782  3.01446e-05  0.000121939
130.821  343.623  0.000119076  -9.84186e-05  0.000848902
127.121  360.206  0.000116058  -2.78961e-05  0.000203112
567.664  301.813  0.00119295  5.88951e-05  0.000345404
139.203  273.801  0.000119058  -6.07341e-05  0.000479103
192.443  285.202  0.001754  -8.44993e-06  0.000580194
181.736  264.566  0.000733572  -4.92258e-06  0.000252098
169.163  286.787  0.000414037  -9.53606e-05  0.000772009
140.075  251.624  0.000143633  -2.30004e-05  0.000199248
122.547  262.9  9.95709e-05  -4.37772e-05  0.000327436
663.086  313.77  0.00034681  -0.000121696  0.00159435
638.556  255.727  0.000207889  -4.30959e-05  0.000131655
706.251  361.374  0.000543356  -0.000245516  0.00146219
712.366  369.67  0.000643947  -0.000259494  0.000858617
722.103  388.033  0.000776152  -0.000290511  0.0004166
700.767  395.638  0.000251744  -9.88758e-05  0.000264263
567.424  449.967  0.000807548  0.00014855  0.000132818
627.485  411.27  0.000571331  -0.00016978  0.000132465
421.972  281.455  0.000534106  -0.000551235  0.00121099
409.534  296.875  0.000259408  -0.000170576  0.000364913
411.985  317.534  0.000232056  -8.92075e-05  0.000180787
428.149  345.391  0.000337519  -3.05931e-05  0.00014482
418.683  228.132  0.000607618  -0.000370033  0.000480098
405.759  216.272  0.000438324  -0.00026604  0.000338903
408.52  239.971  0.000290885  -0.000224471  0.000622913
555.307  327.551  0.00263445  -0.00020295  0.00031716
192.215  282.884  0.000561851  -8.35774e-05  0.000816753
468.818  210.911  9.68659e-05  2.18416e-05  0.000351817
432.41  217.34  0.000123379  -0.000118291  0.000532918
545.005  292.54  0.000407306  2.07618e-05  0.000614585
538.958  275.086  0.000583198  0.000630207  0.00229666
543.122  282.499  0.000428854  0.000212827  0.00109763
577.015  333.559  0.000230259  -7.29765e-05  0.000147579
507.439  189.067  0.000226309  -9.37601e-05  0.000219603
433.27  188.554  0.000314327  -0.000116242  0.000147408
379.477  213.821  0.000202892  -9.9514e-05  0.000213551
387.317  204.475  0.000149827  -7.27137e-05  0.000154181
298.747  212.053  0.000162312  -0.000102689  0.00037733
306.206  213.172  0.000113756  -7.79049e-05  0.00036633
166.607  267.194  0.00024809  0.00026086  0.000644875
171.724  270.652  0.000197907  0.000207152  0.000509854
181.568  273.98  0.000144579  0.000155511  0.00039278
502.195  185.788  0.00019776  2.22038e-06  0.000240699
543.533  295.622  0.000462251  -6.55401e-05  0.000299236
509.709  195.848  0.000238015  -6.89901e-05  0.000130255
299.08  273.85  0.00158003  -0.000548461  0.000510084
308.376  270.379  0.000744997  -0.000200923  0.000363411
315.165  269.268  0.000512516  -0.000109705  0.000310772
206.394  206.103  0.000448382  -0.000193398  0.000182928
143.046  262.293  0.00124207  0.000959188  0.00151755
194.914  260.287  0.00046126  2.50849e-05  0.000280391
193.552  241.419  0.000592842  8.57258e-05  0.00017228
164.694  357.753  0.00231814  -0.000313926  0.000329976
169.874  351.639  0.00136131  -0.000247601  0.000436143
184.192  348.371  0.000561487  -0.000214655  0.000611097
192.23  341.164  0.000424585  -0.000331353  0.00110983
682.131  336.501  0.000293973  -5.90614e-05  0.000131931
296.017  244.284  0.00118435  0.000170003  0.00121879
294.152  263.747  0.000695797  -2.29371e-05  0.000437017
381.805  195.964  0.000401068  0.000147656  0.000159024
304.946  269.344  0.00164602  -0.000426032  0.000435735
320.641  269.034  0.000579292  -9.60822e-05  0.000272824
305.809  237.178  0.000871063  7.61469e-05  0.000611957
323.947  258.228  0.000444283  -3.67346e-05  0.000204376
256.96  261.735  0.00144142  -0.000516325  0.000834733
245.436  277.477  0.000499155  -0.000320986  0.00260241
288.745  254.602  0.00146117  -0.000706495  0.00100078
517.987  191.806  0.000111942  -1.08057e-06  9.96368e-05
452.046  273.456  0.00125414  0.000106583  0.000225089
457.323  279.206  0.000828967  7.08186e-05  0.000185791
505.712  276.624  0.00012601  1.24064e-05  0.000192928
503.052  304.057  0.000127207  1.15298e-05  9.49888e-05
425.964  230.382  0.000874446  -0.000527263  0.000731543
399.507  205.916  0.000425949  -0.000254075  0.000328374
404.937  242.523  0.000247424  -0.000245123  0.00117958
404.176  239.136  0.000244743  -0.000122524  0.00128689
443.166  249.123  0.0014632  -0.000799095  0.00105513
441.915  258.746  0.000889439  -0.000485663  0.000649827
419.82  287.849  0.000170733  -9.2532e-05  0.000193909
405.202  290.422  0.000111693  -6.01296e-05  0.000167176
453.584  287.846  0.00228875  0.000136274  0.000365657
453.54  355.923  0.000567971  4.65175e-05  8.77608e-05
470.617  326.064  0.000842106  -0.000203692  0.000194094
442.174  239.397  0.00213063  -0.000279508  0.000714644
420.964  234.274  0.000364926  -0.000305512  0.000754494
416.185  241.578  0.000255876  -0.000266398  0.00106487
534.524  216.662  0.000123034  1.94142e-05  0.000192387
455.092  260.591  0.000867814  -8.11549e-05  0.000357664
509.008  277.022  0.000115699  -9.39293e-06  0.000190597
510.699  301.209  0.000117591  -1.04701e-05  0.000101207
453.907  242.602  0.00102077  -0.000663787  0.00135161
445.921  249.589  0.000753964  -0.000507479  0.000945132
437.245  252.771  0.00042247  -0.00028263  0.000701537
424.687  247.77  0.002071  0.000660443  0.000874502
387.539  297.427  0.000468466  0.00014901  0.000159137
342.048  143.111  8.51138e-05  -1.12111e-05  0.000156852
465.181  162.182  0.00246397  -1.16827e-05  0.00030326
460.871  173.964  0.00158872  -4.37355e-06  0.00051225
441.079  195.473  0.000442219  2.19577e-05  0.00246587
434.344  147.26  0.000332511  -1.93059e-07  0.000179621
431.736  125.745  0.000301006  -7.77299e-07  0.000102199
474.302  324.418  0.000527005  -9.37735e-05  0.000147559
250.644  213.305  0.00107365  0.000603528  0.00154271
242.161  143.429  0.000530397  3.2384e-05  8.56358e-05
308.943  169.08  0.00096749  0.000608525  0.00100084
307.687  151.903  0.000858734  0.000257529  0.000374947
243.257  139.372  0.000576014  4.80958e-05  8.66951e-05
639.739  277.73  0.000242126  0.000152702  0.000178713
646.177  225.415  0.000473314  -0.000285736  0.000751065
656.464  253.181  0.000338056  -0.000121726  0.00024754
660.596  227.36  0.000310041  -0.000294069  0.000866971
151.971  221.127  0.000292368  8.41939e-05  0.000118252
65.6175  157.428  0.0027073  -0.000252659  0.000443196
489.796  159.341  0.000799265  0.000451087  0.00178393
501.095  157.292  0.000458762  0.000343917  0.00188974
465.514  189.96  0.000537841  0.000358237  0.00051613
489.659  165.439  0.000358359  0.000316336  0.00115432
483.006  157.708  0.000801737  0.000594068  0.0022985
438.061  188.354  0.000209665  0.00013882  0.00043053
479.173  176.139  0.00107082  0.000382045  0.000478053
501.998  160.007  0.000403224  0.000141738  0.000828825
507.957  135.185  0.000468139  0.000291302  0.00282995
514.764  148.199  0.000284837  0.000140498  0.000899698
460.334  194.268  0.000613556  0.000373525  0.000407401
494.184  165.104  0.0002922  0.000176279  0.000685085
488.236  170.728  0.000323409  0.000210282  0.000416327
460.392  157.254  0.000343987  0.00038226  0.00135445
484.351  160.878  0.000943641  0.000456112  0.000956477
471.646  167.922  0.000540152  0.000260836  0.000623263
478.762  169.209  0.000850366  0.000411667  0.000666466
454.885  169.582  0.000268478  0.000128961  0.000519015
428.582  206.727  0.000202092  9.77815e-05  0.000174361
327.602  127.434  0.000402839  0.000123061  0.000648586
324.781  137.79  0.000451865  0.000189032  0.000457838
324.142  127.291  0.000334922  0.000239669  0.00164611
323.194  153.438  0.000638665  0.000364456  0.00052632
334.36  103.593  0.000401768  -0.00019223  0.00129887
332.98  111.6  0.000394627  -1.61695e-05  0.000785369
304.944  113.79  0.000173459  -4.09841e-05  0.000441442
287.637  148.8  0.000156148  4.8513e-05  0.000154776
595.13  86.9767  0.00057744  9.75215e-05  0.000535592
607.258  89.096  0.00036408  1.0028e-05  0.000373706
240.936  142.25  0.000683794  0.000105368  0.000134055
315.215  122.121  0.000371582  0.000236368  0.000471163
338.007  147.522  0.000108172  6.81615e-05  0.000184983
365.54  135.028  0.000352357  1.33274e-05  0.000530551
361.793  130.293  0.000424387  0.000163423  0.00112083
365.213  119.765  0.00048093  -9.5807e-05  0.000776206
375.824  117.268  0.000522434  -0.000233837  0.00197413
316.066  142.696  0.000288607  0.000222134  0.000503608
476.1  162.586  0.000163651  0.000201789  0.000633126
465.066  72.9907  0.000426601  -8.72762e-05  0.000375976
470.398  144.089  0.000173941  2.72477e-05  0.00136657
477.415  146.781  0.000434285  0.000258707  0.00117574
483.34  160.181  0.000862129  0.000439951  0.000677126
474.412  163.93  0.000565172  0.000292586  0.000537847
454.533  167.451  0.00025596  0.000140382  0.00042076
429.505  202.176  0.000194237  9.97942e-05  0.00016771
612.323  373.27  0.000609862  -0.000124844  0.000136305
142.016  73.051  0.00159753  0.000513356  0.00100991
145.733  95.2011  0.000468606  0.000451077  0.00091464
589.19  102.155  0.000348422  0.000189838  0.000623426
135.541  71.7187  0.000503314  -0.000202675  0.000488769
118.575  91.945  0.000177281  -5.97407e-05  0.000235663
125.479  141.769  0.000316025  6.84152e-05  0.000100646
321.249  47.5768  0.000573856  0.000499103  0.00312998
313.299  60.7263  0.000554058  0.000258166  0.00104436
311.655  93.7668  0.000576798  0.000103406  0.000223133
447.169  137.188  0.00018009  -6.73908e-05  0.000146275
220.143  72.7756  0.000679397  -0.000202333  0.000333478
584.237  109.667  0.000110057  5.43401e-05  0.000361021
581.961  122.836  0.000106042  3.75322e-05  0.000222169
597.743  137.578  0.000162244  3.34846e-05  0.000136972
544.128  48.7095  0.00105342  0.000775476  0.00177045
452.415  92.8829  0.000134486  3.9153e-05  0.000397859
482.728  108.496  0.000735591  -0.000213369  0.00037304
490.042  113.717  0.000477019  -0.000266013  0.000393418
489.728  165.195  0.000179552  -3.33422e-05  9.58935e-05
316.967  146.266  0.000253414  0.00018415  0.000360729
238.054  100.331  0.000186443  0.000148856  0.000627086
242.371  143.576  0.00055691  6.75477e-05  0.000138806
279.785  349.372  0.00020554  -9.18635e-07  0.000289803
304.523  369.993  0.000100984  -1.27129e-06  0.000155385
285.655  359.027  0.000139735  -6.98946e-06  0.000208087
279.328  344.816  0.000162039  -0.000121141  0.000661002
439.455  354.463  0.000135173  -8.20019e-05  0.00031633
340.481  70.0227  0.00103149  -0.000234797  0.000298927
294.337  115.368  0.000110244  -2.29454e-05  9.46331e-05
