1.0
842
12.8201  393.176  0.0239724  0.00230872  0.00435867
10.0734  503.128  0.0271407  -0.0017208  0.0204419
25.4532  528.273  0.0111186  0.00927975  0.0110504
17.456  634.989  0.0322717  0.00423912  0.00879962
17.129  330.277  0.00642061  -0.000519495  0.00182108
32.4084  530.883  0.00822191  -0.000361637  0.00109353
36.1262  574.836  0.00142728  0.000545627  0.00419544
30.834  605.366  0.00218068  0.000140278  0.00208997
24.1124  320.082  0.00248247  0.00164292  0.00388202
33.4245  498.075  0.0332028  -0.00316201  0.0248975
33.7953  406.163  0.00552888  -0.000281898  0.00226861
37.0763  340.809  0.0311055  0.00700504  0.0166265
37.5605  631.323  0.0237194  0.00124189  0.0041906
43.6295  358.356  0.00125852  0.000465745  0.00311939
30.8656  384.189  0.00494638  -0.00676134  0.0157397
48.0931  476.541  0.0175351  0.00219901  0.00236555
35.6132  573.28  0.00166105  -0.000901363  0.0048346
57.371  614.508  0.0171627  0.0054165  0.0104888
56.6102  440.209  0.0133814  -0.00083232  0.0129479
61.7112  563.61  0.00941128  -0.00366739  0.00942759
62.0087  491.878  0.0206635  0.00482961  0.0340878
64.8302  626.491  0.0156828  0.0129241  0.0186627
63.1343  645.821  0.0213689  -0.00770144  0.0264388
66.3621  431.974  0.0256472  0.000189733  0.0240693
63.9475  628.373  0.0159369  0.0043867  0.00471403
60.2256  262.408  0.00437196  -7.41217e-05  0.00235053
74.656  529.17  0.00454888  0.00867939  0.0407389
74.6545  424.273  0.0113845  -0.00516375  0.0217199
80.5484  487.945  0.0081583  0.00263906  0.014432
87.8713  370.882  0.0199342  0.0128602  0.0126672
82.274  473.622  0.00579648  -0.000943883  0.00508125
98.9046  343.526  0.00118749  -0.000404768  0.00185951
105.565  454.915  0.00359544  -0.000780127  0.00329475
114.502  519.204  0.00494839  0.0123204  0.0468167
105.295  405.115  0.0200343  0.00837912  0.0217924
113.45  493.691  0.00361027  0.00263557  0.0091389
115.212  322.611  0.0337016  -0.00618062  0.0206584
115.737  609.126  0.00620057  3.75915e-05  0.0107525
119.804  351.31  0.00115862  -0.000253093  0.000925716
129.272  306.932  0.00136558  -0.000159127  0.00623838
125.93  260.09  0.0023784  0.00253906  0.00600122
126.865  437.579  0.0134271  0.00477117  0.0247576
122.392  393.627  0.0124672  -0.00421524  0.0138714
136.797  479.92  0.00136556  0.00126073  0.0242608
120.549  294.407  0.0117042  0.00349583  0.00315846
129.139  505.234  0.00496023  0.0026878  0.00900477
136.911  454.409  0.00627647  0.00566746  0.0146938
128.236  307.787  0.00132819  0.00150408  0.00953028
135.086  533.281  0.00231924  0.000234335  0.00746199
147.993  609.557  0.00421237  0.000494278  0.00368397
149.633  487.654  0.00245934  0.00311562  0.0250998
156.768  478.995  0.00138791  0.00400552  0.0471075
138.308  387.257  0.00874439  -0.00441554  0.0037754
154.87  498.452  0.00125922  0.00123289  0.0176948
159.094  261.248  0.00382709  -0.000606539  0.00158572
165.127  394.79  0.0037673  -0.00503998  0.0136208
155.757  252.015  0.00313308  0.00171197  0.00309986
160.709  589.756  0.026956  -0.00452656  0.00592403
156.065  451.408  0.00517685  -0.00314101  0.00977081
172.572  622.895  0.0150638  -0.000859054  0.00391815
174.494  296.273  0.0149066  0.000840065  0.00567226
163.635  279.483  0.00358866  -0.00103391  0.002319
182.186  341.036  0.00344967  0.00861402  0.0325659
170.175  589.538  0.0179665  -0.00440579  0.005557
178.198  410.779  0.0125692  0.000737173  0.00643184
173.802  476.749  0.00760497  0.0029524  0.0280302
179.488  464.389  0.00710213  0.00189602  0.0171118
181.911  315.139  0.0092694  0.00399828  0.0047711
195.29  284.912  0.002497  0.00159467  0.00544344
175.485  596.841  0.00364604  -0.00275966  0.00824265
190.205  392.432  0.0131294  -0.00261559  0.0163406
196.241  488.446  0.0024329  -0.000138317  0.0099622
206.501  218.415  0.0023536  -0.000238791  0.00168201
199.269  521.215  0.000991287  -0.00065297  0.00873103
189.055  321.653  0.0026555  0.000227635  0.00112959
196.559  589.704  0.0190273  0.00492484  0.021111
193.772  278.782  0.0016132  -0.000474767  0.00470637
208.579  478.598  0.00430245  -0.00378938  0.00933334
199.045  265.01  0.00101443  -0.000828271  0.00261863
202.079  348.74  0.00705906  -0.00210949  0.0159482
209.358  374.016  0.00457478  0.00269473  0.0106469
218.322  394.793  0.00236907  0.00115263  0.0085506
220.717  424.551  0.0031136  -0.00157626  0.0132734
218.518  471.513  0.00709829  -0.00179649  0.0154904
220.828  112.596  0.0017519  -6.61868e-05  0.00214526
219.273  378.615  0.0146821  0.00580899  0.0222031
218.611  214.34  0.0011204  0.000408034  0.00161016
236.808  475.38  0.00353327  0.00581761  0.0158837
225.906  447.359  0.00583417  -0.00445542  0.0201929
234.305  605.952  0.00538553  0.00246096  0.00202043
234.067  170.784  0.0037995  0.00378743  0.0085213
230.608  422.99  0.000784674  7.09536e-05  0.00521024
232.985  503.925  0.00159269  0.000503347  0.00321867
236.766  662.444  0.00344674  0.00416085  0.0117729
234.477  261.139  0.00215803  0.000965238  0.00261402
241.311  482.083  0.00413793  0.00169281  0.00849479
252.821  155.724  0.001233  -0.000315287  0.00165555
253.028  530.108  0.00150474  0.000322158  0.00564386
249.502  281.079  0.00704439  0.000351139  0.0240382
251.58  422.301  0.00202527  0.000860611  0.00397735
250.003  427.948  0.00550457  0.000977045  0.0106488
258.394  478.561  0.0264441  -0.00154918  0.00902229
263.282  198.217  0.000985898  -0.000142245  0.00165734
255.39  234.303  0.00133022  0.000936537  0.00364933
264.87  497.457  0.00413876  -0.00151378  0.00195566
265.585  87.9934  0.0345973  -0.00240489  0.00198454
266.038  472.468  0.0234052  0.00761026  0.0186541
265.95  368.362  0.0178164  0.00017042  0.0233066
278.87  246.673  0.001279  -0.000408268  0.0017487
269.39  572.363  0.0144167  0.0050073  0.0294377
274.006  400.387  0.00911947  -0.00455224  0.0110054
280.545  381.535  0.0126316  -0.0109581  0.0246845
295.956  424.254  0.00180477  0.0029541  0.0200919
284.724  522.699  0.00125485  0.00177044  0.00694906
296.534  91.5741  0.00340052  -0.00104316  0.00209498
287.712  185.094  0.0204156  -0.00309297  0.00603234
302.031  365.54  0.00367389  0.00592685  0.0163804
289.455  417.391  0.022918  0.00536882  0.034543
290.096  464.825  0.017021  0.00460496  0.00447733
287.16  476.858  0.00662671  0.00937892  0.0410574
292.756  581.236  0.0101297  -0.00306796  0.0100283
296.352  221.625  0.0259438  -0.00347059  0.00260799
298.612  381.465  0.016789  -0.00199188  0.012455
288.746  85.9055  0.0027396  0.000153083  0.00195568
301.696  242.735  0.0225713  0.00100427  0.00498715
302.662  466.595  0.00365828  0.00332237  0.00609331
296.893  400.965  0.00391952  0.00028868  0.0131201
310.648  521.737  0.00126429  0.000334408  0.0059036
306.093  149.371  0.0111446  -0.00806748  0.00948431
317.293  593.595  0.0227851  -0.000627626  0.00755472
317.429  142.626  0.0323885  -0.00331575  0.00859627
322.083  166.171  0.0262546  -0.00741061  0.00892081
322.543  554  0.0170383  0.00758714  0.0299579
309.894  479.399  0.00222153  0.00255312  0.00704131
309.678  460.514  0.00260906  0.00219095  0.0085227
323.651  516.369  0.0120639  0.0018192  0.00631212
323.949  74.7754  0.00272859  0.0005172  0.00191213
335.126  207.483  0.00275109  -0.000657984  0.00117367
337.953  323.721  0.00760855  0.00315556  0.01603
337.996  513.286  0.0132856  0.00482391  0.0104075
340.928  333.787  0.00822731  -0.00229092  0.00351893
335.774  489.517  0.00997609  0.00290421  0.00741862
346.129  572.139  0.0101085  0.0049226  0.00947422
340.785  594.444  0.00678394  0.00173022  0.00376233
345.195  289.186  0.0202781  -0.00151926  0.0289253
344.052  380.919  0.0146169  -0.00298328  0.00617493
349.432  458.549  0.00206723  -0.000444262  0.00213196
347.69  210.564  0.00246834  -0.000354793  0.00147022
342.047  513.316  0.036759  -0.021934  0.0154255
349.263  180.346  0.0120116  -0.00322583  0.0385609
336.203  500.679  0.00335909  -0.000414559  0.00312103
341.406  105.954  0.0017175  0.00109762  0.0045985
352.931  247.87  0.00620422  0.00135669  0.00172869
359.218  380.623  0.00886007  -0.00564272  0.00912282
354.369  453.291  0.00267538  0.00189155  0.00655003
359.937  272.544  0.00350607  0.00342506  0.0194811
359.026  146.844  0.00169836  0.000103246  0.000910195
362.138  482.303  0.0306214  0.0109177  0.0155461
368.325  582.149  0.00388898  -0.00166634  0.00268014
366.514  219.507  0.0234499  0.00422103  0.0163282
369.945  237.613  0.0109583  0.00577089  0.0307479
379.606  456.109  0.00234604  0.000448658  0.00115479
361.386  158.958  0.00229283  0.00198231  0.00444726
379.255  323.294  0.00390319  0.000708694  0.00188474
373.62  491.666  0.0123802  0.0020941  0.0021201
369.635  292.934  0.0195461  -0.00400678  0.00442094
379.991  609.752  0.0156405  -0.0078482  0.00649794
374.75  247.689  0.0223637  -0.00582039  0.0132119
382.429  515.218  0.0113863  0.0134888  0.0391652
384.281  214.487  0.00172873  9.76977e-05  0.00151089
384.905  407.409  0.00341549  0.00147131  0.0355294
395.327  227.673  0.00127277  -0.000259584  0.0066029
369.501  378.632  0.00138249  -3.95644e-06  0.0197032
383.173  545.608  0.0150576  -0.00118121  0.00137078
391.013  80.6368  0.00790017  0.00113744  0.0153397
394.663  277.767  0.00900443  0.00564759  0.0170936
392.604  450.935  0.00788116  -0.00157483  0.00242012
389.674  331.911  0.0087155  0.000527611  0.00158243
397.141  208.396  0.0015692  -4.01614e-05  0.000835411
390.404  461.775  0.00481552  -0.000359906  0.000759504
399.153  225.192  0.00133052  -0.000250373  0.00152449
396.387  352.179  0.00420098  0.00523762  0.030961
399.03  189.87  0.00439238  0.00376606  0.00591022
409.69  331.005  0.00191433  0.00100806  0.0362708
397.449  372.098  0.00960567  0.00693903  0.0223639
407.257  575.535  0.00287636  -5.6104e-05  0.00164498
420.353  59.9748  0.00173577  0.000346589  0.001234
413.038  538.249  0.00327311  -0.00235902  0.0155211
427.35  71.8526  0.00194263  0.000226976  0.00275973
412.179  236.319  0.00625924  0.00265678  0.00602549
404.543  343.638  0.00164302  0.000364338  0.00816803
412.19  434.898  0.0232989  -0.00319809  0.0117277
418.573  453.822  0.00141742  -0.00139612  0.0153383
412.222  474.036  0.0037674  0.00174887  0.00537062
431.926  180.575  0.0029499  -0.00205842  0.00538006
423.258  377.299  0.00499815  -0.000360076  0.00210421
425.463  28.875  0.015046  -0.00191607  0.00204947
411.598  310.092  0.00199574  -0.000153856  0.00258252
440.808  223.027  0.00203135  0.000358447  0.00236512
428.39  497.011  0.00287716  0.00195489  0.0133304
427.749  371.967  0.00189645  -0.000875853  0.00872236
442.14  266.465  0.00124893  -0.000640549  0.0120282
435.686  301.553  0.0174537  -0.00411534  0.00299539
442.429  330.112  0.0243905  -0.000877337  0.0106595
440.824  53.3854  0.0473765  -0.0127879  0.00705615
442.527  418.253  0.0218839  -0.00164678  0.0198151
442.325  452.494  0.0376891  -0.00978692  0.012292
443.572  107.547  0.012266  -0.00203608  0.00164132
446.175  495.08  0.0147838  0.00462667  0.0316476
447.365  117.182  0.0229126  0.0013965  0.00432606
449.687  387.251  0.00604244  0.0123891  0.0462574
448.763  462.484  0.0395118  0.00402112  0.00174025
450.05  293.211  0.0114933  -0.00264218  0.0036952
454.165  637.298  0.0145542  -0.0105657  0.0161565
451.639  406.598  0.00324261  0.00327506  0.0281138
452.797  101.945  0.0511909  -0.0138178  0.00518183
448.697  294.558  0.00785362  -0.00101658  0.00592236
459.35  88.384  0.0179251  -0.00585269  0.00377672
457.659  173.956  0.0105714  0.00228195  0.00562731
473.704  294.409  0.00249667  0.000513677  0.00146368
462.916  476.796  0.00108015  -8.25458e-05  0.00129056
464.285  106.145  0.0140699  0.0010829  0.0102289
464.697  411.989  0.0018038  0.00337765  0.0276974
471.01  175.825  0.0253871  -0.00526194  0.00819202
478.145  440.865  0.00167663  0.00196672  0.0108969
471.487  381.748  0.0208617  0.00131174  0.0321256
463.293  546.434  0.00123903  0.00116089  0.00473794
479.858  132.672  0.00258317  -0.00154644  0.00631567
473.584  222.327  0.0181011  -0.0020114  0.00529119
474.798  306.154  0.00192149  -0.000135621  0.000611827
471.638  467.15  0.00179168  0.000992443  0.00281061
476.335  517.287  0.00582317  -0.00114876  0.00888808
466.805  52.6538  0.0020944  0.000112709  0.00239057
485.921  150.424  0.00215389  -0.00332186  0.0149079
471.276  474.38  0.00114571  -9.29984e-05  0.00151761
480.78  243.585  0.020081  -0.0018083  0.0332846
476.329  485.684  0.00167204  0.000702876  0.00337684
488.04  443.84  0.00352621  -0.00165471  0.00456196
489.698  209.418  0.0125395  -0.00402614  0.00671659
493.275  192.499  0.00174508  0.00031026  0.00100539
477.354  137.391  0.00262524  -0.000586399  0.00249019
490.638  218.839  0.0131938  -0.00494386  0.0143436
506.625  372.557  0.00493513  0.00486488  0.0158378
488.296  396.839  0.0029781  -0.00020179  0.0039187
499.942  416.49  0.0146322  0.00360899  0.0103758
504.754  234.937  0.00385431  0.000188115  0.00493827
487.592  154.206  0.00225876  -0.00122259  0.00336162
507.243  516.127  0.00282438  -0.00302836  0.00961493
499.161  289.242  0.00808637  -0.00169191  0.00221211
506.274  616.256  0.00177479  0.000806942  0.00366679
494.629  451.168  0.00359596  0.00265131  0.0240081
507.616  405.859  0.0135332  0.0133216  0.0314786
515.374  492.541  0.00434894  0.00133484  0.00109919
511.742  397.402  0.021837  0.00809351  0.0258891
496.261  170.307  0.0026015  0.000253667  0.00173391
511.837  444.35  0.0260754  0.00115667  0.0137106
526.343  234.487  0.00166667  0.000554586  0.00384765
508.637  320.796  0.010479  0.000233961  0.00473218
502.756  93.3745  0.00140075  0.00241014  0.0125238
514.806  201.451  0.00189254  -0.000367236  0.00174347
507.996  371.41  0.00419493  0.00291063  0.00916039
527.473  315.999  0.0033022  0.000674597  0.00249597
519.485  472.058  0.00332551  -0.00225321  0.00410748
518.805  388.841  0.0294207  -0.00629324  0.024633
523.035  300.535  0.00346152  -0.00036382  0.000713444
514.816  204.637  0.00188121  -7.79369e-05  0.00334977
522.229  470.431  0.0090381  0.000696901  0.00132898
534.477  163.003  0.00351413  -0.000306349  0.00108953
518.282  431.582  0.004189  0.00189702  0.0104939
520.772  451.169  0.00821351  -0.00233311  0.00434993
538.171  80.968  0.00569878  0.00440008  0.010941
532.582  228.325  0.00321411  -0.000135414  0.0084908
540.154  410.203  0.00518402  0.000166627  0.00575191
523.696  477.673  0.00193229  -0.000350171  0.0112743
543.662  236.016  0.0044493  -0.00233501  0.00426612
543.829  376.44  0.00614697  0.00231624  0.00294145
541.1  426.631  0.0192102  0.00319148  0.0209669
548.691  435.764  0.00521343  0.000191952  0.00856781
546.575  621.545  0.0037985  -0.000711814  0.00466071
549.562  474.399  0.0319929  0.0043826  0.00826923
550.993  380.616  0.0506879  -0.00626237  0.00270274
549.838  417.73  0.0116065  0.00221295  0.00432571
565.07  343.509  0.0058645  0.0107764  0.0254422
555.706  118.069  0.0173484  0.0028239  0.00365749
570.975  175.034  0.00306373  -0.000372684  0.00289298
555.183  241.154  0.0170509  -0.00600235  0.0198353
560.74  483.714  0.00387777  0.00290996  0.0383194
552.073  356.115  0.00499826  0.0104717  0.0374918
562.156  505.421  0.00385898  -0.00097789  0.0107956
570.527  177.083  0.0050765  0.001108  0.00281584
567.979  421.936  0.0177154  0.00174364  0.00466419
571.929  95.1824  0.00726481  0.00558308  0.0128603
571.653  494.809  0.0125113  0.00400698  0.0102162
569.853  143.429  0.00207628  0.000116095  0.00202834
580.604  436.026  0.00346018  0.0051308  0.0123309
582.329  259.356  0.00218336  -0.000820151  0.00121013
571.704  314.005  0.00115713  0.000184884  0.0020992
582.755  446.231  0.00116998  0.000712678  0.00583526
576.91  141.562  0.00334685  -0.00028751  0.00106781
584.612  175.215  0.0226085  -0.00248352  0.00870508
588.454  381.016  0.00159683  -0.000225207  0.00112622
591.728  530.752  0.0030425  0.000185722  0.00161241
585.707  310.074  0.00076897  0.00114762  0.0105368
595.424  464.216  0.00280089  0.000834627  0.00122324
610.1  170.393  0.00296425  -0.000137961  0.000890377
593.493  403.224  0.00326855  0.00022023  0.00182244
596.908  77.0394  0.00158341  0.0033122  0.0177416
611.407  218.578  0.00681055  -0.00242919  0.00340349
605.056  139.145  0.00215494  -0.000490504  0.000854134
615.305  219.479  0.00263834  -0.000362064  0.00283492
609.459  404.585  0.0330689  -0.0106654  0.01048
612.361  361.093  0.0414761  -0.00716522  0.00253102
615.255  373.971  0.0284717  -0.00407507  0.00468363
617.624  246.291  0.00362151  -7.5868e-05  0.000899868
626.937  353.267  0.00414238  -0.000446683  0.00118431
614.208  491.948  0.00951285  0.00105797  0.0082573
624.554  206.406  0.00845181  0.00370931  0.018104
635.968  286.261  0.00261089  -0.00377367  0.0177759
621.049  321.765  0.00846001  0.00418783  0.0393286
630.481  397.616  0.00216013  -0.00102179  0.0271904
627.391  422.661  0.00178292  0.00113871  0.00724223
624.206  307.213  0.0189694  -0.00546444  0.0243499
629.165  371.041  0.00246399  -0.000127079  0.000713328
624.391  330.179  0.00779515  0.00522716  0.0180913
639.007  270.173  0.0060679  0.00342509  0.00868659
626.789  359.335  0.00445741  -0.000293112  0.00143676
623.867  219.655  0.00126637  0.000381875  0.00704966
640.797  312.482  0.0136404  -0.00163906  0.012194
643.529  231.963  0.00109564  -0.000110116  0.00094641
647.556  606.978  0.00236404  -0.00174853  0.00303179
641.233  125.929  0.00555038  0.00200023  0.0014716
646.846  278.125  0.0148492  0.00512689  0.0344349
661.282  341.011  0.00336977  0.00403004  0.0105329
642.992  484.639  0.00705385  -0.000685155  0.00116413
648.059  200.1  0.0098112  -0.00420841  0.0184931
657.749  380.667  0.0010105  0.00103173  0.0045294
654.39  633.449  0.00392018  0.00079601  0.00117526
651.379  252.485  0.00431984  0.000365867  0.00206321
651.553  415.176  0.00266659  0.00147181  0.00631788
655.521  478.625  0.00157783  0.00211027  0.0077198
646.367  112.122  0.0043837  0.00264126  0.00278947
658.638  76.8859  0.0204523  0.00273972  0.0194007
665.878  269.956  0.0135797  -0.00642981  0.00638834
655.838  136.496  0.00152283  0.000342291  0.000775485
666.989  484.612  0.00802023  -0.00198776  0.0276045
670.283  267.783  0.0052177  -0.000542563  0.00271177
675.17  312.524  0.00288279  0.00124047  0.00407625
670.136  352.04  0.0270915  -0.00806144  0.0228664
675.486  300.193  0.0103368  -0.00384103  0.0121181
678.688  238.189  0.00445232  -0.000792235  0.00388511
670.354  376.761  0.00497688  0.00376659  0.0114725
680.339  285.778  0.00265889  0.000806728  0.0167147
673.344  162.113  0.000968725  7.49802e-05  0.00236719
675.818  103.429  0.00885237  -0.00308109  0.00286358
678.088  275.61  0.00178954  0.000727069  0.0363838
681.048  326.92  0.0237384  -0.00508711  0.00318763
691.46  318.004  0.00289079  3.48348e-05  0.00125837
677.796  283.786  0.00411913  0.00968777  0.0428814
697.671  32.0435  0.00288103  0.00029282  0.00218571
689.78  69.1133  0.0260643  0.0016724  0.0141571
692.288  189.299  0.00768848  0.00744805  0.0144104
701.005  55.7275  0.0034677  -0.00221051  0.00546564
685.572  455.051  0.00182623  -0.000211479  0.00445394
697.267  373.075  0.00958907  0.00706199  0.038993
700.605  120.084  0.0056236  -0.00033166  0.000692715
699.128  147.708  0.00516467  0.000304986  0.0007086
694.879  232.217  0.00947469  -0.00149865  0.00314206
703.823  49.4184  0.0130476  0.00412428  0.0290528
718.461  276.51  0.00232992  0.00176333  0.0169952
722  478.652  0.00333451  0.000143837  0.00513282
717.81  252.572  0.00100586  0.00136242  0.00665561
706.337  333.108  0.00249932  -0.000859364  0.00118686
722.024  212.468  0.000906876  -9.79557e-06  0.000949856
715.583  266.753  0.0031973  0.00623817  0.0341004
721  179.399  0.00537653  0.000165053  0.0161956
738.314  102.222  0.0047313  0.000624254  0.00091818
727.992  311.088  0.00507998  0.0012423  0.0040406
735.558  142.971  0.00793138  0.000216934  0.000917852
744.132  308.811  0.00826336  -0.000820932  0.00136557
743.035  287.481  0.00281324  0.000657726  0.0197542
743.408  439.718  0.00564134  0.00862094  0.0293427
744.83  149.07  0.00353088  -0.000803447  0.00109193
746.08  122.281  0.00661084  -0.00247426  0.00150713
749.14  183.011  0.0478341  -0.011475  0.00383618
749.287  96.89  0.00705936  -0.00253454  0.00249754
752.369  446.254  0.0142001  0.00466624  0.00681595
751.915  193.96  0.0565663  -0.013728  0.00390201
762.15  187.744  0.00863032  -0.00299044  0.00430946
752.955  52.8636  0.000685057  -3.62469e-05  0.00191646
757.896  217.255  0.0249282  -0.00236961  0.00820067
766.885  198.382  0.006226  -0.000774033  0.00095889
759.341  224.372  0.0319104  -0.00674418  0.00502418
762.522  239.106  0.00596434  0.000217971  0.00288038
751.485  578.879  0.00261655  0.000446439  0.00193215
766.481  168.171  0.00306661  0.0043824  0.0161032
771.946  305.811  0.00106373  0.000657824  0.00213171
770.789  381.299  0.00835838  0.00165456  0.00139562
769.182  284.552  0.015725  0.00222148  0.0202336
771.269  209.904  0.00213273  -0.00126399  0.00207078
769.609  356.651  0.0029625  0.00917776  0.0398847
782.591  203.927  0.00143226  -0.000727944  0.00187732
775.461  583.149  0.000915213  -0.000194379  0.00348652
776.306  164.469  0.0121358  0.00453896  0.0110174
780.69  377.871  0.021051  -0.00193134  0.014759
782.069  382.854  0.00929765  0.0034308  0.00247841
784.997  211.387  0.00127127  0.000233185  0.00229617
794.717  483.998  0.00477038  -0.00273128  0.0064867
792.362  231.711  0.0034794  -7.42006e-05  0.0110248
792.568  298.166  0.00558867  0.000305128  0.00123188
787.748  215.416  0.00157576  9.32654e-05  0.00598934
802.565  474.435  0.00723164  0.000314295  0.00797992
788  335.625  0.00232213  0.000109607  0.00525391
803.275  613.765  0.00397131  -0.000130086  0.00332038
809.372  500.62  0.0417565  0.00705644  0.0101018
811.612  128.038  0.00221112  0.00114088  0.00213109
804.399  245.405  0.0027026  0.000897881  0.0023049
806.124  246.09  0.00307297  -0.000747114  0.00364127
795.056  361.83  0.00255064  0.00293097  0.0144876
813.383  289.428  0.00405988  0.00177376  0.00369449
815.939  325.722  0.00302361  8.92256e-06  0.00153324
815.868  552.39  0.00736819  0.000662009  0.0038174
821.624  402.178  0.00364297  0.000511508  0.0062408
819.388  553.849  0.0201853  0.00337297  0.00410592
819.255  24.6012  0.00274448  0.00182754  0.00285328
819.685  262.624  0.0143304  0.00302279  0.0139177
817.355  306.146  0.00848131  0.00813885  0.0112475
833.544  118.429  0.0143776  -0.00210905  0.00177983
821.846  348.243  0.00306316  -0.00185266  0.00344017
821.466  81.8251  0.00189475  -0.000388881  0.00252793
835.091  280.312  0.0125685  -0.00461956  0.0052616
834.677  371.458  0.00984396  0.00714197  0.0220494
19.5254  544.82  0.0314932  0.00193806  0.0140019
38.3535  562.272  0.0020903  0.000239172  0.000808363
27.733  304.499  0.0152271  -0.00195553  0.000878461
36.4402  556.813  0.00377781  -0.000440962  0.000382845
39.819  364.678  0.00132363  0.000550488  0.00138485
50.0662  632.935  0.00166798  -0.000727149  0.00548094
48.2761  652.958  0.00449874  0.00122187  0.0033759
33.7745  366.501  0.00227861  0.000191044  0.0010463
47.8008  471.436  0.015422  0.00276079  0.0117269
64.5029  565.911  0.0112061  -0.00788157  0.00986638
63.2656  644.481  0.0126343  -0.000992599  0.0258261
48.4073  533.22  0.000945107  0.00247916  0.01617
72.9126  444.946  0.00839248  -0.0042013  0.00485165
91.5922  498.849  0.00750139  0.00239299  0.011627
79.3383  648.381  0.00104476  -0.000548784  0.00298601
91.7492  486.836  0.00135438  0.00254808  0.014249
80.11  229.599  0.00217805  0.00559115  0.0230163
101.497  511.834  0.00114669  0.00115669  0.0138433
110.896  455.995  0.00164322  -0.000770331  0.00456447
100.804  544.358  0.00562604  0.00247128  0.0112272
105.622  407.864  0.0116858  -0.00549671  0.0150307
87.5932  381.679  0.00115981  -0.000567082  0.00356185
117.03  608.272  0.0105503  0.00307641  0.00966201
115.827  340.2  0.00493645  -0.000618544  0.000919061
113.954  414.323  0.00790563  0.00372022  0.00251435
116.742  292.619  0.00367732  -0.000716618  0.00114037
125.908  437.408  0.0114855  0.001003  0.0174569
127.848  590.754  0.0163486  0.000590667  0.0139653
112.106  452.199  0.00102299  -0.000620214  0.00430571
137.214  377.571  0.00494275  -0.000945391  0.0103135
136.872  531.328  0.00392675  0.00265149  0.0077518
133.201  488.572  0.00105054  0.000273729  0.0233333
137.496  340.507  0.000881254  0.000117833  0.000809941
156.525  479.331  0.00115725  0.00231673  0.0296093
160.455  392.413  0.00337297  -0.00346992  0.0141695
168.932  528.687  0.00167269  -0.000580585  0.00843004
157.64  259.852  0.00303613  0.000562256  0.00111139
159.677  588.425  0.0186318  -0.00307391  0.00579938
160.825  451.697  0.00843165  0.00164691  0.00858764
154.599  515.37  0.00150273  0.0051908  0.0246841
165.04  192.384  0.0100702  0.00465633  0.0111881
171.044  625.206  0.0154508  -0.00691183  0.00885025
177.52  599.743  0.0075134  -0.00343676  0.00372103
173.739  349.363  0.0067227  0.00268181  0.00451733
169.763  524.185  0.00157707  0.00103053  0.006711
186.792  261.772  0.00164543  -0.000607142  0.000719147
188.29  636.669  0.00103608  -0.000167714  0.000713508
181.539  333.991  0.00157922  6.39984e-05  0.000583637
186.422  372.97  0.00901778  0.00491733  0.00564859
182.297  508.244  0.0018545  0.00369609  0.0168943
208.558  637.665  0.00187973  -0.000901882  0.00172944
188.491  520.755  0.000682706  0.00109678  0.004231
194.586  589.921  0.00082975  -0.00194489  0.0170681
196.009  640.637  0.000382855  5.32214e-05  0.00107685
206.986  274.791  0.000771382  0.0011167  0.00524211
208.812  472.185  0.00308155  0.0016326  0.0120931
212.229  512.889  0.00253746  0.00248587  0.00419683
220.344  376.983  0.00947513  0.00353652  0.0170341
235.892  427.547  0.00112131  -0.00195275  0.00998542
226.466  615.762  0.0061333  0.00132337  0.00163027
228.866  454.827  0.0119225  -0.00269698  0.00320466
231.087  364.267  0.0142211  -0.00145686  0.00457658
239.884  498.936  0.00108146  -0.000170309  0.00174775
235.372  659.675  0.0112351  0.00650907  0.0097003
230.569  258.315  0.00164118  0.000390593  0.00234478
242.962  206.922  0.000445585  0.00044994  0.00158078
242.881  176.338  0.0121687  -0.00387471  0.0150193
247.606  363.635  0.00261364  -0.000651221  0.00123977
250.931  312.429  0.000377917  0.000146995  0.00106744
255.058  232.927  0.000499962  -0.000116284  0.000531108
242.21  426.947  0.00252313  -0.00323398  0.0164334
258.486  201.097  0.000546479  -0.000247988  0.00139949
266.027  478.672  0.00224077  -0.00117392  0.00640756
259.993  174.563  0.0159458  0.0014623  0.0111375
260.648  370.053  0.0102117  -0.00600626  0.00647911
269.601  446.263  0.000865598  1.65941e-05  0.00203181
266.725  652.322  0.0105774  0.0026709  0.0119852
281.961  243.544  0.00173636  -0.000130607  0.000737431
271.502  570.127  0.0120139  0.00703688  0.0150303
273.424  125.529  0.0174343  -0.00217146  0.00399617
269.31  197.356  0.00731924  0.00120906  0.00137774
288.076  401.241  0.00130916  -0.00121333  0.0139977
286.808  253.164  0.0105087  -5.50623e-05  0.000778703
309.096  425.763  0.000640055  7.74465e-05  0.0092079
285.931  652.003  0.0167771  0.00316144  0.0155501
294.387  494.232  0.00168818  -0.000639391  0.00158392
302.793  354.319  0.00183398  -0.000273648  0.000745849
294.587  210.89  0.0197044  0.000526962  0.00376249
303.095  519.833  0.00145052  0.00167717  0.00645929
290.772  107.212  0.00182523  -0.000288782  0.000524977
288.399  92.2426  0.00232883  -0.000734199  0.000857927
301.2  247.93  0.0214364  -0.00188078  0.00204321
304.292  344.589  0.0223626  -0.00512192  0.00195456
308.431  652.612  0.00391652  -0.00157216  0.00311476
306.171  448.88  0.00224079  0.00660881  0.0289051
306.249  464.337  0.00925004  -0.00315888  0.00638635
311.97  546.367  0.00427792  0.00047153  0.000900768
319.443  155.307  0.0223599  -0.00353584  0.00215428
321.168  554.314  0.0137767  0.0012871  0.0170366
327.307  288.144  0.00662348  -0.0013899  0.00202994
321.104  545.461  0.00101001  0.00137492  0.00638496
338.562  441.849  0.00208265  0.00668313  0.028765
337.259  364.291  0.0102675  -0.00279711  0.00184695
343  330.682  0.00340997  0.000111934  0.00289978
345.497  334.386  0.00381127  0.00022006  0.00101132
341.953  310.657  0.0139842  -0.00171635  0.00709267
346.622  568.7  0.0108146  0.00532265  0.0093059
339.849  108.489  0.000684054  0.000130679  0.00209705
357.94  379.716  0.00645148  -0.00155468  0.00305551
361.512  511.986  0.00544261  0.000270274  0.0163784
353.567  482.813  0.00349589  0.000470297  0.00921894
368.256  433.677  0.00126034  0.00343393  0.0138011
368.504  460.664  0.0010249  0.000341165  0.00121166
366.868  218.766  0.0169614  -9.18348e-05  0.012333
370.163  237.151  0.00804129  0.00193498  0.0136087
360.24  606.442  0.00350437  0.00161875  0.00159175
383.302  483.479  0.00725002  0.00669536  0.00727789
383.232  316.859  0.0049985  -0.000324256  0.000485773
381.622  288.136  0.00942201  -0.00140123  0.00426814
381.653  397.714  0.00617296  -0.00132409  0.0037179
402.413  216.684  0.000951252  4.14297e-05  0.000488914
390.985  464.352  0.00285114  0.000217872  0.000856589
402.285  205.683  0.00075031  0.000588832  0.00130162
397.058  354.639  0.00308068  0.00191646  0.0121665
411.01  563.396  0.00640089  0.00028957  0.000636636
387.344  427.434  0.00160911  0.00313885  0.0136517
410.283  452.716  0.0110171  -0.0029172  0.0124563
413.228  540.584  0.0015166  -0.000102034  0.0113513
404.358  474.641  0.00147593  -9.56328e-05  0.00336559
424.501  373.234  0.00221699  -0.000987369  0.0124603
406.302  496.9  0.00109437  0.000604076  0.00749554
419.693  321.291  0.00187977  -0.000779137  0.000889465
438.235  213.891  0.00362005  0.000876277  0.00130836
441.514  108.344  0.00933591  -0.000183895  0.00117448
449.357  395.72  0.00391317  -4.36065e-05  0.0018034
459.328  388.31  0.00404094  0.00107726  0.00134964
454.225  107.471  0.0187821  -0.00232698  0.0077595
443.654  264.446  0.00172176  0.00230752  0.00708907
460.97  147.83  0.0158574  -0.00411937  0.00186472
466.406  157.008  0.0249785  -0.00415861  0.00186375
483.245  442.951  0.00103701  -0.000217515  0.00760583
471.486  382.711  0.0155171  -0.000249782  0.0160527
460.153  558.789  0.00149822  0.000534708  0.00158268
465.432  413.136  0.00112649  0.00210008  0.0208389
477.084  210.867  0.0127936  -0.00240169  0.00223012
495.964  623.597  0.00169513  0.00146315  0.00609199
489.342  234.474  0.00861232  0.00666348  0.00878107
472.535  476.767  0.00105292  0.000109775  0.00107377
507.407  202.346  0.00106735  -0.000183667  0.00107667
466.844  382.938  0.00109283  0.000109553  0.00136163
486.457  160.206  0.0115097  -0.00213258  0.0128008
499.132  175.299  0.00110752  -0.000532182  0.00273916
501.384  418.601  0.00818702  0.000710965  0.00629749
500.399  296.134  0.0105852  -0.00257806  0.00142626
519.494  237.976  0.000338678  0.000474633  0.00824731
500.122  80.1268  0.000434716  -0.000209836  0.00187465
512.167  396.674  0.0167396  -8.75683e-05  0.0167396
509.191  192.441  0.00239422  -0.000807977  0.00112473
515.43  431.513  0.00574293  0.00255132  0.0117947
521.363  467.784  0.0042579  -0.000218854  0.00126849
509.59  510.857  0.00183023  0.000217502  0.00348743
537.876  446.394  0.00137635  0.00131605  0.0042391
532.987  230.337  0.004833  -0.00213381  0.00498105
544.696  358.184  0.00148963  0.00228211  0.0282513
530.424  537.839  0.00148645  -0.000132288  0.0125659
547.887  372.958  0.00819483  0.00304298  0.00320534
552.814  623.627  0.000770431  0.000681765  0.0103611
546.659  194.501  0.00393997  -0.000937723  0.0018856
549.082  396.618  0.00844808  -6.08496e-05  0.000341743
558.845  484.271  0.0018466  -0.000284443  0.0265348
544.728  501.379  0.000726086  0.000230342  0.00430695
568.512  178.459  0.00388913  -0.000933579  0.00336938
560.753  353.379  0.00794838  0.00219194  0.0192855
576.649  288.667  0.000842179  0.000403095  0.000835223
566.08  422.294  0.00768287  0.00046287  0.00652348
576.302  261.411  0.00119364  3.95331e-06  0.000556852
575.828  306.636  0.000503748  -1.54885e-05  0.000792671
593.425  530.924  0.00247998  -3.44894e-05  0.000801839
610.331  469.968  0.000621446  0.000100396  0.000845148
591.545  85.9971  0.000772132  0.00132401  0.0218619
606.09  600.578  0.0175404  -0.00158601  0.00617637
610.272  351.481  0.0170259  -0.00187267  0.0103672
618.668  233.341  0.00175226  0.00010258  0.000585707
611.987  84.3599  0.00108589  -0.000739238  0.00221668
625.503  140.744  0.0147536  4.26403e-05  0.0129801
635.984  292.349  0.00305551  -0.000855532  0.00366225
621.628  334.901  0.00861512  0.00466336  0.00609929
636.667  185.773  0.00467372  -0.000804983  0.00169924
630.25  365.56  0.00361906  -0.000808683  0.00105609
646.083  232.24  0.00196463  -0.000221123  0.000910605
640.523  291.983  0.00228904  0.000224434  0.00276122
653.463  487.686  0.00133268  -0.000277679  0.00106665
660.486  331.378  0.00187873  0.000632096  0.00167441
636.321  494.201  0.0036777  -0.000923282  0.00132974
655.74  531.83  0.00159459  -0.000405183  0.00124953
655.559  473.429  0.000966903  -0.000569058  0.00472645
647.703  566.892  0.00302435  0.00092324  0.00137103
657.069  197.588  0.00181064  0.00124405  0.0169205
658.048  413.436  0.00668484  0.00234869  0.00624708
663.608  136.456  0.000937187  -6.51685e-05  0.000370517
658.21  328.847  0.00149568  0.00097111  0.00184754
655.211  335.575  0.00198785  0.00109825  0.0023613
683.265  60.059  0.000522691  0.000431477  0.00248234
656.153  287.231  0.000650569  0.00174248  0.0150742
678.793  297.095  0.00871751  0.00463019  0.00954495
678.9  539.579  0.0132438  0.001253  0.00617011
680.369  325.772  0.0201429  -0.00252345  0.0039318
672.023  268.288  0.0024212  -0.00180328  0.00533825
673.925  222.248  0.00265028  -0.000549461  0.00116441
701.563  210.419  0.000468716  0.000280697  0.0014366
700.484  293.813  0.000646682  0.0012089  0.0091392
703.346  543.724  0.00460341  -0.000581378  0.0116898
703.106  60.0682  0.004281  0.00224673  0.00931113
714.31  275.831  0.00352894  0.00491719  0.0223643
701.662  324.909  0.00234429  -0.000174862  0.00348643
714.301  266.099  0.00198468  0.00610162  0.0239138
728.836  501.733  0.000737801  0.0003122  0.00226161
717.441  587.193  0.00337413  -0.00285954  0.00837607
724.589  178.744  0.00785295  0.00279206  0.0135482
725.959  314.257  0.00863782  0.00203976  0.00397409
729.092  352.55  0.00108178  0.000546101  0.00135288
733.923  166.132  0.0101313  0.00481338  0.0108131
732.681  132.451  0.00452781  0.000328542  0.0004251
747.862  282.209  0.0021794  0.000482985  0.00568006
741.735  440.189  0.00436116  0.00561762  0.01353
743.005  173.125  0.00151107  0.00373205  0.0141997
756.535  55.6262  0.000392413  4.52622e-05  0.00123213
762.433  506.539  0.00078064  0.00049138  0.00184036
759.125  231.595  0.0204457  -0.00281493  0.00140721
759.545  586.353  0.00328776  0.000366956  0.00170458
765.63  449.933  0.0052645  0.00078663  0.000740048
754.813  393.625  0.00373455  0.00148414  0.0029143
768.448  286.4  0.0175504  0.00447949  0.00940264
775.055  203.49  0.00136112  -0.000614517  0.00110614
785.587  26.1684  0.00311332  -0.0013084  0.0153281
798.002  498.846  0.0100477  -0.0034605  0.00192408
789.397  196.241  0.00151279  -0.00058321  0.00117711
799.447  230.398  0.00964527  0.00598766  0.0126685
808.472  498.548  0.0228274  -0.000225629  0.00598615
812.231  116.97  0.00212609  0.000438042  0.000690997
813.862  514.941  0.025664  -0.00664267  0.00417413
813.738  587.637  0.0110663  0.00919035  0.0179989
807.163  570.329  0.00311326  0.000863775  0.00110192
816.795  309.63  0.0046202  0.00315491  0.00439375
796.994  458.949  0.0019576  0.00268113  0.0070416
34.9037  568.541  0.00206861  -0.00101436  0.00253637
52.1061  607.948  0.00774097  -0.00338328  0.00481896
65.3621  567.904  0.00685634  -0.00345469  0.00512213
58.9774  629.153  0.0056623  0.00550077  0.00864125
53.12  533.576  0.00070912  0.000845804  0.00708166
98.9706  511.135  0.00172237  0.0012937  0.00787443
113.912  340.546  0.000586949  0.000211371  0.000803854
121.099  408.307  0.00133411  0.00095308  0.00149285
143.275  487.731  0.00164807  0.00169827  0.0113596
170.395  623.229  0.00790172  -0.00196634  0.00615325
170.472  495.918  0.00329419  0.000170368  0.000787043
179.373  525.788  0.000535476  0.000163978  0.00817957
192.806  488.798  0.00230187  -0.000380302  0.00690295
175.295  509.273  0.00105622  0.00259615  0.0130595
230.997  467.399  0.00103492  0.002615  0.0101024
233.547  423.174  0.000591541  -3.5695e-05  0.00246659
227.928  246.363  0.000377154  0.000115427  0.000386797
227.442  453.351  0.00813276  -0.000175304  0.00171821
244.346  115.909  0.00162305  -0.00136807  0.00191672
256.939  456.633  0.00079147  0.000307051  0.00155134
236.265  423.117  0.000510722  2.90645e-05  0.00496515
244.918  312.466  0.000268913  0.000224624  0.00100868
246.786  206.503  0.000314692  0.00014158  0.00108658
242.753  644.035  0.000887452  0.000116466  0.00173689
276.836  524.315  0.000546034  0.00113482  0.00713161
293.523  441.821  0.000391014  0.000388519  0.0016644
280.887  499.031  0.000213564  -0.000221639  0.0032163
300.683  421.568  0.00548903  -0.00114784  0.000824726
308.454  519.021  0.00112378  0.000263416  0.00494388
305.488  350.412  0.0122873  -0.00272082  0.00111583
311.104  285.087  0.00427611  -0.000901747  0.00051802
304.799  428.04  0.00115626  -1.17911e-05  0.000773345
307.642  166.404  0.00200199  0.00107202  0.00179981
364.235  336.313  0.000554556  -0.000251212  0.00258509
354.156  639.509  0.00135642  0.00198731  0.0066106
343.434  382.034  0.00658288  0.000187076  0.00590054
342.029  581.27  0.00759107  0.00355254  0.00245774
335.69  118.513  0.000879639  8.18176e-05  0.000509133
390.129  469.701  0.000866231  6.2692e-05  0.000709167
381.189  317.526  0.00348132  0.000607967  0.00108939
381.439  403.227  0.00480306  -0.00100015  0.00208483
412.894  214.124  0.000458724  -4.04444e-05  0.000481986
410.772  561.496  0.0022919  0.000498533  0.000759194
382.712  429.053  0.00120746  0.00262027  0.0105526
410.835  453.357  0.00606033  0.000277839  0.00831066
402.837  566.77  0.00236757  0.000473683  0.000566164
418.752  370.066  0.0018185  -0.000304131  0.00385391
412.259  520.166  0.00264361  0.000204889  0.00273895
408.354  628.351  0.00129976  4.99582e-05  0.00214232
418.375  211.343  0.000518395  0.000218481  0.000630432
466.88  315.571  0.000945689  -0.00115801  0.00285033
420.859  215.137  0.000553526  0.000443006  0.000947984
449.549  294.528  0.00721909  -0.000919291  0.0033882
447.225  262.189  0.00125995  0.000794747  0.00458199
477.564  440.791  0.00104856  0.0012431  0.0101786
469.225  572.209  0.000696616  -0.000168062  0.000405336
492.694  622.088  0.00173943  0.00139939  0.00454064
488.549  440.403  0.00094891  0.000987619  0.00527894
522.422  236.416  0.000490742  0.000210267  0.00386938
496.229  435.406  0.000836615  0.00226713  0.0116433
537.754  507.411  0.00032274  0.000445896  0.00470081
512.784  246.003  0.000501297  5.75443e-05  0.000939341
545.997  435.506  0.00342392  -0.000251455  0.0069452
561.174  374.016  0.000381021  0.000436899  0.00312316
537.917  183.383  0.0027987  -0.00170124  0.00164514
574.951  424.194  0.00242935  -0.000829028  0.00304335
570.497  98.4593  0.00424865  -0.000362117  0.00149809
548.725  150.803  0.000553165  0.00034701  0.00129965
576.867  258.837  0.00103188  0.000206827  0.000305408
571.408  323.696  0.00165036  -7.30074e-05  0.000278528
588.274  95.4035  0.00190881  0.000397395  0.000811248
587.473  376.548  0.000933157  -0.000117028  0.000416527
605.364  86.1064  0.00416754  0.000625592  0.0091004
589.659  182.407  0.000711609  0.00032317  0.000420037
626.717  471.317  0.00440646  0.0018139  0.00152589
623.667  233.722  0.000723954  8.94438e-06  0.000602631
627.184  262.575  0.00489688  -0.000804058  0.000416623
629.539  421.089  0.00133307  0.000924259  0.0055475
657.388  60.6055  0.000921517  0.000937335  0.00280441
659.382  484.741  0.000808952  8.521e-05  0.00102711
648.743  340.25  0.00263872  -0.000250555  0.00269094
661.694  131.656  0.000269188  -0.00011919  0.00049663
659.436  197.942  0.00223554  0.00187395  0.0108077
672.318  376.974  0.00484412  0.000874092  0.00422937
680.421  323.934  0.00953665  -0.0010888  0.00382673
692.614  261.245  0.000426181  0.000204001  0.00232072
709.413  212.248  0.000326872  0.00011458  0.00109134
696.308  62.5669  0.00119441  -0.000680082  0.00145128
699.855  320.637  0.00201004  -0.000626189  0.00186209
729.342  503.311  0.000571356  0.000411119  0.000965057
719.914  589.226  0.00300739  -0.000274964  0.00525239
730.249  337.738  0.00457733  -0.00032767  0.000544187
731.032  348.003  0.000479343  1.47456e-05  0.000623419
781.7  268.631  0.000609937  -0.000298635  0.00255663
760.738  509.601  0.000241764  -9.87496e-05  0.00120998
757.058  225.856  0.00847771  -0.0015361  0.0012045
757.31  371.253  0.000916437  0.00197004  0.010815
766.099  235.786  0.00229852  9.42187e-05  0.00154571
767.202  303.848  0.000639292  0.000231445  0.00157021
770.886  283.623  0.00635605  0.00289514  0.00747566
765.554  107.015  0.000448135  -0.000239644  0.000474541
800.701  482.086  0.00104354  0.00027365  0.000201011
797.354  183.088  0.00114231  0.000253175  0.000550192
796.138  230.369  0.00276869  0.000579907  0.00722567
807.045  499.433  0.0143505  0.00125939  0.0052504
817.127  100.332  0.00219831  0.000559758  0.000416581
803.267  560.122  0.00313418  -0.00115311  0.00118395
818.948  330.606  0.00215442  -7.69872e-05  0.000560425
104.961  455.141  0.00264344  -0.000617248  0.00244975
129.611  346.326  0.000229206  -9.23852e-05  0.000928138
112.625  268.527  0.000146992  7.53419e-05  0.000281099
181.609  507.43  0.000825285  0.00156359  0.0064851
228.33  510.249  0.000718337  0.000847633  0.00291093
218.799  431.161  0.000478528  0.000659211  0.00176517
223.445  618.822  0.000329206  0.000439516  0.00104118
240.902  234.916  0.00042793  0.000294066  0.00045237
254.393  455.03  0.000704635  0.000239957  0.000893067
271.553  526.92  0.000404571  0.000607768  0.00396943
274.978  494.088  0.000281869  -8.2181e-05  0.00142032
275.516  558.947  0.00147645  -0.000622464  0.000546555
293.602  414.22  0.00187911  -0.000308901  0.0005143
299.483  351.719  0.00163919  -0.000200339  0.00049274
304.152  519.244  0.00105546  0.000286076  0.00345061
329.018  286.16  0.00296984  -0.000205478  0.00170444
345.422  490.595  0.000699379  -0.00024278  0.000665327
328.862  639.65  0.000415189  -0.000176931  0.00153166
385.642  101.454  0.000136543  7.40721e-05  0.000842224
371.114  367.138  0.00100111  0.000677818  0.000625526
368.765  325.229  0.000590565  0.000119837  0.00110714
424.29  206.117  0.000328063  8.89913e-05  0.000468372
416.611  470.526  0.000154393  0.000139823  0.00128412
416.305  521.503  0.00192132  -3.96645e-05  0.00230832
412.175  622.166  0.00152858  4.05782e-05  0.00117739
429.85  332.081  0.00243199  -0.000771545  0.000835644
470.601  580.971  0.000569234  4.15998e-05  0.000356244
487.801  624.773  0.00136999  0.000437192  0.00357548
484.726  439.942  0.00158429  4.80166e-05  0.0022617
518.793  236.849  0.000613645  0.000481263  0.00190349
485.637  332.459  0.000981581  -0.000521314  0.000520484
540.586  408.634  0.0017188  0.000211072  0.000279254
549.879  576.258  0.000621948  -0.000199294  0.000650182
520.964  503.221  0.0001897  0.000231993  0.00431573
566.249  175.907  0.00265953  -9.53787e-05  0.00238133
568.231  154.02  0.000206788  -4.81915e-05  0.000912551
579.615  277.887  0.00122145  0.000203107  0.000238401
583.561  259.225  0.000625728  -3.29056e-05  0.000233386
611.126  537.593  0.000490197  0.000160658  0.000873719
605.416  91.0137  0.00358948  0.000130023  0.0023064
593.907  169.596  0.000752067  0.000310394  0.000320218
633.299  239.528  0.000535809  8.39116e-06  0.000428525
631.388  422.325  0.0010879  0.000393084  0.00208093
640.349  252.133  0.000804853  -8.37696e-05  0.000207467
650.961  371.724  0.00232352  0.000255301  0.000177393
669.096  378.457  0.00276826  0.000711724  0.0029767
694.643  230.918  0.0043965  -0.000113727  0.00313404
712.505  420.718  0.000236946  0.000237198  0.000848682
696.434  55.2607  0.00169475  -0.00102601  0.00339722
728.735  323.615  0.00385176  -0.000739297  0.000448838
717.886  422.478  0.00028104  0.000548916  0.00212262
717.543  211.47  0.000514145  -5.34458e-05  0.000967161
737.246  51.1967  0.0014573  0.000460042  0.000885796
745.414  514.568  0.000211227  -5.20043e-05  0.000606475
765.413  310.096  0.000681428  5.5774e-05  0.00104454
768.172  331.85  0.000781113  -8.16628e-06  0.000245671
756.738  517.447  0.000330611  0.000111695  0.000289219
786.678  363.408  0.00117745  0.00173992  0.00593897
