1.0
1748
12.6532  534.887  0.0285955  -2.0932e-05  0.0198157
17.7604  416.182  0.0122344  -0.00590896  0.0185884
20.7303  437.83  0.00405298  0.000284136  0.00480583
23.1938  80.5947  0.00216227  -0.00130582  0.0265992
25.14  380.681  0.00373011  -0.00394136  0.0132383
18.7444  119.714  0.0229753  -0.0120799  0.0264159
12.0752  499.589  0.00894984  -0.000308642  0.00165429
19.2176  396.421  0.0233677  0.010255  0.0102277
18.9111  308.644  0.0354768  0.00141588  0.0335077
25.1034  325.609  0.0399934  0.000735552  0.0320595
26.1034  41.6092  0.0399934  0.000735552  0.0320595
32.829  84.4145  0.00968029  -0.000403234  0.00524837
27.1034  94.6092  0.0399934  0.000735552  0.0320595
32.7  65.1739  0.00869698  -0.000402658  0.0181286
28.7531  381.016  0.00553063  0.00248554  0.0147111
30.41  366.603  0.0058958  -0.00508133  0.0193083
37.1614  43.4453  0.0170069  0.0043252  0.0168133
37.3984  217.707  0.0313368  -0.0101711  0.0199819
32.4679  238.775  0.0146658  -0.0147645  0.0236062
33.8356  280.454  0.00301245  0.000854376  0.012325
34.5434  432.379  0.00265194  -3.78404e-05  0.00252489
36.6842  495.6  0.0326988  0.000544375  0.0329586
37.8828  400.812  0.0143514  -0.00510514  0.0394852
38.7348  323.545  0.00285206  0.00059849  0.00144365
39.6458  99.6458  0.0324809  0.00123091  0.0324809
39.9074  147.224  0.000954161  0.00063762  0.00192639
52.779  502.958  0.00260384  -0.00084659  0.0015171
39.74  523.4  0.0331156  0.00321394  0.0286566
39.1046  359.816  0.0114732  -0.00479259  0.00782447
40.6923  470.058  0.0329095  0.000350397  0.0272673
43.6458  80.6458  0.0324809  0.00123091  0.0324809
43.3269  460.779  0.0279638  0.00101967  0.0311409
40.478  374.274  0.0182712  -0.00981581  0.00893268
43.3812  85.7803  0.00103277  -0.00161614  0.0100626
41.7556  179.617  0.0315062  0.0130331  0.00748007
47.2215  35.8038  0.0245402  -0.00274605  0.0111443
49.7769  404.569  0.0312549  -0.0111601  0.0188531
52.1267  122.856  0.00155093  -0.00170904  0.007699
51.6875  279.135  0.0490704  -0.010188  0.00487234
43.594  321.259  0.00371416  0.000765758  0.00176229
53.8873  20.964  0.00304327  0.00230446  0.0129397
52.102  310.638  0.0489908  0.00224974  0.00382409
53.7504  492.447  0.00601188  -0.00429995  0.00558738
53.6633  509.765  0.0330432  0.000766952  0.0303545
49.1004  287.498  0.00815077  0.00155676  0.00293155
65.9772  372.795  0.00258931  0.00344779  0.0469751
57.9753  334.803  0.00464967  0.000781625  0.0115551
60.9628  272.023  0.0159861  -0.00102964  0.0128795
58.2923  528.107  0.00532797  0.000332715  0.00271489
54.1575  182.15  0.00546859  0.00364548  0.00517176
61.3  212.656  0.0295748  0.000453572  0.00858679
64.2937  402.979  0.0123042  0.0038316  0.0286734
69.8046  81.3944  0.00295261  -0.00163511  0.00831381
65.553  141.316  0.00706315  0.00424342  0.0037474
56.4185  347.604  0.0101402  0.0110043  0.0223321
64.7702  462.024  0.0308078  0.00621965  0.00570909
57.6731  384.938  0.00390227  -0.0033128  0.00842505
64.5664  455.407  0.0338323  0.00467683  0.0224566
66  27.661  0.0334561  -0.0028102  0.0205467
64.3064  319.035  0.0351065  0.00792531  0.0096388
61.4395  447.706  0.00290228  0.00286514  0.0395689
66.5079  426.707  0.009696  0.00080706  0.0194969
66.8881  377.933  0.0318495  -0.0157526  0.0172162
80.1691  252.87  0.00240983  0.000228949  0.00371143
69.4466  439.233  0.0322575  -0.00235011  0.0264895
70.6837  91.5204  0.0329353  0.00210259  0.0302896
74.284  292.692  0.0150416  -0.000737847  0.00227912
72.3661  307.643  0.0250187  0.00212583  0.0297879
79.0627  507.349  0.00454102  -0.001981  0.00934166
73.6458  64.6458  0.0324809  0.00123091  0.0324809
78.4981  538.744  0.010307  -0.00320229  0.0028673
75.7944  351.79  0.0074885  0.00174824  0.00324988
75.6458  403.646  0.0324809  0.00123091  0.0324809
75.3328  220.421  0.00197624  -0.000636478  0.00360392
77.7355  350.014  0.00457452  0.000627443  0.00377446
78.6458  113.646  0.0324809  0.00123091  0.0324809
86.1739  487.618  0.0131176  -0.0179514  0.0348693
79.6458  192.646  0.0324809  0.00123091  0.0324809
89.2687  157.404  0.00265196  0.000991845  0.00285629
83.3384  314.742  0.0112834  -0.000452082  0.0108405
89.0443  460.402  0.0043208  0.00732216  0.0234054
86.1528  401.817  0.0133389  -0.00770317  0.0150813
81.9931  521.743  0.0396404  0.00605792  0.0103908
84.9384  135.54  0.0162401  6.38991e-05  0.0129916
76.3536  32.9098  0.00246282  0.00265791  0.00897107
85.6458  74.6458  0.0324809  0.00123091  0.0324809
91.3818  51.2864  0.0268348  -0.0192725  0.0184419
83.7962  56.6276  0.0161703  0.00165372  0.0131918
85.6615  90.1  0.0283026  0.012652  0.0218596
80.4533  340.788  0.0166059  0.0123913  0.0107481
87.901  518.815  0.0056964  -0.00480891  0.00619297
86.3299  269.827  0.0438523  0.015993  0.0100413
90.43  422.329  0.0192483  -0.00693365  0.0100242
88.7202  365.968  0.0210175  0.00456616  0.0100863
86.8317  280.256  0.0116414  -0.00131935  0.00269043
89.2507  370.684  0.0198538  -0.00213151  0.00315476
93.7798  268.147  0.0359508  0.0047117  0.0212045
87.0509  458.575  0.00206067  0.00060651  0.00855729
95.4939  302.923  0.00183568  0.000450601  0.00234662
96.9586  336.349  0.0331548  -0.00165159  0.0101793
102.969  442.512  0.0119814  0.00964239  0.0141701
100.879  156.78  0.0168251  -0.0120417  0.0332335
98.6458  179.646  0.0324809  0.00123091  0.0324809
101.477  418.432  0.0055083  -0.000419992  0.0229334
92.8865  475.499  0.00425465  -0.00179923  0.00406571
109.523  136.83  0.00356669  -0.00278646  0.0164719
99.6458  247.646  0.0324809  0.00123091  0.0324809
99.9675  293.877  0.0106932  0.00213701  0.003856
95.751  224.939  0.0186744  -0.0130969  0.0161948
92.943  202.559  0.00396005  0.00681898  0.0338737
102.197  505.197  0.0121074  -0.00455141  0.00912343
103.234  554.861  0.0139912  0.00352898  0.0252587
97.1564  47.0361  0.00893816  0.00156926  0.00248239
102.651  51.5587  0.00250486  -0.00299426  0.0127325
93.4617  348.554  0.00291462  -0.00506373  0.0175877
104.799  345.302  0.0196311  0.000683739  0.00287708
104.144  112.743  0.0169238  -0.00993615  0.0170187
106.009  126.079  0.019339  0.00173779  0.0317425
106.073  246.384  0.0224376  0.00241718  0.0028969
114.274  412.232  0.0052055  -0.00102162  0.014055
108.235  568.982  0.015016  -0.00314561  0.00700984
104.633  378.741  0.00979217  0.00703421  0.0358883
109.653  390.41  0.0106341  -0.000422837  0.00904882
110.033  497.512  0.0339734  0.00222396  0.0175084
118.871  33.5524  0.00801002  0.00923786  0.0249025
111.06  99.9452  0.00965149  3.29002e-05  0.0061239
109.219  218.219  0.0214288  0.00768214  0.0145751
109.103  366.363  0.00618629  0.000831664  0.00641531
112.242  461.208  0.0351892  0.00861278  0.0188324
113  251.809  0.0444616  -0.00190814  0.00625928
108.657  431.309  0.0164967  -0.0127695  0.0240024
115.829  192.593  0.0209209  -0.000822133  0.0298961
113.207  309.082  0.0339132  0.000709241  0.00140986
113.176  311.097  0.0176949  0.00082579  0.0018046
116.646  279.646  0.0324809  0.00123091  0.0324809
116.188  485.708  0.0241117  0.00396226  0.0162139
131.185  224.521  0.0014251  0.000713446  0.00574784
116.37  549.348  0.0267045  0.000957129  0.00273327
118.021  51.6687  0.0137443  0.00175853  0.00459923
120.441  156.387  0.0238445  0.00476658  0.0321206
110.043  55.0152  0.00220181  7.89775e-05  0.020048
127.251  244.481  0.008531  0.00267376  0.00203336
124.513  298.923  0.0174507  -0.0007706  0.00730736
135.863  560.216  0.00152574  -0.000172411  0.00118722
128.199  21.9892  0.0143939  -0.009138  0.00938732
127.724  137.026  0.0362506  0.0026737  0.0115953
122.855  622.229  0.00480402  0.00100274  0.00160449
129.508  60.3413  0.0351193  -0.00803982  0.0131053
123.195  91.9119  0.00978223  -0.00624744  0.0164685
129.853  85.2936  0.031181  -0.00226662  0.0253355
123.477  241.401  0.0217973  0.0122316  0.00957345
130.543  211.11  0.0291491  -0.00990144  0.0212966
128.09  404.107  0.0110809  -0.006039  0.00765224
130.606  441.293  0.00882635  -0.00979717  0.0208229
131.114  488.75  0.00243014  0.000525378  0.0022122
137.669  519.103  0.0254538  0.00485552  0.0201509
137.646  33.6458  0.0324809  0.00123091  0.0324809
129.703  374.149  0.00380535  0.000207577  0.00126792
148.34  189.394  0.00628878  -0.00387462  0.0114369
139.579  235.143  0.0329026  -0.00994745  0.0155831
128.168  504.019  0.00187984  -0.000643474  0.00468923
141.764  102.217  0.034331  -0.0011368  0.0241283
141.646  147.646  0.0324809  0.00123091  0.0324809
146.82  587.208  0.00138976  -0.000832929  0.002272
143.891  628.36  0.0017765  -0.00135224  0.00247754
142.339  53.2  0.0257044  -0.000889988  0.0267899
154.698  261.739  0.00134707  -0.00169958  0.0205777
150.455  301.458  0.00119692  -0.00184437  0.00626287
149.763  345.364  0.000772617  0.000153685  0.00259541
142.12  575.656  0.000917724  -7.68236e-05  0.0010383
144.282  636.87  0.000685978  -6.83992e-06  0.00164098
147.832  81.615  0.0236179  0.0024616  0.00107132
141.115  95.1277  0.019353  0.0146551  0.0172855
144.584  134.855  0.00292053  -0.0015375  0.00195027
138.2  223.603  0.00211748  -0.00123608  0.00322632
159.457  156.537  0.00137324  -0.000542358  0.00325136
155.394  429.794  0.000585898  -0.000253426  0.00282252
153.145  321.965  0.0117423  -0.00141482  0.0080733
166.597  394.63  0.00517607  -0.00186076  0.00495389
158.531  217.622  0.0305452  0.000631735  0.0329861
173.069  31.2328  0.00206122  0.000395938  0.0013089
173.746  560.289  0.00274911  0.000860107  0.00242812
160.646  171.646  0.0324809  0.00123091  0.0324809
160.236  228.268  0.0373431  0.00611781  0.0166579
160.646  277.646  0.0324809  0.00123091  0.0324809
162.662  473.482  0.000795705  4.5025e-05  0.00212243
163.802  301.46  0.00153561  1.36156e-06  0.00188641
165.646  139.646  0.0324809  0.00123091  0.0324809
165.089  81.0421  0.0180514  0.00462508  0.01204
163.455  526.109  0.00387684  0.00184546  0.0037808
170.354  261.554  0.00536034  0.000515189  0.00343386
169.66  380.65  0.0337516  0.00150437  0.0287121
164.04  151.165  0.00342386  0.000303989  0.00414871
159.935  304.999  0.00154651  -0.000256661  0.00275233
182.272  86.0749  0.0187439  0.00500607  0.00459986
180.53  481.856  0.0197364  -0.0109797  0.0302616
179.646  279.646  0.0324809  0.00123091  0.0324809
179.429  337.397  0.0259589  -0.00999594  0.0253338
193.988  499.19  0.00161193  -0.00127383  0.0199754
186.349  329.451  0.0113112  -0.00950185  0.0180312
180.643  390.087  0.0307967  0.010427  0.0217591
187.739  596.184  0.00311481  -0.000812218  0.00363512
183.646  262.646  0.0324809  0.00123091  0.0324809
186.473  98.9179  0.0261555  0.00915778  0.0058663
184.572  243.412  0.0110241  0.00204461  0.00831383
184.463  349.214  0.0222185  0.00544473  0.0108733
182.416  67.4204  0.00667844  -0.00768752  0.0120861
178.285  156.989  0.00450712  0.000660861  0.00241441
191.725  621.269  0.0144498  -0.00704621  0.0225271
182.592  51.8443  0.00134765  -0.000400429  0.00341437
189.721  299.422  0.00756613  -0.00155951  0.0109363
184.401  368.004  0.00872357  -0.00822317  0.0216748
194.481  447.405  0.00642995  0.0046198  0.0112717
193.646  530.646  0.0324809  0.00123091  0.0324809
195.646  136.646  0.0324809  0.00123091  0.0324809
191.511  474.903  0.0102258  0.00794543  0.0272309
200.032  394.194  0.00483289  0.000270638  0.00132795
194.824  456.547  0.0230601  0.0105813  0.0183693
212.974  248.125  0.00298302  0.000207923  0.00212022
197.763  31.4029  0.0276613  -0.0142009  0.0207416
199.663  683.048  0.0330092  0.00202549  0.0403525
200.634  73.9307  0.0339329  0.00130534  0.0281521
203.614  322.459  0.0183365  0.000292148  0.00665395
203  226.287  0.0272075  0.00510046  0.0280397
203.237  371.897  0.0125819  0.000892613  0.0230809
201.188  493.139  0.0118185  0.00170283  0.0344262
206.561  620.398  0.00751852  -0.00526035  0.0171628
205.524  562.472  0.00480076  -0.00311048  0.020907
206.982  249.33  0.00208983  -0.000378258  0.00203709
206.233  413.602  0.0262112  4.98464e-05  0.0338514
215.783  163.051  0.00570939  0.00269603  0.0110809
195.516  336.495  0.00359762  0.00482507  0.0134362
208.779  405.062  0.0245294  -0.00709844  0.0302882
209.483  552.746  0.0057289  -0.00130824  0.0216245
206.748  45.3761  0.00879118  0.00406396  0.00389405
211.646  293.646  0.0324809  0.00123091  0.0324809
212.304  570.366  0.0282393  -0.00708659  0.0269132
220.002  384.932  0.00852342  0.00165051  0.00214674
214.559  188.514  0.00534402  0.00278757  0.00475648
212.347  351.766  0.0283056  -0.00534679  0.00418029
217.925  368.132  0.0145632  -0.00568516  0.0206832
205.91  540.097  0.00618297  -0.00343726  0.00941442
216.273  136.352  0.019808  -0.00227717  0.0153077
215.646  174.646  0.0324809  0.00123091  0.0324809
215.613  497.568  0.0193963  -0.000425633  0.0193068
221.887  177.942  0.0109242  -0.00234307  0.00302112
217.646  216.646  0.0324809  0.00123091  0.0324809
217.458  430.786  0.00584836  -0.00343765  0.00790566
222.673  148.177  0.0215777  0.00816984  0.0343274
221.646  275.646  0.0324809  0.00123091  0.0324809
219.227  59.7546  0.0140815  -0.0118431  0.0319853
225.482  235.322  0.0174581  1.26795e-05  0.00741275
223.036  268.589  0.0238264  0.00628963  0.0285032
228.631  301.963  0.00710674  -0.00727769  0.0199594
226.665  108.873  0.0131478  0.000783889  0.0104398
224.407  647.068  0.0391904  0.00876966  0.00971173
222.441  592.118  0.00540567  0.00194428  0.0095427
234.828  144.382  0.0162374  0.0104493  0.00938133
228.359  197.262  0.0157346  -0.00624871  0.0248575
226.366  229.831  0.0278549  0.0148447  0.0157669
227.528  566.237  0.0248456  0.00268619  0.00219243
227.268  35.324  0.0119899  -0.00328279  0.0225674
233.012  398.616  0.00547621  -0.00183654  0.00762283
232.884  525.711  0.0095458  -0.00253446  0.027678
244.508  211.538  0.00227088  -0.00181681  0.0168272
236.058  344.938  0.0164164  -0.00831582  0.0129399
233.646  370.646  0.0324809  0.00123091  0.0324809
233.85  450.335  0.00964223  -0.00175896  0.00745954
247.226  583.496  0.00206577  -0.00363371  0.0532994
225.784  326.838  0.00249387  0.000889142  0.0217098
239.667  251.851  0.0207106  -0.00294089  0.0337718
243.111  556.503  0.00529532  0.0023288  0.0168896
254.466  657.072  0.0032251  -0.00314391  0.00920697
237.791  360.05  0.00172001  0.00195091  0.0310054
249.381  465.815  0.0012132  -0.00157977  0.0259563
237.984  142.115  0.00100283  -0.000896555  0.00346977
244.296  221.92  0.0166613  -0.00372088  0.0343898
240.365  477.537  0.0219586  0.00926378  0.010117
244.509  184.897  0.0268428  0.00867465  0.0287713
244.765  204.643  0.0303801  0.00119856  0.033133
244.045  522.197  0.021782  -0.00905841  0.0122762
241.247  537.419  0.00213078  0.00184619  0.0132051
247.23  270.205  0.034315  0.00807297  0.019716
251.036  413.01  0.00788238  0.00514638  0.0207876
246.327  595.132  0.0332302  0.0115099  0.0138644
253.82  636.176  0.000865542  -0.000139111  0.0100575
249.557  427.779  0.0193362  -0.00282381  0.0146392
247.254  488.472  0.0141626  -0.00658416  0.0126647
253.734  90.8417  0.00741523  0.0016899  0.0134911
258.171  208.365  0.00185889  -0.000802092  0.00185094
252.515  340.822  0.0323816  0.00204943  0.0293275
252.656  674.604  0.0332616  -0.000385592  0.0311346
253.788  122.391  0.012334  6.05515e-05  0.0236489
252.858  204.935  0.00686036  0.00339397  0.00355393
250.702  250.885  0.00863411  -0.00186248  0.00368724
251.974  282.848  0.0199851  0.00202336  0.00676758
250.552  158.016  0.00259416  -0.000755486  0.00351021
264.278  482.207  0.00348044  -0.00531088  0.0387896
259.765  25.1286  0.00300395  -0.00413458  0.0253104
253.174  202.826  0.00707756  0.000722442  0.00189487
268.296  510.681  0.00232421  -0.00172492  0.00301976
255.646  611.646  0.0324809  0.00123091  0.0324809
256.57  98.53  0.0330582  0.000582697  0.028982
257.646  388.646  0.0324809  0.00123091  0.0324809
257.945  434.131  0.0218551  0.00262887  0.00260109
253.398  305.379  0.0055694  -0.00261728  0.00389199
258.541  498.582  0.0309217  -0.000129143  0.0322439
259.88  44.4383  0.00268775  0.00193836  0.0181961
263.312  73.3952  0.00442707  -0.00106404  0.00262266
259.449  147.008  0.0239775  -0.00304697  0.0256226
262.686  466.976  0.00247847  -0.000338538  0.00496827
259.646  625.646  0.0324809  0.00123091  0.0324809
260.684  175.52  0.0329353  0.00210259  0.0302896
259.497  615.538  0.0184736  0.0103977  0.0174324
269.663  670.183  0.0190796  0.00272438  0.0427668
269.467  50.3364  0.0352379  0.00426019  0.022846
269.631  183.865  0.00893939  -0.00644673  0.00990535
269.603  210.267  0.0151702  0.00851965  0.0321341
276.321  505.491  0.00594921  -0.00285744  0.00573471
278.038  62.2331  0.0167096  0.0132041  0.0172721
275.237  490.302  0.0277664  -0.0200647  0.0174833
267.357  224.045  0.00307278  -0.000975057  0.00285892
275.401  125.973  0.0173613  0.00351468  0.0102767
275.031  251.438  0.0320048  0.00788427  0.0183232
275.485  341.525  0.030136  -0.00129433  0.0315166
273.822  366.679  0.0114954  7.46449e-05  0.00576685
270.676  75.7828  0.00199625  -0.000464747  0.00787518
264.235  440.481  0.00193226  0.00370663  0.0379631
282.715  665.721  0.00156093  -0.00115129  0.00304038
278.494  22.891  0.0165407  0.00460758  0.0200592
275.435  103.779  0.0099973  0.000977941  0.00280276
280.752  174.988  0.0146615  -0.00655679  0.0117488
284.151  200.289  0.00386179  -0.00255755  0.0151475
278.486  526.216  0.021937  -0.00686563  0.0314577
277.646  532.646  0.0324809  0.00123091  0.0324809
271.019  578.881  0.00737095  0.00488433  0.00540045
279.502  379.949  0.00729458  -0.0029917  0.0208798
279.545  466.11  0.028652  0.00972979  0.0172024
282.758  153.234  0.0296977  -0.0117549  0.0211227
284.791  550.405  0.00629574  0.00129061  0.0140441
279.469  130.1  0.0110177  -0.00836378  0.0147869
286.394  406.755  0.00272054  -0.000125978  0.00333082
278.075  608.625  0.0110918  -0.00561297  0.0158787
281.737  311.197  0.0174046  -0.0024047  0.02917
282.734  498.722  0.0260862  -0.0096497  0.016239
285.182  37.1419  0.0173971  0.00749583  0.0254383
285.058  47.125  0.0284262  -0.00618423  0.0264571
281.972  480.732  0.0178233  -0.00206229  0.00830391
286.721  214.896  0.0267168  -0.00257144  0.00900678
288.204  259.81  0.0340244  -0.00504506  0.0153283
287.646  290.646  0.0324809  0.00123091  0.0324809
292.052  447.306  0.00198321  0.000254659  0.0133458
288.646  88.6458  0.0324809  0.00123091  0.0324809
276.938  354.062  0.0112684  -0.0151245  0.024413
289.639  606.588  0.0327881  0.00103837  0.0314649
282.413  472.093  0.00975512  0.00480631  0.00510526
285.522  546.471  0.0133718  0.00412577  0.00378876
295.549  156.251  0.0187391  0.00436247  0.013857
289.95  245.534  0.00645623  0.000195203  0.00693115
297.372  354.386  0.00910929  -0.00222763  0.00343452
294.55  383.968  0.021662  -0.00251904  0.0103508
296.483  469.907  0.0239515  0.00574029  0.00978647
294.361  478.224  0.0265019  -0.00141712  0.00473331
298.059  510.936  0.010581  -0.00257276  0.0124463
294.177  134.111  0.0218319  0.00443843  0.00271089
297.244  74.5685  0.00805612  -0.00357569  0.0283196
300.529  403.765  0.00136079  -0.00123682  0.00733673
298.646  191.646  0.0324809  0.00123091  0.0324809
289.102  545.628  0.00433802  -0.00554327  0.0324883
298.515  554.515  0.0311754  -0.00100923  0.0311754
299.981  412  0.0291733  -0.00443941  0.0286647
299.991  200.494  0.000738385  0.000436957  0.0106888
300.646  314.646  0.0324809  0.00123091  0.0324809
296.449  686  0.00846155  0.0035447  0.0532867
314.58  442.846  0.000866948  0.000908853  0.0101355
306.708  578.118  0.0127191  -0.00994857  0.0175392
302.347  96.2873  0.00219494  0.000275234  0.00802842
302.223  145.216  0.0205998  -0.00581752  0.0199756
303.692  273.058  0.0329095  0.000350397  0.0272673
309.163  48.8815  0.011042  -0.00243984  0.03987
312.035  435.013  0.00162324  -0.000925851  0.00249836
302.963  612.526  0.0378057  -0.0162034  0.00909217
314.122  439.48  0.0406978  -0.0226442  0.0147863
317.272  39.767  0.0029616  -0.00143533  0.0126701
309.514  379.355  0.0287349  0.00321878  0.00911501
303.291  255.234  0.0039168  -0.00792574  0.0304798
313.761  595.689  0.0122891  -0.00442446  0.00777578
314.841  164.619  0.0070671  0.00468304  0.00581523
307.052  556.085  0.00671658  0.00252343  0.0221102
312.246  61.3089  0.018476  -0.00244211  0.00949001
308.268  222.513  0.0021846  0.00224685  0.00788546
312.695  320.611  0.0330808  0.000558228  0.0326067
314.272  21.4211  0.0248611  -0.00035608  0.0292722
312.454  232.454  0.0232456  0.0102215  0.0311643
313.734  145.544  0.0232722  0.00285345  0.0142941
326.907  463.005  0.00151099  0.000688859  0.00485772
311.765  341.419  0.0082595  -0.000245519  0.00452711
316.646  276.646  0.0324809  0.00123091  0.0324809
316.393  11.9375  0.0219441  -0.00586427  0.0315277
317.059  104.535  0.00482961  -0.000394022  0.00183435
317.646  411.646  0.0324809  0.00123091  0.0324809
318.312  519.312  0.0277826  -0.0067002  0.0277826
319.985  546.01  0.0174448  -0.00633421  0.0125062
315.112  264.708  0.0292509  -0.015144  0.0128513
331.178  186.828  0.0029183  0.00100947  0.00327292
330.373  610.69  0.00212422  -0.00310933  0.0176016
320.646  88.6458  0.0324809  0.00123091  0.0324809
320.646  332.646  0.0324809  0.00123091  0.0324809
315.95  67.5174  0.0145648  -0.00935014  0.0104766
323.646  208.646  0.0324809  0.00123091  0.0324809
320.302  584.516  0.00532364  -0.00626125  0.0137408
337.231  574.37  0.0024593  -0.00182997  0.00829594
329.952  444.64  0.0170433  -1.6632e-05  0.00264436
332.903  531.778  0.00358061  -0.00232359  0.00579575
329.834  389.31  0.0236665  0.00351325  0.0170511
327.467  290.889  0.0138682  -0.00594713  0.023138
332.222  59.4461  0.00998937  0.00249974  0.00386069
333.407  426.175  0.0271351  -0.00652615  0.00942149
322.769  598.148  0.00469985  -0.00943173  0.0297174
336.059  274.961  0.0128759  -0.00733561  0.0334604
334.64  464.42  0.0335876  0.000969038  0.0290182
338.856  549.758  0.00203761  -0.000407581  0.0121621
334.553  230.536  0.00498552  8.87961e-05  0.00630809
338.553  91.7867  0.0241438  -0.0135113  0.0209389
345.884  21.1327  0.00385432  -0.0014496  0.0231201
328.022  124.303  0.00305915  -0.00232296  0.00955433
337.209  474.63  0.00527228  -0.00379579  0.00606457
339.198  674.674  0.0250952  -0.00205056  0.0496061
341.943  505.973  0.00900297  -0.0110726  0.0242893
337.933  254.948  0.013786  0.00507211  0.0174836
342.646  339.646  0.0324809  0.00123091  0.0324809
331.754  567.037  0.00465461  0.00358632  0.0098232
329.941  150.548  0.00197087  -0.00246355  0.0196424
351.307  436.026  0.0206445  -0.0219126  0.0285268
347.667  373.852  0.0119739  0.00740342  0.0246425
346.539  598.67  0.0332954  0.00298988  0.0211708
347.42  46.5  0.0290333  -0.00186721  0.0316459
346.868  89.0882  0.0191198  -0.00145534  0.0269048
347.94  386.857  0.0252166  0.00130939  0.0182147
349.205  165.25  0.016764  -0.00426061  0.031117
352.468  143.571  0.0181265  -0.0132143  0.0256635
348.693  406.717  0.0255684  0.00312191  0.0126968
354.503  456.295  0.0169977  -0.0078057  0.00625337
351.318  303.607  0.0229171  0.00165345  0.0354322
356.211  595.583  0.0177185  0.00410623  0.0031582
353.508  257.385  0.01736  -0.00267287  0.0286812
350.901  72.0988  0.0109476  0.00253044  0.00798885
355.507  179.58  0.0195235  0.0129729  0.0302147
355.194  39.2313  0.0278491  0.00517069  0.0169901
356.154  134.803  0.0239026  0.00126433  0.0233462
354.98  196.45  0.00285266  0.000771315  0.00550946
358.91  279.145  0.0226204  -0.00158099  0.0047991
356.98  385.667  0.0276096  0.000611373  0.0338931
357.745  244.571  0.0313434  0.00251867  0.0321034
361.625  663.562  0.0109317  0.011235  0.024219
358.377  320.254  0.0223659  -0.000581485  0.0212677
359.646  415.646  0.0324809  0.00123091  0.0324809
353.582  92.6273  0.0171067  -0.0195999  0.0306587
362.207  206.821  0.0140469  0.00907484  0.0215629
357.672  400.751  0.00353462  -0.00107117  0.00208328
362.646  150.646  0.0324809  0.00123091  0.0324809
362.856  488.711  0.0156518  -0.00757101  0.00959781
362.253  519.612  0.00785534  -0.00134564  0.00807819
363.349  269.119  0.0326222  -0.00176443  0.0233176
367.496  479.741  0.0123794  -0.00350508  0.00819327
365.396  540.469  0.0202929  -0.00790445  0.00935353
380.401  124.975  0.00136221  -0.000179664  0.0028667
373.943  168.835  0.00203752  -0.000110589  0.0106166
361.09  234.215  0.00917868  0.00471954  0.019334
366.533  26.8693  0.0076744  0.000983999  0.00156751
367.93  561.301  0.0116043  -0.0114815  0.0164488
367.746  545.368  0.032046  -0.00931849  0.00798816
378.334  64.8442  0.00173409  -0.00149004  0.00833106
361.164  400.549  0.00901615  -0.0042686  0.00739899
371.734  72.2426  0.0244355  0.00422882  0.00196202
369.646  267.646  0.0324809  0.00123091  0.0324809
373.679  46.3761  0.00741422  -0.000368732  0.0166239
372.281  378.733  0.0231928  0.00670561  0.0159525
367.426  439.47  0.00583048  0.000149821  0.00555067
369.845  467.885  0.00517372  -0.00637475  0.0123824
379.787  539.326  0.00995453  0.0103978  0.0231335
373.084  582.806  0.00666614  -0.00427443  0.00965078
376.646  409.646  0.0324809  0.00123091  0.0324809
377.646  96.6458  0.0324809  0.00123091  0.0324809
378.79  511.884  0.0175082  -0.0064282  0.017552
383.052  31.0801  0.0175484  0.00647684  0.00797713
384.382  298.761  0.00110879  0.000345773  0.00271211
381.708  144.298  0.00168042  -0.000332926  0.00142465
391.331  574.153  0.0130409  -0.00831891  0.0124004
374.741  58.4717  0.00690082  0.0103829  0.0217388
375.603  166.263  0.00218585  0.0022974  0.0166155
391.803  190.341  0.0136891  0.0036448  0.037408
385.206  531.72  0.00493075  0.000253446  0.00344778
381.325  111  0.0167543  -0.0182215  0.0228087
399.233  412.593  0.00179896  -0.00101528  0.00197676
394.697  667.557  0.0142951  0.00429861  0.0405918
394.675  171.614  0.0358283  0.00118523  0.0204106
396.629  25.9888  0.0327208  0.00117526  0.0374379
402.456  339.25  0.000919339  0.000370289  0.00169083
399.098  406.946  0.0263345  0.000672852  0.0271049
381.51  557.463  0.00236597  -0.000415058  0.00489413
401.848  104.822  0.0136541  0.00183854  0.00766913
405.452  218.148  0.011593  0.00614298  0.00827403
403.156  453.216  0.00123294  0.000828844  0.00264877
388.413  66.5142  0.00330624  0.00912972  0.0483925
400.477  171.929  0.0413702  0.0176481  0.0109484
405.752  663.84  0.0370619  0.00206576  0.0159556
404.797  126.831  0.0178667  0.00272452  0.00871262
402.599  280.439  0.0019778  -0.00210526  0.00882752
407.915  308.392  0.0174996  0.00185925  0.016724
406.174  537.501  0.000815128  -0.00102131  0.00782905
414.17  25.7741  0.0218979  -0.0218535  0.0242218
420.831  202.006  0.00381831  -0.00241418  0.0493929
415.594  395.623  0.0168207  -0.00371648  0.0159433
420.545  594.223  0.00106693  0.000192646  0.00581289
418.738  75.9683  0.0113381  -0.00263907  0.0105297
407.921  576.848  0.00364342  0.000906009  0.00736295
418.132  144.705  0.0234407  0.0058568  0.0236008
409.304  454.428  0.00123187  0.000325112  0.0017024
416.702  246.969  0.0133103  0.0048731  0.0380972
419.293  387.463  0.0155977  -0.00879141  0.0185602
399.961  420.711  0.0020677  0.000884653  0.00514745
420.94  344.302  0.0128726  0.00256378  0.00454436
421.82  41.55  0.0302001  0.00185107  0.0319707
427.491  103.443  0.012747  0.0114982  0.0216006
413.385  662.501  0.00853113  0.00398236  0.00561087
428.376  354.729  0.00851385  -4.68589e-05  0.0319659
432.424  263.46  0.00872175  -0.00293395  0.00720286
417.574  601.365  0.00271295  -0.00145149  0.00277845
431.814  315.609  0.00889307  0.00128272  0.000945773
429.46  574.045  0.0298569  -0.00716114  0.00934108
432.646  369.646  0.0324809  0.00123091  0.0324809
432.699  414.709  0.0318946  0.00494344  0.0284764
432.082  537.885  0.000770141  0.000426717  0.00232317
436.821  394.104  0.023579  -0.00556751  0.0198174
437.724  275.541  0.0320682  0.00268732  0.0311464
437.646  303.646  0.0324809  0.00123091  0.0324809
452.803  77.051  0.00345568  0.00258961  0.00635256
450.83  149.877  0.00280895  -0.00302614  0.0246372
438.183  349.757  0.0345578  0.00769411  0.0211758
442.538  615.845  0.00864925  -0.00232189  0.00251901
438.441  96.1654  0.0277626  -0.0107898  0.0230975
438.377  218.289  0.00167498  0.000552947  0.00218838
441.465  203.646  0.0293416  0.0011385  0.0334618
433.858  624.246  0.00112393  0.000138492  0.00236055
446.041  103.598  0.000711012  0.000197938  0.00681277
451.196  363.414  0.00243788  -0.0014192  0.00409082
445.629  501.705  0.0270501  0.00988387  0.0186561
445.786  396.495  0.0294188  0.000106308  0.029951
447.646  128.646  0.0324809  0.00123091  0.0324809
441.564  181.373  0.00264408  0.00033984  0.00203035
442.314  268.658  0.00666778  -0.00606985  0.00685565
444.837  67.2816  0.00890219  0.000457202  0.00135381
441.636  18.8456  0.0101081  0.00512926  0.00753838
456.168  195.678  0.00407946  0.000689783  0.041725
452.342  488.253  0.0134405  0.00356291  0.020676
452.298  341.868  0.0324013  0.0077586  0.020372
454.68  503.837  0.0223266  -0.00412529  0.0109168
453.586  150.822  0.0178185  -0.00933538  0.024084
455.874  292.464  0.00474592  -0.000527268  0.00102461
459.189  25.6299  0.0320218  -0.00648698  0.00336947
456.311  90.1887  0.0306159  -0.00357335  0.0278433
455.13  367.857  0.0022593  -0.00188043  0.00343725
471.38  34.0278  0.00199462  0.00228298  0.0113459
460.944  468.508  0.00598054  -0.000684917  0.0173857
450.79  54.2609  0.00409493  0.00581938  0.0310482
460.622  67.5306  0.0329861  0.000631735  0.0305452
462.646  440.646  0.0324809  0.00123091  0.0324809
464.264  341.344  0.0318201  0.00386241  0.0167941
464.732  11.9155  0.031081  0.0030712  0.0616176
461.274  100.987  0.00518985  0.00250041  0.014317
466.55  237.018  0.00466719  0.00113538  0.013035
466.724  498.69  0.0291647  0.0103234  0.00753306
467.355  50.281  0.0346027  -0.00886532  0.0169242
456.314  293.483  0.00246449  6.69074e-05  0.00513005
466.549  318.481  0.00406745  -0.00401392  0.00846444
478.218  119.945  0.00958139  0.00805175  0.0119289
462.441  384.895  0.00502636  -0.00530382  0.00775976
464.683  465.896  0.0101925  -0.0103106  0.0161972
472.607  533.387  0.00992039  -0.000893029  0.00176587
472.646  218.646  0.0324809  0.00123091  0.0324809
463.884  398.294  0.00251438  0.000796043  0.00134645
470.508  454.616  0.0223398  0.01936  0.0256741
467.761  191.337  0.0017662  0.00147124  0.00680578
481.995  28.6284  0.0101374  -0.00591585  0.00502886
482.062  101.689  0.0064448  -0.00012347  0.0152568
479.709  53.9078  0.0432613  -0.00110951  0.0102761
476.293  419.937  0.0105095  0.00487186  0.00528537
472.264  128.443  0.00617135  0.00243068  0.0031004
481.746  250.993  0.0152404  0.00219567  0.00677885
480.625  489.646  0.0317177  0.00157526  0.0325125
478.619  325.127  0.00968489  -0.00598051  0.00620608
483.426  77.6124  0.0382985  -0.00265957  0.0137316
495.195  71.2354  0.00367963  -0.000931343  0.00271822
483  345.693  0.0154513  0.00734427  0.0314508
484.304  459.028  0.0173582  -0.00667935  0.0144193
485.609  26.1034  0.0320595  0.000735552  0.0399934
486.792  683.444  0.0299136  -0.000639636  0.0577471
492.439  363.435  0.00467185  0.00197964  0.00781727
490.64  98.42  0.0335876  0.000969038  0.0290182
490.342  505.432  0.0276502  0.00893375  0.0131161
490.312  179.312  0.0251209  -0.0111741  0.0251209
500.719  291.537  0.0113277  -0.0122734  0.024082
499.868  329.961  0.0143997  -0.0108842  0.0227632
488.99  433.293  0.00652447  0.00640996  0.0143395
495.608  534.701  0.032325  0.00199255  0.0316848
496.218  222.573  0.0225687  -0.0106332  0.0287765
498.023  348.305  0.0322388  -0.00708077  0.0175013
501.646  245.646  0.0324809  0.00123091  0.0324809
500.613  380.073  0.0232346  -0.000726753  0.0252189
498.896  391.64  0.0105863  0.0130354  0.0206945
491.831  66.3829  0.00489052  -0.00114887  0.00528259
516.308  449.871  0.00193645  0.00126799  0.021103
494.173  45.8096  0.00161204  7.39776e-05  0.00289918
507.678  202.918  0.00195192  -0.00115935  0.0048047
505.143  227.419  0.0264028  0.00496661  0.0333592
493.488  448.119  0.00737118  -0.00383168  0.00460873
507.551  156.108  0.00695544  -0.00228827  0.0130735
511.955  315  0.00960273  0.00629768  0.0295297
509.058  623.563  0.0263797  0.00263255  0.0343533
513.094  57.1377  0.0179463  -0.0128134  0.0300023
504.956  518.376  0.00292017  -0.00134585  0.0060358
511.812  476.402  0.0345694  -0.00272411  0.0193283
512.646  72.6458  0.0324809  0.00123091  0.0324809
515.026  101.178  0.0183432  -0.00838625  0.0234804
515.453  492.479  0.00640824  -0.00187719  0.00912478
526.823  272.08  0.00596028  -0.0039559  0.00907598
523.684  290.083  0.0107575  0.00373723  0.00267837
519.101  22.2661  0.0377653  0.00811649  0.0201655
521.969  79.2853  0.0181312  -0.00494436  0.00553313
520.716  87.6667  0.0101711  0.00204002  0.0434319
509.148  215.708  0.00187169  0.00024962  0.00183825
520.667  449.124  0.02772  0.00172203  0.0172794
517.031  327.544  0.00692831  0.000273783  0.024281
528.218  396.721  0.00448286  0.00177671  0.00241316
524.646  311.646  0.0324809  0.00123091  0.0324809
537.201  37.2872  0.00241419  -1.98449e-05  0.00647352
530.31  11.5143  0.00397683  -0.00040322  0.0161925
533.061  121.621  0.00628798  0.00158125  0.00381944
529.367  170.207  0.000754449  0.000299212  0.00713882
538.372  348.318  0.00878457  0.00167401  0.0023061
531.693  91.5743  0.0284594  0.0015577  0.0336315
526.26  222.992  0.00139874  0.00253578  0.00866164
535.553  496.04  0.0113018  -0.00360168  0.0138661
536.987  69.7325  0.00438241  0.00114366  0.002759
535.766  479.183  0.00129471  -0.000811448  0.0130953
534.839  117.161  0.0157878  -0.00877515  0.011574
538.131  31.1717  0.0115128  -0.0115511  0.016735
539.333  361.833  0.0287281  0.00417088  0.0321584
547.233  190.967  0.00372843  -0.00100234  0.0108485
537.413  394.654  0.0237591  0.00912035  0.00595317
551.508  28.037  0.00531463  0.00300483  0.00429764
557.948  610.125  0.0022309  0.00297198  0.00752947
549.646  55.6458  0.0324809  0.00123091  0.0324809
551.646  105.646  0.0324809  0.00123091  0.0324809
551.248  141.893  0.0108398  -0.00262123  0.0361005
552.632  500.79  0.00331814  6.4612e-05  0.00214299
553.616  685.425  0.0274468  0.000919296  0.0604942
572.847  66.4526  0.00181453  -0.00364446  0.0271948
553.642  99.525  0.0184527  -0.00522684  0.0340919
555.767  185.571  0.0296114  -0.0116491  0.0195026
561.42  554.197  0.00513939  -0.00149874  0.00268017
558.963  82.237  0.0132699  0.00454178  0.0376733
542.502  426.256  0.0028967  0.00166187  0.00487245
557.268  348.346  0.0251358  -0.0108959  0.025601
554.707  335.073  0.0105443  0.00744831  0.0185893
561.93  303.01  0.0130203  -0.0124714  0.0272723
563.641  40.882  0.00464461  -0.00349345  0.00383579
565.629  259.564  0.0226949  -0.00593116  0.00458363
568.953  10.5412  0.0195707  0.0119446  0.0654924
570.104  154.729  0.0147158  0.000436096  0.0288952
564.171  210.549  0.00475079  0.00256277  0.00324095
585.349  194.916  0.00332532  -0.00341864  0.0233814
585.591  345.701  0.00561746  0.00474055  0.0103846
576.187  502.007  0.0166185  -0.00407474  0.00857058
572.681  636.9  0.00500629  0.000836645  0.00409568
576  113.659  0.0347156  -0.00552168  0.0154179
576.453  181.116  0.0198655  0.00611822  0.00932034
578.016  215.32  0.018013  0.00963829  0.0353991
579.646  257.646  0.0324809  0.00123091  0.0324809
575.361  519.918  0.000694093  0.000472057  0.00260676
580.956  675.227  0.00104878  0.000144469  0.00264544
576.646  24.7677  0.0143723  0.0128854  0.024195
588.81  234.025  0.00724167  0.00102186  0.00122131
584.135  97.7235  0.0115344  -0.000688797  0.00489051
588.858  262.009  0.00897773  2.26644e-05  0.00785683
591.74  493.24  0.0181975  -0.003579  0.0219968
587.91  137.563  0.00523653  0.000817858  0.00276326
593.929  102.591  0.0179186  0.00789714  0.03171
593.786  600.265  0.0192468  0.00721931  0.0359169
586.809  341.145  0.00602446  -0.00547768  0.0234399
594.907  472.079  0.0326003  0.000282824  0.0144764
597.42  161.631  0.0104842  0.0065101  0.00584411
597.732  518.784  0.00347546  0.000398942  0.00279628
598.81  280.455  0.0212306  0.00408295  0.030384
599.728  82.888  0.0292637  -0.0025728  0.0164648
604.534  321.008  0.00406844  -0.000762377  0.0132174
596.371  19.6949  0.00755342  -0.00239128  0.0136415
604.066  671.274  0.00190871  1.81855e-05  0.00147045
599.804  452.397  0.0108256  0.00231376  0.022395
604.547  307.613  0.0248497  0.00122645  0.0348767
606.451  612.219  0.00337461  0.00418396  0.0481229
606.403  435.097  0.0125122  -0.0124138  0.02226
604.659  495.317  0.0255393  0.00599323  0.0233836
596.047  155.228  0.00560968  0.00379107  0.00402972
607.941  26.4752  0.0258045  0.00514243  0.0379839
611.912  56.6423  0.00776801  0.00512101  0.0191461
595.238  217.563  0.00366008  -0.00195477  0.00710026
623.908  461.053  0.00407606  0.00929651  0.0308956
603.068  173.558  0.0111091  0.00795459  0.00934356
607.067  146.536  0.0120193  0.00481378  0.00438708
611.281  537.614  0.0340331  0.00492209  0.020853
599.125  109.779  0.00240066  0.00196421  0.0048261
616.153  349.153  0.0175077  0.0159469  0.0342667
618.646  63.6458  0.0324809  0.00123091  0.0324809
623.691  228.631  0.00274264  0.0020748  0.00362788
620.641  538.42  0.0168394  -8.47557e-05  0.00322999
622.264  253.72  0.0288185  0.00098997  0.0192861
630.938  263.014  0.00450044  -0.00722655  0.0426875
635.196  518.337  0.00444072  -0.00294444  0.00579664
610.438  611.054  0.00205263  0.00313695  0.0413549
628.9  628.684  0.0014598  0.000153105  0.00235686
635.095  456.112  0.00380443  -0.00244259  0.0139173
637.691  25.7265  0.00633744  0.00435958  0.0121946
635.958  180.662  0.00146977  0.000317174  0.00184487
635.156  196.639  0.0248491  0.00244925  0.0237006
641.328  91.7465  0.00518127  0.00123508  0.00381487
640.643  585.834  0.00155736  -0.000978069  0.00923028
631.698  625.168  0.00634278  -0.00263226  0.0035319
639.573  331.707  0.0178989  -0.00254608  0.02168
637.714  309.551  0.0218171  0.00334009  0.00846603
634.459  573.984  0.0062207  -0.00024205  0.0012643
647.527  230.678  0.00445873  -0.00350814  0.00492898
646.684  264.165  0.0342155  -0.00480489  0.00997824
648.991  29.3717  0.032498  -0.00336503  0.0224466
650.796  510.066  0.0286822  0.00338734  0.0136117
651.282  100.364  0.0270158  -0.0030111  0.0280168
652.903  457.642  0.0310692  -0.0112813  0.0187455
645.447  63.6965  0.00278573  -0.000859475  0.00449595
653.646  250.646  0.0324809  0.00123091  0.0324809
668.087  148.441  0.00625274  0.00638206  0.0114272
657.482  667.712  0.000956099  0.00032066  0.00188676
649.494  515.343  0.00150624  0.00440575  0.0198691
660.132  283.199  0.00440744  -0.00305101  0.0184013
666.578  194.253  0.00707242  0.00309521  0.00581081
660.86  316.56  0.0296485  0.0028053  0.0330463
665.462  145.418  0.00649927  0.00293262  0.00334979
660.673  115.505  0.00230529  -0.00039955  0.0108683
675.119  645.074  0.00095801  0.00180323  0.0343634
676.04  628.9  0.00224117  0.000218942  0.00242118
669.105  612.921  0.0135426  0.0117722  0.0200836
671.935  28.087  0.0269546  0.000644947  0.0408459
671.611  498.648  0.0332446  -0.0109927  0.0133403
684.206  568.117  0.00322963  0.000808436  0.00305289
685.499  514.147  0.00361087  -9.86936e-05  0.00272254
681.024  433.576  0.00611531  0.000424702  0.0438983
675.24  47.2847  0.00419439  0.00119159  0.00171645
681.475  171.245  0.00886052  -0.00250038  0.00538446
661.566  17.2235  0.0027165  -0.000357351  0.00454342
678.85  298.76  0.0297671  -0.00101238  0.032241
678.451  324.955  0.033884  0.0118439  0.0157588
683.878  600.454  0.00187853  -0.0024476  0.0150089
681.646  395.646  0.0324809  0.00123091  0.0324809
682.951  678.835  0.0149867  0.000538781  0.0585163
691.116  626.284  0.00303956  0.00327693  0.0279915
686  130.981  0.0286647  -0.00443941  0.0291733
688.795  146.944  0.0166198  0.0111334  0.0135712
686.646  329.646  0.0324809  0.00123091  0.0324809
692.977  462.025  0.0247983  0.0052599  0.00230613
683.103  547.686  0.00825085  0.00100103  0.000849042
701.915  514.878  0.00197722  -0.00115781  0.0157143
681.156  565.39  0.00451785  -0.0010856  0.00408075
688.204  644.098  0.00135872  0.00245304  0.0286096
708.515  189.983  0.00238028  -0.00110431  0.00584952
694.417  344.083  0.0296773  0.00150041  0.0280769
700.064  389.153  0.00130562  0.000492092  0.0039314
699.382  542.499  0.0143259  0.00147911  0.0013452
695.684  435.51  0.0329652  0.00229749  0.0300203
700.524  461.803  0.00149051  0.000408131  0.0020232
697.732  500.685  0.0271389  0.00406916  0.0199063
697.093  556.396  0.0199742  0.00387166  0.00503382
700.935  339.491  0.0117857  0.000113246  0.00164223
718.65  142.447  0.00330329  -0.00361999  0.00864016
703.633  20.5063  0.0314643  0.00127155  0.0489682
712.629  233.557  0.00928722  0.00872612  0.0127373
698.322  524.571  0.00926485  0.00272059  0.00677785
699.341  595.275  0.00244828  -0.00277858  0.0128763
707.646  318.646  0.0324809  0.00123091  0.0324809
706.796  59.5293  0.00902432  0.00121249  0.00516352
701.997  459.57  0.00271273  0.000517505  0.00178515
711.407  502.388  0.0183967  0.00191121  0.0018072
718.791  54.5404  0.0245296  -0.00817622  0.00416507
718.095  220.914  0.00785459  0.000263359  0.0227233
715.274  399.185  0.0174234  -0.00632402  0.03384
715.363  658.524  0.0159275  0.00227308  0.0389331
724.218  155.101  0.00463336  0.00166982  0.00215548
710.647  548.709  0.0099572  -8.09945e-05  0.00124798
715.864  579.098  0.0142844  -0.00579574  0.0368805
720.335  138.603  0.0121679  0.0119878  0.0259961
712.011  196.389  0.00649305  -0.00168521  0.00127913
712.728  623.146  0.00417701  -0.00329241  0.00601983
716.11  415.095  0.00128907  -0.00106125  0.00835742
722.17  474.766  0.0140749  -0.00635192  0.0170756
723.402  338.247  0.000728676  -0.00197592  0.022005
723.936  510.973  0.0284962  0.00781215  0.00524303
724.782  543.792  0.0247748  0.0054376  0.00548496
727.85  88.66  0.0227621  0.00701453  0.0112083
729.958  284.244  0.0194396  0.00627675  0.0335437
739.34  635.733  0.0036207  0.00400335  0.0427718
738.238  210.971  0.0146159  0.00358217  0.0119346
737.93  152.587  0.0422595  0.00339994  0.00536023
739.177  227.928  0.0137374  -0.000498888  0.0135658
735.282  470.015  0.0162796  -0.000788528  0.00542085
738.243  364.496  0.0346053  -0.00560986  0.0196178
738.029  420.798  0.0149356  -0.001948  0.0158795
741.31  546.126  0.00249554  -0.000411342  0.00266767
741.723  689.514  0.000732736  0.000619172  0.0241389
748.229  142.793  0.00124926  -0.000677467  0.00674456
743.364  607.632  0.0038378  3.43095e-05  0.00147238
754.582  678.912  0.00192503  -0.00213755  0.0891655
746.85  537.555  0.0306724  0.000441159  0.00754851
747.646  426.646  0.0324809  0.00123091  0.0324809
740.736  94.0273  0.00262592  0.000718491  0.00470298
742.009  108.802  0.0070714  -0.0103932  0.020841
746.814  517.972  0.0184658  0.00599432  0.0173594
749.588  610.183  0.00237815  7.10233e-06  0.00112532
760.574  648.358  0.00148572  -0.000800871  0.00820061
757.393  326.651  0.00342039  -0.00545669  0.0181314
761.238  355.932  0.00152318  -0.00142058  0.00501289
748.863  488.595  0.01511  0.0163044  0.0366526
751.154  560.925  0.015262  0.0055183  0.012715
752.998  63.3071  0.00550277  0.00619729  0.00940822
748.269  297.451  0.00122253  -0.000422696  0.00297918
744.227  403.496  0.00266259  0.00223925  0.00855994
761.669  114.04  0.0283312  -0.0103851  0.0229804
755.011  207.44  0.00596063  -0.00233087  0.00363711
762.136  428.606  0.0138438  -0.0112949  0.0364091
767.001  257.775  0.00539129  -0.000800864  0.00202566
764.784  458.56  0.0195546  -2.61755e-05  0.00535329
763.911  531.706  0.00393364  -0.000682492  0.00238919
765.646  601.646  0.0324809  0.00123091  0.0324809
767.877  185.812  0.0231912  -0.0115569  0.0205467
771.308  85.0602  0.0232035  -0.0113204  0.026494
770.269  248.196  0.00223851  0.00113234  0.00351454
774.142  333.243  0.00280906  -0.00418892  0.0105756
761.419  357.198  0.00403451  0.00294792  0.0109912
771.952  573.636  0.00906985  0.00242267  0.00920385
771.077  678.581  0.0289243  -0.00215079  0.0231105
771.558  429.275  0.036434  -0.00038253  0.017926
774.646  193.646  0.0324809  0.00123091  0.0324809
771.355  218.785  0.0161594  0.00177331  0.00328854
774.446  495.943  0.0292536  0.00223368  0.0110296
777.646  43.6458  0.0324809  0.00123091  0.0324809
781.043  33.7622  0.0119934  0.0095593  0.0248283
781.381  293.794  0.00795193  0.002085  0.0029994
779.663  86.5306  0.033102  0.00154658  0.0306053
786.76  636.596  0.00264129  0.000354706  0.0485103
771.89  20.9615  0.00323317  0.000280685  0.00577017
774.682  281.636  0.00481045  -0.00124442  0.00111321
791.685  135.534  0.00195312  -0.00236415  0.0181905
785.303  348.387  0.0204791  0.0100998  0.033201
785.212  393.928  0.0144359  0.00475983  0.00332633
783.717  465.737  0.00573461  0.00365899  0.00784956
789.684  365.6  0.0326988  0.000544375  0.0329586
788.483  577  0.00366975  -0.0013663  0.00312237
788.238  612.714  0.00578431  0.000491059  0.00110723
791.465  69.6768  0.0294025  0.00182393  0.0333946
789.156  242.52  0.00339145  -0.000307919  0.00230149
792.392  304.919  0.010048  0.00106293  0.0197014
797.417  408.764  0.00148227  -0.000431453  0.0026879
802.511  410.414  0.00234368  -0.000656084  0.00133739
792.936  31.5413  0.0335881  -0.00296501  0.0232175
797.315  99.2923  0.002227  0.000779411  0.00705834
797.513  637.038  0.00798148  -0.0034921  0.0428515
795.862  458.509  0.0184426  0.00288066  0.0370203
796.755  64.7245  0.0307819  -0.000495501  0.0318443
803.025  149.844  0.00403028  -0.000950397  0.029103
799.43  114.56  0.0293352  -0.000573903  0.0327921
806.026  135.218  0.00406754  0.00285126  0.0239244
800.475  571.677  0.0298192  0.00178711  0.0332105
809.746  156.077  0.00411718  0.000104954  0.0022713
801.572  403.971  0.0016229  -0.000196865  0.0039965
805.708  529.555  0.000995074  4.07129e-05  0.00472538
811.732  128.579  0.00349048  0.0010308  0.00259261
808.77  401.421  0.0102692  -0.0017493  0.00310705
807.607  63.7556  0.0203129  -0.00630583  0.0199582
816.487  280.951  0.002135  -0.000378997  0.00235595
807.373  42.9822  0.0187535  -0.0107269  0.0159913
810.077  230.121  0.0110637  -0.00249384  0.0159092
817.202  348.93  0.00154574  0.000399718  0.00175923
813.111  242.111  0.028271  -0.00603654  0.028271
814.892  104.784  0.0149523  -0.00881173  0.0224576
817.488  47.6928  0.0170893  0.00418612  0.0147793
827.419  262.858  0.015241  -0.00884831  0.00770532
821.162  167.798  0.0266962  0.00209997  0.0116072
828.258  193.394  0.0013939  -0.000605124  0.00331087
829.779  561.426  0.00347266  0.000422048  0.0249684
827.522  56.9254  0.00909655  0.000969916  0.00488834
828.741  196.649  0.00425252  -0.00301144  0.00467546
838.568  228.714  0.0029317  -0.00229827  0.00863838
823.168  435.606  0.0116725  -0.00945497  0.0365552
826.475  178.375  0.0195628  0.00794879  0.032296
828.361  582.741  0.0226641  -0.00103785  0.0352615
826.497  40.8366  0.0147757  0.00398226  0.0273997
825.302  522.311  0.00222444  0.000224064  0.00250546
836.139  148.285  0.00184724  0.000158307  0.0238033
825.591  239.33  0.00601031  -0.00538856  0.00764012
817.608  292.335  0.00196977  0.00128051  0.00506631
838.317  622.269  0.0234635  -0.00460953  0.00817518
843.157  198.925  0.00414093  -0.00707641  0.0146406
840.646  87.6458  0.0324809  0.00123091  0.0324809
836.743  113.228  0.0414179  0.0163797  0.00907147
843.977  192.637  0.00467152  -0.000794015  0.0017639
838.078  129.839  0.011235  0.00172099  0.0207605
834.634  37.5497  0.00522359  0.0109151  0.0498883
843.168  369.864  0.00532014  0.00104962  0.00286652
838.955  402.467  0.00402816  1.21382e-05  0.00176662
834.26  664.543  0.00248401  -0.000733858  0.00114855
850.664  279.656  0.0215892  0.00552281  0.0232237
840.528  396.899  0.0089993  -0.00519226  0.00551481
849.574  635.361  0.00948507  0.00547063  0.0393105
855.246  204.849  0.00270689  -0.00307689  0.00806802
855.28  267.087  0.00734863  -0.00454898  0.00691757
851.415  163.906  0.0084705  0.00272707  0.00403235
855.214  232.249  0.0437102  0.00443446  0.00501004
857.095  401.611  0.0207001  -0.00836826  0.0297661
855.083  358.693  0.00276973  0.000357835  0.00437015
857.646  33.6458  0.0324809  0.00123091  0.0324809
857.646  123.646  0.0324809  0.00123091  0.0324809
857.614  441.738  0.0125138  0.00972006  0.0219741
860.385  109.038  0.0185289  -0.0033347  0.0308945
858.475  295.596  0.0297231  4.00397e-05  0.0330072
860.876  147.017  0.0385838  0.00373295  0.0151608
863.707  14.7067  0.0312144  0.00284129  0.0545205
861.034  278.562  0.0161341  0.00255486  0.00449124
864.646  90.6458  0.0324809  0.00123091  0.0324809
861.122  307.863  0.00796733  0.00307955  0.00472066
860.963  167.631  0.00437307  -0.00320142  0.00549304
868.644  388.706  0.0147732  -0.0030395  0.0200693
859.653  62.3174  0.00528366  -0.00102555  0.00763242
870.728  126.42  0.017135  -0.000591099  0.013352
871.64  206.029  0.0145328  -0.00204305  0.033198
868.655  172.943  0.0183025  0.00556887  0.00772284
877.189  221.843  0.0137013  -0.00364562  0.0183152
877.533  13.3007  0.0130112  -0.00447661  0.00726955
880.323  243.622  0.00400388  -0.00174867  0.00293349
868.408  315.967  0.0125059  -0.00743383  0.00701052
879.124  591.876  0.00180299  -0.00163639  0.0091246
882.981  183.871  0.00827817  0.000350365  0.00496681
872.874  307.362  0.00836635  0.00312914  0.00343141
880.77  386.168  0.0247204  0.00795429  0.0314507
881.615  655.505  0.0286371  0.00464648  0.0280791
890.942  339.571  0.00333067  0.00461646  0.0238771
883.765  612.663  0.0303545  0.000766952  0.0330432
886.817  661.25  0.021344  0.0043015  0.0295888
889.296  451.419  0.00976895  0.00413325  0.0205492
891.403  93.0262  0.00292027  -0.00229266  0.0375712
909.39  79.1028  0.00235158  -0.00270056  0.012951
890.646  85.6458  0.0324809  0.00123091  0.0324809
887.918  439.048  0.00687339  -0.00113616  0.0293015
889.676  13.3382  0.0166998  -0.0159869  0.027311
906.105  208.852  0.00242672  -0.00119982  0.00306841
884.894  243.101  0.00374469  -0.000119579  0.00335039
891.524  112.035  0.0311556  -0.0114713  0.00619193
897.646  268.646  0.0324809  0.00123091  0.0324809
883.131  16.9402  0.0052505  -0.0104381  0.0307914
895.105  185.555  0.0143415  0.00958878  0.00906451
900.837  544.588  0.040099  -0.00660541  0.00481477
898.714  497.283  0.00872721  0.00191698  0.00769229
901.507  584.55  0.00706112  0.000352524  0.00218107
889.944  189.746  0.00294843  -0.000132207  0.00122917
906.134  101.17  0.0226798  -0.0077799  0.0120545
899.556  376.956  0.00390516  0.00383057  0.0111108
907.659  28.0568  0.031603  0.00170751  0.0393278
907.19  126.49  0.0390849  -0.00782222  0.00824399
906.543  629.379  0.0292804  0.00215837  0.00301284
907.887  635.755  0.026154  0.00307842  0.0325373
909.375  188.315  0.0387991  -0.00838989  0.00747592
910.955  387.153  0.0238092  -0.00442739  0.00744863
903.178  501.324  0.00678216  -0.00588098  0.0105281
914.721  570.681  0.0314463  0.0015254  0.00165808
909.188  341.371  0.00185182  -0.00168459  0.00837566
913.552  60.4536  0.0216435  -0.00452968  0.00998288
916.233  430.253  0.0269117  -0.0089267  0.0182773
918.646  243.646  0.0324809  0.00123091  0.0324809
920.675  677.688  0.0313496  0.00148141  0.0511962
921.646  502.646  0.0324809  0.00123091  0.0324809
922.856  207.656  0.0319605  -0.00568006  0.0194112
930.095  565.166  0.00268175  -0.00114249  0.0267762
930.262  252.431  0.00370609  0.00269957  0.0139443
925.649  12.7568  0.0306212  0.00141501  0.0558519
925.598  611.608  0.0318597  0.000477119  0.0322068
932.761  485.025  0.00525862  -0.000698507  0.00530663
931.311  83.0286  0.012698  0.0016495  0.00711098
940.257  398.979  0.00303705  -0.000500284  0.00158268
933.116  434.502  0.0103527  -0.007698  0.0158399
945.549  610.494  0.0020406  -0.00221805  0.00724051
933.268  363.58  0.0225938  0.0016963  0.0338105
932.646  580.646  0.0324809  0.00123091  0.0324809
936.676  56.4163  0.0114022  0.000655829  0.0126742
938.321  310.381  0.0143648  0.000321534  0.0087688
936.415  129.054  0.0130405  0.00997677  0.0137944
923.904  99.9407  0.0037717  0.00288639  0.00761118
940.075  145.917  0.0298503  0.00208156  0.017426
940.646  477.646  0.0324809  0.00123091  0.0324809
939.475  275.729  0.00294815  -0.000480581  0.00181221
939.989  402.983  0.010433  -0.00291118  0.00234603
941.776  173.28  0.02381  -0.00820295  0.0270283
943.646  81.6458  0.0324809  0.00123091  0.0324809
938.801  568.275  0.00191865  -0.0023586  0.00840762
944.321  628.294  0.0254661  0.0060783  0.0326791
939.315  218.338  0.0385347  0.0230672  0.0166638
945.684  186.6  0.0326988  0.000544375  0.0329586
948.121  429.565  0.00869184  -0.00568935  0.0236973
952.826  678.716  0.00455959  -0.00303655  0.0448671
933.72  685.695  0.00343451  0.00156785  0.0173553
947.045  440.4  0.0318576  -0.00520884  0.0241489
945.632  258.007  0.016079  -0.00438258  0.0323588
950.379  445.034  0.00366086  -0.00501342  0.00879107
945.62  458.101  0.00117892  0.000217761  0.0012343
957.479  525.493  0.00124721  -0.000322216  0.00137666
937.459  537.873  0.0106233  -0.00947399  0.0122416
953.892  656.207  0.00315289  0.00138893  0.00367016
960.257  133.388  0.00288613  0.00201114  0.00531947
955.263  244.544  0.0062721  -0.00480499  0.00593248
950.507  155.98  0.0259195  0.000475858  0.00668602
950.42  287.64  0.0290182  0.000969038  0.0335876
952.597  107.269  0.0184653  0.00547089  0.00885467
956.638  611.546  0.00961858  -0.00715689  0.0197709
952.697  119.576  0.0300173  0.00227947  0.0327311
949.714  374.189  0.0111798  -0.00184484  0.0128727
955.07  60.4386  0.0305522  0.00661358  0.025023
955.649  519.588  0.0328184  0.00127702  0.0314818
960.815  299.512  0.00353947  0.00242799  0.00334714
957.326  329.192  0.0136018  -6.34381e-05  0.00828872
959.589  178.642  0.0334612  0.00135494  0.0321568
961.285  385.625  0.00750069  -0.000393743  0.00512801
968.336  551.603  0.00372949  -0.000232851  0.00297809
964.345  635.699  0.0194861  0.00496491  0.0366762
962.506  646.524  0.00412243  0.00247662  0.0113613
963.796  656.664  0.0290176  -0.00947445  0.0241878
963.33  154.588  0.0143162  -0.00210188  0.00331659
965.906  381.707  0.0117546  0.00305203  0.00287988
968.503  219.314  0.0301491  0.00155059  0.0076273
971.597  661.682  0.00740539  -0.00041184  0.001769
976.432  30.9603  0.00972482  -0.00424364  0.00492924
973.217  111.419  0.0170974  -0.00424734  0.00811827
970.396  278.973  0.0425854  -0.00232643  0.0169359
974.75  432.132  0.00712489  -0.00418994  0.0421561
970.006  449.885  0.0163712  0.00371711  0.0153085
974.14  252.698  0.0408614  0.000619492  0.0314357
968.972  316.198  0.00900614  0.00513134  0.0170858
968.709  483.654  0.00474951  -0.000549018  0.0025863
968.942  187.495  0.00317374  -0.0018582  0.00532824
979.748  39.412  0.0138609  0.0012409  0.0101198
969.788  356.492  0.00714563  -0.00653386  0.0201019
984.744  152.038  0.00792242  6.33424e-05  0.0048791
978.5  383.837  0.0488062  -0.00523665  0.0230986
980.825  174.75  0.0479006  0.00025753  0.0307234
978.475  596.552  0.0159339  -0.00775988  0.0197192
980.51  457.503  0.0429386  -0.00743469  0.00999036
983.626  401.719  0.0260271  0.000945582  0.013524
979.213  74.5089  0.00275229  0.000457377  0.00276281
983.343  278.771  0.0612385  -0.000151552  0.0291504
983.265  294.566  0.0106293  0.000699947  0.0390636
984.962  27.1625  0.0375562  -0.00780986  0.0403172
987.273  92.5312  0.0291145  0.000325717  0.0125238
986.304  431.696  0.0619812  0.00146731  0.0324225
987.347  551.531  0.0516673  -0.000113749  0.00739668
24.5155  437.409  0.00271816  0.00207685  0.00724417
20.3219  397.212  0.0129956  0.00344722  0.00661999
17.4953  220.932  0.00402953  -0.00160357  0.00605433
28.0072  154.571  0.00189777  -0.000339945  0.00140858
26.1346  42.3513  0.0244068  0.0015893  0.0193011
41.8898  191.74  0.000939737  4.10303e-06  0.00178737
31.8358  379.335  0.0126801  -0.00102191  0.0139319
44.8119  134.26  0.000928578  0.000279958  0.000826945
26.3574  330.119  0.00195577  8.44156e-05  0.00158449
32.3461  238.25  0.0107766  -0.00850608  0.0141893
33.5211  326.085  0.00171783  0.000253203  0.00146726
38.4906  405.234  0.0227254  -0.000812123  0.00487722
40.9439  101.841  0.0180001  -0.0064132  0.0102389
36.401  354.51  0.0107966  -0.00447845  0.00834905
40.8609  469.884  0.0194508  0.000427254  0.0157844
31.0258  223.208  0.00671249  -0.00865916  0.0134633
43.9616  459.754  0.0181901  0.00135058  0.0146361
40.5822  140.729  0.00227181  0.000268125  0.00115112
61.1732  38.9104  0.00445512  -0.00188077  0.00171723
55.3845  349.191  0.011912  0.00867056  0.0126575
59.5836  215.922  0.0171696  0.0051312  0.00608272
73.8685  291.728  0.0112869  0.00352091  0.00901914
74.4832  254.992  0.00762735  -0.00274451  0.00436546
74.1533  100.914  0.0180953  0.00046606  0.00732396
77.272  222.849  0.000887154  0.000568382  0.00257227
77.9254  347.945  0.00697027  0.00306847  0.00338796
85.5703  534.703  0.001142  -0.000180235  0.00483296
77.4648  114.557  0.00660776  -0.00217707  0.0161775
85.0055  315.074  0.00677735  -0.000532571  0.0108724
86.281  400.9  0.00807336  -0.00175558  0.0097989
88.1258  73.3217  0.00733241  0.0004711  0.0145204
92.9233  275.219  0.00240361  0.00103456  0.00181167
96.1285  366.62  0.00184597  -0.000164856  0.0118114
82.6433  219.561  0.00321592  -0.00397975  0.00976714
83.3558  451.131  0.00220066  -0.00102151  0.00262514
94.4172  524.194  0.00740332  -0.00295209  0.00347452
89.5095  304.368  0.00192892  -0.0014839  0.00399788
105.725  321.541  0.011571  0.00744076  0.00596343
77.5649  164.417  0.00116222  0.000205921  0.00223829
105.473  188.817  0.00985954  0.00425361  0.002879
102.618  351.041  0.00653504  0.00219743  0.0137594
103.369  113.207  0.00995141  -0.00391906  0.0138382
106.288  126.305  0.0148218  0.000919443  0.0168342
108.263  495.235  0.014539  -0.00347334  0.0122316
110.241  36.9572  0.0133785  0.000403722  0.0172099
106.314  391.055  0.00614329  0.00340498  0.0101394
111.043  461.386  0.0183518  0.00209743  0.00995742
111.131  317.521  0.0073298  -0.00158712  0.00953635
128.306  157.001  0.00520262  -1.94931e-05  0.00839814
127.669  136.58  0.0179369  0.000445245  0.0115274
127.078  244.196  0.00342515  -0.00146164  0.00162664
134.075  393.674  0.00161977  -0.000434771  0.000794492
154.014  446.052  0.00120179  -0.00180079  0.0167043
142.28  385.419  0.000620892  5.24729e-06  0.00102367
158.616  198.579  0.00487533  -0.00497906  0.00708994
139.75  235.316  0.015192  -0.00253674  0.0136198
143.865  493.358  0.00122153  -0.00112638  0.00212515
140.703  53.9475  0.0132845  0.00517755  0.0144492
152.157  100.815  0.00154635  0.00363861  0.0221306
149.081  589.286  0.00150469  -0.00089091  0.00100694
140.883  630.877  0.000634161  -0.000245317  0.00124797
160.637  264.517  0.00137875  -0.000827555  0.00809477
131.235  565.551  0.00194882  -0.000300573  0.000737836
151.445  352.591  0.00068452  -5.22665e-05  0.00122093
151.032  300.051  0.000712255  -0.000212543  0.0021686
156.571  220.862  0.01623  0.00752862  0.0100543
160.065  171.332  0.0163736  0.000620499  0.0163736
147.014  368.15  0.000992222  0.000472672  0.000822937
186.102  157.307  0.00175751  -0.00077777  0.00374582
196.001  497.937  0.00171303  -0.000334691  0.0102207
193.265  595.141  0.00121793  0.000188384  0.00412785
182.6  262.881  0.0163736  0.000620499  0.0163736
187.211  328.682  0.00702671  -0.00451308  0.0124858
190.382  97.8324  0.00801653  0.00279119  0.00364522
204.423  424.699  0.00225978  -0.0021257  0.00489837
186.179  44.6948  0.00169143  -0.00180401  0.00337373
199.256  192.013  0.00556212  0.00220284  0.00810157
191.444  475.769  0.00842475  0.00394613  0.0146611
197.397  378.193  0.00553165  0.00162472  0.00161164
197.183  37.6874  0.0153899  0.00599872  0.00956379
200.915  72.6586  0.0165438  0.000643747  0.01587
194.836  383.989  0.00949983  0.00589272  0.00583621
209.104  561.72  0.00219977  0.000725408  0.0211931
204.74  256.177  0.00314367  -0.000234394  0.00141432
203.166  525.642  0.00701171  -0.00233458  0.00195164
214.24  133.017  0.0052053  0.00287699  0.0110955
218.174  489.531  0.0170415  0.00527301  0.00486702
219.218  432.248  0.00457153  0.000221408  0.00312667
218.839  58.8169  0.00960277  -0.00448107  0.0158757
226.993  232.169  0.0108473  0.00285818  0.00528729
202.133  598.297  0.00137062  -0.00150972  0.00316463
217.059  123.167  0.00647972  0.00309621  0.00303685
199.591  593.292  0.00073036  0.000276497  0.00760948
228.032  197.171  0.0135729  -0.00327546  0.0140132
229.972  572.63  0.00855516  -0.00246351  0.00187582
237.711  46.0994  0.00386365  -0.00442743  0.00775125
242.457  511.332  0.00969213  0.00508143  0.00349282
248.789  206.734  0.00212747  3.40466e-05  0.00159642
231.532  67.6026  0.00241236  0.000926038  0.00245401
242.456  554.885  0.00473123  0.000706813  0.00795135
240.585  476.925  0.0135148  0.0061456  0.0098591
244.131  524.239  0.0154059  -0.00188556  0.0139948
259.304  633.871  0.00127156  -0.000525918  0.00391069
256.952  92.4883  0.00437661  -0.00337559  0.0122281
247.492  240.912  0.00791026  -0.00290722  0.00274315
274.203  577.777  0.00116144  -0.000134683  0.00320795
252.471  200.606  0.0127061  0.00160412  0.00199926
260.491  298.307  0.00309309  -0.000642603  0.00122043
271.079  147.274  0.000802659  9.1615e-05  0.0266859
257.328  440.345  0.0163903  0.00453167  0.00848852
265.106  469.692  0.00208209  -0.00118057  0.0079003
265.132  77.8341  0.00352803  0.000186251  0.00962413
270.004  176.116  0.00200929  -0.00144335  0.0245941
258.595  625.135  0.00109746  0.0010673  0.00294058
267.188  288.668  0.001442  0.000939613  0.00157815
277.052  524.897  0.0156019  -0.000505041  0.0157763
279.007  24.715  0.015092  -0.00430425  0.0178512
280.363  200.245  0.00812561  -0.00319679  0.0143751
257.428  575.421  0.0018331  0.00183093  0.0048539
262.53  316.961  0.000792855  -0.000242426  0.00160546
281.191  310.769  0.0163736  0.000620499  0.0163736
278.564  492.984  0.01639  -0.00933621  0.00834029
287.999  550.285  0.00439347  0.0015896  0.00909276
280.159  128.61  0.00886486  -0.00528377  0.00971677
285.236  217.731  0.0205459  0.000850789  0.00484542
284.025  463.077  0.0105866  0.00119427  0.00110907
287.61  605.405  0.00904967  -0.00504375  0.0167666
290.291  156.368  0.00679921  -0.00379705  0.017348
296.124  364.926  0.0139532  0.00244692  0.00126404
295.074  476.203  0.0151537  0.000835691  0.00397697
296.331  405.211  0.00105839  8.34966e-05  0.00438379
297.316  77.1148  0.00863785  -0.00292919  0.00818002
288.139  101.376  0.00345241  0.00347183  0.00660104
304.746  272.275  0.0130224  0.00291346  0.0147539
299.779  112.082  0.00779339  -0.00586702  0.00693818
327.369  52.1581  0.00175162  -0.00380692  0.0182004
304.568  589.273  0.00228542  -0.00198994  0.00299647
316.292  35.8905  0.00555947  -0.00300413  0.00627113
306.921  60.8136  0.00492671  0.00116686  0.00942145
313.157  164.365  0.0175142  -0.000321848  0.00873464
327.249  231.239  0.00144558  0.00174057  0.022773
324.352  464.679  0.00127349  0.0012005  0.00401298
324.777  516.825  0.00629618  0.00794562  0.01897
317.152  405.466  0.00500747  0.00161001  0.00720079
331.655  533.548  0.00377373  -0.00040848  0.00340496
343.662  578.332  0.00248298  -0.00270883  0.00719746
324.308  385.418  0.00854676  -0.00689888  0.0134026
327.77  448.205  0.013986  0.0010357  0.00159556
344.058  71.9042  0.00362885  -0.00243536  0.00287042
324.287  597.609  0.00583977  -0.00742557  0.0156416
334.008  273.816  0.0132234  -0.000480809  0.0138444
332.886  423.173  0.0134947  -0.00233454  0.0156837
335.099  89.5426  0.0108831  -0.00161471  0.0161048
350.328  27.8095  0.00472702  -0.00260074  0.00486307
324.38  119.873  0.00372903  -0.00308856  0.00624111
314.716  223.205  0.00132598  -0.00194583  0.00742077
337.122  673.936  0.00835162  0.00256621  0.0340388
329.965  471.532  0.0041725  -0.00501493  0.008701
340.66  510.072  0.0038107  0.000548108  0.00932445
332.019  151.193  0.00167675  -0.00162605  0.0129842
345.98  45.98  0.0163736  0.000620499  0.0163736
348.778  450.749  0.0109281  -0.00658744  0.00567615
372.063  142.121  0.00194417  0.00162169  0.00231076
344.738  20.7281  0.0037108  -0.00410947  0.0165695
354.091  177.365  0.0100997  -0.00166838  0.00950513
353.667  256.989  0.0129014  -0.00115062  0.0166695
356.042  134.592  0.0149752  0.000545929  0.0162887
357.741  277.592  0.0221682  -0.00220684  0.00144329
354.095  336.334  0.00160448  -0.00079182  0.00116087
362.838  490.284  0.0112974  -6.72143e-05  0.00942293
388.913  154.053  0.00203446  0.00106585  0.00228301
361.838  405.098  0.0078479  -0.00255233  0.00383498
382.341  66.6067  0.00148684  -0.00211841  0.00862252
375.907  71.9437  0.00681946  0.00105078  0.00165771
370.7  377.455  0.010472  -0.0027943  0.00802142
394.912  232.792  0.00118231  -9.29614e-05  0.000857364
381.019  556.926  0.00102646  0.000267792  0.0107534
398.076  353.603  0.00117023  -0.00124816  0.00913109
380.64  528.834  0.00478574  -0.000767114  0.0028119
378.859  596.732  0.00167605  0.000745605  0.00178801
389.591  163.595  0.0173544  0.000853829  0.0128698
398.261  425.767  0.000513087  -7.36437e-05  0.00101007
396.396  660.256  0.00817704  0.00235322  0.0075168
386.875  406.747  0.00550579  0.000634743  0.00105488
404.338  343.69  0.000985357  0.000348938  0.000793384
401.323  106.477  0.0116927  -0.00369797  0.0113895
401.103  218.866  0.0173886  0.00495767  0.00653219
420.279  437.961  0.00177439  0.000445194  0.001628
405.149  127.684  0.0143268  -8.01629e-05  0.00578907
391.293  316.623  0.00123042  -0.000495908  0.000605613
399.086  369.536  0.0033432  -0.000755427  0.00735111
409.281  283.017  0.00690886  0.00119592  0.00799047
418.773  245.883  0.0102047  0.00225906  0.00966704
408.612  441.434  0.00124831  0.000609196  0.00111578
404.324  351.868  0.00281346  0.00281054  0.00486316
404.978  42.5846  0.00114825  0.00169247  0.0274845
437.228  648.152  0.00135388  0.00109122  0.00212425
438.02  109.14  0.00167394  -0.00126207  0.00400486
411.033  214.699  0.0091903  -0.00735316  0.00752252
428.05  354.236  0.00581828  0.00107818  0.0201188
413.785  492.488  0.0010257  0.000885001  0.0025895
411.255  267.997  0.000615173  0.000119688  0.00247295
432.898  318.741  0.00118327  0.000231481  0.000583697
429.635  574.533  0.0173588  -0.00298432  0.00935472
439.605  277.502  0.001362  -0.00135042  0.00242146
436.344  394.021  0.0152505  -0.000562092  0.0147813
441.813  203.599  0.0153623  0.00146817  0.0160858
435.401  629.921  0.00106776  -0.000441178  0.0018735
443.427  34.2071  0.0136341  -0.00335949  0.0153987
441.245  178.356  0.00370353  0.000847351  0.00278631
454.269  79.2768  0.00334766  -0.00165018  0.00180215
454.531  149.624  0.0116142  0.00416454  0.0133316
452.883  341.018  0.0168986  0.00218709  0.0128926
455.479  217.846  0.0241081  -0.00131814  0.00222166
457.14  15.7069  0.0164965  0.00432516  0.0240647
470.669  541.664  0.00297346  0.00511404  0.0192486
453.184  236.527  0.000808416  0.000585695  0.0210119
478.028  336.732  0.00286445  0.00281545  0.0085821
463.873  505.27  0.0169087  0.00334855  0.00879819
455.58  302.416  0.00332848  0.000617613  0.00138481
470.624  387.087  0.0107947  0.00192794  0.0156374
470.563  471.029  0.0127626  -2.89309e-05  0.0109231
469.241  455.446  0.00557043  0.00236128  0.0100736
491.751  279.671  0.00338549  0.00535689  0.015426
479.252  134.601  0.00234762  -0.000393324  0.00122021
470.391  408.733  0.0048035  -0.00536923  0.0109376
497.289  58.5453  0.00258959  -0.000213605  0.000929253
491.79  355.671  0.00532541  0.000662109  0.00172135
496.072  95.1185  0.00481943  0.00414356  0.0134117
470.354  192.058  0.000750675  0.000989763  0.0209534
483.788  399.432  0.00516126  -0.00124379  0.00597667
488.219  508.086  0.0111889  0.00516012  0.00875756
470.11  424.384  0.00116006  -0.00117544  0.00432413
496.267  223.082  0.0149884  -0.00118483  0.0151792
512.444  296.251  0.00196835  0.000899038  0.00121493
494.162  69.2223  0.00573167  -0.00230911  0.00326373
500.597  330.524  0.0103206  -0.00265373  0.0147282
497.633  378.054  0.0124876  -0.00600944  0.0131442
483.847  120.996  0.00169786  -0.00142668  0.00534991
493.393  152.612  0.000939332  -0.00224389  0.0212583
495.016  644.5  0.000525378  -0.000147055  0.00443496
509.01  471.962  0.0109234  0.000453533  0.00514187
515.445  492.737  0.0104379  0.00148665  0.00960895
512.615  66.6528  0.000738757  -0.000160249  0.00204266
518.55  275.58  0.00350093  0.00115963  0.00358398
521.659  274.943  0.00558219  0.00100123  0.00164665
529  97.5064  0.0140921  0.005236  0.00610362
535.162  343.361  0.00684423  -0.000611985  0.00159799
534.085  494.492  0.0105315  -0.00351436  0.0096491
545.181  411.179  0.000856817  -1.44646e-05  0.00106676
542.628  402.91  0.00049775  0.000133743  0.00107307
557.889  197.546  0.00311807  -0.00346674  0.00816043
556.266  25.4904  0.00316637  0.00306817  0.00581134
564.751  611.119  0.00100389  0.000564976  0.00324526
549.279  102.946  0.00984737  0.00836135  0.0141114
555.117  246.72  0.0148333  0.00362693  0.0145159
551.467  515.662  0.00990371  -0.00471359  0.00459604
555.512  336.055  0.00927464  0.0026467  0.00918685
561.651  46.6378  0.00252319  -0.00200008  0.00223172
559.323  322.245  0.00909512  0.00132884  0.016095
574.912  650.839  0.000835682  -0.00168435  0.0245022
575.558  113.586  0.0163736  0.000620499  0.0163736
564.662  346.307  0.000732752  0.000980024  0.0086162
577.567  180.647  0.0089354  -0.00311221  0.00685369
587.621  59.2623  0.010641  0.00480027  0.0032058
585.644  37.1904  0.0041645  -0.000242965  0.0014092
597.935  567.693  0.0010852  -3.0482e-06  0.000854015
587.662  248.414  0.0080598  -0.00222048  0.0015718
587.312  115.502  0.00109522  0.00020066  0.000937885
591.042  492.592  0.0146367  -6.90802e-05  0.0163409
595.042  649.475  0.00153916  0.00258554  0.0222026
602.433  668.829  0.00107332  0.000143736  0.00153748
605.522  433.164  0.00924533  -0.00532963  0.0116156
623.063  454.856  0.00103211  -0.00235668  0.0176787
618.722  513.42  0.000764585  0.000222185  0.00187166
608.004  27.2415  0.0163194  0.00120416  0.0224357
623.289  46.1786  0.00104063  0.000797613  0.00350859
604.059  228.606  0.0014171  -0.000383235  0.00146513
603.792  109.58  0.00612564  0.00436583  0.00612428
613.917  627.311  0.000574212  -8.83104e-05  0.00287335
639.439  452.403  0.00240978  -0.000164803  0.000869444
630.679  120.933  0.00201531  0.000180199  0.000657822
640.197  340.254  0.00235729  0.00114955  0.00270322
632.773  377.559  0.0116417  0.00248969  0.0112997
640.219  133.368  0.00855744  -0.0026877  0.00193344
646.706  197.96  0.00108216  -0.000342493  0.0223924
639.92  582.203  0.00215823  -0.000456838  0.00348412
656.208  332.349  0.000974861  -0.00167562  0.0247811
640.301  307.44  0.0126952  0.00315902  0.00671449
631.278  483.572  0.00114856  0.00087643  0.002542
641.291  292.57  0.0135262  0.00644159  0.0132179
649.517  138.306  0.00914839  0.00199912  0.00384693
648.785  30.2113  0.0160611  0.000680267  0.0238183
638.231  56.8152  0.00373392  -0.00236502  0.00306576
655.791  95.5434  0.00801119  0.0010691  0.00579745
656.654  553.727  0.00305221  -3.72926e-05  0.00103151
647.938  230.09  0.00881765  -0.00620225  0.0061988
665.085  645.985  0.000743968  0.000343751  0.0282576
643.871  431.224  0.00201277  4.80282e-05  0.00336938
659.92  151.603  0.010722  0.00200288  0.0148084
660.383  281.62  0.00457631  -0.000953201  0.0101281
659.629  388.54  0.00518024  0.00270067  0.0125118
666.818  84.1239  0.00331462  -0.000115061  0.00255003
671.098  498.191  0.0144958  -0.00456936  0.0117535
674.994  596.147  0.00124137  -0.000391674  0.0120582
683.213  677.998  0.0128713  -0.000744054  0.0322672
688.602  145.999  0.0103348  0.00469155  0.0090536
685.417  329.079  0.0163736  0.000620499  0.0163736
680.455  565.013  0.00441463  0.0013668  0.00252017
677.251  581.27  0.00114959  -0.0027928  0.0113191
699.857  621.207  0.00146752  0.000884321  0.00194112
695.444  434.708  0.0153146  0.000604193  0.0167024
697.929  501.408  0.0170149  0.00174098  0.0137378
702.157  345.932  0.00992924  -0.00118912  0.00181417
704.102  459.412  0.0051155  -0.00199662  0.00229639
700.873  117.931  0.00399532  0.000531841  0.00255854
706.37  67.0595  0.0170124  0.00202053  0.00167167
708.852  74.8011  0.0241275  0.00475234  0.00245503
688.263  596.544  0.000876344  -0.000828892  0.0125108
706.321  273.717  0.00212015  0.0020084  0.00364895
719.568  200.172  0.00710178  0.000457577  0.00105909
710.12  499.077  0.00842673  0.000129687  0.00165364
715.692  605.129  0.000856982  5.41744e-05  0.00146564
725.552  316.357  0.00882271  0.00659282  0.00873247
729.079  217.811  0.0163736  0.000620499  0.0163736
727.982  160.107  0.01285  -0.00227655  0.00105849
736.944  636.143  0.00542959  -0.000108065  0.0207302
736.268  423.167  0.0131315  0.003504  0.0104482
734.611  517.569  0.0172707  0.0032577  0.00274558
740.823  162.902  0.0155536  -0.00157011  0.00224574
728.273  550.862  0.00295117  0.00219707  0.00307613
740.672  313.615  0.0153208  0.00301526  0.0120563
753.184  679.161  0.00123163  -0.000210732  0.037864
760.076  143.755  0.00181567  -0.00114  0.00646717
747.336  426.339  0.016295  0.00100445  0.0159723
746.56  526.59  0.0242932  0.00183177  0.00191003
747.16  537.22  0.0175745  0.000544272  0.00914782
748.513  218.31  0.0115999  -0.00246288  0.0120295
737.626  106.765  0.00494458  -0.00695488  0.0148738
750.139  615.224  0.000859362  5.19215e-05  0.00108296
754.773  292.704  0.00114061  0.00170587  0.00410184
748.234  401.708  0.00157719  -0.00121212  0.0058579
756.195  498.205  0.00707445  0.00133724  0.00842168
759.283  56.9227  0.00353571  0.000371243  0.0043051
761.473  113.586  0.0163736  0.000620499  0.0163736
759.658  200.003  0.00348605  0.000560029  0.0015177
763.472  460.163  0.0161692  -0.00222567  0.00926113
778.086  258.652  0.00188967  0.000161645  0.000570894
765.504  527.31  0.00374337  0.000387715  0.00150449
771.824  340.821  0.00647104  0.00337242  0.00255703
766.391  609.313  0.000743729  4.28348e-05  0.00101705
771.733  676.585  0.0136677  -0.000703788  0.0314471
774.575  219.347  0.00859159  0.000106136  0.0035296
801.584  135.401  0.00100459  -0.000538202  0.0163066
775.853  467.27  0.00180456  -0.000763951  0.00547647
786.243  612.152  0.00290686  -0.00120706  0.0013912
790.849  169.668  0.0149459  -0.00163205  0.00406898
782.436  240.268  0.00149773  -0.000173252  0.00376523
796.254  567.031  0.00561717  0.00440893  0.00719898
791.632  98.3982  0.010197  0.000727542  0.00636943
796.948  637.583  0.0087525  -0.000194086  0.0187445
803.603  152.154  0.0105694  -0.0090468  0.0138675
809.394  126.042  0.00736375  0.00327929  0.00360013
805.882  155.337  0.00251038  -0.000249489  0.0019124
792.064  524.41  0.000392555  -5.13253e-05  0.0018081
805.728  42.7856  0.0117394  -0.00462159  0.0116895
826.739  285.894  0.00163093  -0.000472498  0.00218294
807.628  416.589  0.000702885  -0.000137276  0.000450152
814.919  299.453  0.000992569  0.000172229  0.00233667
813.387  242.769  0.016345  -0.00086563  0.0142924
820.768  166.773  0.016858  -0.000361634  0.0116906
828.011  149.125  0.0145259  -0.00097515  0.0140912
814.5  353.247  0.00148007  -0.000183211  0.00387402
804.638  523.292  0.00100257  0.000103455  0.00249461
834.217  40.5965  0.00397033  0.0021711  0.0185389
844.784  201.213  0.00392366  -0.00105686  0.0109437
838.144  124.992  0.00498312  -0.00524145  0.00940916
845.634  231.558  0.0113222  0.00419834  0.0098996
836.17  405.407  0.00378899  0.000249322  0.000989331
849.512  278.849  0.0129472  0.00145794  0.0131671
853.281  264.634  0.00693342  -0.00302522  0.00810079
850.146  345.108  0.00163509  -0.00143154  0.00192107
856.302  440.358  0.00961436  0.00097752  0.00821222
879.889  304.831  0.00402284  0.00264064  0.00255138
879.897  73.3585  0.00255105  0.00179694  0.00276786
875.764  222.101  0.0134744  0.00262514  0.00724034
876.875  586.197  0.00280586  -0.00255457  0.00555521
878.866  14.3379  0.0093471  -0.00400235  0.00682302
877.873  245.484  0.00207902  -0.00150519  0.00386825
881.191  385.417  0.0163736  0.000620499  0.0163736
879.966  403.296  0.00593715  0.000524373  0.00351613
889.905  64.579  0.00171039  0.00176217  0.00423177
885.49  660.76  0.0158468  0.000312286  0.0205983
892.992  281.572  0.0164459  -0.00586504  0.00260956
891.295  294.147  0.000853542  -0.000508218  0.00206007
888.204  439.041  0.00806431  0.000741699  0.0178363
894.592  473.294  0.00764428  0.00110079  0.00660098
897.929  270.326  0.0187917  0.00117641  0.00896978
907.476  342.919  0.00144879  0.00014291  0.00563515
913.86  663.483  0.00129777  -0.0014779  0.00466912
906.96  101.502  0.017814  -0.00206079  0.00879471
896.15  356.546  0.00309655  -0.000931582  0.00126511
906.543  636.121  0.0163736  0.000620499  0.0163736
907.002  133.207  0.023209  0.000184384  0.00230342
900.08  388.2  0.00160343  0.000649995  0.00789313
919.137  59.2821  0.00783639  0.00497738  0.0140333
903.179  218.221  0.00159015  -0.000912656  0.00273616
920.457  171.899  0.0171182  0.00168271  0.0135095
920.094  500.869  0.0109401  -0.00567553  0.0147374
937.061  562.512  0.00152097  -0.00074919  0.00125383
926.324  297.479  0.000529463  0.000219329  0.00251734
931.979  75.7535  0.012929  4.95288e-05  0.00391173
919.727  439.6  0.000837936  0.00212347  0.0100238
932.803  106.214  0.00241546  0.000666423  0.00313018
933.544  238.828  0.0125713  -0.00299991  0.0125722
946.418  394.1  0.00130304  0.000369859  0.00161016
933.943  131.287  0.0149099  0.00200659  0.00847539
936.126  182.343  0.00768337  -0.000258233  0.00241552
938.698  308.626  0.0100865  0.00342274  0.00983936
950.199  30.6862  0.00110368  0.000182096  0.00500284
932.363  403.529  0.00264304  -0.000300746  0.00147324
945.625  203.22  0.00603383  0.00536245  0.00564649
946.565  237.802  0.013894  0.00558089  0.0102341
947.264  255.908  0.0167799  0.00200204  0.00706148
952.905  610.444  0.00467829  -0.00193891  0.012275
964.973  119.591  0.00640761  -0.00553488  0.00645055
953.447  175.646  0.0100982  0.00266747  0.00493605
951.135  678.471  0.00948164  -0.00106662  0.0251209
954.459  304.684  0.00253484  3.00573e-05  0.000779112
955.341  519.228  0.0191576  0.000688201  0.0155553
964.691  298.502  0.00198352  0.00120962  0.00516117
945.943  384.748  0.000846121  0.000644131  0.00385712
972.302  545.821  0.00343915  0.00021851  0.00108381
962.322  151.548  0.0110211  -0.000299856  0.00721951
954.252  27.4177  0.000779601  -0.000112559  0.00216969
975.283  653.944  0.00420216  0.000438622  0.00105057
974.48  109.379  0.010299  0.00135387  0.00543955
967.44  489.686  0.00470131  0.00101761  0.00184766
973.722  253.199  0.0308703  -7.63972e-05  0.0146947
978.53  384.164  0.0243113  0.000183143  0.0160014
981.957  153.692  0.00735028  0.00239238  0.00500201
978.604  594.061  0.0123314  -0.00103339  0.00647609
31.3533  378.404  0.0130839  -0.000234536  0.00776504
32.8025  65.2979  0.00999417  0.000892889  0.00870899
33.2275  238.783  0.00648367  -0.00366237  0.00804959
35.6588  434.034  0.00222101  -0.000457161  0.00186764
37.6209  46.2093  0.011341  0.00115221  0.00648761
40.8624  452.733  0.00681399  -0.00319376  0.00454042
42.3503  141.35  0.00112545  0.000493451  0.00116406
58.1141  219.103  0.00617364  0.00102542  0.00414277
63.6746  272.78  0.00711098  -0.000156374  0.00427492
78.1931  269.571  0.0124267  0.00260923  0.000892833
84.4795  348.625  0.00159895  0.000191522  0.00220269
84.4409  57.6385  0.00783056  0.000446978  0.0096719
84.598  134.191  0.00825394  0.000312794  0.00825394
86.5701  400.159  0.00592353  -0.000590669  0.00440022
89.1658  276.948  0.00777039  0.0016214  0.00165791
97.4863  521.864  0.00326908  -0.00131244  0.00386225
132.466  352.351  0.000377614  -0.000806696  0.0116631
100.634  49.1333  0.00204912  -0.00204168  0.00742633
101.895  113.141  0.00299242  -0.000104802  0.00892262
111.732  100.651  0.00466317  -0.00192  0.00572704
116.053  320.225  0.00294724  -0.00106051  0.00415197
153.921  305.582  0.000758379  -0.00115488  0.0055881
147.172  397.033  0.000699374  -0.000222061  0.000652083
144.239  502.192  0.000596821  -0.000191704  0.00081762
142.259  277.574  0.00110691  0.000785593  0.00131845
185.74  62.7207  0.00157022  0.000888959  0.00172388
169.283  145.56  0.000931443  -0.00126005  0.0025361
183.302  327.277  0.00258944  -0.000227828  0.00861003
187.51  349.31  0.00348023  0.00149688  0.00908722
179.003  45.8001  0.000836319  -0.000634847  0.00204241
189.934  299.144  0.00696972  -0.000913979  0.00684839
198.161  35.1227  0.00804881  0.000331485  0.00448507
201.997  513.613  0.000743892  0.000293627  0.000820305
212.642  550.699  0.00392371  0.00261288  0.00812984
234.532  145.786  0.000178568  -0.000101392  0.00133425
208.623  428.804  0.00129525  -0.000976211  0.00281464
225.86  233.767  0.00723155  0.00194935  0.00458639
251.879  40.1429  0.0004252  -7.49032e-05  0.00717564
228.14  399.912  0.00298205  0.00152257  0.00493828
252.17  630.917  0.00114317  0.000543378  0.00374273
255.116  242.205  0.00142536  1.24058e-05  0.00130167
269.684  578.104  0.000728181  -0.00028637  0.00230002
266.228  300.575  0.00182888  -9.98848e-05  0.000499429
242.794  441.03  0.00075046  0.000208894  0.00463097
266.627  75.9865  0.00347957  -0.00010964  0.00240557
272.719  104.357  0.00279917  -0.000956033  0.00314066
267.452  467.305  0.00179758  -0.00158878  0.00314128
281.122  493.778  0.00411891  -0.00308305  0.00497965
291.155  41.1009  0.00349256  -0.00173769  0.00643502
298.699  75.3819  0.00443764  -0.000619747  0.00478008
315.382  36.3232  0.00223429  -0.000541363  0.00666045
305.303  62.7664  0.00189622  -0.000625697  0.00434391
317.033  405.059  0.00411261  0.000451756  0.00489172
319.83  582.55  0.00365768  -0.00329227  0.00641147
309.207  369.8  0.00167418  -0.000501851  0.00084453
331.797  447.193  0.00531272  -0.00186346  0.00326721
332.626  59.9354  0.00733996  0.00061018  0.00277706
335.868  271.221  0.00785985  0.00126031  0.00486917
336.563  548.913  0.00163296  -0.000639629  0.00938539
332.366  675.146  0.00487385  0.00562487  0.0148887
331.322  473.633  0.00273513  -0.0028192  0.00551385
337.389  507.517  0.00240371  -0.000767428  0.00600677
331.031  147.04  0.0023378  -0.00230077  0.00705929
358.897  455.129  0.00242254  -0.00198163  0.00310549
353.641  335.132  0.00079568  -0.000429557  0.00109978
371.287  481.341  0.00397912  -0.00204326  0.00623887
377.511  81.1547  0.00244264  -0.000231938  0.00069398
379.35  626.03  0.000845161  0.000206295  0.000521094
375.553  26.4498  0.00290992  -0.0020955  0.00592241
375.767  161.941  0.00139469  0.000544686  0.000835188
403.925  114.081  0.00618268  0.000176312  0.000965311
402.544  219.594  0.00670067  0.00261256  0.00530628
406.54  283.19  0.00497655  0.000722833  0.00712428
387.974  349.45  0.00382319  -0.0023298  0.00204885
389.852  436.839  0.000937176  0.000306979  0.000859025
417.058  76.4527  0.00641059  0.000644495  0.00683679
404.291  431.204  0.000804331  -0.000174504  0.000554356
395.313  326.971  0.000847604  -0.000299153  0.000461286
441.433  647.129  0.000857419  6.86843e-05  0.000698406
414.315  487.15  0.000553992  -0.000203224  0.000321735
428.337  573.692  0.00824779  -0.00098009  0.00648838
445.138  32.922  0.00579519  0.00283966  0.00958247
431.352  634.281  0.000896459  -0.000165016  0.000771026
448.102  178.002  0.0010412  -0.000143804  0.00176835
442.876  88.0279  0.000738227  0.000109191  0.000573824
454.352  123.566  0.000654193  -0.000442279  0.000763213
467.869  541.338  0.00228879  0.0021719  0.00912497
460.01  382.461  0.00311659  -0.000790714  0.00063507
481.709  628.447  0.000697151  -0.000512495  0.000813495
472.798  322.815  0.00605789  -0.00370461  0.00509416
497.652  59.9637  0.00180406  -0.000698511  0.000842262
497.988  587.794  0.000304229  8.77783e-05  0.000494685
500.754  330.411  0.00745457  -0.000145838  0.00833302
485.808  635.137  0.00063648  -0.000610446  0.00180535
508.638  473.071  0.00562771  -0.000199038  0.00496377
517.349  493.739  0.00471976  -0.00212045  0.00607061
534.402  494.632  0.00729832  -0.0023306  0.00581455
546.015  396.714  0.000710536  0.000210227  0.000456756
553.341  405.639  0.0010711  0.000153892  0.000773632
532.501  209.132  0.000778641  0.000840013  0.00202461
539.937  35.1256  0.000351704  0.000400684  0.00211429
576.163  527.344  0.000673449  -0.000562842  0.00210754
574.553  649.312  0.000797892  -0.00100152  0.0133204
560.96  583.965  0.00346616  -0.000119272  0.000348512
551.564  216.025  0.000339356  0.000458776  0.00201065
579.058  250.12  0.00232  -0.000518593  0.000639543
585.365  493.994  0.00280458  0.00125567  0.010331
590.787  648.305  0.000816926  0.000647491  0.0137912
577.23  32.663  0.00100187  -0.00085973  0.00172835
627.327  226.412  0.000487251  -0.000429797  0.00131859
631.649  378.464  0.00572097  -0.000109321  0.00795389
624.215  132.953  0.00107924  -0.000455167  0.00154117
660.824  63.4992  0.000768199  -0.00115147  0.00321774
624.708  232.254  0.000641573  -0.000243657  0.0016237
660.801  603.141  0.00136313  -0.00196968  0.00587688
691.18  585.85  0.000963437  -0.000725028  0.0119599
691.678  609.792  0.000852524  -0.000244116  0.000941256
699.868  522.08  0.0126573  -0.000606148  0.000408403
697.216  556.421  0.00957899  0.00120569  0.00446371
700.339  188.129  0.0038365  2.2337e-05  0.00265421
703.864  283.312  0.00219756  0.00146928  0.00148592
714.256  548.935  0.00319308  -0.000440931  0.00133034
723.046  163.076  0.0032335  -0.000455296  0.000689577
724.428  299.976  0.0032021  -0.00098971  0.000642982
724.011  542.603  0.0091013  0.00156674  0.00502058
727.9  163.222  0.00933599  -0.00129294  0.000741728
742.728  169.208  0.00880361  -0.00150058  0.00125691
746.484  547.931  0.000526516  0.000496255  0.00238511
753.583  611.612  0.00037598  -0.000460005  0.00165515
746.144  522.037  0.01061  7.75771e-05  0.00164278
759.088  77.502  0.00387236  -0.00129364  0.00484345
763.364  459.401  0.00808528  0.0003616  0.00703225
751.893  539.991  0.00123901  0.00116832  0.00179211
774.966  213.288  0.00648099  0.00056411  0.00132926
779.039  270.415  0.000866041  -0.000308572  0.000515775
781.083  189.872  0.000502244  -0.000589825  0.00159848
777.749  245.726  0.00142714  0.00066416  0.00271524
808.055  577.093  0.00145715  1.31749e-05  0.00106409
803.875  131.1  0.00147723  0.000639718  0.00197665
805.706  42.6296  0.00853517  -0.00195146  0.007361
807.539  268.117  0.00185205  -0.00149854  0.00161063
828.388  145.835  0.00138122  -0.000864795  0.0019068
832.908  195.223  0.00105355  -0.00072013  0.00259954
851.948  342.97  0.000368184  -0.000219432  0.000818215
864.445  584.064  0.000934459  -0.000953842  0.00549272
871.78  221.852  0.00483617  0.00101477  0.00616924
875.238  256.586  0.00207095  0.0010006  0.00211592
888.026  201.39  0.00586661  -0.00212028  0.00131335
883.895  411.16  0.000700186  0.000846675  0.00178287
882.639  64.1611  0.000505283  0.000577217  0.00331518
887.308  348.672  0.000568921  0.000885063  0.00562424
904.417  102.576  0.00667791  0.00215578  0.0061538
900.781  669.92  0.000388188  0.000542359  0.00339519
918.345  59.5895  0.00501397  0.00149729  0.00682594
908.593  291.609  0.000294144  -0.00013461  0.00196615
936.532  470.526  0.00180873  0.00120271  0.00122721
912.374  459.095  0.000959078  0.000335525  0.000881916
926.235  186.711  0.00122791  0.00118768  0.00299061
937.401  311.843  0.00890267  0.00288948  0.0045906
956.368  604.329  0.00252902  0.000248072  0.00271897
959.526  296.638  0.00302829  0.00049118  0.00240722
942.325  392.731  0.00108693  0.000742826  0.00173571
945.324  543.797  0.000392821  -0.000112047  0.000691866
961.283  152.045  0.00684719  -0.000572374  0.00453753
956.482  225.605  0.00244658  0.0027369  0.00873475
967.561  448.136  0.0105936  -0.00156213  0.00613486
36.7333  433.737  0.00140502  -0.000333001  0.00183318
87.2083  388.418  0.000455501  -0.000223044  0.000533388
47.2819  146.088  0.000667295  2.65088e-05  0.000575028
79.7485  247.915  0.00258104  0.000763233  0.0018481
111.929  347.521  0.000209558  -0.000243525  0.00277182
61.7702  48.8372  0.00185005  -0.00281576  0.00609985
108.205  71.422  0.00184373  -0.000431133  0.00067754
119.494  186.663  0.000335025  -0.000355336  0.000668949
103.221  376.875  0.00225633  -7.79057e-05  0.00103307
112.675  100.391  0.00308343  -0.000831502  0.00374397
151.329  385.389  0.000758033  5.88664e-05  0.000274734
148.025  199.855  0.000881475  -0.000184842  0.00120595
134.298  547.725  0.00140261  -0.000369393  0.00028936
157.371  268.142  0.000829697  0.000228696  0.000255986
179.707  48.6265  0.000946237  -0.000451959  0.000935527
188.613  595.066  0.00238215  -0.000311456  0.00237263
215.01  435.666  0.00152339  -0.00134045  0.00229807
257.999  38.8266  0.000478494  -5.96082e-05  0.00195717
213.863  403.391  0.000761038  0.00111517  0.00491238
251.372  159.566  0.00332596  -0.000266029  0.000167777
269.923  248.554  0.000876389  -0.000291431  0.00032385
264.719  597.295  0.000701333  7.8712e-05  0.000344928
293.513  100.065  0.00061109  0.000662389  0.00349061
294.606  412.964  0.00103736  -0.000756632  0.00188507
296.257  352.137  0.00449675  -0.000685343  0.00229736
315.492  39.4823  0.00274044  -0.000631303  0.00282168
335.6  572.728  0.00140469  -0.00108998  0.00288706
348.511  107.481  0.00022133  -0.000104184  0.000933672
352.475  633.061  0.000228381  0.000146747  0.000687607
319.559  225.569  0.000886319  -0.000253513  0.00341591
334.801  476.455  0.00150606  -0.000611964  0.00177778
347.56  542.072  0.00170454  0.000361076  0.000669396
345.07  75.2957  0.00228152  -0.00122846  0.00162236
398.091  170.043  0.000465887  -9.99967e-05  0.000223536
406.766  283.83  0.00381801  0.000176653  0.00420182
407.305  458.886  0.00109112  -6.97025e-05  0.000240516
406.059  486.308  0.000737743  7.98272e-05  0.000167653
467.806  113.44  0.000895096  -0.000701063  0.00228375
458.241  392.251  0.00174964  -0.00036254  0.000431418
453.661  412.303  0.000364034  7.01145e-05  0.000202645
527.618  184.338  0.000360565  0.000104917  0.000383765
529.626  344.308  0.00101687  -0.00035059  0.00177303
528.665  234.512  0.000738025  0.000225846  0.000343854
563.479  605.463  0.00112934  0.000365206  0.00136918
586.01  45.5421  0.000885781  -0.000173766  0.00113756
587.817  647.32  0.000735579  0.000653023  0.0096955
599.074  103.769  0.00176472  0.000276794  0.00151513
642.853  484.835  0.000306851  9.80695e-05  0.00019396
609.474  240.512  0.000320178  8.35363e-06  0.000382934
667.745  68.3283  0.000956978  -2.63959e-05  0.000607766
697.369  555.468  0.00424804  0.000276942  0.00386875
704.275  190.194  0.00158787  -0.000569815  0.00172846
705.921  382.848  0.00278355  -0.000145531  0.000192031
727.043  351.748  0.000235406  7.18955e-05  0.000386052
770.289  98.1762  0.000282011  -0.000135334  0.000369853
763.353  536.324  0.0026283  -0.000531112  0.00202306
790.692  610.234  0.00102582  0.000372021  0.000306657
803.8  396.904  0.000213749  -2.51494e-05  0.000150249
816.87  289.73  0.000976643  9.88599e-05  0.0011211
815.69  663.632  0.000117331  -0.000162375  0.00134775
827.982  62.923  0.00106377  -4.36916e-05  0.00204465
876.236  327.268  0.000140601  9.56485e-05  0.000470483
846.951  500.036  0.000422043  -7.71485e-05  0.000272159
873.19  221.865  0.00403526  0.000201654  0.00367161
861.807  256.576  0.000823709  0.000948966  0.00149579
870.041  195.036  0.000317683  -8.28101e-05  0.000804043
876.643  339.551  0.000152971  0.000213352  0.000821923
915.908  661.056  0.000916987  -0.000748111  0.00234793
896.596  323.756  0.000317195  8.13976e-05  0.000266201
896.648  187.454  0.000307675  6.79921e-05  0.0016436
948.588  147.796  0.00169578  -0.00194967  0.00431959
