1.0
717
13.2877  419.16  0.0156193  0.00402793  0.0129528
20.6188  66.1418  0.00300069  -0.000122073  0.006507
16.8018  104.91  0.0355906  -0.00294771  0.019394
16.2437  282.837  0.00955738  -0.00248762  0.0141803
26.9975  213.699  0.00997876  -0.0114368  0.0164801
20.4459  484.71  0.00389915  -0.00133002  0.00383619
21.0204  167.107  0.0174392  0.00309657  0.0104433
28.9136  125.586  0.0141118  -0.00458874  0.00368745
28.1678  382.566  0.0136466  -0.00992429  0.0353421
26.3935  371.974  0.0202215  -0.000333272  0.0146619
25.8641  399.023  0.0077678  0.00123323  0.00235685
27.6408  471.029  0.029833  -0.00609231  0.0306085
38.1395  412.558  0.0103994  0.00478605  0.00398318
28.2816  444.774  0.0105738  -0.00620929  0.00879687
28.042  13.0629  0.020292  0.00119416  0.0156108
32.8286  91.0357  0.0190972  -0.00632026  0.0209614
32.7677  354.818  0.0314945  -0.00146462  0.0297185
35.8696  249.07  0.0252574  -0.00366102  0.0270664
48.5971  267.632  0.0013906  -0.00205781  0.0375141
45.6614  406.591  0.00797739  0.000380236  0.00856293
39.181  137.276  0.00815291  -0.00746994  0.0214378
46.7905  170.838  0.0326746  -0.00283272  0.0248646
46.5082  394.355  0.0114657  -0.010783  0.0316005
45.2444  196.172  0.0203539  -0.013816  0.0216878
56.2582  130.076  0.00209608  0.000973372  0.0234962
54.2653  489.194  0.0250619  -0.00368561  0.0397222
66.0704  123.063  0.00277016  0.00109724  0.0365695
49.39  462.823  0.00251412  0.00100646  0.00801045
60.8889  355.643  0.00645951  -0.00713446  0.0304827
63.3358  238.756  0.00840767  -0.00752684  0.0165317
67.323  166.416  0.00861381  0.000181389  0.0374416
53.7691  261.358  0.0013877  0.000344702  0.0082826
65.4964  370.619  0.00207651  0.00109195  0.00414484
82.5265  149.008  0.00432938  -0.00233853  0.00737033
69.7047  403.191  0.0108852  -0.00333799  0.00644648
82.0243  440.392  0.00427878  0.000576518  0.00330693
87.6904  326.563  0.00212635  0.00311383  0.00974921
78.4201  27.27  0.00433727  0.00134242  0.00259029
92.7886  369.648  0.00624126  0.0055306  0.00865615
84.554  119.043  0.0202416  0.00985423  0.00897466
78.2406  180.462  0.00790304  0.00752828  0.0171024
89.0098  196.858  0.00861291  0.0096315  0.0277204
78.1336  277.407  0.0111476  0.00816704  0.00908066
90.4865  128.311  0.0130067  0.00117732  0.0113561
96.5252  462.374  0.004636  -0.00268217  0.00994941
99.3442  79.1647  0.00868275  -0.00336324  0.00317076
92.1159  116.322  0.0111052  -0.00471142  0.00758576
97.2254  213.525  0.0120114  -0.00114158  0.00312238
92.1049  418.984  0.00460674  0.00249818  0.00677887
98.8738  363.502  0.00344166  0.00169377  0.0046676
97.6529  25.6612  0.025256  0.0113243  0.0266677
98.1294  177.535  0.0110156  0.00261146  0.00205658
100.692  171.098  0.0110654  -0.0115535  0.0217535
94.5695  211.175  0.00595306  -0.00172116  0.00349358
108.276  228.169  0.00861732  0.0100719  0.0254936
102.626  277.478  0.00492264  -0.00117512  0.0228697
100.248  473.204  0.00518308  -0.00141578  0.0295026
103.082  398.278  0.0212825  -0.015055  0.025423
99.4472  285.467  0.00330735  -0.00133326  0.0141599
106.61  370.897  0.0168185  0.00119786  0.0139123
101.775  420.824  0.00160601  -0.000343571  0.00205776
105.619  50.0549  0.00206999  0.00264398  0.0083368
93.3241  460.16  0.00235514  -0.00160174  0.00834266
104.954  192.526  0.00648393  0.000249531  0.00498053
102.068  424.687  0.00215334  -0.00124904  0.0039595
107.481  63.7385  0.00565651  -0.00173885  0.0202605
102.826  344.559  0.00239269  0.00166902  0.00835594
124.459  452.992  0.00365954  0.00333875  0.0147804
109.729  160.9  0.0013603  0.000744639  0.00313687
120.489  206.951  0.00909247  0.00293512  0.00598425
117.764  175.382  0.0293969  0.00630269  0.0149877
122.452  224.504  0.0237349  -0.00204728  0.018805
124.159  114.114  0.0068869  0.00187952  0.0113262
134.709  396.408  0.0014931  -0.000455884  0.0456525
126.167  318.857  0.0104167  0.00324055  0.00879468
146.788  232.637  0.00290473  0.00219968  0.00545089
125.915  347.931  0.00228077  -0.00263956  0.0101388
140.139  294.636  0.0233431  0.00533615  0.0138492
139.882  153.51  0.0310824  0.00671903  0.013927
137.914  306.97  0.00469147  0.000612356  0.011417
138.395  255.996  0.00580471  -0.00298287  0.0313936
145.776  438.625  0.0126047  -0.000364892  0.00901028
145.26  90.1542  0.0115153  0.00504764  0.0054185
143.727  315.044  0.0163172  -0.00522785  0.00391623
150.008  66.64  0.0214578  0.00373296  0.0264588
151.82  224.919  0.012856  -0.00210588  0.0105609
152.81  54.6293  0.00714468  0.000226659  0.0124257
155.773  177.546  0.0260995  0.0124933  0.0274838
153.476  404.304  0.00690479  0.00132872  0.00111671
153.716  423.271  0.0191783  0.00477922  0.0161372
156.641  274.65  0.0163251  -0.0128125  0.0188908
147.697  96.9336  0.00827573  0.009301  0.0151576
162.646  343.646  0.0324809  0.00123091  0.0324809
176.971  51.8653  0.0116634  0.00636326  0.00600078
173.012  245.13  0.00710408  0.00112453  0.00343315
170.833  265.977  0.0053285  0.00125109  0.00569714
162.273  38.1445  0.00589388  0.00334075  0.00453419
162.03  363.198  0.00483821  -0.0114828  0.0470371
169.591  427.892  0.00381808  0.000255558  0.00140719
182.885  249.539  0.00347051  -0.00302498  0.00437153
185.391  66.6034  0.0179583  -0.00397001  0.0112406
191.799  388.81  0.0114628  0.0012506  0.00270739
191.064  463.165  0.0162678  0.000643027  0.0017587
193.854  488.381  0.00270651  2.15461e-05  0.00522071
192.715  25.2107  0.0048264  0.00153815  0.00576311
192.576  460.728  0.0220632  -0.000725586  0.00216604
189.161  279.47  0.00286973  -0.0011612  0.00282426
193.939  166.061  0.00647039  0.00242571  0.0122679
189.054  217.781  0.00127449  0.000269063  0.00316189
194.764  413.705  0.00392128  -0.00135802  0.00537363
207.253  166.725  0.0301729  0.00304522  0.00201917
206.451  442.543  0.00264107  0.000659743  0.0132468
210.972  229.319  0.00271553  -5.45493e-05  0.00111986
216.388  195.481  0.022494  -0.0236525  0.0306227
204.451  228.135  0.00212122  0.00061728  0.00133915
206.94  312.612  0.00219304  -0.00159703  0.00318436
221.508  296.827  0.00185798  -0.00172897  0.00766754
215.445  200.342  0.0237974  -0.0162975  0.0252069
213.026  313.434  0.00408406  -0.000369677  0.00392678
214.603  373.371  0.021474  -0.00282851  0.0332875
213.03  471.056  0.0100498  0.00193509  0.0216319
216.632  352.991  0.0215766  -0.00678441  0.0311802
232.323  57.6351  0.00320759  -0.00251327  0.00619593
216.316  384.276  0.00223869  0.000275691  0.0024339
213.756  442.219  0.00949957  0.0129317  0.025745
217.565  416.648  0.0132357  -0.008127  0.00954263
222.981  322.873  0.0180197  0.00658343  0.0213096
224.792  199.676  0.0149157  -0.0013317  0.010545
221.464  258.845  0.00467037  -0.00777549  0.0268
233.863  404.79  0.00547633  -0.00220273  0.0158153
234.889  452.988  0.00237475  0.00100038  0.0226439
230.324  276.157  0.00263333  0.00142138  0.00480521
230.512  80.8346  0.0188151  0.00338007  0.0248526
243.141  469.85  0.00528648  0.00160889  0.00525862
233.918  424.173  0.0117423  0.00210378  0.00363207
235.299  340.408  0.0170656  -0.00935138  0.0226927
241.584  87.2689  0.016777  -0.00266659  0.00245034
240.834  170.331  0.00612793  -0.00377446  0.00482506
229.585  304.741  0.00181593  -0.00198847  0.0189346
240.15  14.531  0.0200265  -0.00200591  0.0290822
242.696  361.634  0.0159065  -0.0111316  0.020713
240.387  135.811  0.00755003  0.00312676  0.00411533
244.796  422.745  0.0319878  0.00190866  0.0128744
247.836  372.926  0.0160973  -0.00568343  0.036574
247.392  443.039  0.0241366  0.00561078  0.0118258
246.457  297.446  0.00900861  -0.00776431  0.0191858
244.496  389.085  0.0143599  -0.00890949  0.0173837
251.401  24.4813  0.02357  0.00475576  0.0111123
245.544  113.477  0.0121006  0.00866392  0.0151013
257.202  219.802  0.00168196  -0.000149705  0.00083848
251.369  381.762  0.0284888  -0.00578165  0.0221773
260.792  487.09  0.011012  0.00464402  0.00624425
262.75  336.629  0.00126024  -0.000267323  0.00365805
265.559  412.283  0.0331472  -0.00942905  0.0169982
282.704  467.536  0.00236699  -0.000695156  0.00458634
265.106  191.971  0.0252443  0.00674547  0.0338651
268.862  158.618  0.016716  0.00154987  0.0374146
266.858  224.191  0.0209231  0.000327879  0.0203359
260.391  333.109  0.00227911  0.000356738  0.00432514
280.878  482.944  0.00286995  0.00237646  0.0170411
278.375  176.831  0.0222584  -0.0021659  0.0226218
281.968  125.061  0.0101076  -0.00169165  0.0023075
281.703  288.372  0.00432583  -0.00146839  0.00264493
297.126  373.047  0.00293151  -0.00193549  0.0114358
280.376  500.645  0.0144752  0.00566496  0.0336266
286.721  152.803  0.00623908  -0.0015532  0.00933573
284.908  478.564  0.00368958  0.000132896  0.00168355
290.454  138.637  0.00989643  -0.00437167  0.0046053
285.429  430.268  0.01144  -0.00240574  0.0141314
289.497  296.5  0.0100333  -0.000695296  0.00446817
290.617  254.859  0.0130077  -0.0041503  0.00535448
306.505  330.63  0.00306586  0.000921992  0.00619014
301.049  195.284  0.00371964  -7.1061e-05  0.0358787
296.229  205.392  0.0110413  -0.000391729  0.0193563
293.822  451.794  0.00433829  -0.00319383  0.0274685
309.995  19.1965  0.00284135  -0.00197356  0.00654524
302.234  479.772  0.0144403  -0.00200317  0.0167841
294.94  366.463  0.00791228  -0.00940588  0.0227164
305.074  265.074  0.0260772  -0.013193  0.0213405
305.164  345.54  0.0181184  0.00395802  0.00875189
305.339  399.612  0.00696338  -0.00117777  0.00869589
309.372  228.695  0.00139369  0.00347067  0.0269462
307.513  198.207  0.00355727  -0.00400224  0.0197359
318.656  192.939  0.0108059  -0.00315167  0.022906
313.844  93.9974  0.00270117  -0.00219236  0.00639614
329.832  144.626  0.0143698  0.0107234  0.0128625
333.621  25.9155  0.0149315  0.000271826  0.0226809
334.378  342.455  0.018428  -0.0154516  0.0277585
331.337  44.2368  0.00508359  0.00274353  0.00545547
334.99  222.558  0.0114795  0.0047318  0.0132186
339.395  289.13  0.0144558  -0.0115587  0.0137405
338.506  323.039  0.00174919  -0.000466774  0.00503553
349.381  206.284  0.00501688  -0.00533706  0.0268236
344.212  423.048  0.0171099  0.00307801  0.00516351
349.087  455.372  0.00338529  0.000700608  0.00219884
356.937  189.11  0.00397456  -0.00275012  0.0135902
344.102  494.989  0.00563302  -0.00504218  0.0156506
365.087  326.007  0.00938843  0.00125944  0.0346044
365.719  398.539  0.00411076  0.0017492  0.0188794
365.612  138.091  0.0164916  -8.26481e-05  0.00477229
364.716  356.765  0.0195003  0.00235668  0.00377078
359.212  275.562  0.00385275  0.000518245  0.0114345
368.688  300.515  0.00314337  0.00189805  0.0140882
374.286  352.968  0.00362956  6.15567e-05  0.00230384
368.184  494.931  0.00222099  0.000393837  0.00410708
363.613  413.809  0.00224101  -0.000335996  0.00603855
378.238  208.917  0.00610267  -0.00739597  0.0130468
387.794  290.693  0.00163795  -0.00182135  0.0498315
379.616  86.8182  0.0333961  0.00175673  0.0297428
386.94  24.9352  0.00447525  -0.00132952  0.0131336
386.193  243.184  0.00403721  -0.00159377  0.0199502
383.023  256.913  0.0166969  -0.00388578  0.00541153
382.126  35.8603  0.0131199  -0.00102227  0.00231298
378.651  486.717  0.00777772  -0.00391525  0.0058891
384.775  196.423  0.0217129  -0.00279362  0.0348272
394.951  87.3529  0.0296379  0.00584625  0.0300224
392.386  137.481  0.00518603  -0.00622379  0.034558
397.86  441.266  0.00109877  -0.00035335  0.00555764
399.5  119.208  0.0340299  0.00357728  0.0252485
395.266  230.963  0.00536564  0.000923863  0.00211998
395.282  376.221  0.00369653  0.00252637  0.00661615
406.274  22.1861  0.0102836  -0.0115253  0.0194406
405.682  214.188  0.0155321  0.00496045  0.0193075
403.155  190.87  0.0071766  -0.00369677  0.00302988
424.065  389.665  0.00213939  -0.00355628  0.0171215
410.793  352.889  0.00465141  0.000898905  0.00559256
416.89  295.287  0.0147438  -0.000818802  0.0318862
419.076  407.783  0.0101162  0.00323176  0.027188
425.104  194.252  0.00508606  0.00105341  0.00415091
416.699  125.253  0.00141156  0.00020878  0.00208084
433.32  394.596  0.0114185  -0.0057288  0.00590688
433.388  230.61  0.00388519  -0.00206903  0.0046765
427.34  364.394  0.00703543  0.0105196  0.0411238
436.832  289.359  0.00616815  -0.00475569  0.0449852
437.749  271.096  0.0119383  0.00270271  0.00303744
437.651  348.714  0.00515777  0.000707636  0.0074461
436.918  378.092  0.00579965  -0.000960519  0.00272641
444.472  161.622  0.00393155  0.00193097  0.0115242
451.338  16.2878  0.0117154  -0.00855149  0.0342552
451.641  137.51  0.00543968  -0.000238411  0.00160252
445.343  133.12  0.00887456  -0.00375178  0.00379852
450.767  297.55  0.0224978  1.12517e-05  0.0250063
453.093  220.576  0.0250461  -0.00535364  0.0251512
454.451  27.7582  0.00904711  -1.02631e-05  0.00351261
457.324  316.449  0.00864631  0.00166046  0.00348831
455.214  391.924  0.015837  -0.00690734  0.0344656
462.908  432.585  0.0102148  0.0126829  0.0278656
455.933  495.481  0.0171952  -0.0140022  0.0363337
467.894  211.078  0.0026896  -0.00020351  0.0216516
463.055  258.568  0.0245617  -0.0136545  0.0127417
475.423  482.037  0.00206182  -0.00147673  0.00339685
481.205  71.0287  0.00574697  -0.00399339  0.00682908
469.587  198.076  0.0144099  0.00460611  0.008327
480.512  362.035  0.00785064  -0.00256631  0.00526352
489.229  436.635  0.00364697  0.00210826  0.0175513
482.036  123.847  0.00790493  0.00173303  0.00863019
478.89  351.294  0.00560109  0.00081098  0.00201732
502.694  234.404  0.00419258  0.00427592  0.00955724
493.609  252.064  0.00565629  0.00453979  0.0108106
490.036  320.722  0.00501056  0.00251278  0.0106527
498.321  161.285  0.0194193  -0.0120255  0.00907151
494.75  210.144  0.034155  0.0033628  0.0248863
498.921  351.1  0.0106469  0.00251135  0.00244446
496.421  225.407  0.0162558  0.000453199  0.0256764
489.691  392.466  0.00995662  -0.00547437  0.00520998
496.606  334.357  0.00528662  -0.00171086  0.0133342
503.585  183.208  0.0139025  0.00623628  0.0111956
507.538  278.639  0.00430169  -0.00222852  0.00291117
498.895  81.0855  0.00448764  -0.000636054  0.00576132
508.442  241.764  0.025618  -0.00447999  0.00957335
502.28  301.59  0.00462285  0.00391802  0.00627103
506.923  481.658  0.00458673  -0.00258039  0.0027234
510.91  472.542  0.0306944  -0.00267092  0.0145994
506.16  36.1479  0.00767128  8.11519e-06  0.00106932
519.773  284.361  0.0272235  0.00694756  0.024286
516.577  443.889  0.00162862  -0.000981798  0.00637246
518.623  328.003  0.00293603  0.00195052  0.0229909
514.613  66.0368  0.0012399  -3.7805e-05  0.000935663
519.015  158.645  0.0041559  0.00244502  0.0032065
518.972  463.25  0.00424033  -0.00321522  0.00891837
531.775  42.1643  0.0114665  -0.00587054  0.00476536
529.51  234.569  0.0049008  -0.00622955  0.0296387
527.745  492.103  0.0142563  0.00373612  0.0278022
534.316  395.489  0.00306892  -0.000803583  0.0313075
544.075  175.366  0.00121764  -9.30954e-05  0.00474645
538.143  17.2353  0.0148962  0.00335315  0.0371502
535.86  284.666  0.01588  -0.00431929  0.00607212
536.525  331.626  0.0305984  0.00214282  0.0319146
527.889  449.965  0.00279611  0.0019174  0.027497
544.553  462.968  0.00432496  -0.00140997  0.0114896
549.198  226.609  0.00158513  -0.000125534  0.00802724
544.33  206.326  0.0109049  -0.00156946  0.00745271
540.78  307.886  0.0328009  0.01078  0.0206985
546.53  121.746  0.0132099  0.00167317  0.00473867
540.595  146.898  0.00624846  0.000774616  0.00952634
542.772  102.98  0.00100652  0.000150489  0.00134744
552.904  404.631  0.0191147  -0.0112249  0.0153701
552.073  352.96  0.0311965  -0.000586179  0.016962
546.483  199.466  0.0152345  0.0104947  0.0102976
553.841  74.167  0.00529017  0.00102464  0.00481024
547.8  430.204  0.005023  0.00294437  0.00363802
561.224  97.9734  0.01941  -0.0171523  0.0208593
559.842  12.6579  0.0221377  0.0141727  0.0363813
566.197  342.517  0.00648982  0.000159751  0.00221434
571.888  268.243  0.000919539  -0.000175845  0.00134952
560.917  78.2984  0.0054737  -0.00191487  0.00279088
564.177  226.547  0.0208458  -0.00273196  0.00780342
560.574  405.151  0.00782945  -0.0078215  0.0133626
571.073  470.102  0.00914489  -0.00665968  0.00792643
579.558  177.939  0.00731249  -0.00293893  0.00512035
579.549  245.437  0.00671264  -0.00696229  0.0376464
578.505  388.431  0.0335058  0.00241262  0.0238955
573.048  23.2517  0.0064962  0.00499136  0.00830958
579.667  68.336  0.00110944  0.000423213  0.0048675
580.456  90.4041  0.00981744  -0.00475759  0.01024
596.466  357.342  0.00178686  -0.00141494  0.0236983
580.575  231.661  0.00666196  -0.00563956  0.0412369
590.218  495.672  0.0181415  -0.00871109  0.010135
589.102  314.331  0.0100883  -0.00108553  0.0331896
588.539  213.043  0.00266627  -0.00329116  0.00818463
592.232  60.8599  0.00786257  -0.00644086  0.0164652
589.808  39.9592  0.0216264  -0.0139466  0.0126456
585.67  47.9417  0.014882  -0.0179036  0.031936
601.251  153.575  0.00393472  -0.00178356  0.00249137
602.749  369.316  0.00479413  3.96569e-05  0.000742246
600.069  418.265  0.0175997  -0.00845246  0.0160433
596.453  292.474  0.00583298  -0.00753691  0.034069
601.299  334.956  0.0046316  0.00259161  0.00311646
591.434  470.744  0.00436852  0.00111161  0.00530025
605.619  17.5913  0.0169389  0.00309573  0.0153658
606.111  73.0498  0.00327216  -0.00242968  0.0044777
606.177  160.078  0.00315578  0.000987351  0.00112935
604.934  29.4357  0.00222353  0.00221634  0.00558998
630.958  268.528  0.00196388  0.00458578  0.0421214
613.971  335.653  0.00773358  -0.000487334  0.0126838
629.247  284.368  0.00331421  -0.00102641  0.00511132
629.273  323.952  0.00700802  0.00768437  0.0262357
623.056  393.701  0.0274391  0.011734  0.0195331
626.634  212.989  0.0271899  0.0038679  0.00951671
630.724  269.666  0.00132224  -0.0012703  0.0215326
631.14  316.627  0.00343918  0.00362288  0.0319827
632.311  304.036  0.0112725  -0.00884886  0.0305902
643.243  70.5329  0.00312966  -0.00111946  0.00787673
627.552  149.013  0.00134347  3.58198e-06  0.00242686
640.676  243.987  0.0086225  0.000956181  0.00172971
633.017  286.639  0.00394855  -0.00351651  0.00519352
636.063  366.789  0.00855607  -0.00230209  0.00400849
646.094  271.919  0.00412776  0.000972194  0.0090702
649.421  166.738  0.00568288  0.00354212  0.0218402
645.861  34.9463  0.00107715  -0.000132556  0.00247788
659.264  326.33  0.00831889  -0.00127521  0.00489526
658.593  310.852  0.00517777  0.00248831  0.0290991
666.422  290.512  0.0024944  0.000387033  0.0033611
652.456  302.262  0.00357971  -0.00430199  0.0275042
659.516  263.22  0.0134499  -0.00350088  0.0288787
663.447  22.5479  0.0152794  -0.0201908  0.0370693
658.024  129.759  0.00279846  -0.00276023  0.00487912
662.774  242.15  0.00202247  -0.00188979  0.0313034
669.671  372.336  0.00842077  0.00104487  0.0026265
674.691  300.227  0.0101221  0.00382041  0.0179722
672.799  414.396  0.0163443  0.00202362  0.0214921
674.135  29.6306  0.0301626  -0.00955195  0.0242754
675.185  180.342  0.0252924  0.00045444  0.0133251
669.608  467.443  0.00690672  -0.000987037  0.0185716
676.858  63.0431  0.0104054  0.0017171  0.00166919
679.877  446.514  0.0109796  -0.0111882  0.0238241
670.266  135.203  0.00165535  0.000972295  0.00257144
681.142  364.472  0.00426841  0.00332628  0.00472025
679.659  385.632  0.0109849  -0.00458401  0.0230528
694.021  161.817  0.00221032  -1.70761e-05  0.00347234
684.376  106.052  0.0129516  -0.000234414  0.00853562
691.098  280.22  0.0119454  0.000222741  0.0213764
696.814  221.46  0.0189727  -0.000235039  0.0362176
703.641  313.736  0.00321034  -0.0044711  0.0300622
702.139  500.406  0.00660456  -0.00395327  0.0386744
706.402  323.589  0.00780211  -0.00831494  0.0173281
693.388  264.207  0.00364475  0.000466041  0.00320558
704.397  451.804  0.00619094  -0.00115857  0.0408928
711.092  105.484  0.00173525  -0.00144819  0.00334509
714.398  127.286  0.00187589  0.00164679  0.0250446
711.345  235.389  0.0278728  -7.12516e-05  0.0256618
713.726  388.327  0.0321256  -0.00371573  0.0224848
712.011  466.245  0.00287982  0.00234306  0.0070191
716.64  112.654  0.00314702  -0.000218819  0.00263003
718.052  406.552  0.024458  -0.00768939  0.0122923
730.799  374.384  0.00234392  -0.00229225  0.0124234
734.87  394.667  0.00294718  0.00126027  0.00290494
727.094  432.752  0.0171333  0.0173322  0.0264627
726.883  45.1341  0.0203355  0.00483607  0.0136824
735.306  108.266  0.00210009  0.000576059  0.00359448
737.414  123.057  0.00852189  0.00970963  0.0156468
738.204  90.1789  0.00478445  -0.00589854  0.0218655
740.767  314.224  0.0209945  0.018434  0.0222596
729.123  359.379  0.00495979  0.00839353  0.0189439
737.667  428.218  0.0212502  -0.0116954  0.0212848
743.46  496.688  0.011379  -0.0129756  0.0232724
731.086  408.067  0.00912361  -0.00805756  0.00988076
742.232  401.111  0.0225912  0.00785721  0.0375048
744.837  174.803  0.00517306  -0.000801297  0.00216977
747.897  251.089  0.00685448  -0.000426264  0.000718682
741.949  484.607  0.00449751  -0.00503635  0.0108412
38.2658  221.056  0.00162847  0.000339152  0.00153033
29.7747  157.351  0.00595283  0.00255109  0.00281639
35.9659  389.747  0.00153932  0.000941503  0.00193708
28.5736  461.088  0.0148816  -0.00282786  0.0044189
29.8473  444.303  0.0102357  -0.00465437  0.00916138
20.9566  91.7086  0.00402714  -0.00181992  0.00366193
36.7194  252.661  0.0237823  0.000429837  0.00733757
34.3129  132.661  0.00819294  -0.00761995  0.0109395
38.8523  416.027  0.00516068  0.0035885  0.00422408
45.26  393.852  0.012283  -0.00221308  0.0173737
60.581  443.396  0.00187801  0.00215032  0.00335959
66.324  130.803  0.0024336  -0.00127761  0.00119287
66.2167  352.615  0.00229636  -0.000520759  0.00941328
58.5231  259.23  0.00196329  -0.000835635  0.00766827
62.143  364.951  0.00177316  -0.0025088  0.0111243
48.9876  91.9685  0.000990877  0.00107004  0.00287233
70.1424  408.069  0.00788312  -0.000882976  0.00703697
86.0003  317.165  0.00079936  0.000159647  0.00108113
78.364  234.248  0.0108039  -0.00201855  0.00617963
79.1086  151.236  0.00438871  0.000259621  0.0035641
77.2232  186.098  0.00388644  0.00100401  0.00430415
90.4101  476.985  0.00414593  0.00108037  0.00411266
67.8215  248.659  0.00256804  -0.000931925  0.00140144
89.841  91.831  0.0155282  -0.00160892  0.00598937
88.3024  114.233  0.00618381  -4.04338e-05  0.0081952
91.67  236.74  0.0100569  -0.000987237  0.0083455
105.738  432.67  0.00245894  -0.00188281  0.0033931
101.402  29.1805  0.00348732  0.0034569  0.00475374
113.386  165.927  0.00120817  0.00122524  0.0084445
97.1078  277.228  0.00763482  0.000806165  0.018024
102.073  107.166  0.00751739  -0.00603009  0.0151512
104.992  293.877  0.00540727  -0.00367877  0.00426655
103.623  473.47  0.00266168  -0.000434085  0.0287068
86.0294  313.654  0.00126639  7.80987e-05  0.00112504
109.479  356.972  0.0140802  -0.000417644  0.0168889
108.425  64.6062  0.00603004  0.000165607  0.0126361
123.245  209.515  0.00364839  -0.000240519  0.00691384
115.568  176.929  0.0113932  0.00377334  0.0134774
120.317  70.6527  0.00242366  -4.10377e-05  0.00203121
122.368  225.4  0.017824  -0.00194442  0.00905406
126.081  256.872  0.0117283  -0.00222657  0.00233021
115.526  448.82  0.00154887  -4.17085e-05  0.00729175
127.976  316.833  0.0149246  -0.00326065  0.0103248
128.62  351.586  0.00265733  -0.00149234  0.00711058
131.168  374.843  0.00893884  -0.0047815  0.0049202
133.771  35.9744  0.00454986  -0.00074907  0.00102629
138.981  154.19  0.0167414  0.000900881  0.0150319
137.759  256.668  0.00550297  0.000635567  0.0160348
140.953  315.169  0.00742825  -0.00332866  0.00415944
148.985  444.337  0.00834401  -0.00287263  0.00477017
147.096  88.3548  0.00682559  0.00365959  0.00510245
148.803  16.4286  0.014975  0.00375844  0.00901731
159.217  43.4447  0.00663236  0.00336846  0.00309843
155.718  417.312  0.00753388  0.00209451  0.00616464
149.749  400.776  0.00252988  0.000105042  0.00121736
183.954  349.056  0.000955923  -0.000670027  0.0109096
149.499  39.2278  0.00093433  -0.000132893  0.0013941
173.375  56.145  0.0119442  0.00444724  0.00541905
179.641  433.208  0.00440979  -0.00133898  0.00196138
190.505  466.398  0.00802888  0.00527039  0.0056854
189.148  386.676  0.0063439  -0.000654696  0.00209535
199.207  424.741  0.00283915  -0.000991976  0.00252438
176.184  186.498  0.000820564  -0.000167566  0.000815397
184.815  273.526  0.00340556  -0.00282681  0.0044165
190.548  223.438  0.000985947  -0.000310045  0.00103403
223.921  69.5892  0.000976001  -0.000937748  0.00506296
208.104  259.005  0.00199192  0.00127675  0.0070156
217.032  389.165  0.000865714  0.000196708  0.0016988
212.92  464.194  0.0121319  -0.000878218  0.00309792
217.933  144.847  0.0157968  0.000771229  0.0150927
216.648  350.506  0.0168732  -0.00413237  0.00876196
199.368  488.133  0.00165346  -0.00226379  0.0146449
231.929  402.086  0.0062268  -0.00223866  0.00619909
230.88  79.964  0.0194935  -0.00232959  0.00635303
258.343  331.916  0.00085928  -0.00101026  0.00504808
233.074  342.973  0.00806165  0.00449947  0.0132596
255.392  463.702  0.00155475  0.00255119  0.00886445
250.012  234.437  0.000403842  3.55532e-05  0.000745146
227.477  302.926  0.00210084  -0.00316605  0.0155293
235.459  480.237  0.00343995  0.000301564  0.00144711
239.026  46.3844  0.0102056  -0.000915031  0.00147602
251.874  119.197  0.0107702  0.0066323  0.00514878
253.943  252.004  0.00135109  -2.96082e-05  0.0155061
250.95  297.28  0.0025108  -0.00207806  0.017307
251.714  382.572  0.0150305  2.91514e-05  0.0165214
256.524  484.551  0.00516146  0.000373845  0.0050372
264.35  412.618  0.0132395  0.000568948  0.00995155
272.046  380.254  0.00555597  0.00463853  0.0120989
252.803  77.7815  0.00165567  0.000476203  0.00163126
267.107  223.445  0.0163736  0.000620499  0.0163736
267.973  154.804  0.0210189  -0.00269309  0.00408054
286.111  293.638  0.00611729  -0.0042327  0.00431089
253.906  333.921  0.00130233  -2.95664e-05  0.00221725
275.923  431.037  0.0137412  0.00099827  0.0081374
278.374  176.966  0.0163736  0.000620499  0.0163736
295.598  322.702  0.00575996  -0.00428695  0.00477353
281.338  106.426  0.01229  -0.00151667  0.00928171
289.37  252.227  0.0124801  9.73643e-05  0.00712237
286.769  296.529  0.00512871  -0.00116509  0.00626679
289.908  447.343  0.00415115  -0.00405794  0.00563738
299.861  178.487  0.00458742  0.00225774  0.00391965
290.927  362.475  0.00455918  -0.00154328  0.0026653
325.787  222.627  0.0017869  0.00392836  0.0126625
314.837  317.801  0.0145389  0.00438144  0.00277617
323.509  456.771  0.002632  -0.00105944  0.00169465
315.862  176.642  0.0124165  -0.00153759  0.00145727
356.912  450.212  0.00217014  0.00115893  0.00298331
345.058  239.367  0.00187175  0.000307114  0.00217847
348.797  328.511  0.000782797  -0.000584331  0.00545232
342  382.826  0.0120926  0.00489372  0.00516931
343.041  422.204  0.00802886  0.00250376  0.00416885
336.772  218.887  0.00420109  0.00376302  0.00547389
353.144  165.215  0.00756602  -0.002926  0.0138417
355.611  144.805  0.0123482  0.00335438  0.0136109
349.367  25.6546  0.00136751  -0.00111893  0.00679006
376.136  365.906  0.0053105  -0.00396681  0.00440181
374.888  299.405  0.00703766  0.00042191  0.0197464
377.303  474.124  0.0108175  -0.00711539  0.0135597
377.62  86.202  0.00847784  0.00453168  0.0184278
396.222  292.845  0.00127181  -0.0028474  0.0227106
377.79  248.68  0.00164511  0.00238078  0.0083293
383.399  231.984  0.0129955  0.00120382  0.0173899
392.323  156.422  0.014414  0.00242929  0.00647283
385.895  270.443  0.00311384  0.000263256  0.00139827
410.23  399.583  0.00119468  0.00127517  0.00421647
419.508  435.689  0.00163135  0.000269754  0.00207136
398.947  75.2706  0.00743605  0.00381991  0.00773926
408.697  43.4557  0.00222395  -0.000134286  0.00098916
426.091  392.082  0.00231304  -0.0029922  0.00914657
416.448  224.843  0.0094844  0.00198881  0.00148986
423.983  408.918  0.00320967  -0.00331411  0.0198311
416.482  187.605  0.000851135  -0.0008582  0.00331304
428.202  130.997  0.00140773  5.77747e-05  0.000963344
448.038  458.792  0.00113993  -0.00106507  0.00910994
436.279  394.916  0.0157495  -0.00480417  0.00915258
444.583  269.942  0.0037318  0.000350332  0.0032291
443.309  127.655  0.00215744  -0.00026979  0.000540487
450.792  200.631  0.0121967  -0.00159184  0.00130819
460.12  325.255  0.00227341  -0.00117598  0.00163498
454.431  392.359  0.0100605  0.000201701  0.0178584
459.122  372.425  0.00283231  -0.000904021  0.00299295
462.135  431.165  0.00744608  0.00556204  0.0131151
474.409  222.901  0.001799  -6.70716e-05  0.00249155
459.997  254.378  0.0160605  0.000240515  0.0162355
476.423  458.654  0.000720996  -0.000376324  0.00316981
467.78  66.7056  0.0005488  -0.000562665  0.00468981
476.205  271.519  0.000605783  -0.000311714  0.00170033
480.984  357.587  0.00637554  0.000981542  0.00247185
477.394  262.651  0.00289209  -0.00419776  0.0097057
494.935  437.242  0.00113154  -0.00136539  0.00532971
501.097  258.522  0.00213699  -0.00422013  0.0104027
492.358  45.4617  0.0146106  -0.0022716  0.0135975
497.832  175.45  0.00387276  -0.000500051  0.00110394
494.613  224.067  0.0161404  -0.00232191  0.0108122
499.941  354.297  0.00906337  -0.00118135  0.000859695
497.525  359.139  0.0105507  -0.0015797  0.00696347
502.051  100.863  0.0113809  0.00181528  0.00687054
508.163  180.348  0.00539259  0.00378193  0.0104409
509.325  491.788  0.00867404  -0.00231046  0.00510037
513.321  127.707  0.0034095  9.61049e-05  0.00552257
505.64  391.078  0.00299247  -0.000453504  0.0151019
518.23  260.914  0.00665914  -0.00390655  0.0111188
515.42  75.0561  0.00113497  -8.55035e-05  0.000493622
509.638  166.715  0.00310919  0.0016679  0.00191115
526.873  234.63  0.0061048  -0.00106486  0.0195643
537.696  420.576  0.00186  0.00216666  0.00774302
528.149  394.347  0.00841048  -0.00512564  0.016015
537.702  17.4682  0.0153015  0.000808987  0.0234378
544.572  123.894  0.0152286  -0.00166377  0.0117422
548.98  402.137  0.0103947  -0.00259549  0.0158925
563.601  75.9372  0.0015704  -0.000717117  0.00468541
540.387  426.655  0.00114172  0.000301063  0.00325564
561.598  98.6616  0.0116822  -0.00850444  0.0119622
563.036  257.96  0.000567859  -0.000574515  0.00276698
564.975  37.6663  0.0109825  -0.00843313  0.01608
558.581  359.211  0.00224416  -0.000269782  0.000425944
579.844  263.264  0.00276574  0.000421393  0.000863372
571.108  191.705  0.00295862  0.000843037  0.00124702
578.154  17.5697  0.0113682  -0.0037403  0.0121294
587.767  355.694  0.00178756  9.27682e-06  0.0235642
580.734  233.916  0.0084903  0.000671909  0.0101404
598.147  98.5297  0.00112181  -8.79527e-05  0.00207054
572.661  473.103  0.00667362  -0.00421451  0.00400225
581.412  51.3085  0.011473  -0.0106983  0.0114439
594.868  354.924  0.00171417  -0.000609315  0.022134
597.997  291.873  0.00701134  -0.00258071  0.0181025
600.665  418.753  0.0124772  -0.00695432  0.0132064
607.795  409.762  0.00400627  -0.00319529  0.0219231
601.587  184.736  0.00583128  -0.00385569  0.00832518
613.064  98.3681  0.00352216  -0.00116508  0.00486588
628.271  268.657  0.00105011  0.00143876  0.0254983
611.622  226.315  0.0143649  0.00759753  0.0093474
611.737  339.558  0.00864091  0.0022621  0.00626472
595.952  460.778  0.00204421  0.00119998  0.00207318
627.204  82.8735  0.00381002  -0.0018938  0.00231406
622.052  206.835  0.00857153  -0.001073  0.0037176
634.592  290.946  0.00110499  -0.00132329  0.00439761
623.973  392.581  0.0132398  0.00211487  0.0080387
628.675  164.92  0.000485558  -1.46426e-05  0.000437334
627.118  243.129  0.0109878  -0.00182346  0.00453909
613.434  489.218  0.00105344  -2.42707e-05  0.0066952
633.247  372.943  0.00310879  0.000467295  0.00145685
639.623  270.895  0.00479034  -0.00139956  0.00683246
639.652  98.7884  0.00491405  0.00121554  0.00723223
648.251  60.0139  0.00979729  -0.0100195  0.0151992
649.868  483.207  0.0143758  -0.000270644  0.0193621
653.583  411.878  0.0126492  0.00211533  0.0151302
658.087  311.164  0.00471586  0.00121643  0.0182969
658.862  263.046  0.0145664  -0.000469284  0.0164116
661.712  129.096  0.00179588  -0.00181364  0.0035723
653.82  44.656  0.00142648  -0.000817704  0.00135245
668.224  108.59  0.00481234  -0.00356829  0.00639586
671.859  415.175  0.0133133  -0.000757778  0.0172787
674.355  302.872  0.00537146  0.00417579  0.0114974
675.701  47.7197  0.00189063  -9.70118e-05  0.00105778
698.32  29.1273  0.00132113  -0.000673438  0.00169729
677.446  242.094  0.000903193  -0.000209834  0.00179298
678.26  98.1837  0.00954444  -0.00651852  0.00537266
692.97  269.133  0.00324547  -0.00231022  0.0132441
696.349  215.69  0.00302987  -0.00227973  0.0221208
688.527  355.495  0.0050253  -0.00129424  0.0210125
706.105  454.531  0.00203682  -0.0018458  0.0131371
712.544  314.1  0.00137777  -0.00161652  0.0186398
708.592  55.4225  0.00948334  -0.00436236  0.0168143
717.347  128.687  0.0019706  -0.00199009  0.0122593
696.417  230.007  0.00318025  0.00157043  0.0022227
697.877  423.883  0.00182638  -0.00108796  0.00208221
712.197  33.5668  0.00674762  -0.00635201  0.0142552
697.833  341.693  0.00197949  0.000334862  0.00134565
727.559  124.096  0.00672767  0.0044905  0.00394709
713.019  380.923  0.00916695  -0.0010271  0.00540946
723.567  336.161  0.00752338  -0.00270197  0.00230825
725.552  47.4548  0.0203997  0.00406176  0.007497
726.042  485.456  0.0118246  -7.01111e-05  0.0199349
736.444  463.833  0.00758138  0.00557543  0.0139908
738.008  91.0732  0.00496118  -0.00271694  0.0220628
735.14  211.436  0.00610566  0.00191659  0.00659771
734.467  379.027  0.00412015  0.00104601  0.000907689
741.526  400.665  0.0153856  0.00249226  0.0174969
27.0105  441.579  0.00840288  -0.00544209  0.00719082
49.1286  337.065  0.0027951  -0.00250009  0.00824667
64.1374  352.227  0.00176958  -0.000612027  0.00667805
63.6825  248.591  0.0023929  0.000723661  0.00134495
59.5044  375.572  0.0029376  0.00129585  0.0028526
76.2608  187.406  0.00373027  0.00134027  0.0028973
82.5233  146.444  0.00336356  0.00124146  0.00232824
105.466  26.4448  0.0025182  -9.0927e-05  0.0106255
115.936  78.3466  0.00402069  -0.000977822  0.00185623
120.026  208.123  0.00284855  -0.000232526  0.00494081
129.075  132.215  0.00120392  0.000395212  0.000538717
127.854  317.32  0.00818556  0.00114288  0.00732893
146.81  308.657  0.00207422  0.00058848  0.00173511
150.59  223.989  0.00765193  -0.000449819  0.00739348
159.329  284.104  0.00246184  -0.00266042  0.00424058
174.509  53.6206  0.00802829  0.00309258  0.00341014
168.662  434.363  0.00157781  -0.000926985  0.00228462
161.988  316.408  0.000528527  -0.000142855  0.00386315
178.971  382.489  0.0017241  -0.000999676  0.00265917
205.666  410.206  0.00175537  0.000731118  0.000822017
221.819  73.2357  0.000665322  -0.000300218  0.000814453
200.95  255.689  0.00168407  -0.000708265  0.00328408
218.663  417.13  0.00626017  -0.00388202  0.00605402
251.525  418.868  0.000606374  -0.000750341  0.00143773
252.531  250.708  0.00150014  9.21743e-05  0.00716758
256.176  482.108  0.00459226  -0.000341361  0.00351126
262.105  164.227  0.00448199  0.000646535  0.00110146
278.226  277.695  0.00332872  -0.000266856  0.00662559
253.72  335.89  0.000843442  -0.000121892  0.000986146
277.842  88.01  0.000340931  0.000239539  0.00117307
306.923  399.858  0.00486181  -0.000925471  0.00711588
313.906  314.076  0.00916015  0.00118062  0.00142269
332.547  284.883  0.00524784  -0.00385043  0.00750784
331.15  28.2181  0.00670948  0.00345445  0.0124165
352.502  165.411  0.00529978  -0.000893983  0.00890815
391.258  396.449  0.000419706  0.000821114  0.00789517
377.083  361.655  0.00424856  -0.00278095  0.00298902
412.357  242.245  0.00557066  -0.00120905  0.000772374
417.232  239.839  0.00246956  -7.94848e-05  0.000526454
417.52  126.19  0.00267557  0.00141657  0.00188729
436.638  272.905  0.00158127  0.00102798  0.00335185
444.771  160.645  0.00305738  0.000850053  0.00791656
455.495  325.964  0.00192134  -0.00162573  0.00249002
447.828  464.975  0.000343859  -3.67716e-05  0.00204719
472.698  59.7547  0.000697834  0.000427035  0.00131781
489.147  161.385  0.00284511  -0.000345264  0.000426715
494.451  440.222  0.000704063  -0.000686098  0.00309075
483.115  250.851  0.00109519  -0.00159783  0.00790956
488.43  319.669  0.00371217  -0.000224292  0.00555143
475.938  173.091  0.000375666  -9.72242e-07  0.00126825
517.523  58.9413  0.00184263  0.00102796  0.00115535
514.879  484.494  0.00205648  0.00132149  0.00312934
507.488  120.142  0.00298489  -0.000191378  0.00101641
502.157  415.03  0.00517811  0.0010438  0.000612014
545.926  275.62  0.000655416  0.000834731  0.00161627
549.834  205.826  0.00205067  -0.0020803  0.00548574
549.153  120.679  0.00495256  0.00223026  0.00557606
546.671  406.065  0.00126054  0.000859616  0.00607141
537.935  68.4755  0.000543804  -0.00103139  0.00436993
549.751  225.558  0.00142589  -0.00124244  0.00671333
560.937  356.653  0.000797505  0.00048249  0.000544957
575.862  263.664  0.000867632  -0.00025547  0.000897175
601.626  94.271  0.00131082  -0.00160601  0.00564796
618.358  270.384  0.000671793  0.000777142  0.00842315
621.183  205.859  0.00425079  0.000190809  0.00274917
616.143  369.363  0.000596847  -0.000294912  0.000891686
636.27  92.2182  0.00498122  -0.00172434  0.00208111
665.587  52.2391  0.00098163  -0.000884733  0.00156383
656.706  462.673  0.000402765  8.95671e-05  0.000650757
658.353  326.399  0.00616454  -0.00149941  0.00396298
665.493  260.952  0.00348  0.00278913  0.00945376
673.389  465.15  0.00412604  0.00271438  0.0127329
676.927  366.095  0.00392463  0.00442671  0.00702783
700.648  35.8108  0.00169403  -0.000629591  0.00496969
723.891  361.693  0.00341884  -0.00164101  0.00130332
730.533  476.127  0.00978815  0.00560815  0.00505835
732.753  210.127  0.00487037  0.00119252  0.00498915
