1.0
791
23.3544  32.1677  0.0041295  0.00633131  0.0289
17.2434  416.075  0.00334331  -8.08997e-05  0.0152158
17.751  163.335  0.0304693  0.00115271  0.0031736
17.6353  301.365  0.0488558  0.00612096  0.0269467
20.0201  268.372  0.0120261  0.00489099  0.00336648
28.025  347.557  0.00505377  0.00105739  0.00330537
18.7476  351.458  0.00671824  0.000724599  0.00206715
24.3126  107.182  0.00843931  -0.00575348  0.00618732
26.322  329.288  0.0131631  -0.003533  0.0147492
28.8559  415.881  0.0273485  0.00791712  0.0225761
31.8496  41.6991  0.0234074  -0.00303776  0.0309754
32.6165  436.677  0.0319666  0.00572914  0.0168972
34.411  468.712  0.00464939  0.000440712  0.00366917
36.3064  96.2341  0.00482464  -0.00326743  0.00691041
35.6126  246.622  0.0346519  -0.00263957  0.0216113
25.6087  491.304  0.0124848  0.0209981  0.0456052
40.3341  165.54  0.00306773  0.00110594  0.00260878
35.4601  227.722  0.0149053  0.00568894  0.00439495
32.1055  305.069  0.00696194  -0.00334324  0.00598722
40.6859  122.929  0.0262779  -0.00841429  0.0171055
41.3986  294.769  0.0141513  0.00428796  0.00749419
36.554  349.209  0.00244827  -0.00448419  0.0276597
34.6811  92.399  0.00887003  -0.00683299  0.00769344
46.2066  496.436  0.00299645  -0.00116089  0.0129272
53.0508  302.678  0.0301559  -0.00513427  0.0237112
52.4233  337.87  0.00657692  -0.00172571  0.0193366
63.8471  384.638  0.00159716  0.000311703  0.00137179
57.4373  112.708  0.013502  -0.000550569  0.00358303
59.3401  348.476  0.0205846  -0.00297437  0.0137321
60.5519  423.109  0.00440219  -0.000839819  0.0481255
57.6181  124.601  0.00912285  -0.00321728  0.00296143
63.6625  81.4763  0.0193379  0.00462788  0.00290813
67.3333  304.592  0.0138576  -0.00283847  0.0287745
68.2418  42.8758  0.0172433  -0.00948511  0.0249072
69.3255  174.78  0.015657  -0.00124685  0.00170593
65.5241  463.942  0.00744712  0.00274345  0.00322615
65.0455  355.841  0.00719332  0.00470686  0.01669
63.0806  411.242  0.00353075  0.00953794  0.0331105
72.9621  454.356  0.0141746  0.00660382  0.0394898
75.1037  291.043  0.0151905  -0.000148392  0.0219184
74.6763  328.965  0.00894502  -0.00138276  0.0317419
71.3551  434.762  0.00321865  -0.000559155  0.00293727
80.1549  470.106  0.0100858  0.0034555  0.00292947
79.4093  461.595  0.0145113  0.00653029  0.0128707
74.8167  177.2  0.00135215  -0.000103181  0.00453276
66.4925  379.232  0.00212465  -0.000435035  0.00161746
85.4488  222.312  0.027607  -0.0104028  0.00548347
84.1811  496.236  0.00716696  -0.00339478  0.0200254
81.0928  82.5921  0.0012011  0.000777917  0.00944292
80.2162  142.058  0.00286636  0.000960974  0.00256387
95.8989  453.652  0.00688926  0.000479192  0.0128094
88.2393  181.313  0.012437  0.00581974  0.00664394
93.7064  393.637  0.016066  0.00352857  0.00465767
94.0191  409.887  0.00257725  0.000859403  0.00583793
96.4848  26.8303  0.0109193  -0.00597732  0.0320528
97.0251  489.167  0.0107697  0.00141991  0.0188428
98.6237  327.812  0.00368209  -0.000803784  0.00838101
97.5217  365.371  0.0139067  -0.00141677  0.0161042
99.4  187.611  0.0106798  -0.000471489  0.00736332
100.64  408.211  0.03473  0.0092268  0.00641734
103.796  356.828  0.00355878  -0.00309356  0.0108335
109.923  310.511  0.00326063  0.00134111  0.0073992
104.817  35.8696  0.0266459  -0.00721706  0.0264219
104.971  410.557  0.0278474  -0.00135818  0.0166026
112.875  297.537  0.00282184  -0.00383467  0.0170476
115.192  242.94  0.0196954  -0.00260741  0.0165855
114.298  215.034  0.0035741  -0.00386364  0.0136046
109.701  357.461  0.0126605  -0.0102024  0.0147015
111.997  157.097  0.00558412  0.00562462  0.0146258
119.049  22.4296  0.0198277  -0.0093434  0.0195557
130.8  456.84  0.0017853  -0.00110571  0.00719857
122.667  244.529  0.0319889  -0.00131013  0.02828
123.815  294.182  0.011999  -0.000198582  0.00554797
124.209  90.3198  0.00885667  -0.000219593  0.00304444
122.862  192.815  0.0101738  -0.00651986  0.014839
128.907  186.215  0.0323492  -0.00318381  0.0258368
121.538  312.505  0.00184017  -0.00156739  0.00932482
132.979  481.218  0.00384607  0.00315252  0.0148216
127.274  67.7279  0.00354515  0.00227854  0.00544984
132.172  268.889  0.00254874  0.00148345  0.00184687
125.901  405.453  0.00529432  -0.00629483  0.0189767
142.264  24.8142  0.00259536  0.000958719  0.0048093
143.837  328.524  0.00140343  -0.00016311  0.013303
137.069  135.09  0.00362678  0.00156232  0.0045328
130.946  43.023  0.00340303  -0.00146247  0.0141555
154.703  419.353  0.00467055  8.10222e-06  0.0019547
149.832  483.947  0.0270372  0.00278576  0.0368966
156.934  154.628  0.00417383  0.00814524  0.0249916
152.007  268.599  0.0158771  0.00544787  0.00853301
148.386  414.327  0.00343671  -0.00122868  0.0023113
152.986  460.416  0.0173182  0.0112602  0.0127821
157.137  192.967  0.00616832  0.00435672  0.0104697
155.581  241.067  0.0298432  0.00193765  0.0280355
149.113  327.635  0.00538943  -0.00778494  0.0168713
169.351  39.8538  0.00359711  0.004124  0.0241216
170.272  364.998  0.00312667  0.00140024  0.00377194
161.379  390.775  0.00161675  0.000491971  0.00566725
174.625  330.53  0.00432837  -0.00380057  0.0303321
163.164  313.437  0.0054733  0.00808866  0.0243057
177.646  180.808  0.00395368  0.00292166  0.00882163
174.525  98.4848  0.0315166  -0.00129433  0.030136
179.333  294.691  0.0073874  0.00567489  0.00876324
174.111  352.674  0.0199464  -0.00385991  0.0191175
184.31  252.266  0.0155286  -0.00689152  0.0128075
191.181  379.324  0.00483116  -0.000571887  0.00319236
185.981  276.104  0.00564095  0.0027653  0.0159527
182.738  336.306  0.0135455  -0.00191892  0.0225933
175.753  85.6995  0.00590062  0.00313578  0.0037123
186.152  198.681  0.0177612  0.0112542  0.01572
190.575  433.977  0.0117965  -0.00796033  0.030605
184.568  141  0.00557717  -0.0025801  0.0164912
185.496  228.134  0.00800904  0.00901424  0.0172703
182.926  358.221  0.00316014  -0.00124235  0.00642199
192.987  407.94  0.00223172  -0.00117356  0.00674483
192.2  164.967  0.0254014  -0.00257918  0.0256885
190.949  297.892  0.0135626  0.00275548  0.0252584
208.367  437.385  0.00284426  -0.000349994  0.00354768
211.217  294.508  0.00218529  -0.0044919  0.0150147
199.679  283.223  0.00625548  -0.00177769  0.00848816
199.786  70.2474  0.0091882  -0.0043471  0.00636967
202.362  112.581  0.025054  -0.000643626  0.033863
201.132  179.669  0.00678352  0.0043654  0.0193562
194.187  405.93  0.00388077  -0.00393218  0.0102955
206.678  450.559  0.0285107  0.0130939  0.0107486
206.275  142.842  0.0143974  -0.000321853  0.00692736
205.58  356.446  0.0212956  0.00401159  0.0356824
207.218  380.748  0.00730724  -0.000586425  0.0118664
199.164  396.35  0.00431118  -0.00499894  0.0233307
206.657  200.486  0.00724634  -3.88066e-06  0.00370446
209.224  419.691  0.0148978  0.0096303  0.0115653
211.361  494.738  0.0107575  0.00253782  0.00469241
214.669  142.166  0.0313454  -0.00297943  0.00904629
216.154  463.906  0.0112195  -0.00222269  0.00406798
226.302  105.749  0.00226687  0.000117323  0.0012283
209.68  235.959  0.0046819  -0.00318194  0.0044851
228.817  283.385  0.012127  -0.00320769  0.00310926
229.328  185.479  0.00156221  3.67086e-05  0.014261
229.684  257.393  0.00227235  -0.00273517  0.0282774
226.638  353.065  0.0218585  0.00848249  0.0102809
224.079  388.763  0.0319677  -0.00279442  0.0204771
222.498  434.66  0.0193407  -0.00219245  0.00733916
226.966  289.998  0.00975338  0.000553377  0.00139993
232.21  389.265  0.0177851  0.00650527  0.0134721
248.555  134.5  0.00204931  -0.00222429  0.0131546
234.173  308.714  0.0357737  0.00384606  0.014354
235.351  375.896  0.020624  -0.00903289  0.0277398
239.769  333.247  0.00500711  0.00489093  0.0184091
230.884  452.808  0.00157161  0.00131412  0.0203608
245.835  431.095  0.0130853  -0.00756653  0.00721978
245.695  68.1786  0.00106987  0.000882134  0.0157659
243.503  107.112  0.00355448  3.07187e-05  0.00229123
231.979  198.671  0.0024595  -0.00105178  0.0277492
237.33  457.376  0.00623103  -0.00240164  0.00247557
228.574  185.498  0.00225731  -0.000559148  0.00835015
251.433  202.111  0.00736777  0.00430329  0.0106394
238.329  271.7  0.00608164  0.00350599  0.00781179
241.811  238.336  0.00698035  0.00424866  0.0150998
254.964  181.511  0.00971483  -0.0107924  0.0175045
251.99  442  0.027033  -0.0090663  0.00974422
251.211  283.117  0.00286053  -0.00202799  0.0115012
244.25  154.834  0.00135744  0.000778152  0.00445646
259.804  230.138  0.00585969  -0.00240568  0.010548
247.437  128.849  0.00435577  0.00262706  0.00654421
275.518  410.144  0.00413252  -0.00184506  0.00328056
256.629  476.831  0.00882636  0.00514711  0.0122526
252.569  498.128  0.00844241  0.00190643  0.00848187
262.528  37.8794  0.0258457  0.0113848  0.00640048
257.839  252.435  0.00984067  0.00764389  0.0164836
256.549  350  0.00955823  0.00388771  0.0292588
259.021  426.007  0.0047392  -0.00112259  0.00593117
276.838  235.447  0.00507695  0.00953398  0.02691
264.816  186.002  0.00399908  -0.00287456  0.00336637
262.495  378.159  0.0159426  0.00246283  0.00344782
261.059  32.1856  0.00146402  -3.68867e-05  0.00151834
266.421  386.082  0.00163055  -0.00116104  0.0163325
277.145  12.145  0.00872793  0.00250831  0.0571626
272.809  311.09  0.00649677  -0.00600814  0.0110261
288.463  291.267  0.00426201  -0.00062159  0.00778668
289.96  376.881  0.00212113  -0.00176056  0.00515184
290.106  109.335  0.00159769  -0.000559649  0.00301094
271.513  197.358  0.00244025  0.00183207  0.00521819
274.45  177.936  0.00252107  0.00123547  0.0136959
286.947  428.182  0.00608005  0.00140066  0.0346014
289.632  17.0287  0.0163567  0.00982537  0.0222011
289.803  69.6479  0.0237825  -0.00236115  0.00726264
288.081  229.422  0.00688682  0.00345946  0.0243527
292.005  344.99  0.0191183  -0.0118313  0.0122224
298.32  199.734  0.00726449  -0.000983184  0.00502742
297.385  210.928  0.00468801  0.00252476  0.00335458
300.564  329.37  0.0116382  -0.00517097  0.00970673
292.544  463.741  0.00677017  -0.00217564  0.00818394
295.976  36.4028  0.00111182  -9.51919e-05  0.00128667
308.136  171.566  0.00243357  -0.000185745  0.012847
301.878  85.8214  0.00481551  -0.000678638  0.00353517
302.635  182.481  0.0288626  -0.00223922  0.0297205
312.055  367.551  0.00308977  4.77811e-05  0.00371851
308.186  30.0052  0.00614268  -0.00845784  0.0492718
306.794  55.0294  0.0149694  -0.00729401  0.0233137
315.357  362.305  0.00377764  0.00173936  0.00335171
311.3  210.415  0.00656045  0.00210059  0.0161962
314.896  215.736  0.0274662  0.0020985  0.0308813
330.078  250.335  0.00177353  0.00107948  0.00484726
313.439  72.0084  0.0143083  0.00689665  0.0125849
327.177  95.3226  0.00251052  0.000491936  0.00422881
322.783  226.588  0.00522888  -0.00172967  0.00200167
337.231  294.422  0.00178545  0.00114608  0.021015
319.097  169.508  0.000552232  0.00023277  0.00808478
331.873  304.225  0.00796145  0.00500002  0.00454439
326.98  256.752  0.00901084  0.000617212  0.00864004
334.782  442.471  0.0149459  -0.00158882  0.034457
341.916  385.686  0.00382661  0.00188824  0.00466184
330.031  455.293  0.00779327  0.00132534  0.00522685
345.622  111.163  0.00423912  0.00420455  0.0136713
334.996  358.642  0.00631741  0.00675994  0.0220133
333.304  477.76  0.00573356  -0.00410832  0.00854504
338.233  179.555  0.00120614  0.000558088  0.018732
342.24  340.952  0.0268809  0.00359802  0.00555854
341.795  448.179  0.0245909  -0.00516923  0.0307971
341.49  138.558  0.00248009  0.00232653  0.0162849
344.561  473.614  0.0298915  -0.00698415  0.0243046
351.326  269.678  0.0209233  -0.00840197  0.00822555
345.471  164.943  0.00973345  -0.00186742  0.00708582
335.222  291.12  0.00238637  0.00338882  0.0188566
352.273  215.194  0.0194192  0.00709563  0.0103502
344.723  377.709  0.0039439  -0.00164314  0.0133753
360.551  457.556  0.00719215  0.000452088  0.00154991
371.996  72.0584  0.00415052  -0.00210206  0.0027952
359.129  390.188  0.00353869  0.00381976  0.0127339
362.997  427.714  0.00551921  0.000687971  0.0136492
362.041  247.466  0.00882889  -0.00308639  0.00936059
362.197  222.056  0.00928072  0.0034123  0.0180251
369.094  446.34  0.00272839  0.0016841  0.00254058
368.55  172.919  0.00840639  -0.00197587  0.00708807
372.444  372.072  0.00531433  0.00210072  0.0112544
370.024  81.6608  0.00276131  0.000180612  0.0017239
375.423  118.577  0.02229  0.00830498  0.00899398
379.017  143.206  0.000655758  0.000254933  0.00256298
380.637  301.649  0.0136255  0.00783659  0.0132349
378.018  319.127  0.02682  -0.00560907  0.0294008
382.086  142.456  0.00599341  -0.000127589  0.00202023
387.704  287.703  0.00188014  -0.000589422  0.000854036
388.267  194.353  0.0218657  0.00926261  0.0210762
401.474  373.869  0.0034064  0.00071934  0.0019174
389.489  183.759  0.0167915  0.00169375  0.0166365
394.021  472.149  0.0120194  -0.00028766  0.0078231
388.082  148.122  0.00579266  -0.00591463  0.0084452
404.878  292.487  0.00229326  0.00335019  0.00993081
396.362  81.6528  0.0102464  -0.00576841  0.0113594
407.054  240.816  0.00171018  0.000341114  0.000762334
405.779  491.545  0.00142542  0.000587654  0.00563738
401.209  350.963  0.00861997  -0.00233536  0.0364481
409.455  367.448  0.00235531  0.00233027  0.00887574
406.993  358.965  0.0146411  -0.000160892  0.0283298
406.007  16.8108  0.0195034  -0.00573041  0.0133457
408.009  211.202  0.0258477  -0.00516633  0.0306664
410.782  249.915  0.00981751  0.00776717  0.0376141
409.015  392.742  0.00325674  -0.00294966  0.00557796
416.456  127.544  0.026999  0.00292602  0.031135
415.336  305.507  0.0250038  0.00276734  0.0149128
416.531  99.7862  0.00321464  -0.00283595  0.00535419
414.535  197.22  0.0180681  -0.0149402  0.016759
424.76  20.3516  0.00315471  2.39682e-05  0.00507866
427.583  264.586  0.0130407  0.00733944  0.00701144
435.016  132.269  0.0035952  9.41914e-06  0.0073404
426.626  363.818  0.0328482  0.00148464  0.0297175
438.965  446.691  0.00576196  -0.00167147  0.00172961
435.028  246.636  0.00386417  -0.00258405  0.0409058
432.404  411.498  0.00169982  0.00165769  0.0370396
429.757  72.1165  0.034588  0.00229607  0.0256323
435.725  81.1065  0.00257794  0.00114417  0.0302539
435.631  454.931  0.00142842  -0.000549015  0.0198328
436.643  339.004  0.00119518  -0.0010652  0.00557103
427.269  381.704  0.0180618  -0.00411983  0.00498011
427.728  145.038  0.0077521  0.0123873  0.0300785
433.214  289.095  0.0128234  0.0114905  0.0221933
434.176  355.216  0.0288702  -0.000952738  0.0125075
441.009  486.991  0.0196289  -0.00840929  0.0372974
452.456  40.9955  0.00200633  -0.000607439  0.00419546
434.804  133.441  0.00106704  0.000948149  0.00801351
444.876  104.673  0.0171769  0.00394621  0.0238981
445.658  191.935  0.0128735  0.00834676  0.0190965
449.355  290.62  0.00826129  0.00421714  0.0159941
442.523  411.667  0.0171663  0.0125584  0.035063
435.741  244.17  0.00333443  0.000704981  0.0196602
447.578  178.939  0.0147649  -0.00191307  0.00701853
446.178  159.799  0.00740808  0.00161411  0.0147363
450.53  319.111  0.0242881  0.00443432  0.0287851
453.277  419.165  0.00301991  0.00354811  0.00877558
458.784  336.686  0.00385593  0.00414212  0.0108625
456.032  64.7947  0.00577825  -6.44783e-05  0.00181923
462.848  483.026  0.00151849  -0.000284597  0.0031292
461.31  139.034  0.010755  0.00769062  0.0272082
464.73  488.05  0.0012393  -0.000569832  0.00492146
456.292  403.327  0.00300631  0.00145476  0.0177999
467.695  423.754  0.020978  -0.0074861  0.0147207
466.156  300.487  0.00192723  -0.000565978  0.0024774
473.942  351.184  0.00281941  -0.00210606  0.0511271
466.36  426.134  0.00226083  -0.000797608  0.00323374
471.107  147.337  0.00955054  -0.00221549  0.0104236
471.769  237.609  0.0108491  -0.00960239  0.0334661
475.081  325.027  0.00896961  -0.00396118  0.0401354
474.388  102.782  0.0162197  0.0062085  0.027879
476.264  205.552  0.0242224  0.00534911  0.00921742
475.653  32.4338  0.0108955  -0.00440395  0.0114906
485.391  434.568  0.0105858  -0.00437346  0.00623838
489.086  391.077  0.0030493  0.00149416  0.00695654
481.857  99.7912  0.00542148  -0.00439851  0.0434086
489.671  274.717  0.0139316  0.00106739  0.00415316
495.742  451.883  0.00655336  0.0032653  0.0129787
482.307  466.524  0.000976468  -0.000849913  0.00646018
490.767  246.312  0.00894396  0.000557237  0.0288341
502.252  81.5876  0.01647  -0.0147297  0.0183398
500.53  193.098  0.00612273  -0.00538081  0.0176074
495.326  343.752  0.0221624  0.00370906  0.0209928
502.986  127.258  0.00447604  -0.00431345  0.0373141
491.437  120.529  0.00156516  0.00431255  0.0402054
503.45  167.024  0.00393906  0.00216573  0.00361089
499.545  221.752  0.0288017  0.000607109  0.0306258
497.595  138.609  0.00103571  -0.00032381  0.00343245
506.617  155.305  0.0121288  0.00144911  0.0229454
499.184  323.554  0.00231758  -0.000672794  0.00901302
521.628  360.649  0.00325579  -0.00101153  0.00569542
510.959  180.017  0.0162563  0.00400778  0.0350547
508.137  384.305  0.0176681  0.00895513  0.00623636
517.787  203.386  0.0178437  -0.00077091  0.0309157
525.534  463.242  0.00550174  0.00369594  0.0069927
525.556  488.9  0.00929092  -0.00130705  0.0358218
535.38  258.239  0.0109649  0.00214766  0.00655363
530.165  179.098  0.0125703  0.00791491  0.0143515
539.043  350.526  0.00616875  0.003235  0.00554852
536.983  169.35  0.0307428  -0.00921691  0.0223072
539.48  396.546  0.00588803  0.00232585  0.0217807
534.08  154.024  0.00171035  0.000210822  0.00482647
553.027  481.889  0.00221155  -0.00042524  0.00986503
539.099  30.9847  0.0134675  -0.00964079  0.0410171
539.212  241.792  0.0119413  0.00128901  0.0158422
539.032  55.836  0.00269565  0.00265802  0.0212453
543.991  97.6389  0.0306613  0.000603234  0.0261009
536.496  105.311  0.00623103  -0.00422458  0.00825069
552.795  384.591  0.0121405  -0.0117479  0.0162347
552.594  115.396  0.00820401  0.00980465  0.0224753
550.019  166.916  0.00654782  0.0011585  0.00552517
559.357  135.595  0.0227935  -0.00374817  0.0124857
561.606  215.751  0.002583  0.00128333  0.0250334
557.883  250.094  0.0093282  0.00232327  0.0128366
566.562  448.558  0.00508347  0.00488575  0.00727118
566.723  280.429  0.00420791  -0.000127031  0.0386892
564.991  392.973  0.0312497  0.00242336  0.0238761
577.837  461.093  0.00449371  0.00619025  0.022707
568.825  172.957  0.00102351  -0.000915933  0.00568037
558.879  396.588  0.00214737  -0.00341001  0.0123938
566.863  359.106  0.02352  -0.00761242  0.00700236
565.022  185.933  0.0048659  0.00266135  0.0361952
573.938  445.376  0.00509964  0.00134799  0.00387546
586.27  327.501  0.00175631  -0.000853071  0.00958604
576.875  378.193  0.00220106  0.00468383  0.0194245
569.451  14.922  0.00869337  0.0104442  0.0171206
574.098  462.775  0.0055728  -0.00182214  0.0147534
578.621  130.113  0.00462488  -8.43174e-05  0.031129
580.574  311.557  0.0203329  -0.000280681  0.0352202
583.859  210.485  0.0256794  0.00607659  0.00632109
585.631  231.832  0.018295  0.00264804  0.0229207
582.411  260.322  0.000697223  -0.000128275  0.0024346
586.176  401.287  0.0193807  0.00930702  0.0303089
588.084  51.006  0.0129554  -0.000555486  0.018121
591.358  127.139  0.0113178  0.0033423  0.0281437
583.14  378.881  0.00634341  0.0115418  0.0286676
601.113  230.255  0.00475166  -0.00300815  0.0414164
593.679  74.8943  0.0100969  0.00270155  0.010406
600.222  463.404  0.0128641  0.011807  0.0229589
594.735  157.894  0.0155048  -0.0129982  0.0167133
611.679  246.948  0.00247578  -0.000897413  0.00461243
599.144  177.135  0.00186446  0.00275526  0.0153569
598.949  221.355  0.00269202  0.000351005  0.019774
605.782  155.669  0.0179645  -0.00177937  0.0238006
599.715  461.918  0.00363737  0.0014857  0.00709789
617.272  314.101  0.00193026  0.00105132  0.0173989
613.277  54.1176  0.0278983  0.000938583  0.0228398
612.556  101.711  0.0193563  -0.00493725  0.0150879
615.074  263.015  0.0202711  1.96125e-06  0.0223689
615.476  342.98  0.0175169  0.00117856  0.0062347
621.707  481.403  0.0050028  0.00260289  0.00377505
622.072  459.159  0.0203726  0.0122699  0.02653
627.434  160.277  0.0158904  -0.0121142  0.0274041
627.741  58.4598  0.0304121  0.0047567  0.00999691
641.956  427.444  0.00221577  0.00100269  0.0201078
634.557  184.988  0.0079137  0.00183761  0.00175366
629.956  46.7544  0.0197118  0.00242566  0.033627
629.622  260.762  0.0182212  -0.00295307  0.0149472
635.422  210.65  0.00580426  0.00691748  0.0223057
633.478  493.244  0.0287681  0.00306472  0.0406042
632.064  451.929  0.0124016  0.00361253  0.0380782
629.693  53.1406  0.00219399  -0.000424663  0.00222933
638.638  268.233  0.0167371  -0.00595314  0.0223393
634.953  407.568  0.0126071  0.0014449  0.0308882
643.47  379.799  0.00245761  -0.00136145  0.0087244
637.569  131.57  0.0116967  -0.00298176  0.00261409
638.966  140.879  0.00946129  -0.00201817  0.00454204
649.759  230.98  0.00157766  0.00057597  0.00281041
643.144  282.5  0.0273892  -0.0022546  0.0318929
657.476  365.742  0.00295955  0.00332296  0.0259427
656.38  233.743  0.00205241  0.000673108  0.0017336
653.29  183.673  0.00146302  -0.000402949  0.0011576
657.706  206.245  0.0343432  0.00233682  0.0254347
655.517  402.936  0.000880015  0.000109683  0.00642706
653.981  230.3  0.00154119  -0.000305678  0.00180541
667.859  317.37  0.00307169  0.000111092  0.00734264
660.435  421.261  0.00698829  -0.00777978  0.0222626
667.893  485.901  0.00716103  0.00812746  0.0143697
670.175  469.418  0.0127831  0.00708348  0.00781696
666.279  60.6138  0.02681  0.0118299  0.0087382
665.107  140.877  0.00947324  -0.00133806  0.00290903
664.243  138.492  0.0223289  0.00338201  0.00362394
670.927  354.442  0.00462338  0.00177056  0.00991876
678.905  253.958  0.00731977  -0.00322569  0.00784738
682.542  52.9099  0.00630832  0.00331276  0.00296221
690.725  409.159  0.00205457  -0.00172719  0.0236972
680.345  102.365  0.0187121  0.00185145  0.00630308
676.315  369.196  0.00140576  0.00114891  0.0198257
682.353  430.82  0.00860019  0.00275555  0.0035117
687.087  294.657  0.00549355  0.00171534  0.008949
688.705  323.035  0.00983074  -0.00129092  0.00131466
684.321  426.851  0.00246415  0.00147144  0.0127828
692.124  44.9197  0.00775396  -0.00299671  0.00564725
692.493  353.343  0.0215431  -0.0016382  0.0230038
705.344  315.793  0.0136732  0.0135095  0.0210687
705.56  218.838  0.00112224  -0.00147244  0.00856995
701.203  446.608  0.0186166  -0.00560725  0.0237831
708.341  393.026  0.0033291  -0.00118903  0.00173485
706.566  436.447  0.0119241  0.00236893  0.0279754
715.749  69.4082  0.0214339  0.0153403  0.0134913
715.818  105.108  0.00270459  0.00127412  0.00377058
718.719  361.718  0.00424626  -0.000834237  0.00736016
712.708  299.285  0.00521551  -0.00429962  0.00928219
714.343  417.461  0.0286974  -0.0021125  0.0315076
717.147  489.859  0.00989647  -0.000265601  0.0346154
716.07  467.829  0.0195397  -0.00348323  0.0276707
727.338  430.454  0.00902929  0.0150006  0.0392766
718.03  389.056  0.00579864  -0.000437455  0.00148285
722.645  268.791  0.00305949  0.000274063  0.00234567
733.752  18.5762  0.0113711  -7.21473e-05  0.00408734
737.827  470.773  0.00658325  -0.00445799  0.00458558
740.43  497.086  0.00257441  0.00379738  0.0254735
740.329  296.332  0.00434666  -0.00314422  0.0136765
734.152  87.1646  0.0436838  0.00232088  0.00801428
730.433  429.703  0.003943  0.00409401  0.0171646
732.154  66.0549  0.00151367  0.000953155  0.00372466
737.478  144.648  0.0120429  0.00102207  0.00345821
740.724  166.497  0.00939449  -0.000160471  0.0328305
735.574  330.069  0.0037616  -0.00043565  0.00117135
739.302  349.64  0.0383833  -2.0704e-05  0.0311673
739.135  99.7726  0.0139725  0.00165774  0.00211544
741.67  99.8893  0.0169977  0.00135019  0.00193863
742.488  491.512  0.0120072  0.0121464  0.053834
739.696  172.449  0.0109614  0.006021  0.0410475
749.539  24.3121  0.0185318  0.0134537  0.0281814
741.794  256.898  0.00601303  2.97467e-05  0.00138919
14.9314  272.742  0.00947122  -0.00325131  0.0109591
17.8784  168.342  0.0151019  0.00168334  0.013265
20.8322  267.792  0.00562056  0.000923664  0.0013713
22.0576  104.96  0.0161202  -0.00686556  0.005332
21.9526  357.767  0.00447765  0.00323785  0.00677168
27.1276  38.5638  0.0128394  -0.00696796  0.0110459
30.2963  306.908  0.00434003  -0.00137697  0.00667496
47.6179  156.598  0.00145731  0.00119788  0.00244626
43.5562  294.829  0.00556206  0.0019012  0.00789894
54.6818  304.93  0.0142071  -0.00218734  0.0139884
54.6742  189.716  0.00138815  -0.00320717  0.0154186
57.2608  108.135  0.0163011  -0.00334135  0.0113855
69.5937  408.516  0.00184556  0.00423093  0.0144958
59.2575  129.863  0.00907969  -0.00502066  0.00602573
59.0105  349.693  0.0135677  -1.36955e-05  0.0107495
62.6303  422.572  0.00406187  0.0024743  0.020956
67.5302  158.25  0.014784  -0.00236216  0.0128275
67.6172  356.396  0.0135347  0.00134487  0.011792
71.8974  454.172  0.0121941  0.00205271  0.0181488
75.0604  436.494  0.00770108  -0.000194139  0.00284403
94.0443  471.085  0.000768707  0.000155109  0.00302569
82.2172  402.613  0.00444244  0.00963598  0.0227872
88.191  82.3019  0.00156434  -0.000205567  0.0139207
81.8155  142.532  0.00252546  3.14244e-05  0.00145111
95.9777  24.6184  0.00145968  -0.00285619  0.0180427
92.6834  388.762  0.00712618  0.0019404  0.00203368
105.394  440.459  0.000979232  -0.000632901  0.00117957
102.41  127.935  0.000968047  0.000628741  0.00157122
124.127  315.456  0.00116071  -0.00234675  0.0118195
98.4721  472.764  0.00121091  -1.95983e-05  0.00161146
100.839  273.488  0.000757747  0.000187968  0.00239868
117.334  153.853  0.00646272  0.000702206  0.0178045
114.751  75.8161  0.0121068  0.00221266  0.00925789
95.7558  390.519  0.000992087  0.000617719  0.00529105
123.457  297.533  0.0135521  -0.00207687  0.0094138
124.132  193.48  0.00693637  -0.00294039  0.00593401
127.156  313.055  0.00604039  0.000325921  0.00830374
133.238  44.402  0.00543999  3.45051e-05  0.0132295
120.5  410.274  0.00241822  0.000845761  0.00783212
138.206  216.145  0.00463768  -0.00343846  0.016674
132.23  154.679  0.00156612  0.000339213  0.000952174
155.122  486.908  0.0033181  -0.00384378  0.0197008
149.033  462.863  0.0117836  0.00836388  0.0111446
158.62  266.896  0.00402576  0.0040921  0.00996767
152.741  206.237  0.00755989  0.00213144  0.00154264
170.858  389.073  0.00882538  -0.00379938  0.0058523
175.749  350.546  0.00490424  -0.0018881  0.0140401
193.068  318.234  0.000932647  0.00075175  0.00407216
191.272  474.554  0.00282478  0.000543286  0.00127117
185.371  253.901  0.011112  -0.00633294  0.0105162
195.937  279.432  0.00302965  -0.00471434  0.0150774
187.386  384.898  0.00403346  0.000521521  0.00119444
190.618  396.141  0.00371774  -0.00061047  0.000902143
185.371  152.977  0.00574858  -0.00103832  0.0012052
178.476  429.35  0.00258181  -0.000882929  0.00449821
197.581  214.937  0.0110262  0.0097344  0.0100212
189.412  165.023  0.0101525  0.00435834  0.017322
199.242  71.0326  0.00742456  -0.00215055  0.00363513
193.487  338.66  0.00964715  -0.00309445  0.00383281
191.83  321.847  0.00130052  0.00134726  0.00651038
203.167  396.072  0.00707923  -0.00535148  0.0161746
213.118  489.99  0.0128332  0.0039441  0.0121386
226.215  105.266  0.000930812  0.000276152  0.00155304
220.227  221.13  0.00298322  0.00132564  0.00322363
210.012  402.731  0.00168538  -0.000859509  0.000933831
232.984  196.583  0.002162  -0.000403924  0.000917261
221.682  371.091  0.0121747  0.00178733  0.0086106
225.534  276.02  0.00940126  -0.000529102  0.0081422
219.953  431.397  0.0110622  -0.005628  0.00937641
228.831  351.592  0.0101911  0.0051119  0.00710509
227.329  274.319  0.0173184  -0.00260165  0.00127959
229.483  328.813  0.0027331  -0.000262315  0.00273979
239.011  41.0961  0.00524727  0.000361613  0.00232621
241.575  56.1768  0.000916049  0.000225442  0.00088262
242.892  239.749  0.00698525  0.00208656  0.00825051
263.782  190.081  0.00823933  -0.00773662  0.00900601
249.175  283.581  0.00240985  0.000311507  0.00928689
264.789  388.16  0.00187484  -0.00270787  0.0139002
249.385  444.298  0.00262094  -0.00213426  0.00335842
265.955  31.7796  0.00127183  -0.000414731  0.00110915
265.719  251.477  0.00361842  0.00277079  0.00977612
262.19  80.9165  0.0134561  0.00143776  0.00843417
266.305  192.33  0.00303666  -0.00167647  0.00220292
281.712  72.762  0.00325288  -0.00153051  0.00229553
273.116  31.8098  0.000719109  -7.57302e-05  0.00115515
258.373  236.899  0.000757925  0.00149428  0.0108981
259.95  375.086  0.00201499  -0.00106343  0.0016947
275.384  315.558  0.0145543  -0.000825695  0.0131698
275.058  481.812  0.00797989  -0.00235693  0.00502328
279.989  256.713  0.0101209  0.00428557  0.00918587
294.557  379.287  0.00194663  -0.000640417  0.00551299
284.203  452.632  0.00580902  -0.00153204  0.00770381
282.544  64.4707  0.00593233  -0.00326744  0.0040131
298.208  19.2302  0.00450998  -0.00512197  0.0171729
291.731  344.414  0.013367  -0.00777095  0.00885277
291.784  185.211  0.00229875  0.00211809  0.00298555
299.886  327.62  0.00885123  0.00111608  0.0126847
299.42  102.857  0.00593413  0.000683353  0.00107142
305.813  363.934  0.0024828  0.000511209  0.00312082
307.806  49.6061  0.0107904  0.00214435  0.00643152
317.12  109.697  0.00889777  -0.000510758  0.0118413
320.265  401.882  0.00176286  0.00100187  0.00124924
319.352  474.098  0.00598062  0.00213938  0.0086018
309.477  170.314  0.00128933  0.000722459  0.0118828
331.352  303.872  0.00446178  0.00329526  0.0041197
325.23  191.593  0.000467558  1.89566e-05  0.00198462
341.751  236.779  0.00192503  -0.00259932  0.00590427
348.405  322.677  0.00298398  0.000722958  0.00087402
338.652  369.132  0.00668843  -0.0015495  0.0188241
339.786  305.983  0.00891577  0.00262011  0.017685
338.71  274.641  0.00816639  0.00102387  0.00561644
344.554  472.034  0.0160625  -0.000566544  0.0183992
340.611  165.008  0.00270451  0.000171118  0.00551881
338.833  289.054  0.0031983  -0.00389223  0.013125
361.857  245.707  0.00922355  -0.00203649  0.00442283
376.626  422.932  0.0026147  0.0036729  0.010312
351.408  125.068  0.00349478  0.0032618  0.00954145
373.215  239.15  0.013185  -0.00361232  0.0143699
382.16  297.319  0.00086864  -0.000547065  0.00127371
367.889  52.4938  0.00291051  -6.75443e-05  0.000901164
399.148  299.552  0.0016776  0.00122336  0.00316942
372.678  423.465  0.00273697  0.00269417  0.0120764
382.942  13.3744  0.000642575  0.000106469  0.0142632
384.394  267.046  0.00475691  -0.00441767  0.00862902
396.735  98.747  0.0174985  0.000139827  0.00423945
389.76  138.509  0.000599967  6.70945e-05  0.0018628
407.623  294.947  0.000957464  0.00181472  0.00976869
392.908  264.855  0.000652357  -0.000339137  0.00110024
404.098  351.184  0.0041684  6.57795e-05  0.0210949
407.636  378.741  0.00149773  0.00016152  0.00115443
426.01  122.733  0.00610241  0.00951939  0.0192883
416.274  305.508  0.0166306  0.00132579  0.0145996
438.853  342.984  0.00141309  -0.00152995  0.0103343
430.576  263.215  0.00747503  0.00554841  0.0064169
420.94  106.415  0.00500007  0.000174247  0.00208403
434.961  367.184  0.00528258  0.00270716  0.00261945
438.36  458.836  0.00191848  -0.00134781  0.00528141
436.635  326.118  0.00547574  -0.00351169  0.0130998
437.598  117.505  0.0105433  0.00228446  0.00894157
432.376  266.943  0.00349902  0.00213271  0.00361577
453.359  382.496  0.00155226  0.000610362  0.00119368
448.841  292.521  0.00597343  0.002581  0.0158017
450.614  99.5496  0.0101428  0.0063373  0.0107773
449.565  335.569  0.0108885  0.000643368  0.001577
445.297  339.624  0.000930132  0.00153531  0.00993005
459.485  364.978  0.0068023  -0.00252867  0.0111995
462.551  198.875  0.00562651  0.001287  0.005774
457.778  448.673  0.00194508  0.000111222  0.000645066
475.458  228.278  0.00412185  0.00151487  0.01307
471.784  237.805  0.00944561  -0.00361819  0.0173724
473.407  286.192  0.00475208  -0.00264355  0.0169868
473.143  103.452  0.0149295  0.00205137  0.0159342
462.744  194.717  0.000679051  1.9918e-05  0.00155929
477.151  83.6325  0.00712868  -0.00107862  0.000576817
481.106  365.884  0.0127701  0.000626702  0.00916137
491.285  389.365  0.00198149  0.00187523  0.00724747
496.566  430.59  0.00311127  -0.000616857  0.00146237
492.571  452.608  0.00630696  0.00065948  0.00988141
485.566  289.314  0.00147384  -0.00371248  0.0176179
495.276  343.163  0.0163736  0.000620499  0.0163736
502.08  173.714  0.00254424  0.00168321  0.00486616
499.93  44.3604  0.0108458  0.00247901  0.0153967
506.886  155.008  0.0119537  0.00402138  0.0164479
499.683  312.391  0.00463467  0.00376948  0.00502962
510.303  368.928  0.00265936  0.00253599  0.0032394
512.119  119.238  0.0114444  -0.00491896  0.0136524
534.828  431.882  0.00265072  -0.0034653  0.00649094
512.457  364.767  0.0136354  0.00405047  0.00267511
520.964  225.528  0.0030946  -0.00211615  0.00501849
525.488  489.925  0.00901989  -0.00254355  0.0161883
527.944  473.594  0.00372564  0.000459434  0.00119336
509.175  41.6094  0.000885036  0.00014523  0.00225765
533.568  348.357  0.00402447  -0.000459469  0.00327952
526.922  84.6377  0.00991222  0.00670599  0.00532242
540.091  395.002  0.00654682  0.00382985  0.0146006
541.744  173.689  0.0136091  -0.0105789  0.0121712
548.647  379.42  0.00787019  0.00141685  0.0149138
551.956  136.943  0.0158467  -0.00139157  0.00677876
538.001  204.726  0.00149316  0.0013962  0.00335366
557.208  216.102  0.00465534  0.00417927  0.0144662
572.162  97.7601  0.00100651  7.38744e-05  0.0225938
564.128  392.512  0.0154525  0.00100407  0.0165944
573.239  47.2791  0.00568727  0.00126692  0.019483
559.844  187.055  0.0028701  -0.000538359  0.0052677
568.983  291.682  0.00576904  0.0021408  0.0120389
585.945  348.301  0.00555971  0.00475801  0.00580072
569.977  445.807  0.00267797  0.00167528  0.00655571
572.079  379.569  0.00339632  0.00153228  0.0111144
591.692  463.944  0.00103717  -0.00121697  0.0160054
584.628  219.515  0.013025  -0.000116823  0.00227631
585.417  400.91  0.0163736  0.000620499  0.0163736
591.683  126.68  0.0129155  0.003267  0.0163639
586.264  324.389  0.00212625  -0.00114673  0.00928671
603.77  78.1666  0.00102747  -3.3224e-05  0.00436344
602.497  461.612  0.00658361  0.00144388  0.00968539
600.423  435.252  0.00730241  -0.00166942  0.0133178
588.344  374.747  0.00288553  0.0051027  0.013423
594.63  442.953  0.000338632  0.000147022  0.00957412
606.456  173.724  0.00347724  0.00438843  0.012478
603.617  302.116  0.00605022  0.00338495  0.0119104
614.682  314.406  0.00145144  -0.000895557  0.0152611
619.273  237.699  0.00165628  0.00152313  0.002873
610.577  340.989  0.0056791  -0.00294743  0.00702559
620.648  81.798  0.0111663  0.00501144  0.00550783
621.79  388.426  0.00123821  0.000259445  0.00178252
626.397  481.03  0.00175019  0.00144987  0.00399641
624.546  103.299  0.0103117  9.79767e-05  0.0059913
632.95  492.365  0.015044  0.00249057  0.0280521
639.618  442.6  0.00759817  0.00341971  0.00495112
640.591  141.761  0.0148451  0.000569206  0.0057727
631.654  483.278  0.000716409  0.000764583  0.00444919
653.088  468.521  0.00726862  -0.00142209  0.00154274
651.85  47.2587  0.00864673  -0.00270608  0.00921471
662.812  241.378  0.000724682  -0.000348932  0.000843675
655.496  413.104  0.00139322  0.000156374  0.00106879
667.545  406.148  0.00476811  0.00243779  0.0024547
648.637  232.506  0.000838883  0.000123925  0.00167189
665.558  379.173  0.00154079  0.000375858  0.00626308
672.64  77.3481  0.012249  -0.00289632  0.00520737
669.742  107.483  0.0144327  0.00845225  0.00852195
671.098  235.094  0.000765273  5.41309e-05  0.000869116
684.086  369.871  0.0159723  0.00100445  0.016295
702.669  400.941  0.000662146  -8.75849e-05  0.00313708
688.123  44.2714  0.00444251  0.000122618  0.00794905
687.68  425.413  0.00781403  -0.00263428  0.0114407
702.187  315.356  0.00668169  0.00121267  0.00605964
704.537  437.835  0.00872892  -0.00187398  0.0132447
702.386  137.246  0.000319674  -7.42804e-05  0.00217909
699.172  466.85  0.00462931  0.00157941  0.00332367
696.683  183.927  0.00766727  0.00556816  0.00527333
709.441  135.374  0.000517637  0.000260179  0.00131957
710.912  294.965  0.00781325  -0.00222933  0.00419888
719.903  331.284  0.00657578  -0.00324232  0.0181228
715.521  468.445  0.01343  0.00296787  0.018085
730.082  70.3679  0.00165726  0.00104381  0.00279957
722.342  382.885  0.00109196  0.00017989  0.00143263
722.613  270.25  0.00170135  0.000865214  0.00135266
724.581  196.388  0.00451003  -0.00192851  0.00978496
731.793  473.994  0.00156535  -0.000254136  0.00172627
734.221  85.3159  0.0230688  -0.000682784  0.00843469
730.92  434.269  0.00457845  0.000714829  0.00417337
728.707  67.8761  0.00231439  0.000761418  0.00327883
728.839  153.607  0.00385536  0.00211249  0.00329919
736.453  221.475  0.0252967  -0.00261687  0.0103979
726.97  386.941  0.00717074  0.00394047  0.00289788
738.128  293.82  0.00388982  -0.00236047  0.0108228
748.807  23.8574  0.0168854  0.00622399  0.0159617
24.2181  108.113  0.00656194  -0.00337375  0.00347908
20.861  346.867  0.00322368  -5.77875e-05  0.00119648
58.6334  123.037  0.00570412  -0.00153304  0.00210688
67.2146  305.057  0.00785899  0.00297904  0.00212243
77.2961  72.8367  0.00147552  -0.00177036  0.00398565
106.568  357.288  0.00446173  -0.00278933  0.00695443
107.473  141.867  0.000985522  0.000724751  0.0012371
93.0745  393.234  0.00102012  0.00105209  0.0034537
137.917  442.214  0.00056  0.000601826  0.00274034
142.512  93.9436  0.000872751  -0.000260994  0.00305964
126.235  194.542  0.00342926  0.00138174  0.00330051
133.727  83.1935  0.00193385  -0.000114612  0.000483149
129.197  457.188  0.00333608  -0.000521822  0.000788468
130.586  355.983  0.000711803  -7.88783e-05  0.00100297
147.533  462.4  0.00347813  0.00227647  0.00678283
151.29  204.912  0.00636236  0.00228909  0.00164158
184.876  470.769  0.00113194  0.000113757  0.0019326
192.797  221.152  0.00744383  0.00585856  0.00552917
200.171  73.1929  0.00640816  -0.0020371  0.00276076
200.404  342.972  0.00329153  -0.00177255  0.00386177
191.08  213.8  0.00250373  0.000951112  0.000760554
227.263  215.165  0.00175084  0.00143091  0.00279161
215.392  366.396  0.00369465  -0.000264652  0.000618435
225.928  412.738  0.00498514  0.000263401  0.000487686
228.772  352.562  0.00663814  0.00345555  0.0061326
227.944  334.001  0.00197326  0.000878343  0.00240072
238.023  33.3734  0.00583428  9.14331e-05  0.00109577
251.551  125.425  0.00600692  0.00286855  0.00558957
253.892  343.614  0.00636888  -0.00217476  0.00442458
269.495  40.4707  0.000944243  -0.000192178  0.00176789
283.286  96.2745  0.00362659  -0.00411068  0.00581795
283.395  289.088  0.00295881  -0.00101852  0.00572894
274  224.407  0.00171234  0.000508134  0.000911838
304.683  177.062  0.00123053  0.00151302  0.00280365
294.082  206.522  0.00413131  0.00127294  0.00290972
298.702  367.427  0.00138301  0.000826365  0.00305869
308.376  49.6513  0.00591409  0.00136393  0.005558
317.037  108.504  0.00753467  4.57312e-06  0.00839807
324.831  407.755  0.000664357  0.000168902  0.00071069
336.554  289.33  0.0012156  -1.68575e-05  0.000361366
332.563  391.708  0.00208651  0.000970833  0.00152263
353.985  110.585  0.000647943  0.000345541  0.011384
359.717  429.646  0.0024956  0.00256078  0.00905632
341.71  124.04  0.000827556  0.000389143  0.00688332
356.888  234.806  0.00967101  -0.00368011  0.00246548
394.004  302.942  0.00155956  0.000939605  0.00219776
390.434  456.694  0.000535624  -0.000581984  0.00164986
396.992  82.1055  0.00598543  -0.000982898  0.00794021
388.355  368.155  0.000664931  5.23452e-05  0.000233738
424.05  204.391  0.00453517  -0.000340696  0.000498219
430.937  330.922  0.000950578  -0.000671741  0.00130375
435.374  435.242  0.000302944  7.24549e-05  0.000983822
432.599  381.649  0.000737037  -1.41237e-05  0.000330864
436.248  117.926  0.00770218  0.000665112  0.00739768
464.814  103.161  0.000715175  -0.000798978  0.00588303
453.101  299.954  0.00517125  -0.00317838  0.00367733
457.954  338.779  0.00299723  0.00199531  0.00593009
466.515  443.767  0.000366239  -0.000170297  0.000742505
470.973  146.313  0.00606504  0.000421989  0.00660421
482.327  187.988  0.00146694  0.000927352  0.00147224
475.23  226.9  0.00426101  0.000856927  0.00671193
499.608  46.8161  0.00795793  0.00310795  0.00650944
477.205  424.9  0.00045893  4.09668e-05  0.00167841
488.174  142.317  0.00058087  0.000245244  0.00205591
505.364  166.346  0.00456548  0.000799015  0.00177542
524.161  348.048  0.00112914  -0.000342789  0.00347162
548.442  431.32  0.00409221  0.000197409  0.00361872
583.97  218.279  0.00813744  8.15516e-05  0.0020419
619.005  80.0757  0.000498775  -0.000254378  0.00524732
602.409  190.475  0.00237752  0.000240356  0.000602044
645.501  319.956  0.000485715  -0.000495843  0.00487864
615.946  290.304  0.00220217  -0.00042697  0.0013262
613.229  342.873  0.00442769  -0.00245811  0.00586722
638.649  134.057  0.00372649  0.000478795  0.00241096
651.91  365.533  0.000641796  0.000349661  0.000553473
669.897  229.794  0.000326573  0.000313921  0.00202015
667.138  316.912  0.00314411  0.000770377  0.00495994
660.403  402.671  0.00213521  -7.77432e-05  0.00119249
668.232  164.893  0.000337825  0.000288327  0.000930656
681.855  63.3945  0.00328451  0.000755343  0.000960618
687.076  291.913  0.00471346  0.000151455  0.00750673
689.306  45.5432  0.00504466  -0.000982889  0.00461573
683.526  428.061  0.0029802  0.000785943  0.00629117
696.542  484.642  0.00137329  -0.0018032  0.00810017
673.324  235.587  0.000397829  0.000208165  0.000920193
726.787  296.856  0.00133501  0.00158963  0.00871181
715.198  383.331  0.000676621  0.00012103  0.00144476
