1.0
1873
10.5349  410.219  0.0157558  0.00379723  0.00744981
23.0821  455.657  0.00190512  0.00032733  0.0023837
13.7643  248.834  0.019953  -0.00925647  0.0231853
14.367  458.064  0.0139414  -0.00386136  0.00264679
18.8045  306.581  0.0163312  -2.24741e-05  0.0184645
18.0905  77.6752  0.0101549  0.00360013  0.00611151
24.1009  391.385  0.0281237  -0.00151911  0.0269607
20.4943  132.703  0.00548936  0.00586698  0.0119922
33.6441  32.6591  0.00357952  -0.00202839  0.0136782
27.5112  445.428  0.00299737  0.000348918  0.0020522
40.2117  468.67  0.00430432  0.00296427  0.0097847
29.2382  338.129  0.00188374  0.00061197  0.00119358
28.2847  415.869  0.0321711  0.0139856  0.0202349
30.9664  366.477  0.0146614  -0.000152896  0.0270106
32.0612  47.7075  0.0294298  0.00185246  0.0151018
33.318  564.133  0.00130156  0.000242349  0.00207594
32.7808  113.85  0.013219  -0.0070876  0.0142082
35.6508  537.214  0.0225678  0.00560049  0.0273112
39.5511  94.783  0.00192068  -0.000170192  0.00285421
44.4651  76.4109  0.0272367  0.000120032  0.0213691
37.7526  330.982  0.00191533  -0.000141019  0.00133887
45.4945  418.088  0.0191006  0.00323574  0.0158444
50.455  269.218  0.00530745  -0.000867931  0.00113352
42.5977  303.434  0.017309  0.00992492  0.0128093
46.4382  20.3534  0.0070226  0.00219571  0.0165119
51.2596  477.442  0.0110123  -0.0036212  0.01647
46.7049  521.91  0.0244394  -0.00817511  0.0279411
50.7879  384.788  0.0308229  -0.00136178  0.0308229
58.8025  58.6896  0.00266496  -0.00147978  0.00505268
50.5515  172.685  0.0180852  -0.000961955  0.0196977
52.5047  221.402  0.0305935  0.00276493  0.0263291
52.0439  117.859  0.0162595  -0.00057826  0.01412
65.8508  344.268  0.00181527  0.0011713  0.0159416
48.1126  362.734  0.0109778  0.00679302  0.00999852
55.716  440.562  0.0265367  -0.00665575  0.00408713
55.9806  35.7524  0.0206152  0.00117292  0.0106452
50.0644  49.4505  0.00464286  -0.00613678  0.0427478
58.6458  250.646  0.0324809  0.00123091  0.0324809
60.8773  462.397  0.00661849  8.64497e-05  0.0165986
52.1141  94.2162  0.00392156  -0.00244148  0.00298482
62.5  112.199  0.0254459  -0.00173985  0.0170387
66.3058  226.961  0.00695679  0.00328734  0.0080178
71.1003  163.413  0.00193363  0.000691912  0.00318547
66.7657  297.565  0.0281179  0.00407225  0.00519914
71.2348  554.182  0.0103878  -0.00106869  0.00247498
69.227  432.759  0.0235309  0.000472865  0.0200858
68.1728  267.058  0.00887499  0.00559079  0.0180652
74.9701  476.875  0.00497535  0.00115221  0.00518788
72.6141  520.604  0.00416568  -0.00070356  0.00894711
72.8081  64.7172  0.0300636  -0.000342096  0.0326521
72.7799  94.8365  0.0218096  0.000988816  0.01742
68.8759  360.946  0.00732609  0.00145719  0.00253486
83.1204  451.941  0.00347507  -0.00391937  0.0106671
79.0452  502.503  0.00819652  -0.00596078  0.0132567
82.418  427.463  0.0177719  -0.00810496  0.00564687
73.5328  134.734  0.0114532  -0.00200407  0.00339689
81.3673  330.031  0.00201541  0.000653147  0.0119553
61.9239  341.704  0.00197383  -0.0010189  0.0112787
82.0581  399.335  0.0212197  0.000720556  0.0190891
96.5177  375.156  0.00197372  -0.000684534  0.00574044
79.1363  229.329  0.00203565  -0.00230289  0.00653363
87.4219  272.217  0.00470549  0.000312303  0.00420508
83.1498  25.7492  0.00827014  0.00260964  0.00703385
79.3969  303.42  0.00603825  0.00307802  0.00655492
83.2767  451.866  0.00577743  -0.00460179  0.00658908
94.0414  314.503  0.00381476  0.00172934  0.0283219
90.8166  35.4734  0.0230097  -0.000452598  0.0144182
90.85  412.09  0.0170334  -0.00835561  0.0132826
91.9714  469.786  0.0220707  -0.00307061  0.0229559
90.5588  563.98  0.0327217  0.00210251  0.0274968
99.2188  335.955  0.011779  0.00670229  0.00618357
85.918  425.816  0.00783626  -0.00491871  0.00718625
93.3109  505.56  0.0279845  -0.0023339  0.00164636
93.7387  205.126  0.0324317  -0.00352826  0.0242193
93.8174  82.7217  0.0206872  -0.00338905  0.0309112
92.8156  61.8645  0.00202041  -0.00287965  0.0092202
98.4742  124.189  0.0085202  -0.0046918  0.0170116
79.1235  135.786  0.00192572  -0.000348938  0.00659134
109.987  354.679  0.00664099  0.00772023  0.0139697
95.8137  388.36  0.0145635  -0.0101483  0.021628
110.599  44.8226  0.00477307  -0.00329329  0.0118616
97.6913  156.962  0.00405514  -0.00255054  0.012403
101.422  230.944  0.0212053  -0.00504979  0.00875633
97.1538  289.769  0.013786  0.00485442  0.012669
97.1737  455.994  0.00987151  -0.00282892  0.00398573
104.288  110.829  0.00568508  -0.00302497  0.00475131
105.411  484.398  0.0236996  0.00360057  0.00378805
101.623  511.746  0.0235178  0.00136918  0.0275294
98.2409  476.637  0.00435098  -0.00273488  0.016146
100.279  539.982  0.00719172  0.00379115  0.00770351
105.629  202.847  0.0292857  0.000485677  0.0213861
103.508  330.554  0.00650266  0.00128217  0.00796971
104.62  390.86  0.00719046  7.6246e-05  0.000869038
110.669  97.6165  0.0308211  -0.00993149  0.0185692
105.297  134.613  0.00817664  -7.68125e-05  0.00285459
104.087  352.934  0.00754066  0.000857818  0.00396386
112.529  499.115  0.0343638  0.00328405  0.0258387
109.398  41.065  0.00742206  -0.00432643  0.00818686
116.214  78.2579  0.0149495  0.00984495  0.00879368
115.617  267.85  0.00237196  0.000976684  0.00309082
116.953  520.716  0.0113665  -0.000832741  0.00155631
114.675  181.486  0.00699391  0.00374171  0.00398878
122.472  314.604  0.0103372  -0.00239218  0.00524815
118.222  92.3472  0.0258224  -0.00094858  0.0176937
124.518  221.304  0.0295371  4.3325e-05  0.025555
111.455  263.51  0.00254694  -0.000274466  0.00299232
121.623  636.624  0.00507764  0.00079393  0.00131841
125.645  42.9767  0.0208924  0.00192839  0.0159641
126.554  149.312  0.0179118  0.00991684  0.0134324
129.531  333.259  0.0229738  0.00823847  0.0181517
127.58  420.804  0.0118793  -0.00479124  0.00429587
130.788  62.6689  0.0204264  -0.00575374  0.0217065
124.658  534.948  0.00411556  -0.00245423  0.00993015
133.705  109.077  0.0165007  0.0108523  0.0207904
123.173  389.596  0.00467718  0.000607716  0.00162749
133.967  172.779  0.0194581  -0.000402082  0.0329804
129.139  488.573  0.00437099  -0.000753853  0.0010839
133.835  154.67  0.0303539  0.00187107  0.0233487
137.303  198.34  0.0113142  -0.00286674  0.0154562
137.591  249.723  0.0251056  -0.00232672  0.0199966
137.365  276.923  0.000751767  -6.99071e-05  0.00601319
130.144  504.891  0.000800204  -1.28231e-05  0.0011092
125.788  446.73  0.00340109  0.000372008  0.00157461
139.566  638.572  0.00100399  -0.000658337  0.00237241
154.832  358.601  0.00201489  -0.00144043  0.00524033
142.977  297.875  0.0254245  0.0041726  0.0231883
161.41  451.762  0.00322136  -0.000471019  0.00404456
141.019  140.358  0.000783949  1.01412e-05  0.00655487
149.846  623.678  0.0189145  -0.00401208  0.0228854
153.574  182.812  0.0333587  0.00216408  0.0283393
153.576  228.798  0.0318557  0.00200509  0.0303844
164.138  399.658  0.00356054  0.000934809  0.00178806
162.449  479.623  0.0014486  -2.85039e-05  0.00137146
156.175  146.73  0.020572  0.000528328  0.0247784
155.356  90.2803  0.0306707  0.00509136  0.0182261
157.633  245.859  0.0219973  0.00646867  0.00652953
160.119  309.548  0.00341579  0.000982418  0.00220656
163.942  573.409  0.00488081  0.000728697  0.00361159
143.343  205.737  0.00138004  -0.000848897  0.00389559
155.689  285.391  0.0139937  -0.00832711  0.0159682
151.111  382.691  0.00242606  -0.00276336  0.00770974
162.768  156.479  0.0207318  0.00425622  0.010924
168.672  288.303  0.00793032  0.00139763  0.00177263
169.694  105.351  0.0293319  0.00105263  0.0183587
175.412  135.363  0.0298887  -0.00125214  0.0291097
191.6  607.244  0.0021609  -2.83884e-05  0.00339448
177.688  112.719  0.00894355  0.00327649  0.0102382
176.805  395.715  0.0267561  0.000155975  0.0228967
180.668  192.122  0.0341129  -0.00892517  0.004686
185.91  63.5781  0.00677179  -0.00242148  0.00726623
186.414  158.292  0.00340696  0.000634879  0.00223905
178.694  254.75  0.0078451  0.002828  0.00853231
182.5  360.633  0.0246893  -0.00173101  0.0174758
181.571  532.83  0.0236816  0.00170999  0.0189817
181.876  500.035  0.00823278  0.000959837  0.00251139
185.807  272.926  0.0237671  0.00475145  0.0230773
181.119  311.791  0.00446485  0.00173983  0.00459786
195.852  404.892  0.00224835  -0.000261853  0.00876894
188.072  206.136  0.032627  -0.00233074  0.0188044
179.584  372.186  0.0152559  -0.0108251  0.0121295
185.086  456.335  0.0119837  -0.00435995  0.00892641
188.678  44.9364  0.0209426  0.00781607  0.0107565
191.664  233.4  0.0225905  -0.00496055  0.0259698
191.803  80.7737  0.0320043  -0.000820889  0.0149384
193.17  139.782  0.0259068  -0.00194558  0.0171361
194.613  367.523  0.00245876  0.000822451  0.0199187
194.626  355.374  0.0142169  -0.0116958  0.0198436
199.978  491.954  0.00472698  -0.00150048  0.00700053
199.242  581.727  0.0252113  -0.00139168  0.0231743
200.158  330.809  0.0366282  0.00303836  0.00593788
197.218  251.891  0.00507393  0.00020893  0.00535517
200.869  383.686  0.0159733  -0.00447452  0.0267465
197.258  51.7418  0.0244498  0.0101795  0.00613939
207.816  202.484  0.0204065  0.0147359  0.0147399
202.483  441.349  0.00236062  -0.000863318  0.00315451
205.48  415.944  0.023546  0.00135672  0.0259344
204.818  630.616  0.0297428  0.00175673  0.0333961
200.812  128.588  0.00475616  -0.00208939  0.00259177
207.958  152.601  0.0157632  0.00690412  0.0160783
202.388  473.335  0.0126629  -0.00513119  0.00736328
205.019  574.495  0.0221691  -0.00223944  0.0342179
188.654  605.984  0.00227364  0.00125342  0.00470541
208.107  538.721  0.0280819  -0.00601765  0.0185638
207.45  182.878  0.0232887  -0.00236975  0.0241804
203.396  551.017  0.00803079  -0.00109521  0.0123924
207.512  673.622  0.0178632  0.00422139  0.00980853
213.553  43.5031  0.0213808  0.000911516  0.0174597
208.137  64.9584  0.00723348  -0.00365998  0.0135811
212.821  295.085  0.0255251  -0.00132071  0.00660322
212.872  465.188  0.0273355  -0.000816422  0.0251131
220.976  511.506  0.00173177  -5.78363e-06  0.0458314
208.078  564.619  0.00780414  -0.00142786  0.0158715
215.106  537.084  0.0056116  -0.000795018  0.000871617
218.251  319.051  0.0110057  0.00117838  0.00235653
215.967  366.281  0.0263183  0.00221158  0.0253848
218.84  239.635  0.0138726  4.72321e-06  0.00356465
210.727  321.134  0.00651849  0.00319526  0.00467411
222.476  348.591  0.00476101  0.00621221  0.0120669
222.734  121.948  0.00742893  0.00529717  0.00565328
224.657  275.041  0.00722737  0.0014089  0.0062788
221.402  204.502  0.0106885  -0.0061742  0.0182987
215.241  447.314  0.0109051  -0.00674332  0.0057987
210.321  493.7  0.00159381  -0.00072204  0.00325107
225.164  534.328  0.0278219  -0.00195765  0.026041
226.92  221.279  0.00509693  -0.00109145  0.00861326
226.345  320.311  0.0266631  -0.00209709  0.026091
227.779  406.929  0.00383885  -0.000509956  0.00585317
220.339  75.1831  0.00265819  0.000641279  0.00244639
236.91  580.419  0.00615413  -0.00705751  0.015093
222.111  44.5443  0.00871326  -0.0107713  0.0214989
231.064  303.645  0.0206521  -0.00223864  0.0238013
229.57  430.361  0.0290728  -0.00105317  0.0127537
231.259  589.823  0.017643  -0.00140854  0.0219714
233.214  244.202  0.0186026  0.00486022  0.00705139
227.374  662.949  0.0219534  -0.0127107  0.0153387
233.967  562.465  0.0153113  -0.0010407  0.0105488
240.338  152.672  0.00121268  -0.000787337  0.00564548
234.32  260.192  0.0163481  -0.00447147  0.0209417
231.916  354.374  0.0251819  -0.01144  0.0204273
234.035  158.127  0.02241  0.00210477  0.0214843
249.064  345.958  0.00920149  -0.00720984  0.00878512
234.544  369.988  0.00106577  -0.000676199  0.00289697
239.274  487.35  0.018812  0.00952798  0.0139898
241.79  124.589  0.00403407  -0.00066929  0.00278971
239.937  231.704  0.0158229  0.00149746  0.0294424
230.364  386.313  0.00732389  0.00749088  0.012261
242.981  98.195  0.00788608  0.00182891  0.00910542
240.588  532.756  0.0238884  -0.00088699  0.0283142
235.094  32.7774  0.00371408  -0.00164314  0.00268011
239.733  547.173  0.00621588  -0.0040079  0.00917355
239.139  456.51  0.0157336  -0.00874167  0.0184102
244.442  27.4928  0.0176645  -0.00180474  0.0279511
244.463  499.565  0.0215689  -0.00489632  0.0199178
245.497  260.904  0.0337414  -0.00603321  0.00789736
251.691  306.137  0.00454167  -0.000713759  0.00158514
239.094  158.995  0.00268395  -0.000113017  0.00210494
245.934  206.725  0.0180196  0.00461506  0.00330668
241.309  579.88  0.00348919  -0.00137935  0.00368217
242.024  161.324  0.00344598  6.22289e-05  0.00249135
253.052  82.686  0.0168262  0.000413729  0.0148542
252.203  333.734  0.0257641  -0.0011146  0.0224107
252.64  509.626  0.0235794  -0.000300934  0.0208303
261.752  533.262  0.00344841  0.000252087  0.0011608
243.772  634.5  0.00678096  -0.000341238  0.00195038
254.58  182.151  0.0249421  -0.00365029  0.0268319
259.495  441.556  0.0145528  0.00798249  0.00748422
254.703  312.697  0.00305181  -0.00166396  0.00290937
255.315  286.588  0.026133  -0.000249807  0.00457284
257.143  587.214  0.0284334  -0.00151225  0.0268784
258.533  636.407  0.022931  -0.00162021  0.0188439
260.125  56.3672  0.0286371  0.00278386  0.0210264
270.862  481.872  0.00245151  -0.000531686  0.00266528
256.856  623.003  0.000972443  5.9038e-05  0.00708842
258.225  436.142  0.0116986  0.00264843  0.00351011
251.201  605.877  0.00365619  0.00220183  0.00968637
263.504  218.185  0.0253529  0.00160109  0.0206757
264.093  493.979  0.0180996  -0.00171286  0.0261856
268.373  563.12  0.00231466  -0.00019872  0.0120624
282.332  149.138  0.0015659  -0.000770568  0.0278721
265.552  279.338  0.0156768  -0.00186702  0.00270363
260.269  519.658  0.0069647  0.00284546  0.00360394
269.914  30.1325  0.0263703  -0.00591976  0.0139825
271.888  97.0688  0.0212565  -0.00226982  0.00174312
272.609  91.4886  0.0116994  0.00220371  0.00235067
255.882  232.816  0.00676563  0.00678314  0.0118415
282.993  351.236  0.00140145  -0.00105033  0.0356218
274.448  183.309  0.0108157  -0.00396247  0.0069925
265.754  475.185  0.00229846  0.00217768  0.00636488
273.654  207.543  0.0200517  -0.00747596  0.0198027
273.779  318.058  0.0323689  -0.000859645  0.0272864
273.673  537.681  0.020936  -0.00139165  0.0353816
260.605  321.831  0.00170027  -0.00168753  0.0070079
277.658  492.84  0.0180405  -0.00874605  0.0138396
275.644  655.23  0.0196679  -0.00598186  0.0200835
273.585  138.497  0.00989306  -0.0109082  0.0340097
281.626  223.364  0.0106761  -3.98777e-05  0.00532154
268.149  619.958  0.00168929  -0.003448  0.0227374
276.317  42.1171  0.0134111  0.00094999  0.0173047
270.823  579.606  0.000869711  -0.000394401  0.00496771
280.186  95.9746  0.0273609  0.00153159  0.0249399
280.892  265.755  0.0298197  -0.00168555  0.0305659
280.659  586.593  0.0276074  0.0010266  0.0233394
284.1  120.464  0.0155937  0.00822945  0.0159098
281.722  307.715  0.0208865  0.00917968  0.0236069
278.86  460.685  0.00679844  0.000778901  0.00416062
283.703  510.777  0.0107744  -0.000674893  0.0217629
273.173  281.011  0.00331047  0.000588174  0.0041731
286.444  164.91  0.0250312  -0.00244431  0.0221293
297.041  601.062  0.00231047  -0.000850939  0.00229598
283.045  106.745  0.00124906  0.00227567  0.0142791
285.601  246.055  0.00981129  0.00140551  0.00302602
290.665  393.556  0.0186682  0.00251064  0.00901091
289.625  492.281  0.0211867  -0.00803622  0.0147247
287.582  200.3  0.00178688  -0.000268963  0.00151052
293.671  365.41  0.00549581  -0.000928933  0.00265424
279.371  418.563  0.00318662  0.000644921  0.00346485
288.483  443.883  0.0277297  -0.0133458  0.0160911
295.959  63.002  0.0022989  -0.00282293  0.00886808
290.997  79.7303  0.0115121  -0.00773192  0.0121745
290.8  336.712  0.0202801  -0.00300451  0.0301608
291.044  464.204  0.026453  -0.00142098  0.0287182
299.656  160.627  0.035313  -0.0192809  0.0128108
294.395  322.968  0.0261986  0.00151773  0.0238998
295.928  198.27  0.0150056  -0.00715558  0.0278347
297.981  246.723  0.0120248  0.00362965  0.0171032
297.612  277.81  0.0275208  -0.00146645  0.0241122
309.335  513.4  0.00283336  -0.00158663  0.00871171
298.161  421.911  0.0244111  -0.00632005  0.0261224
295.882  54.0651  0.00790539  0.00210353  0.0319891
304.683  42.6052  0.00315094  -0.000365318  0.0107532
296.011  249.621  0.00215153  -0.00101901  0.00247364
302.804  453.327  0.0118069  0.00200159  0.0100679
304.115  634.991  0.0273806  0.00655626  0.0278004
305.42  109.269  0.0175683  0.000443131  0.00190088
305.726  217.04  0.0208325  -0.00084651  0.00556026
308.419  16.0628  0.00271641  0.00302308  0.0684858
304.814  24.2857  0.022553  -0.00258694  0.0219475
300.526  67.1362  0.00489093  0.000801965  0.0102257
305.98  238.598  0.0277088  0.00192893  0.0337524
294.993  305.589  0.00263973  0.00381209  0.0149939
305.818  149.75  0.0187895  2.03879e-05  0.0138889
302.511  388.802  0.00945254  0.00150424  0.00945674
312.111  414.631  0.00874104  0.0101152  0.0324681
312.911  167.84  0.0064862  0.00481611  0.0139678
305.305  612.662  0.00220951  0.00191993  0.00573001
319.149  592.594  0.00466685  -0.0036707  0.00596167
318.125  191.819  0.010632  0.00412352  0.0028829
306.05  346.935  0.0110706  -0.00606793  0.0122398
312.231  523.591  0.0191226  0.00117439  0.00772339
301.918  82.7643  0.0209737  -0.0222605  0.0266588
315.588  120.118  0.0227681  -0.00247933  0.0292561
317.41  484.565  0.00119113  -0.000826436  0.00485018
311.954  222.494  0.0241293  0.0148676  0.0132056
332.244  558.661  0.00132903  -0.000537977  0.00529928
318.429  462.241  0.0315733  -0.000694759  0.0224783
319.516  529.226  0.0236166  -0.000397413  0.0266922
318.299  250.689  0.0305385  -0.00566022  0.0104909
319.302  428.754  0.0195004  0.00910949  0.0288769
322.701  297.329  0.0134225  0.000506297  0.022998
332.284  73.1739  0.00190845  -0.000915192  0.00206941
322.124  355  0.0249315  0.00435636  0.0164503
323.643  330.241  0.0278528  0.00407388  0.0273009
326.554  454.526  0.0188286  -0.00625269  0.00487639
322.885  582.534  0.0117878  0.00231609  0.0253507
324.925  131.5  0.0135322  -0.00442614  0.00906221
326.531  400.043  0.0160837  -0.00539009  0.0151606
326.416  280.262  0.0231327  0.00178851  0.0188119
327.677  95.4812  0.0223744  -0.0106224  0.0237312
329.196  536.987  0.0185166  0.00086893  0.0058767
329.505  236.481  0.0117823  0.00388409  0.0157261
331.052  539.201  0.0130793  -0.00425537  0.00622244
331.216  611.784  0.0108209  -0.000437166  0.0409654
339.384  24.9932  0.00344513  -0.00250811  0.0141165
335.721  513.605  0.00862721  -0.00449159  0.0149193
338.157  451.316  0.026539  -0.0135549  0.00837486
344.902  353.876  0.00337855  -0.00162915  0.00217667
339.804  247.877  0.025603  0.0132021  0.00849862
335.824  315.642  0.0257551  -2.4232e-05  0.0105317
343.026  419.125  0.00262958  -0.000220548  0.00947804
341.175  54.2906  0.00415574  -0.000559515  0.00756178
338.371  487.546  0.0241819  -0.00936137  0.00963164
334  689.509  0.00834813  0.00594853  0.026833
339.698  345.069  0.0326416  3.7753e-05  0.0211456
342.237  382.179  0.0196956  -0.00358971  0.0164375
328.544  577.626  0.0047679  0.00912598  0.0324895
345.137  535.656  0.012838  -0.00468817  0.00284192
342.587  80.6351  0.00908059  0.00305443  0.00395035
346.644  225.22  0.0218984  0.000961548  0.0296526
355.82  116.034  0.00122251  -0.000501602  0.00421066
350.954  140.17  0.0148439  0.00316133  0.0179614
349.008  589.702  0.0275961  0.00201495  0.0217656
348.165  181.585  0.00911397  -0.00476061  0.0226275
347.776  198.055  0.0105563  0.00484927  0.0116391
349.262  264.745  0.0225431  -0.00645496  0.0199549
346.718  334.938  0.00113601  -0.00049991  0.00188482
353.864  503.211  0.00623238  0.00221009  0.0123035
352.8  611.213  0.0204067  -0.0108443  0.0222944
351.097  388.138  0.0291795  0.00454483  0.00814194
344.734  96.2601  0.00743491  -0.0098025  0.0212831
353.915  290.062  0.0171983  0.000307857  0.00611959
355.033  464.749  0.00528329  0.00322038  0.0146443
355.271  408.084  0.0028636  -0.00138232  0.00375761
354.829  347.172  0.00361017  -0.000420314  0.000759779
370.799  531.851  0.00216019  -0.00208617  0.0438115
369.276  31.1413  0.00350976  -0.00107681  0.00327497
371.957  172.54  0.00262213  -0.00334601  0.0295348
371.335  68.686  0.00169068  -0.00213739  0.0133178
367.007  50.3125  0.0103644  -0.00588522  0.0154751
371.131  78.7556  0.0033662  -0.000423894  0.00192263
361.111  307.272  0.00177904  0.00320748  0.0111625
358.56  410.438  0.00977108  -0.00336115  0.0037447
364.967  568.676  0.013117  -0.0112058  0.0293739
373.356  110.241  0.00326072  -0.000463192  0.0143851
370.706  560.972  0.0102851  -0.00528347  0.0282989
370.547  100.406  0.0310371  0.00204365  0.0259742
370.792  281.464  0.0279677  0.000821851  0.0219219
371.455  450.612  0.0143385  -0.000831398  0.0230265
364.715  396.231  0.00823817  -0.00755653  0.0176664
373.651  386.913  0.0212393  8.7577e-05  0.0203793
372.788  417.788  0.0308229  -0.00136178  0.0308229
375.17  680.096  0.00366489  -0.00436664  0.01334
384.446  241.254  0.00167576  -0.0011278  0.00458897
374.028  320.507  0.0176564  -0.000475604  0.0116259
374.763  353.237  0.0317386  -0.000694572  0.0155366
372.048  493.062  0.0173058  -0.0109811  0.0168309
373.292  35.8333  0.019397  0.0099509  0.0127841
377.959  521.801  0.0167741  -0.00896026  0.0286856
367.266  67.2616  0.00912362  0.00793843  0.0098299
382.23  101.622  0.028542  -0.00124  0.00692965
383.372  169.853  0.0350531  0.00387733  0.0167978
382.866  449.732  0.0240198  0.00402033  0.0294214
385.392  543.359  0.0153972  -0.00346006  0.00557756
368.752  123.842  0.00300952  0.000420698  0.00154587
385.136  196.053  0.0204704  0.00317521  0.0274395
389.405  28.4545  0.02748  -0.00432216  0.0238067
389.205  406.57  0.0127662  0.00941015  0.0146522
408.389  511.603  0.000973351  5.95189e-05  0.0146254
393.425  558.973  0.0265539  -0.00161911  0.0282104
395.691  106.006  0.0167233  0.00825964  0.00903883
398.18  223.013  0.0186173  0.00671449  0.00951366
394.672  415.443  0.0271467  0.00953821  0.0231241
396.2  673.504  0.0103394  0.00517934  0.0109896
405.082  572.152  0.00496615  -0.0113601  0.0326012
399.809  466.596  0.000926975  0.000479063  0.00396441
398.178  163.953  0.018175  0.00659325  0.00341055
399.431  686.716  0.0298755  -0.00164425  0.0234849
399.506  131.081  0.0194073  0.00734653  0.0112544
393.496  355.963  0.00127344  0.00027319  0.00318553
395.042  315.487  0.00488265  -0.00273186  0.00316518
401.881  291.183  0.0113152  0.000895857  0.00933509
395.236  376.708  0.00397791  -0.0020002  0.0101411
414.511  505.468  0.000900543  0.000337076  0.00145593
408.258  270.844  0.0109346  0.00388381  0.00479881
413.318  202.599  0.00482333  -0.0029279  0.00665225
417.642  562.558  0.000906691  0.000101666  0.00682466
410.967  148.545  0.0360958  0.00802856  0.0180842
393.775  395.926  0.00394777  -0.00484148  0.0123319
413.418  78.6569  0.0130266  0.00199513  0.0076649
411.901  302.387  0.0326817  0.000836283  0.0223943
412.378  45.605  0.0291766  0.001702  0.0234796
397.028  428.431  0.00148563  -0.000280364  0.00488253
420.449  114.699  0.00406459  -0.00270561  0.00501092
416.076  251.19  0.0143978  0.00288751  0.0272268
417.257  437.131  0.00339366  -0.000783225  0.00189096
416.432  320.417  0.0181595  -0.00136594  0.0232417
421.22  344.324  0.00546475  0.00249903  0.00306953
417.138  572.403  0.000817495  0.000293097  0.0035424
415.164  395.23  0.0156669  -0.011673  0.0297512
418.508  195.864  0.020798  0.00286929  0.0332528
404.839  539.165  0.00205927  0.00029126  0.00405643
419.148  667.8  0.0141209  -0.000711274  0.00484588
425.065  271.269  0.00613515  0.0017909  0.00697909
420.185  25.6299  0.0188942  0.00526124  0.00457708
423.798  685.239  0.024881  -0.00326786  0.0331895
430.849  584.97  0.0352181  -0.0079694  0.0105534
440.002  96.4889  0.00286943  0.00249923  0.0141724
428.232  279.875  0.00288776  -0.00153645  0.0023295
443.101  154.268  0.00488705  -0.00764158  0.0267778
432.899  234.168  0.0252437  0.00383506  0.0267103
441.631  379.607  0.00151256  0.000432525  0.0524881
433.127  402.328  0.0280226  -0.00471404  0.0192447
433.688  308.25  0.0279424  -2.04058e-05  0.0272639
439.459  207.051  0.00362021  -0.000529411  0.0335788
428.282  109.492  0.00185047  -0.000774627  0.00966126
436.154  355.368  0.0276958  -0.00185378  0.0257551
437.692  432.058  0.0324224  0.000514124  0.0272147
443.359  219.565  0.0102878  0.00312484  0.00753574
439.96  336.568  0.0240274  -0.00169568  0.0252267
441.754  131.562  0.0226077  -0.00310281  0.025349
441.789  78.1726  0.020144  -0.000299314  0.00308431
442.459  266.992  0.0238123  0.00684893  0.0243908
435.64  180.152  0.0061265  0.00236222  0.00598542
443.646  403.646  0.0324809  0.00123091  0.0324809
453.208  243.578  0.00262358  0.00351089  0.014687
437.404  642.524  0.00119476  -0.000533646  0.00194889
436.615  417.898  0.0090954  0.0178061  0.0454228
449.181  155.604  0.0225881  -0.00238289  0.0207474
449.188  93.7411  0.0297721  0.000682256  0.0251167
451.761  15.3944  0.0322827  0.00877456  0.0126217
458.128  303.735  0.00792614  -0.00288508  0.00201236
452.717  463.808  0.0326521  -0.000342096  0.0300636
466.275  33.6346  0.00337833  0.00456811  0.0128045
453.299  70.3419  0.0278819  0.00150846  0.024821
452.489  226.018  0.0278475  0.00642781  0.00644599
463.121  431.526  0.00234232  0.000680855  0.00240466
455.593  511.357  0.0259775  -0.00686933  0.0187563
455.767  104.218  0.00463404  0.00234438  0.0162189
455.03  440.696  0.0236005  -0.00166715  0.00187538
449.407  382.628  0.00248238  -0.000394143  0.00118783
452.004  244.503  0.00177512  0.00191053  0.00852322
461.617  250.826  0.027623  -0.000496298  0.0253947
458.406  322.759  0.00264693  -0.00118494  0.00591913
469.83  337.684  0.0155503  0.00658723  0.00538136
471.941  551.285  0.00198796  0.00106068  0.0337923
465.88  511.042  0.0187681  -0.00435631  0.0257026
464.912  529.336  0.0182143  -0.00127001  0.0254861
467.049  393.418  0.0134124  0.00083589  0.0201326
468.878  13.5244  0.0296001  0.000649747  0.0461386
482.815  180.427  0.00351786  -0.00129502  0.00923232
470.435  478.756  0.024563  -0.00193402  0.0229876
474.083  363.239  0.0103041  -0.00716222  0.0304204
463.771  423.291  0.0020398  -0.00100925  0.00595496
472.734  131.231  0.00140133  -0.000303365  0.00298114
465.415  220.042  0.00278141  0.00251712  0.0170486
483.777  289.786  0.00277633  -0.00155648  0.0378275
485.474  487.81  0.00291619  0.00515735  0.0253307
481.189  254.623  0.00875399  0.00314278  0.0109578
485.28  461.475  0.018366  -0.00991235  0.00851876
480.787  50.2742  0.0105683  0.00116914  0.00200034
481.088  18.3097  0.0265003  0.00435291  0.0269171
483.839  101.286  0.0319104  0.00120144  0.0240825
485.607  177.875  0.0131692  -0.00122807  0.00513102
481.205  537.863  0.00808424  0.000779587  0.00402578
484.063  269.486  0.0271913  9.58834e-05  0.0287351
485.433  312.701  0.0259273  -0.00302517  0.0235853
489.11  367.162  0.016641  0.00506169  0.00969063
486.617  427.867  0.0236096  0.00173186  0.0252302
486.315  29.9274  0.025419  0.0035124  0.0239996
485.986  465.597  0.0183162  -0.00682729  0.0254363
498.011  77.5537  0.00172564  -0.000123512  0.00209591
488.48  145.333  0.0255159  -0.00172575  0.0253769
478.568  193.103  0.00156683  -0.00365777  0.0324793
490.629  516.51  0.0167657  0.00449307  0.00918933
493.532  54.4677  0.0257573  -0.00364195  0.0249847
492.444  435.875  0.0125144  0.00983528  0.0147028
491.209  226.81  0.00944013  -0.00272907  0.0328477
492.65  133.96  0.0110762  0.00303721  0.0138749
496.455  543  0.0263857  0.00350943  0.0253026
491.66  243.94  0.00614881  -0.00399014  0.0108675
496.035  353.912  0.0262759  0.00138883  0.028985
497.146  681.069  0.0156285  -0.00228191  0.0338253
490.152  638.333  0.00327258  -0.000515906  0.0210673
496.254  333.589  0.0157682  -0.00361264  0.013124
499.757  386.27  0.0161546  -0.00491332  0.0280521
504.588  156.441  0.00875476  -0.00633264  0.0155213
491.004  76.9106  0.00393711  -0.00246819  0.00395294
502.408  198.901  0.002386  -0.000307169  0.00204788
517.412  462.772  0.00302176  -0.0013718  0.00502356
503.156  114.68  0.0240581  0.0133341  0.0129517
505.423  434.885  0.0277252  0.00701843  0.0113263
514.795  63.0485  0.00461697  0.00218261  0.0023207
508.285  321.073  0.0110259  0.00782833  0.0370112
510.187  26.7338  0.0258602  -0.00966875  0.0207573
507.989  234.217  0.0174438  -0.00564963  0.0163562
495.821  529.428  0.00171674  0.00161459  0.00808098
511.333  483.148  0.0227662  0.00679853  0.0177985
512.093  167.491  0.0257975  0.000597866  0.0314461
511.972  635.852  0.012194  0.00916144  0.0227781
514.619  500.148  0.0235739  -0.000418348  0.0157238
516.63  135.572  0.0234973  0.0066094  0.022873
520.904  193.967  0.0146118  -0.00903913  0.0166082
509.235  299.866  0.00762851  0.00189767  0.00166951
523.417  409.922  0.00292726  -0.000345707  0.00863932
520.983  275.186  0.00800849  -0.00431859  0.0109657
509.416  98.3496  0.0106467  0.00633152  0.00533464
520.294  13.8824  0.0300975  0.00595534  0.0306041
519.83  123.583  0.00260192  -0.000169101  0.00240206
523.271  320.366  0.0176225  -0.00014639  0.0109048
523.738  440.77  0.022315  -0.0011489  0.0287901
516.574  91.9091  0.0150141  0.00645058  0.00464261
511.803  256.735  0.00346488  0.00402069  0.0098976
512.552  52.3437  0.00346382  0.00219645  0.00488603
529.333  298.148  0.00882512  -0.00867827  0.0354746
525.043  220.456  0.000983258  0.00258312  0.0200487
527.625  425.633  0.0229706  -0.00023511  0.029246
526.028  169.283  0.00810969  0.00196234  0.013354
535.515  351.996  0.0117832  0.00063463  0.00199427
527.828  380.977  0.00680744  0.00184226  0.00666143
536.122  278.277  0.00671601  -2.4325e-05  0.00305549
532.378  250.412  0.00498887  0.00498565  0.0357681
536.153  471.661  0.0298825  0.00530494  0.0230484
537.472  503.465  0.0255971  -0.00209895  0.0231862
541.048  198.162  0.0142142  -0.000867401  0.00530696
538.517  162.619  0.0296835  0.00106914  0.0232698
540.646  97.6458  0.0324809  0.00123091  0.0324809
540.816  110.408  0.0311979  0.00485091  0.0289002
552.593  400.545  0.00135576  0.0004559  0.00426577
541.697  34.798  0.0318589  0.000237216  0.0304087
547.556  423.078  0.00323395  -0.00207061  0.00332251
545.824  184.345  0.0115971  -0.0106224  0.0152015
538.715  303.73  0.0120311  0.00806718  0.0114207
544.029  142.872  0.0118302  -0.00418194  0.0273012
546.107  410.694  0.0302333  0.00421504  0.0223239
547.397  55.6887  0.0118634  -0.00581345  0.0102242
550.258  212.443  0.00617183  -0.00133807  0.00838655
549.646  111.646  0.0324809  0.00123091  0.0324809
550.626  307.911  0.0343288  -0.00145504  0.0181924
565.388  614.724  0.00255195  0.00293906  0.00755661
557.97  495.259  0.00952387  0.00386532  0.00229206
553.4  248.484  0.0197049  0.00217391  0.0166822
561.834  265.157  0.00530384  -0.00226234  0.00610728
558.89  326.925  0.00796581  0.00126528  0.027854
555.697  98.596  0.0321888  0.00317726  0.030429
556.937  339.394  0.0214965  0.0020564  0.0278459
540.284  355.892  0.00232902  -0.00122302  0.00464402
556.376  87.1128  0.0149938  0.0119978  0.0247463
550.758  413.967  0.0111449  -0.00441552  0.00274859
560.496  172.992  0.0271011  0.00173961  0.0213428
565.207  316.989  0.00369729  0.00182592  0.00370332
568.102  210.782  0.0196853  0.0080527  0.00745629
564.264  144.777  0.0164138  -0.00286407  0.0131724
553.362  149.167  0.0148345  -0.0210042  0.0340997
553.633  490.577  0.00822231  0.00702059  0.0100272
575.559  19.7406  0.00133173  -0.00457716  0.046324
566.48  33.2752  0.0201588  -6.93643e-05  0.00309856
570.358  77.0047  0.013624  -0.00285883  0.0032378
573.372  377.807  0.0143165  -0.0118642  0.016962
562.129  27.2903  0.00934346  -0.0107336  0.0272664
571.019  116.952  0.028634  -0.00328719  0.0290509
579.462  270.557  0.00155814  -0.00160382  0.00394369
571.651  462.202  0.02897  0.00223656  0.0266918
575.406  179.756  0.0133277  -0.00147982  0.0193194
574.258  218.4  0.0214036  0.0076723  0.020581
576.345  64.1608  0.0394095  -0.00932355  0.00421034
578.829  513.372  0.0233442  0.000514439  0.00245148
569.779  55.1547  0.00230447  -0.000483525  0.0116773
581.664  150.393  0.0241792  0.00279246  0.0260584
586.077  391.644  0.00613234  -0.00372119  0.0238847
578.802  197.157  0.0065809  -0.00253889  0.0154063
582.272  350.387  0.00761132  0.00539676  0.0156202
590.303  133.71  0.00328197  0.00146143  0.00369509
585.245  172.792  0.00519324  0.00294791  0.00325677
586.622  266.236  0.0243126  0.00199095  0.00698741
572.766  373.349  0.0094506  -0.00913235  0.0129343
580.425  534.375  0.00109991  5.21925e-05  0.0127611
592.3  67.975  0.0109016  0.00346653  0.00515555
588.821  231.866  0.0157457  0.00562263  0.0333871
588.688  438.159  0.0171407  0.00148566  0.0294034
582.106  300.936  0.00997947  -0.0100973  0.0159014
592.68  154.66  0.0302243  0.00429528  0.0310078
594.968  167.984  0.0206181  -0.00234442  0.0291665
594.007  497.869  0.0210165  0.00283901  0.0192502
600.512  77.2166  0.0225228  0.0201713  0.024615
596.532  281.832  0.0268333  0.00836874  0.0125022
598.292  268.45  0.0107481  -0.00349446  0.0304908
601.389  158.826  0.0136012  -0.000114374  0.0229662
601.691  337.305  0.0236406  0.00587483  0.00879424
596.562  252.519  0.00492053  -0.00338008  0.018791
604.604  455.975  0.00223795  -0.00200964  0.0145432
601.564  141.556  0.035605  0.0243198  0.0193046
605.206  88.2279  0.0204769  0.00293117  0.0254576
608.109  439.566  0.0119419  -0.00688045  0.0134393
609.479  190.26  0.00595648  -0.00381311  0.00595752
599.971  228.577  0.0031158  -0.00188226  0.00264073
616.395  310.281  0.00231764  -0.00147909  0.00895567
605.717  423.467  0.0328629  -0.00155024  0.0192318
610.667  506.836  0.032069  -0.0120527  0.00618424
611.398  63.9823  0.0251018  -0.00255877  0.0306383
613.09  156.4  0.0262043  -0.00683624  0.01886
616.464  345.27  0.00776842  0.00410755  0.00553415
610.651  619.289  0.00429548  0.00321961  0.0248747
612.079  231.348  0.00183369  -0.00017241  0.00169988
614.011  395.128  0.011536  -0.00417258  0.00826888
616.815  81.0162  0.0128063  -0.00507838  0.00744904
610.347  299.401  0.00122958  -5.89414e-05  0.00300162
626.51  265.45  0.00312805  -0.000222492  0.0383686
615.385  180.09  0.0146853  0.00459278  0.0032239
621.344  449.064  0.0230033  0.00258527  0.0254215
622.167  256.412  0.0282267  -0.00392853  0.0254676
636.245  507.487  0.00240903  0.000597476  0.00200081
622.547  28.2211  0.0332157  0.00355687  0.0323735
624.876  142.067  0.00254609  -0.000355391  0.00126303
623.576  185.465  0.0323033  9.54871e-05  0.0294426
626.229  345.542  0.0287445  -0.00237428  0.0237718
614.405  488.33  0.00328669  0.00424768  0.0208691
627.226  157.722  0.0310451  -0.00370541  0.0231319
627.526  206.314  0.0169582  0.00865686  0.0220198
629.126  369.161  0.00201445  0.000368897  0.00275608
619.523  316.826  0.00225994  -0.00149988  0.00424818
624.962  459.1  0.00164248  0.00108919  0.00250479
640.292  64.3124  0.00361187  -0.000267662  0.00113849
626.548  236.517  0.00115269  0.00149155  0.00626338
628.502  263.268  0.00341909  0.00593887  0.0207678
633.459  382.482  0.0164681  0.00137381  0.0117698
651.336  15.5988  0.00195401  -0.00103748  0.00680209
634.892  410.631  0.0207877  -0.0017481  0.0254925
644.05  108.905  0.00442416  0.00131345  0.00178951
637.013  297.152  0.0236995  0.0116488  0.0206496
641.254  309.941  0.0150727  0.00598093  0.0115132
639.698  335.27  0.0203882  -0.00492542  0.0292441
642.474  586.964  0.00314022  -0.000624612  0.00223431
640.149  497.017  0.0120676  0.00550995  0.00325812
639.836  48.9615  0.00289661  0.00136926  0.00715333
649.429  261.381  0.00916141  0.0051918  0.00675061
642.045  628.22  0.00227951  0.00055366  0.00277645
638.446  57.642  0.00219055  -0.000344786  0.00205049
661.37  616.338  0.00211799  -0.00237679  0.010175
644.264  16.5204  0.00092285  2.72917e-05  0.0118677
650.376  176.17  0.00292816  0.000774851  0.00288555
651.221  143.212  0.0222989  -0.00606273  0.0102311
655.861  286  0.00569363  -0.00176119  0.0151777
654.392  461.704  0.0248567  -0.00259932  0.0236968
657.765  333.953  0.0105901  -0.000539356  0.00115405
646.448  436.697  0.00255894  -0.000666152  0.00298475
661.407  118.28  0.018998  -0.00210385  0.00337445
660.507  653.986  0.0218  0.00315297  0.0199579
660.858  419.517  0.0267258  -0.000217171  0.0249194
661.604  60.7083  0.024242  -0.00166407  0.00621329
661.065  323.647  0.0158648  0.00138834  0.00711199
655.515  208.227  0.00334953  -0.0012589  0.00363409
656.754  388.705  0.00356644  -0.00126214  0.00991465
665.576  31.1848  0.0318235  0.00162978  0.0349394
666.977  13.2907  0.0339076  0.00825218  0.0375026
666.799  38.6716  0.000657366  0.00052626  0.0148587
667.612  179.094  0.0369768  -0.00703593  0.0142773
664.078  404.968  0.00199024  -0.00210878  0.0123656
674.713  97.9271  0.00701277  -0.00583671  0.0113547
667.403  505.553  0.00969997  0.00546553  0.0149838
689.601  520.197  0.00367451  -0.000178576  0.00179784
677.47  83.012  0.0238121  -0.00146271  0.0125824
678.389  254.257  0.0256237  -0.00131629  0.0180902
677.325  327.837  0.0341995  0.00384323  0.0181988
681.689  347.293  0.0138951  0.00662481  0.00846079
686.664  573.998  0.00737346  0.00354123  0.00672986
692.77  650.302  0.00181265  0.00119333  0.0218866
670.036  56.8389  0.00697816  -0.00982342  0.0211202
670.234  203.348  0.000891828  0.000925688  0.00454867
680.821  17.5089  0.0309159  -0.00151028  0.0244218
686.552  159.251  0.00319018  0.00196821  0.0030031
681.077  296.312  0.0264304  0.00296655  0.00707122
686.45  433.421  0.00123474  -3.72858e-05  0.00488348
691.928  121.71  0.00503614  -0.000916394  0.00237009
686.698  685.543  0.0175278  0.00243347  0.0325874
667.255  138.936  0.0026658  -0.00156529  0.00580514
687.447  331.746  0.0242352  0.000363321  0.0304664
688.246  367.35  0.0166183  -0.00366183  0.00406783
685.903  570.125  0.00608789  0.00132108  0.00315728
685.556  612.704  0.00505443  -6.14591e-05  0.0290692
705.039  463.48  0.00304272  0.00058288  0.00230781
693.815  293.83  0.0128315  0.00209542  0.00979654
691.158  368.864  0.0185686  -0.00621007  0.00517607
688.221  524.909  0.00990284  0.00285812  0.00473659
691.57  66.7946  0.020155  0.0145538  0.0114664
694.748  405.766  0.0307694  0.00397605  0.0248152
698.257  422.442  0.0295701  0.000398753  0.0256901
706.705  628.625  0.00166335  9.62851e-05  0.00130632
699.246  214.649  0.0331032  -0.000371529  0.0202174
699.104  439.808  0.0275593  0.00343174  0.0227266
706.974  463.535  0.00437896  -0.00118555  0.00216666
704.826  346.112  0.0135577  -0.00189667  0.00173925
701.596  178.663  0.0311282  -0.00349786  0.0282535
701.558  251.69  0.024865  -0.00396585  0.0217718
701.473  561.52  0.010104  0.00129027  0.0037256
703.797  98.1484  0.0230869  0.0022618  0.0244975
701.837  505.851  0.0225892  0.0037015  0.0208434
707.903  166.599  0.00853615  -0.00153601  0.0236745
690.876  83.8234  0.00264029  -2.37983e-05  0.00224837
707.193  205.217  0.00614718  -0.00266401  0.00318912
707.791  356.262  0.00279589  -0.000229234  0.00255442
701.287  272.149  0.00202927  0.00130481  0.0055052
708.728  33.984  0.0256289  -0.0023719  0.0236459
710.59  307.651  0.0291978  0.00292592  0.00232805
709.564  525.761  0.0238447  0.000207206  0.0276144
708.491  601.328  0.0035658  -0.00417207  0.0195092
710.859  49.9364  0.018482  0.0055424  0.0102975
709.467  147.347  0.00789355  -0.0122736  0.042436
714.476  613.849  0.0191953  -0.00125913  0.0309004
715.662  60.9926  0.0255016  -0.00399899  0.0209257
717.345  212.854  0.0137032  0.00653373  0.0081149
715.588  214.493  0.0152951  0.0015629  0.00437279
710.942  394.333  0.0225329  -0.0183177  0.0184354
714.035  500.854  0.0159553  0.000774352  0.00200726
714.853  549.892  0.0180183  0.00139256  0.00160134
720.636  343.765  0.0242491  -0.00335932  0.0233547
709.085  352.3  0.00429718  -0.00235862  0.00392894
713.457  623.45  0.00188588  0.00065465  0.00198134
719.908  664.275  0.019643  0.00392041  0.0270643
715.272  555.522  0.012306  -0.00159862  0.00176084
721.061  74.619  0.0159113  0.0064193  0.0264431
718.86  424.005  0.00130948  -0.000621623  0.00690461
722.055  294.27  0.0111095  0.0047099  0.0211288
728.407  315.725  0.0135104  0.0090321  0.0116301
734.287  91.5137  0.00232453  -0.00169371  0.0174281
725.712  198.058  0.0330225  -5.99319e-05  0.0272637
721.944  251.175  0.0126899  0.0116487  0.0162306
726.413  338.532  0.0307605  -0.00874716  0.0187633
729.073  492.157  0.038612  -0.00768064  0.00294687
727.707  458.599  0.0266402  -0.00524994  0.011884
727.081  181.249  0.0235641  0.00621731  0.0130692
730.321  511.359  0.0254195  0.00304265  0.021546
724.366  47.4752  0.00283896  0.000638827  0.00820778
730.479  284.38  0.0325928  -0.000235346  0.0199488
730.371  363.726  0.0258196  0.000393317  0.0243641
730.066  151.287  0.0124172  0.00160108  0.0249956
729.074  546.926  0.0163076  0.00315727  0.00417111
724.488  57.2896  0.00131537  0.000286085  0.00334404
734.826  122.602  0.0166975  0.00052657  0.0129265
733.634  604.168  0.00441223  -0.000834572  0.00539433
734.568  231.799  0.0221358  0.0128689  0.0163719
737.06  261.503  0.0190747  0.00539632  0.0225808
727.94  19.7975  0.00104933  -6.40498e-05  0.00539472
736.491  34.4351  0.011716  -0.00818984  0.0137958
726.549  210.529  0.00197898  0.00251296  0.0175144
740.291  471.471  0.0365896  -0.00123836  0.00468926
740.372  640.838  0.0132068  0.00340167  0.0336164
740.6  191.684  0.0329586  0.000544375  0.0326988
736.346  435.929  0.026223  0.00909893  0.00535319
741.309  546.181  0.0318381  0.000358861  0.00164801
743.957  225.602  0.00491594  -0.00590659  0.0106546
742.301  314.727  0.0196344  0.00166208  0.0228483
747.531  378.222  0.00381797  -0.00163067  0.00513086
741.238  553.695  0.0151897  0.000552632  0.00392273
745.191  111.005  0.0227132  -0.007083  0.0136149
746.773  165.58  0.0213078  0.000563129  0.0310371
734.491  355.704  0.00925  -0.0145556  0.0296442
744.739  286.978  0.00845873  0.000298303  0.00207688
752.158  482.519  0.010037  0.00163887  0.00326511
750.204  13.8447  0.0272573  0.000130368  0.0329495
750.616  29.5095  0.0164208  -0.00113174  0.00606849
751.804  242.648  0.00628442  -0.0038866  0.0365424
750.745  429.598  0.0281521  0.00345091  0.0335176
750.2  473.426  0.0286906  0.00437143  0.0260161
752.173  533.369  0.0206578  0.000829786  0.00175447
753.899  615.058  0.00219992  -0.000237476  0.00132397
743.841  140.011  0.00210447  0.00105705  0.00236406
752.776  266.796  0.0164374  -0.0063356  0.0271385
751.051  532.696  0.0302187  0.00396936  0.0023824
755.665  656.398  0.00498327  -0.00277479  0.00541087
752.752  684.735  0.0219969  0.00404813  0.0339789
756.3  82.4042  0.00653347  -0.00382726  0.00553522
756.083  217.992  0.0313179  -0.00503902  0.0207516
755.554  234.429  0.0312236  0.00241217  0.0243362
766.331  359.324  0.00178278  -0.00193775  0.00541942
756.518  112.402  0.0303369  -0.00392818  0.0252235
756.476  159.905  0.0264731  0.00196369  0.0314311
757.882  197.462  0.0305636  0.000540011  0.0104108
764.349  341.566  0.0112828  0.003474  0.00594888
758.393  60.3493  0.00964142  -0.00685206  0.0176944
753.401  406.738  0.00168471  -0.00100712  0.00385203
762.55  180.477  0.0191539  -0.00112583  0.00617126
760.344  501.752  0.00888008  0.00139319  0.0102382
776.79  263.711  0.00201384  0.000443655  0.00285649
755.445  79.8106  0.00505242  -0.00868796  0.029036
764.897  140.217  0.0105029  -0.00432234  0.0311068
763.037  309.729  0.020773  0.00456476  0.00342229
767.331  433.767  0.0277163  -0.00127666  0.0186782
772.577  157.444  0.00596077  0.00365014  0.00455676
765.956  311.689  0.000976057  0.000537959  0.00519374
768.843  417.552  0.0263713  0.000756579  0.0198779
768.504  462.767  0.0346626  2.22652e-05  0.015438
768.88  242.325  0.0251708  -0.000399078  0.0280327
771.496  530.501  0.00761982  0.00138312  0.00156049
770.565  605.074  0.031162  -0.000316678  0.026181
768.536  360.588  0.00230821  0.000492045  0.005043
768.204  104.019  0.0148057  0.00429239  0.00248636
772.887  194.047  0.0304024  -0.000994134  0.0283819
760.784  200.917  0.00964963  -0.0108677  0.0158975
775.351  52.5896  0.0273458  -0.00711638  0.0176656
778.27  327.108  0.0014621  -0.000288701  0.00335395
777.562  121.126  0.00375828  0.000289388  0.00204287
776.276  431.837  0.0292537  0.0032424  0.0220029
771.23  566.903  0.00229376  -0.00332623  0.025471
777.619  682.781  0.0242706  -0.00203042  0.0354539
780.351  578.284  0.0131304  -0.000154943  0.0147821
783.232  291.69  0.0173541  0.00172653  0.00338656
790.71  134.945  0.00171974  0.000204581  0.0306542
785.079  417.358  0.01539  -0.000833313  0.0266918
783.491  536.167  0.0318916  0.00242391  0.0246629
777.132  175.625  0.0066949  0.00819264  0.0138169
785.345  266.119  0.0275767  -0.00133062  0.00866613
787.166  61.6561  0.0133022  -0.00524995  0.03024
793.985  641.146  0.00491894  -0.000697963  0.0269678
788.406  100.256  0.0120065  0.00011827  0.00683059
791.578  351.67  0.0191933  -0.00936664  0.016109
783.671  241.091  0.00587511  -0.000855757  0.00277384
796.212  401.233  0.00233514  0.00125037  0.00461137
793.538  366.785  0.0188032  0.00575385  0.0316329
793.739  225.494  0.0170391  -0.0065083  0.0186672
796.784  305.291  0.0123896  -0.0100488  0.0265961
801.559  402.812  0.00195429  -0.000414097  0.00151228
796.829  112.855  0.0197635  -0.00599816  0.0344462
800.906  149.541  0.00370946  0.000365772  0.0239365
798.373  191.828  0.00534036  -0.00407365  0.00787557
799.113  39.2185  0.025535  -0.00710481  0.0174622
805.281  128.43  0.00213066  0.00124178  0.00334272
804.037  62.2012  0.00858057  -0.00624091  0.0355444
809.467  161.739  0.00954443  0.00678129  0.00742589
799.992  460.267  0.0249865  0.00215524  0.0269366
798.963  605.243  0.00240525  -0.000659041  0.0030238
807.955  528.073  0.00167521  0.000529337  0.00281601
795.639  572.611  0.00307385  0.00375399  0.00984285
807.661  254.597  0.0104821  -0.00671545  0.018008
807.503  329.738  0.0245407  0.00397528  0.0185537
800.275  131.086  0.00228848  0.00126522  0.00354277
822.747  276.062  0.00244745  -0.00456631  0.0190634
806.626  604.469  0.0103447  -0.00555395  0.0173079
822.091  574.797  0.00139156  0.00018864  0.00252911
810.386  230.608  0.0156314  -0.0102146  0.0255013
820.437  345.637  0.00192055  -0.000227601  0.00247633
817.916  291.645  0.00200954  0.00288173  0.00958499
800.517  158.452  0.00329531  0.00057762  0.00295669
808.553  411.535  0.00179344  -0.000894564  0.00231287
826.4  196.074  0.00238653  0.0012263  0.00545649
832.016  307.899  0.00131054  -0.00232271  0.0461975
818.533  167.407  0.0315784  0.000634044  0.0164074
819.703  51.3956  0.00545374  -0.0013858  0.00445874
818.421  95.1157  0.0202606  0.00546754  0.0310633
822.145  200.053  0.00528404  -0.000667589  0.00427387
827.306  393.539  0.0251686  0.0186655  0.0176605
818.287  675.348  0.00475528  0.0019507  0.0288412
823.1  178.155  0.0277607  -0.00362785  0.027638
825.526  104.994  0.0224265  0.00614981  0.00856787
831.678  218.797  0.00959265  0.00408223  0.00509869
825.459  429.922  0.000663709  8.08592e-05  0.00180876
825.148  146.648  0.0249289  -0.00184077  0.0324856
827.309  132  0.0325531  -0.00335646  0.0163536
829.587  383.324  0.0110839  -1.92195e-05  0.0260598
833.8  79.8446  0.00360357  0.00132419  0.00253643
823.568  523.518  0.00209657  -0.00107744  0.00380648
828.216  36.5441  0.00697514  0.00389978  0.0155589
816.865  280.945  0.00192976  -5.14126e-05  0.00103195
827.363  631.257  0.00429121  -0.00449254  0.0283534
833.968  573.089  0.0269154  -0.00115095  0.0137324
835.261  90.4553  0.0231157  0.00250597  0.0053726
843.709  199.717  0.00414014  -0.0017097  0.0125622
843.399  194.623  0.00553179  -0.00148891  0.00236282
835.286  110.641  0.0423697  0.0164833  0.00945895
833.8  121.583  0.00567692  -0.00558975  0.0104809
839.144  366.314  0.0277767  -0.000575154  0.0247727
845.346  32.5618  0.0279678  -0.0104082  0.00548127
840.915  234.615  0.0311851  -0.00155366  0.0227925
843.261  575.364  0.00850305  -0.00355861  0.00397347
843.76  397.781  0.00430496  -0.00107436  0.0019064
842.816  164.414  0.00342962  -1.21549e-05  0.00388508
843.454  198.256  0.00481504  -0.00224281  0.0104009
850.363  321.083  0.0168651  -0.000703037  0.0226658
851.481  279.186  0.0216645  0.0019325  0.026924
857.298  247.963  0.00813316  0.00360777  0.0233681
853.287  262.02  0.02066  -0.00866646  0.0196683
840.773  402.233  0.00463948  -0.00306982  0.00503987
858.111  87.8016  0.0302328  -0.00407282  0.0205863
858.19  135.152  0.00685464  -0.00108571  0.00274555
859.98  232.255  0.00831153  -0.00236242  0.010556
856.828  60.6322  0.0222774  0.0130196  0.0187787
861.654  637.756  0.0191246  0.000456073  0.0306153
857.067  193.469  0.00251376  0.00308874  0.00673868
859.706  397.511  0.0251302  -0.00481976  0.00665793
859.502  155.143  0.00551754  -0.00140406  0.0296409
850.164  166.997  0.002703  0.00374498  0.0221914
870.104  198.488  0.00265194  -0.00107729  0.0406214
863.462  281  0.0355347  0.00675045  0.00811894
865.086  258.471  0.0125818  0.0051227  0.0269236
857.827  50.1037  0.00536525  -0.00483702  0.00673066
867.919  360.18  0.00095823  7.40479e-05  0.00273131
870.255  204.33  0.0289778  -0.00181095  0.0286249
873.33  334.664  0.00613937  -0.00558651  0.0167351
872.719  388.351  0.0267302  -0.00332242  0.0266087
872.821  145.5  0.0150179  0.000764756  0.0248639
876.648  217.209  0.0156353  0.00158865  0.00699386
868.919  315.216  0.0027453  0.000992437  0.00304888
881.428  183.528  0.00777079  -0.00202134  0.00668175
876.246  273.266  0.0120037  0.00629121  0.0200753
874.276  571.22  0.00474872  0.00326961  0.0305785
876.156  64.9662  0.00830245  0.0100502  0.0145059
883.377  34.9897  0.00462942  0.00161444  0.00258903
880  423.695  0.0257864  -0.002254  0.00482106
887.382  559.496  0.00420242  0.00824646  0.0271832
881.33  294.713  0.0012048  3.23447e-05  0.0014265
879.323  633.533  0.0201193  0.00694933  0.010246
882.679  247.482  0.00357074  -0.00066579  0.00391923
893.343  590.063  0.00130134  -0.00140053  0.00665757
881.901  659.089  0.00190534  0.000318082  0.00125036
884.549  104.22  0.0180424  -0.0101328  0.0186978
883.137  314.361  0.032195  -0.00331542  0.00710863
885.028  385.958  0.0146458  0.00103358  0.0307439
885.985  411.535  0.0257628  -0.000674322  0.00164636
885.823  620.481  0.00355234  1.3911e-05  0.00186485
897.205  57.1197  0.000933192  0.000642112  0.00395882
893.414  31.4714  0.0129785  0.00624928  0.00801446
893.039  439.445  0.00814003  -0.000711433  0.0204028
898.801  450.962  0.00618102  -0.00158555  0.0437512
899.585  652.743  0.0104012  0.00478885  0.00611724
881.591  13.6526  0.00247363  -0.00440222  0.0369149
892.684  419.269  0.00712572  0.000286423  0.0017023
902.535  639.714  0.00477908  0.0011265  0.0321666
898.775  69.6853  0.00283482  -0.00163396  0.00471961
897.58  267.87  0.0334366  0.00246356  0.0292071
911.414  181.705  0.00264599  -0.00391607  0.0336725
904.944  344.924  0.00192933  0.00162024  0.00448675
898.7  102.886  0.0146221  0.00592714  0.00799938
903.598  370.682  0.0214618  -0.00641607  0.0256824
899.988  472.37  0.00937093  0.00368791  0.00973709
908.376  44.3759  0.0243497  -0.00276764  0.0197567
915.451  120.468  0.00309195  -0.00211094  0.00246177
909.22  145.034  0.0254767  0.000450688  0.0262567
909.062  312.336  0.0286328  -0.00274474  0.026391
912.888  56.3187  0.0111541  0.00421338  0.0112757
903.817  364.521  0.0118259  0.00960148  0.0103181
908.987  589.536  0.00383074  -0.000515343  0.00256699
904.679  595.337  0.00459923  0.00164265  0.00542295
919.745  297.757  0.00579806  -0.00269511  0.00321613
914.882  622.026  0.0208278  0.00248482  0.020048
914.935  206.016  0.0218468  -0.00222909  0.0270139
913.49  455.996  0.00736408  0.00759645  0.0265189
916.428  391.428  0.0283474  0.00904827  0.00996594
911.34  422.176  0.00182492  0.000595409  0.00293651
910.123  503.273  0.00856068  -0.00766952  0.0117047
909.859  269.045  0.0075389  -0.00554173  0.00702239
922.32  373.422  0.0107853  0.00909735  0.0202418
914.135  484.94  0.0063013  0.00681188  0.0267066
918.16  580.267  0.0292072  0.0037513  0.0195486
919.838  241  0.0296206  -0.000195301  0.0288474
920.273  668.373  0.00239246  -0.0025142  0.0130865
921.114  94.9874  0.00262198  -0.000914195  0.00126575
903.08  216.329  0.0020383  -0.00181954  0.00653491
925.242  112.206  0.0127594  -0.00253071  0.0245826
928.305  71.3142  0.0250361  0.00399186  0.00609399
928.613  681.555  0.0207361  -0.00126953  0.031747
914.691  157.514  0.00842727  -0.0129834  0.0250893
928.688  503.283  0.0249387  0.000273919  0.0201082
928.899  51.3894  0.0136069  -0.00818157  0.0203889
944.354  340.2  0.0110673  0.0126233  0.0176323
943.914  434.291  0.00299548  0.00329257  0.0144836
940.93  561.316  0.00163335  -0.000408139  0.00126498
932.594  613.792  0.0292286  0.000714573  0.031634
933.283  127.783  0.022631  0.00558329  0.0135255
930.412  188.32  0.00997492  0.00201663  0.00597558
937.164  29.5641  0.0122329  0.00210627  0.0194807
922.973  91.4416  0.00212764  0.000589967  0.0173203
940.088  487.107  0.00415409  6.25228e-05  0.00910747
938.301  360.122  0.0155202  0.00678055  0.0150759
939.636  401.667  0.00236221  -2.62586e-05  0.00175922
938.558  171.769  0.028287  0.000692195  0.0308789
942.267  590.384  0.00429119  -0.00145513  0.00890613
942.556  593.287  0.00425691  0.000520158  0.0014388
939.847  143.398  0.0276722  0.00143265  0.0247753
940.57  309.25  0.0138419  -0.00590044  0.0253845
939.587  626.453  0.0377931  -0.000147831  0.00447632
942.513  559.943  0.00149724  -0.000287362  0.00121717
939.004  196.617  0.010482  -0.00160752  0.00160703
934.411  665.274  0.0170549  0.0104525  0.00922182
943.528  127.047  0.0274398  0.00147297  0.028735
938.893  274.438  0.00135617  -0.00042687  0.00158595
942.657  255.127  0.0155978  0.00611032  0.0325509
932.37  113.401  0.00174546  -0.00213949  0.0335769
936.616  405.784  0.00342074  -0.000352885  0.00252652
947.66  477  0.0321605  0.000699141  0.0280043
949.07  346.22  0.0310531  -0.00140893  0.00650763
949.481  657.69  0.0246926  -0.000249537  0.0229139
952.189  171.585  0.0175486  0.00556881  0.0178468
957.941  444.383  0.00128707  -0.00138713  0.00386782
941.211  520.573  0.00689205  -0.00234007  0.00328926
952.132  285.406  0.026076  0.0036135  0.0325227
957.986  656.574  0.0130632  0.00475019  0.00367747
968.117  547.021  0.00172703  -0.00400683  0.0272126
951.72  628.72  0.0150896  0.00223899  0.0288226
959.476  467.306  0.00154051  0.00291322  0.013723
953.005  372.571  0.0159001  -0.00747184  0.0198371
953.957  439.139  0.0260549  -0.00220639  0.0282692
959.555  309.68  0.00559313  0.000993245  0.00113463
957.152  32.5891  0.00954722  -0.000676813  0.00754395
950.461  156.916  0.00668551  0.00573311  0.0073249
956.429  195.383  0.0109562  -0.000791751  0.0167438
971.346  132.46  0.00183359  -0.000318849  0.00127993
955.141  238.221  0.00558477  -0.0034209  0.00605294
960.509  680.89  0.00915637  0.00150935  0.0345498
967.44  24.8901  0.0118593  -0.00447809  0.00461085
958.941  402.725  0.0181535  0.00218595  0.0152894
960.421  301.324  0.00327811  0.00121104  0.00307077
967.854  381.013  0.00670029  0.00504219  0.00844543
947.618  518.729  0.00200693  -0.000490908  0.00381973
969.08  107.243  0.00689092  -0.00120301  0.0129304
966.427  219.969  0.0231585  -0.00866947  0.00984522
967.702  169.832  0.0298637  -0.0148052  0.0178203
977.981  547.632  0.00578389  0.00121427  0.0011052
971.447  31.8  0.0162475  -0.000540076  0.0120738
971.488  275.355  0.0299769  -0.00139572  0.021076
972.826  44.3391  0.0293051  0.00411178  0.0247006
972.331  659.636  0.0263732  0.00143553  0.023785
972.572  315.243  0.00969415  0.00250039  0.0106105
975.322  249.589  0.0373536  0.00161939  0.0325008
971.749  353.65  0.00936397  -0.0051356  0.00816297
974.498  452.384  0.0272558  0.00924527  0.0110189
968.933  69.5512  0.00295625  -0.000625221  0.00371161
976.937  149.265  0.00700123  0.00111849  0.00467619
977.369  348.977  0.025542  -0.00298222  0.0226554
977.299  256.458  0.053645  -0.00128784  0.00311982
977.009  482.711  0.00480355  -0.000776785  0.00526687
975.356  633.894  0.0138279  0.00572114  0.00803077
979.15  20.3628  0.027034  -0.00148984  0.0248601
979.214  405.615  0.0292404  -0.00570411  0.0246314
981.699  117.835  0.023631  -0.00104001  0.0220896
984.795  384  0.0240187  -0.00902128  0.0275563
986.798  132.716  0.0282644  0.00106726  0.00606615
988.449  458.238  0.0156867  0.00436539  0.00864075
988.5  598.814  0.0128127  -0.00894502  0.0219714
23.7314  390.855  0.0307424  -0.000353795  0.0139803
22.2635  155.036  0.00189401  -4.56663e-06  0.000984789
28.5234  382.322  0.007541  -0.0057755  0.0069657
29.4098  416.968  0.0171638  -8.8351e-05  0.00697811
32.3634  366.816  0.0180911  0.000130039  0.0160986
48.1556  477.022  0.0123212  0.000209816  0.0177267
40.3038  497.262  0.00089035  -0.000300894  0.00110589
64.5885  346.085  0.00203419  -0.00246339  0.0220894
48.8934  54.8981  0.00672065  0.000412429  0.00459107
63.0584  111.254  0.0163738  -0.000312044  0.0134402
83.0521  231.021  0.00111845  -0.00148706  0.00726557
66.2342  300.667  0.01812  0.00351645  0.00969312
91.3188  559.831  0.00118687  -0.000491212  0.00182668
75.7731  474.495  0.00484101  -0.002418  0.0140204
67.1736  351.24  0.00314683  -0.000587937  0.00167589
71.7772  66.3907  0.0119031  0.000685375  0.00942226
73.5013  88.7685  0.022141  0.0027349  0.00375937
75.7104  330.875  0.0173084  -0.000490941  0.0107975
87.3752  429.672  0.00805698  -0.00504343  0.00512977
79.0658  501.064  0.00966488  -0.0050416  0.0145491
71.8904  526.879  0.00884376  0.00182788  0.000946506
64.2618  345.751  0.0023361  -0.000368532  0.00187207
79.326  299.264  0.0043036  5.0037e-05  0.00319715
85.4758  20.2748  0.0122444  0.00351968  0.00412328
76.0604  226.325  0.00610561  -0.00498564  0.00700466
97.0517  63.8484  0.0023695  -0.00201076  0.00894198
90.9257  317.654  0.0162474  -0.00423688  0.00889007
89.6249  563.283  0.0171056  0.000658022  0.0141915
78.6433  192.004  0.00137969  -0.000184876  0.00091689
74.9579  201.411  0.0025635  -0.00179331  0.00369562
100.91  510.769  0.0163736  0.000620499  0.0163736
102.67  16.7725  0.0184634  0.000386641  0.00423776
104.817  202.338  0.0146428  0.000696981  0.0168267
98.2315  378.349  0.00268738  -0.00125938  0.0026522
78.6807  536.83  0.00118466  -3.36413e-06  0.00142088
104.798  478.085  0.0114135  0.00542987  0.015754
109.872  96.2398  0.0159465  -0.00240264  0.0125604
106.937  352.058  0.00485861  0.00313569  0.00562961
140.388  313.46  0.000736862  -0.00033112  0.0074551
138.814  334.244  0.00142484  1.31054e-05  0.0132969
139.816  412.622  0.00173907  -0.00095805  0.000948814
115.821  524.465  0.00100364  -0.000551279  0.00158269
134.139  107.673  0.0122297  0.00530472  0.0116046
142.443  398.374  0.000690756  -0.000244209  0.00116029
139.144  198.014  0.00501139  -0.00168203  0.0145238
136.366  507.055  0.000784403  -0.000342397  0.000778154
137.649  249.228  0.0167947  -0.000133239  0.0135864
151.205  374.166  0.00102819  3.00934e-05  0.000929635
139.925  645.467  0.00077514  -0.000325505  0.00131296
140.15  283.812  0.00116815  0.000898348  0.00185323
143.188  297.93  0.0166867  0.000779631  0.0154282
140.399  452.354  0.00063207  -0.00046628  0.00112112
162.785  634.179  0.00377352  -0.00123655  0.00232721
153.022  182.6  0.0163736  0.000620499  0.0163736
153.091  229.029  0.016676  0.000281403  0.016437
166.39  75.8131  0.015217  0.0125353  0.0115878
148.302  252.878  0.00169657  -0.0013611  0.00162539
133.774  310.099  0.000889907  -0.000694292  0.00388102
155.839  147.389  0.0163736  0.000620499  0.0163736
147.882  110.406  0.00218375  0.0064546  0.027392
176.966  395.276  0.0163736  0.000620499  0.0163736
178.536  322.83  0.00706543  0.000491305  0.00143392
163.07  47.993  0.00233348  -0.00282618  0.00487121
181.15  532.138  0.016835  0.000885569  0.0149934
185.417  272.741  0.0163736  0.000620499  0.0163736
186.758  205.082  0.0160605  0.000240515  0.0162355
191.07  80.8732  0.0168267  0.000696981  0.0146428
189.829  229.511  0.015684  -0.00344328  0.00738961
191.615  583.352  0.0155931  0.00454007  0.00564037
205.008  267.183  0.00165592  -0.000102176  0.000809901
199.761  382.859  0.0153513  -0.000952063  0.0153513
207.828  200.912  0.0127085  0.00691149  0.00689783
209.789  538.303  0.00107056  -0.000581492  0.00183725
205.135  630.487  0.0163736  0.000620499  0.0163736
207.952  182.6  0.0163736  0.000620499  0.0163736
191.066  304.531  0.00254256  0.00458512  0.012338
212.335  465.728  0.0156734  -0.000214971  0.0155596
216.234  498.175  0.00190693  -0.000842391  0.00211146
219.705  133.168  0.000561264  -0.000607808  0.00176337
216.769  424.187  0.00227137  -0.00187791  0.0241904
220.291  321.607  0.00433616  -0.00095809  0.00248142
214.994  365.698  0.0163736  0.000620499  0.0163736
217.748  517.648  0.00291752  0.000291686  0.000496001
210.552  609.992  0.000542077  -0.000280683  0.0013332
221.862  264.742  0.000576217  -0.000483173  0.00268169
220.342  80.2375  0.00424976  0.00132457  0.0089196
224.018  425.171  0.00867286  -0.0078413  0.0135665
230.487  303.727  0.0163736  0.000620499  0.0163736
235.442  545.857  0.00319505  -0.0037037  0.0114358
240.346  231.896  0.0163736  0.000620499  0.0163736
240.346  531.896  0.0163736  0.000620499  0.0163736
244.54  28.4341  0.0165918  0.000416457  0.0207307
243.081  500.568  0.0119147  0.00557552  0.0155122
257.033  244.055  0.0041516  0.00181697  0.00209091
256.993  582.352  0.00135087  -0.000239324  0.00269329
244.267  156.171  0.000677627  -1.32163e-05  0.0034254
251.614  333.304  0.0163736  0.000620499  0.0163736
251.672  509.589  0.0159294  0.000134452  0.0151544
249.095  373.679  0.00912663  0.00193511  0.00111781
268.822  303.179  0.00123104  0.000509067  0.0013041
253.563  621.303  0.00590785  -0.00426872  0.0157443
258.656  636.121  0.0163736  0.000620499  0.0163736
255.415  439.634  0.0105837  0.00424609  0.00390205
256.412  295.993  0.00128393  -0.000134994  0.00054326
270.026  30.0561  0.0121287  -0.00543101  0.019947
272.013  98.3587  0.0162255  0.00427668  0.00287599
273.082  185.087  0.00697764  -0.000280341  0.00310542
272.88  206.539  0.0154025  -0.000928209  0.0162109
267.497  543.146  0.00870856  0.00403475  0.00679592
278.029  594.23  0.0015283  -0.000557871  0.000929112
274.149  317.811  0.0163736  0.000620499  0.0163736
274.255  653.995  0.0103989  0.000885515  0.0210385
270.512  132.686  0.00785971  -0.00260049  0.00463099
276.852  490.767  0.0153578  -0.00269822  0.0134779
294.401  302.336  0.00284806  0.00429048  0.0170108
285.29  443.321  0.00799713  -0.0049769  0.0145742
290.951  81.7106  0.0103601  -0.00381058  0.00538257
295.276  322.036  0.0163736  0.000620499  0.0163736
294.258  55.1364  0.00622624  0.00240918  0.018262
298.093  278.374  0.0163736  0.000620499  0.0163736
298.093  422.036  0.0163736  0.000620499  0.0163736
305.35  43.2286  0.00480069  -0.00329781  0.0164077
310.914  475.942  0.00479947  -0.00154226  0.0014928
327.39  26.7232  0.000745044  -0.00148389  0.0293018
311.518  15.5243  0.00313984  0.0014027  0.0355665
303.113  120.964  0.0126685  0.00212047  0.00114944
306.543  238.938  0.0163736  0.000620499  0.0163736
285.772  302.021  0.00117001  -0.000902339  0.00600044
314.007  178.093  0.00189738  6.46478e-05  0.00124642
320.527  479.859  0.00108563  0.000117776  0.0020088
319.486  253.234  0.0141346  -0.00178631  0.0152024
337.807  77.5373  0.0031611  -0.00226933  0.00285949
322.036  354.431  0.0163736  0.000620499  0.0163736
323.392  329.156  0.016295  0.00100445  0.0159723
325.543  465.808  0.01574  -0.00104804  0.000934069
322.93  581.651  0.0135581  0.00135381  0.0150698
326.267  279.701  0.0165438  0.000643747  0.01587
342.608  509.684  0.00344672  0.00396421  0.011026
338.085  452.203  0.0163942  -0.00831917  0.0054863
322.719  479.788  0.00329007  -0.00448386  0.00973146
341.076  381.946  0.014603  -0.00196508  0.0129783
343.569  220.559  0.00944005  0.000396201  0.00455734
349.037  182.711  0.0128684  0.000399597  0.0155211
351.182  282.092  0.0181796  -0.00174602  0.00118367
349.46  501.88  0.00367384  0.000133219  0.0127373
340.144  598.254  0.0125673  0.00985868  0.0101676
351.225  387.344  0.01851  0.00155833  0.00676416
345.187  454.883  0.00485656  -0.00370006  0.00451542
382.985  162.928  0.00198097  0.00152189  0.00395033
360.954  66.3206  0.00857955  0.00168841  0.0139598
363.704  567.294  0.0108553  -0.00462997  0.0152174
373.74  86.072  0.00382734  -0.00134379  0.0016785
371.46  99.1285  0.00406994  -0.00140121  0.00110757
393.944  358.067  0.00105922  -0.000891098  0.0023757
373.8  387.078  0.0150592  0.000852638  0.0154125
363.732  30.3621  0.00357591  -0.00168294  0.00455802
365.823  518.744  0.00269562  -0.00584181  0.0240191
362.397  164.015  0.00158469  -0.000253364  0.00281313
386.346  194.797  0.012744  0.00328027  0.0166907
404.356  545.266  0.000871819  -0.00145677  0.00848174
387.245  410.269  0.014332  0.00826686  0.00814081
395.184  225.507  0.0167954  0.00208666  0.00789935
398.968  132.857  0.0206339  0.00244173  0.00535462
386.579  328.722  0.00121913  -0.000313744  0.000554907
411.775  45.5634  0.014605  0.000204576  0.0166563
412.08  302.316  0.0172047  0.00103269  0.0132499
401.147  357.076  0.00165454  0.00169856  0.00364464
403.407  451.633  0.00115688  0.000640623  0.00112317
409.267  244.781  0.00896661  -0.00642735  0.00877644
445.48  661.417  0.00105575  3.84555e-07  0.00127705
417.056  43.2826  0.0137598  0.00290541  0.00148463
430.786  582.989  0.0204039  -0.00145379  0.00564592
433.715  34.0962  0.00962273  -0.00246628  0.0102049
433.304  307.952  0.0163736  0.000620499  0.0163736
433.416  402.43  0.016075  -0.000433158  0.0142579
441.033  206.939  0.00264798  -0.00119409  0.0233637
436.121  355.839  0.0163736  0.000620499  0.0163736
435.025  428.873  0.0138242  -0.00723439  0.0109213
443.866  241.096  0.0151737  -0.0022827  0.00117397
440.346  336.121  0.0163736  0.000620499  0.0163736
440.178  78.6395  0.0113664  0.00169562  0.00280943
439.638  178.921  0.00802405  0.00453317  0.00717423
441.755  267.107  0.0163736  0.000620499  0.0163736
430.968  544.836  0.000613325  -5.05238e-05  0.000798712
432.176  653.011  0.00105754  5.95014e-05  0.000747561
448.797  93.8674  0.0163736  0.000620499  0.0163736
448.73  154.378  0.0160605  0.000240515  0.0162355
452.628  14.6378  0.0188529  0.00536955  0.00986788
446.802  206.034  0.0028206  -0.00145183  0.0230558
453.368  311.144  0.00298955  -0.000247368  0.000796986
467.434  66.3688  0.00296935  0.000353552  0.00299942
471.096  550.421  0.00155821  0.000264482  0.0221726
465.535  510.732  0.0149666  -0.000498024  0.0160593
452.845  373.423  0.00436067  -0.00277104  0.00317354
477.1  16.7026  0.00377198  -0.00538112  0.0235393
470.166  478.333  0.0149934  0.000885569  0.016835
468.393  422.255  0.00420575  -0.00118986  0.0036088
478.321  130.714  0.00157592  -4.64391e-05  0.00370387
475.955  359.45  0.0113826  0.0040141  0.00722998
468.292  461.176  0.00510594  0.00302304  0.0195325
477.353  256.081  0.0152898  0.00293046  0.00931145
479.808  175.133  0.00270704  -0.00157708  0.00697603
484.008  100.91  0.0163736  0.000620499  0.0163736
484.008  269.924  0.0163736  0.000620499  0.0163736
476.135  147.482  0.00249004  0.00550158  0.0251342
491.694  201.036  0.00122311  -0.000937317  0.00326719
492.019  226.161  0.0133207  -0.000211578  0.015086
493.867  54.4308  0.0163736  0.000620499  0.0163736
495.841  246.212  0.0130703  -0.00184043  0.00802195
499.501  385.417  0.0163736  0.000620499  0.0163736
508.358  64.2912  0.00710298  0.00324437  0.00221483
497.776  154.623  0.00323264  -0.00496167  0.0198401
508.287  103.991  0.0103618  0.00634345  0.00572835
508.008  320.91  0.00823691  0.00363432  0.0149468
505.938  434.242  0.0177092  0.00240641  0.0089786
508.866  234.6  0.0111882  -0.0014348  0.0124843
509.97  25.0989  0.0141708  -0.00101307  0.0195071
517.109  51.3652  0.00520935  0.00433857  0.00641232
510.598  483.071  0.0162351  0.00108856  0.0141218
512.177  167.107  0.0163736  0.000620499  0.0163736
514.951  500.027  0.017008  -3.00923e-05  0.0131072
516.35  136.199  0.016295  0.00100445  0.0159723
517.826  185.559  0.0152792  -0.00508166  0.00330224
520.691  14.4534  0.0160052  0.000530749  0.0216998
508.64  256.909  0.000941319  0.00155716  0.0107521
546.239  293.643  0.00228164  0.00597569  0.0239553
519.913  152.466  0.000783257  0.000198686  0.00154552
535.201  347.158  0.00623867  -0.000696106  0.00176149
537.494  497.469  0.0122674  0.00170484  0.00532097
549.412  199.315  0.00360936  -0.00591616  0.0163237
539.33  75.516  0.00197489  -6.24528e-05  0.000942468
540.346  98.0927  0.0163736  0.000620499  0.0163736
523.319  92.4998  0.00431623  -0.00280834  0.00327606
557.044  405.166  0.00159112  -0.000221164  0.00161101
544.354  143.31  0.0110621  7.25046e-05  0.0176219
547.053  58.6084  0.0119308  -0.00151526  0.0047634
534.876  315.651  0.00266353  0.00334658  0.00972267
551.491  475.767  0.00171266  -0.000770687  0.00166415
556.108  505.209  0.00686739  0.00154399  0.000806268
570.661  612.841  0.00169889  0.000135912  0.00173773
572.317  260.789  0.000960028  -3.92046e-05  0.000853001
532.567  348.081  0.00159109  -0.00123936  0.0031246
556.808  326.209  0.0108458  -0.000188483  0.0148795
555.822  339.339  0.0171056  0.000658022  0.0141915
554.789  87.3139  0.00817413  0.00720713  0.0171194
548.092  408.125  0.000986451  0.0002836  0.000792226
560.065  172.741  0.0163736  0.000620499  0.0163736
579.051  656.961  0.000455291  -8.54944e-05  0.0151804
584.133  24.8682  0.0014019  -0.00165446  0.00777936
569.206  35.7394  0.00829726  -0.000315946  0.00341009
557.251  214.292  0.00269994  -0.000169809  0.000898249
572.284  369.624  0.00600166  -0.00181852  0.00291167
569.825  116.19  0.0163266  -1.57882e-05  0.0153133
571.332  461.473  0.0163736  0.000620499  0.0163736
600.334  188.228  0.00142036  -0.00158884  0.00539368
578.759  403.592  0.0118511  -0.00553578  0.00930806
560.298  356.122  0.00168047  0.00371314  0.012843
581.55  26.1679  0.00180462  -0.00142325  0.0044874
601.614  129.8  0.00128513  0.00155024  0.00530815
587.999  264.542  0.00981507  0.00338789  0.00723864
565.535  526.259  0.000687555  -0.000728314  0.00296313
592.933  656.333  0.000513475  0.000949487  0.0155621
588.402  438.934  0.0153146  0.000604193  0.0167024
582.693  300.8  0.00932958  -0.00757055  0.00993044
594.056  497.958  0.0155921  0.00052119  0.0156776
613.215  175.794  0.00468386  -0.00174857  0.00204247
619.278  464.254  0.000846196  -0.000475295  0.00354334
605.239  88.5493  0.0163661  -0.000196855  0.0146341
598.462  461.727  0.00433104  0.00146638  0.0013636
620.913  314.954  0.00174992  4.89829e-05  0.00130837
620.552  424.403  0.00172379  -0.00188379  0.0181689
612.177  64.2899  0.0163736  0.000620499  0.0163736
612.331  154.542  0.0155171  -0.000249782  0.0160527
624.519  72.0618  0.00418282  0.0011812  0.00112378
637.049  170.802  0.001062  -0.000903987  0.0102669
621.889  447.079  0.0156262  0.00557092  0.0108537
621.986  30.213  0.0161477  0.00141064  0.0223803
624.491  143.971  0.00299736  -0.000224134  0.000915625
623.445  185.417  0.0163736  0.000620499  0.0163736
632.864  209.875  0.007416  -0.0055244  0.0127146
633.68  459.736  0.00341519  -0.000415531  0.00830573
644.027  118.52  0.00407982  -0.000362953  0.000679812
660.775  335.352  0.000860408  -0.000277537  0.0159174
633.455  493.666  0.00121129  0.000451242  0.00115828
643.877  582.575  0.00346651  -0.000228324  0.00164091
637.103  67.78  0.00116603  0.000455648  0.00122855
628.912  235.883  0.000622333  -0.000165677  0.00428595
642.177  54.514  0.00599858  -0.00172239  0.00246537
648.722  122.101  0.0242881  -0.00221392  0.000845486
655.309  284.836  0.00471002  -0.000521674  0.0119295
669.851  478.412  0.00822221  -0.00629462  0.00620519
660.683  560.478  0.00340688  4.02096e-07  0.000953086
645.964  433.239  0.00232227  0.00180014  0.0098562
648.552  214.556  0.0120691  -0.01258  0.0155508
664.303  129.751  0.0129303  -0.00252038  0.00154014
669.587  319.745  0.00270284  0.00325459  0.00875838
655.875  201.341  0.00270243  -0.00016209  0.00105045
658.107  41.4075  0.000701475  0.00113903  0.00704308
666.821  172.725  0.0227201  -0.00215154  0.00259625
665.018  124.923  0.00788981  -0.00125344  0.00112536
676.62  327.362  0.0174132  0.00246238  0.0117586
680.415  71.0515  0.00061169  0.000384211  0.00168281
679.536  15.9072  0.0148241  -0.000512457  0.0228266
682.779  153.949  0.00182574  0.000265684  0.00141411
685.242  613.924  0.00383913  -0.000252488  0.0171603
680.807  294.24  0.019355  0.00173433  0.00666324
687.001  572.88  0.00590186  0.00190898  0.00455153
686.825  331.896  0.0163736  0.000620499  0.0163736
688.679  602.737  0.00264808  0.00388813  0.0227402
694.423  294.92  0.0101042  -0.00118583  0.00627156
687.818  519.026  0.00803301  0.000481026  0.000445046
685.875  74.8379  0.0024501  0.00152176  0.00189323
699.501  213.586  0.0163736  0.000620499  0.0163736
699.501  438.938  0.0163736  0.000620499  0.0163736
702.495  505.017  0.0146054  -0.000342641  0.0144565
685.292  80.6789  0.00179947  -0.000424897  0.00235777
707.684  167.129  0.00754695  -0.000514121  0.0169638
708.858  352.146  0.00295203  -0.000464934  0.00133379
707.981  34.7753  0.0156031  -0.00103205  0.0210744
680.529  153.209  0.000948003  -0.000506127  0.00594761
701.001  539.849  0.014277  0.00539228  0.00335253
699.715  279.792  0.000918037  -2.48607e-05  0.00231894
710.817  308.377  0.0154123  0.00167537  0.00276809
698.462  137.651  0.00803028  -0.0116483  0.019359
713.586  613.586  0.0163736  0.000620499  0.0163736
714.994  60.0646  0.0163736  0.000620499  0.0163736
711.579  200.385  0.0131886  -0.00289461  0.00153309
728.01  427.376  0.00211834  -0.00200059  0.00524788
718.485  563.537  0.0108802  -0.00376844  0.00910812
720.628  344.572  0.0163736  0.000620499  0.0163736
725.297  198.072  0.0142045  4.42913e-05  0.0163489
722.435  172.307  0.0178103  -0.0069237  0.00459431
727.066  315.697  0.00869518  0.00364975  0.00603186
727.632  477.453  0.0113422  0.00340935  0.0138558
727.476  477.358  0.0165662  0.00123701  0.00090327
729.499  222.44  0.0037847  0.00269603  0.0108504
728.972  409.126  0.0133286  -0.00513722  0.0126871
730.434  510.701  0.0162355  0.000240515  0.0160605
741.328  146.811  0.00294966  0.00467799  0.0181974
747.941  348.287  0.00180004  -0.00133742  0.00175998
729.289  23.0766  0.00117892  -0.00139179  0.0044722
735.761  229.47  0.0146722  0.00237303  0.0153632
736.48  261.275  0.0148806  0.0018045  0.0163055
729.629  207.398  0.00226208  0.00191834  0.00558435
738.135  475.181  0.0182524  0.00299963  0.00320212
739.759  424.557  0.0140169  0.0011808  0.00889879
740.298  640.408  0.0138499  0.00149756  0.0165918
733.235  372.17  0.000308782  0.000149291  0.00182727
745.52  110.961  0.0147018  -0.00389717  0.00957722
746.134  165.809  0.0155171  -0.000249782  0.0160527
764.831  289.442  0.000832408  -0.000235922  0.00244355
743.827  22.0809  0.00928216  -0.00458483  0.00441072
750.448  472.685  0.0150019  0.0009573  0.0166161
742.535  69.2288  0.00453529  -0.00451684  0.0055866
751.561  429.156  0.016295  0.00100445  0.0159723
754.226  334.452  0.00059108  -0.000417255  0.00132261
759.98  620.488  0.00121752  -0.000513204  0.00176446
755.916  112.155  0.0163153  -0.000419711  0.0148145
755.759  217.889  0.0173909  -0.000378844  0.0123294
756.338  232.864  0.014511  0.00208402  0.0153821
754.884  196.343  0.00902946  -0.0038529  0.0113308
762.984  379.149  0.000938365  0.000227189  0.00072341
775.157  176.454  0.00237562  0.00256023  0.00747015
764.419  343.592  0.0120729  0.00636617  0.0105749
778.93  273.126  0.00247751  0.000106808  0.000752295
765.558  140.017  0.010156  -0.00127361  0.0160662
768.435  461.998  0.0174695  4.98317e-05  0.0121053
775.59  345.276  0.00419447  0.00215092  0.00173552
764.647  558.034  0.0025057  -0.00241702  0.00533408
776.966  430.487  0.0163736  0.000620499  0.0163736
772.591  587.883  0.00189361  -0.000142507  0.01774
771.351  615.443  0.000470003  -3.62287e-05  0.00142253
785.976  577.804  0.00285308  -0.000782844  0.020199
800.767  134.784  0.00100673  -9.31834e-05  0.0183991
775.912  279.834  0.00396827  -0.00152395  0.00174948
791.587  640.674  0.00448573  -0.00111679  0.0202518
788.231  61.5655  0.0131919  -0.000260776  0.0169093
790.602  350.954  0.0137915  -0.00382417  0.0134603
794.554  303.944  0.0131799  -0.000941885  0.0164281
806.378  152.777  0.00336997  -0.00298243  0.0102434
796.617  113.533  0.0160605  0.000240515  0.0162355
798.048  38.4853  0.0169062  -0.00330457  0.0109596
792.419  192.083  0.00240347  0.000918469  0.000681056
803.617  331.125  0.00762832  0.00289196  0.0182158
828.7  287.126  0.00148225  -0.000443679  0.00189547
804.513  528.586  0.000518051  6.32875e-05  0.0023618
809.016  584.855  0.0019954  0.000928284  0.00134779
813.624  420.371  0.000989332  -0.000137003  0.00045406
825.182  292.248  0.000835779  0.000647284  0.00674695
824.879  595.208  0.000787749  -0.000614388  0.0137915
793.896  89.1088  0.00109858  -0.00150709  0.00993615
817.794  166.783  0.0158677  0.00145117  0.0147542
824.662  54.4377  0.00234985  -0.00197848  0.00594241
825.779  182.206  0.0159177  -0.00716818  0.00895468
826.941  146.262  0.00767743  -0.000197548  0.0186877
827.653  132.297  0.0171056  0.000658022  0.0141915
828.277  382.652  0.013466  0.0001284  0.0167503
836.195  123.052  0.00839226  -0.00363259  0.0104052
835.007  108.488  0.0211515  0.00762208  0.0056152
838.938  365.698  0.0163736  0.000620499  0.0163736
845.778  33.3181  0.0187588  -0.00729603  0.0042697
840.566  233.59  0.0158995  0.000406865  0.013592
839.655  416.394  0.00430991  0.000244998  0.00058433
854.313  166.593  0.00378558  -0.00284055  0.00489519
849.79  307.345  0.0127783  0.000789948  0.00145425
851.93  278.282  0.0147233  0.00124188  0.0168554
854.247  262.697  0.0157155  -0.00050875  0.0157155
857.747  87.2176  0.0149665  -0.0013242  0.0141878
860.84  398.11  0.0189864  -0.00194768  0.00494351
861.473  637.529  0.0163736  0.000620499  0.0163736
878.431  356.026  0.000908106  -0.000929351  0.00279724
873.226  146.082  0.0142184  0.000110423  0.0160493
882.675  305.352  0.00526872  0.00339042  0.00304579
877.779  184.994  0.00445845  0.000907879  0.00545154
863.675  67.3436  0.001935  0.000220575  0.00427581
883.123  103.331  0.0152915  -0.00138823  0.0118454
882.847  314.669  0.0186822  0.00024518  0.00786439
883.875  414.516  0.0135571  0.000980201  0.00162024
885.417  385.417  0.0163736  0.000620499  0.0163736
896.989  270.083  0.0178532  -0.00196593  0.00956814
901.223  638.797  0.00427234  0.00106646  0.021701
902.546  471.719  0.0083153  0.00464428  0.0083179
907.913  45.0862  0.0157844  0.000427254  0.0194508
906.885  111.857  0.00661637  -0.00164745  0.001614
909.36  312.177  0.0163736  0.000620499  0.0163736
906.246  587.378  0.00345768  -0.0017528  0.00313527
913.674  91.0272  0.00255323  -0.00172789  0.0018766
917.623  205.183  0.0047894  4.30199e-05  0.0188168
911.938  394.728  0.000268893  -0.000130284  0.00735897
910.616  501.508  0.00657104  -0.00389849  0.00625965
922.351  238.459  0.00268162  -0.000880394  0.0137534
920.248  373.552  0.0135277  0.00365695  0.0138976
927.602  668.215  0.000877924  -0.000869193  0.00969974
918.53  170.326  0.00942311  -0.00581544  0.0129404
931.131  99.3608  0.0066042  0.00129807  0.00241913
930.179  295.885  0.000812385  0.000686506  0.00342175
927.822  679.568  0.0163314  -0.000444355  0.0282111
929.084  503.645  0.0165438  0.000643747  0.01587
930.553  52.1939  0.0165897  0.000176635  0.0137454
923.783  127.795  0.000376677  -0.000208675  0.00375235
933.304  423.445  0.0163736  0.000620499  0.0163736
932.81  201.254  0.0114241  2.97338e-05  0.000955765
943.206  25.0953  0.00114631  0.000885906  0.00933971
921.386  99.4338  0.00293638  0.00109608  0.0029916
935.08  357.621  0.00376985  0.00176337  0.00658081
945.479  396.965  0.00152601  0.00060441  0.00175965
938.938  143.163  0.0163736  0.000620499  0.0163736
939.741  309.732  0.0130298  -0.00142965  0.0151808
939.051  626.491  0.0209403  0.000467958  0.00421284
955.957  87.0877  0.00271186  -0.00063763  0.00064981
940.386  398.876  0.00238247  -0.000202494  0.000995551
947.243  477.015  0.017142  0.000323842  0.0163138
948.865  345.018  0.0199744  -0.00039049  0.00642182
952.085  629.011  0.0139723  0.00100952  0.0170198
952.451  372.179  0.00833056  -0.0039832  0.0130449
953.933  438.946  0.0191576  0.000688201  0.0155553
946.734  21.1683  0.000844652  0.000135336  0.00276205
945.464  550.608  0.00198848  -0.000151315  0.000435447
967.002  218.335  0.0093504  -0.00391515  0.0105019
969.834  104.122  0.00670343  0.000675094  0.00668324
959.658  595.929  0.00390184  -0.00218888  0.00261055
970.355  275.836  0.0226565  -0.000307355  0.0151426
971.219  658.757  0.0161016  -0.00220151  0.0175891
973.614  452.201  0.018556  0.00221456  0.0075257
974.323  249.079  0.023919  -0.000904754  0.0160399
976.335  348.985  0.0187629  -2.19931e-05  0.0168085
977.826  21.0004  0.0193981  -0.00212898  0.0195698
981.676  117.766  0.0123787  -0.000756582  0.017484
47.691  46.181  0.00438881  -0.00456262  0.00579702
30.6143  417.252  0.0105815  -0.0019647  0.00519725
33.6209  48.7725  0.0154816  0.00145368  0.0115772
42.6597  302.831  0.00958132  0.00412219  0.00667236
49.8767  28.3863  0.00632059  -0.00190483  0.00300974
52.2841  120.124  0.0108475  -0.0012124  0.00525658
56.9432  61.2066  0.00263319  -0.00155039  0.00325997
36.2441  442.573  0.0013715  -0.00114472  0.00231839
64.9474  302.321  0.00841522  0.000816715  0.00728212
68.2477  266.967  0.00648009  0.00183947  0.00789993
93.7419  563.215  0.00134147  -0.000322682  0.000487023
73.4705  89.601  0.00956696  0.00120839  0.00323336
92.6698  329.687  0.00116431  0.000119428  0.00663895
83.0956  50.3898  0.00343042  0.00066008  0.00180563
90.2932  57.5882  0.00219855  -0.00199364  0.00448379
87.0776  426.434  0.00621592  -0.00334031  0.00504964
74.2048  198.049  0.00228535  -0.00160508  0.00253581
90.2663  121.827  0.00297597  -0.00129955  0.00846043
98.4428  156.756  0.00316771  -0.00110567  0.00910733
101.351  386.756  0.00336739  -0.000831381  0.000953666
107.76  43.0969  0.00363889  -0.000482716  0.00441625
141.666  315.644  0.000890388  -0.00101085  0.00512506
145.809  408.707  0.000725971  -0.000224206  0.000589279
130.896  204.355  0.00351271  0.00235338  0.00453476
133.335  524.758  0.000561942  4.33912e-05  0.000267416
130.416  574.567  0.00151369  -9.64309e-05  0.000468568
135.689  646.397  0.000677249  -3.30575e-05  0.000876063
131.681  284.632  0.000670975  0.000422017  0.00115023
139.379  306.891  0.00056054  0.000183929  0.00210141
171.139  167.258  0.000654241  -0.000358847  0.00264927
174.928  398.286  0.00877619  0.00190422  0.00540539
188.255  60.6867  0.00261959  0.000963706  0.00447886
207.661  612.516  0.000742572  -0.000562482  0.00210774
201.767  206.539  0.000592488  0.000144895  0.00346672
189.123  43.6004  0.00817703  0.00170547  0.00878536
191.72  80.6305  0.00825394  0.000312794  0.00825394
222.107  381.087  0.000765705  0.00107174  0.00241325
205.321  210.105  0.00381104  0.00101957  0.0020383
215.417  516.155  0.00092449  0.000183364  0.000618627
206.23  153.739  0.00726895  0.000909192  0.00830068
208.406  564.792  0.00692816  -1.52297e-05  0.00839156
213.422  45.2838  0.00837569  0.000387527  0.00977588
218.633  239.413  0.00830169  0.000264919  0.00350989
220.322  206.345  0.00703373  0.00141443  0.00694301
199.39  628.763  0.000613048  0.000113547  0.000473462
220.482  80.7998  0.00203821  -0.000873367  0.00747307
229.201  459.938  0.00635397  -0.00245706  0.00145376
242.416  97.3863  0.00645846  0.000944738  0.00671218
219.992  502.406  0.000647771  -0.000429072  0.00272605
248.427  208.231  0.00676459  0.000494147  0.00205197
245.218  146.733  0.000911584  2.65876e-05  0.0011196
251.232  334.548  0.00825394  0.000312794  0.00825394
251.232  509.117  0.00825394  0.000312794  0.00825394
261.91  298.88  0.00175046  0.000947703  0.00161667
248.02  365.368  0.00412432  -3.22908e-05  0.000509253
279.907  599.438  0.00100754  0.000505056  0.000932544
258.169  436.421  0.00720712  0.00172309  0.00269097
268.638  562.907  0.00234131  0.0011111  0.00808222
279.558  599.998  0.00102532  -0.000164409  0.000684054
284.215  542.091  0.00117548  -6.11822e-05  0.00257487
275.11  42.3358  0.00822659  0.000607015  0.0113098
277.02  491.263  0.00825394  0.000312794  0.00825394
277.078  221.192  0.00348215  -0.0018309  0.00562564
270.003  289.078  0.000726475  -0.000472942  0.00123937
282.971  511.101  0.00825394  0.000312794  0.00825394
288.829  81.3466  0.00539414  -0.00153066  0.00465815
290.527  371.457  0.00341303  0.000233842  0.00119752
297.126  281.07  0.0099085  -0.000358445  0.00334633
301.201  68.4388  0.00435368  0.000592158  0.00629512
305.688  150.533  0.00644355  -0.000988887  0.00804881
292.642  121.133  0.00152503  0.000130098  0.000710622
297.273  165.721  0.00129165  -0.000106059  0.00247309
307.094  188.455  0.000976427  0.000184224  0.000621728
315.285  114.344  0.000609102  -0.000587353  0.00187293
290.941  365.591  0.00071115  0.000564216  0.00196149
319.42  397.395  0.00297557  -0.00035693  0.00766237
315.783  471.049  0.00360756  0.00164528  0.00170539
324.786  582.732  0.00809217  -0.000125915  0.00782219
324.245  285.223  0.0094081  0.00276667  0.00327194
329.042  235.231  0.00742201  0.000626031  0.00849679
329.807  537.505  0.00810136  -0.00143374  0.00367259
337.008  28.5729  0.00332038  0.000450016  0.00387924
342.091  506.712  0.00332496  0.00216997  0.00534102
349.52  218.372  0.00393314  0.000663797  0.00232151
348.267  181.633  0.00804272  -5.33249e-05  0.00804272
350.418  140.143  0.00825394  0.000312794  0.00825394
377.952  81.3377  0.00159693  -0.000630176  0.00169876
366.322  49.9383  0.00745339  -0.000763318  0.00967193
374.132  386.202  0.00837532  0.000138335  0.00830931
362.743  26.3283  0.00290363  -0.0015105  0.00255081
370.874  164.516  0.000734992  -0.000782088  0.00304076
396.626  106.046  0.0049128  0.000510009  0.00583829
394.135  225.194  0.00836941  0.000534303  0.00769709
414.122  284.233  0.00330587  0.00444747  0.00920646
381.106  56.5499  0.000565936  1.34908e-05  0.000582548
411.914  302.809  0.00825394  0.000312794  0.00825394
383.196  445.606  0.00078368  0.000130768  0.000850143
414.291  251.261  0.00549652  0.000316378  0.00912436
392.44  341.102  0.000573555  -6.36036e-05  0.000490505
444.118  657.362  0.001012  -1.76893e-05  0.000832201
409.298  583.921  0.00110522  -0.000311518  0.00150921
434.907  33.2536  0.0045729  0.0012797  0.00938164
441.365  179.136  0.00268397  0.00179528  0.00536474
412.712  91.6871  0.000547363  -9.02236e-05  0.00207079
449.51  153.954  0.00809607  0.000121244  0.00818429
444.619  294.451  0.00194879  -0.000938963  0.000932609
466.008  65.4836  0.00228657  5.59123e-06  0.00199449
442.199  120.363  0.000632273  -0.00028993  0.00107872
433.684  561.012  0.00121919  0.00276339  0.00839895
459.34  392.413  0.00387347  -0.00114601  0.000660755
471.426  479.361  0.00825394  0.000312794  0.00825394
478.866  256.107  0.00635953  0.00074488  0.00684345
483.328  269.085  0.00825394  0.000312794  0.00825394
489.743  514.693  0.00620746  0.00155671  0.0067281
505.77  190.388  0.000819155  0.000141553  0.000596234
495.32  332.654  0.00812321  9.93381e-05  0.00812321
499.198  386.125  0.00825394  0.000312794  0.00825394
510.505  101.856  0.00691289  0.00354183  0.00386185
507.289  233.575  0.00809102  -8.34407e-05  0.00791554
518.623  49.3473  0.00481591  0.0030069  0.00335032
508.999  477.218  0.00577536  -0.00141461  0.0047974
512.08  135.593  0.00438773  -0.000846326  0.00911469
517.358  499.401  0.00475222  -0.000293846  0.00919999
490.43  645.164  0.00047587  -0.000397557  0.00182922
504.471  295.544  0.00392489  0.00218444  0.00192107
525.538  378.246  0.00506009  0.000173252  0.00478142
518.313  332.157  0.00266919  -0.00171418  0.00173747
536.662  498.181  0.00739424  -6.6969e-05  0.00492075
521.401  210.814  0.000579117  0.000554213  0.00192188
557.704  393.06  0.0016175  4.1927e-05  0.000519942
547.604  139.188  0.00674536  0.00287533  0.00394922
546.849  58.707  0.00845927  -0.000502996  0.00377127
545.811  310.245  0.00252265  0.00332624  0.00682567
549.854  475.189  0.00275395  -0.000339481  0.000208334
517.854  252.869  0.000518808  0.00110288  0.00778136
580.574  267.521  0.000831635  -0.000184482  0.000671879
556.147  338.586  0.00469905  0.00145932  0.00953777
538.802  77.3152  0.000547277  -7.76332e-05  0.000708204
563.92  584.545  0.00474101  -0.000211338  0.000243394
578.728  197.573  0.00541611  -0.000859181  0.00884689
549.12  349.692  0.000384633  5.18984e-05  0.0054113
580.13  124.657  0.000308512  9.35789e-05  0.00137159
583.653  302.273  0.00449729  -0.00287035  0.00543711
594.417  497.215  0.00825394  0.000312794  0.00825394
602.467  574.586  0.000900242  0.000103587  0.000777106
624.928  167.565  0.00171854  0.000983065  0.00123559
611.196  311.641  0.0021586  -0.000680993  0.00123256
631.227  460.522  0.00298988  0.000364135  0.00595381
634.339  383.966  0.00613935  -0.00199823  0.00710865
617.127  636.974  0.000216937  -4.14132e-05  0.00353515
671.399  316.128  0.000627867  -0.000450435  0.00291986
651.711  350.058  0.000998331  0.000248496  0.000948341
646.569  118.646  0.00976895  -0.00132293  0.00072538
645.782  233.48  0.00408213  -0.00240291  0.00463288
634.04  453.072  0.00175948  0.00132308  0.0018552
665.687  133.009  0.00655797  -0.00211248  0.00143505
683.255  209.981  0.000574134  -0.000404212  0.000971749
657.833  387.802  0.00334308  -0.0002567  0.00670597
673.67  498.229  0.00488022  0.00269821  0.00420801
668.017  351.372  0.00333409  0.000976579  0.00113968
666.346  62.599  0.000282352  -9.01551e-05  0.00120777
673.679  359.709  0.00695588  0.00364211  0.00323591
690.917  648.781  0.0014503  0.00020603  0.013072
681.36  292.949  0.0090254  0.000835282  0.00525413
687.653  332.565  0.00825394  0.000312794  0.00825394
699.555  213.541  0.00825394  0.000312794  0.00825394
701.539  505.149  0.00825394  0.000312794  0.00825394
706.17  165.972  0.00701606  0.00015536  0.0086128
709.581  34.6657  0.00776329  0.00056054  0.0124379
693.28  272.939  0.000343275  2.75759e-05  0.000618566
710.097  307.764  0.00750304  -0.000700254  0.00238891
719.163  61.3773  0.00150349  0.000840376  0.0127093
711.653  205.783  0.00631397  -0.00207949  0.0024152
716.071  508.208  0.0105368  -0.00109253  0.00115988
717.699  563.301  0.00833809  -0.00206084  0.00412423
749.445  328.231  0.00121045  -0.00183139  0.00474117
729.779  545.703  0.00929012  0.00133803  0.00368627
737.101  156.267  0.00337529  0.00114693  0.00114289
733.403  428.352  0.00222865  -0.000961016  0.00202228
739.242  639.342  0.00784143  0.000346922  0.00965732
733.857  559.454  0.00277772  0.0024595  0.004957
747.883  610.672  0.000440128  -0.000444767  0.0019922
751.199  541.297  0.00892287  0.00017149  0.00631956
751.223  229.457  0.0064463  -0.00391051  0.00592321
755.944  197.75  0.00272769  0.000382202  0.00943381
775.012  77.9808  0.00124628  -0.000378751  0.000718624
775.003  179.165  0.000638708  0.000658284  0.00748323
766.911  461.563  0.00837729  0.000187461  0.00823916
769.523  530.68  0.00500554  0.000906291  0.00135131
758.82  326.231  0.000440977  -0.000341888  0.00142531
767.805  662.763  0.000334851  -6.75818e-05  0.00175468
795.492  286.238  0.000340124  -0.000342756  0.00253113
767.276  175.413  0.00143925  0.00108611  0.00452722
786.784  61.518  0.00795692  0.000215379  0.00980515
777.726  638.813  0.000780516  -0.000957692  0.0154584
790.886  98.0668  0.00511288  -0.000870216  0.00728051
769.919  256.324  0.00269609  0.00219223  0.00247145
794.991  304.948  0.00782219  -0.000125915  0.00809217
804.027  152.708  0.00251272  -0.000962532  0.00507472
787.581  34.951  0.00277595  -0.00196304  0.00572706
795.498  127.973  0.000735887  -5.56821e-05  0.00206686
817.959  419.503  0.000631615  -0.000229912  0.000557744
811.117  530.038  0.00100275  0.000783686  0.00269821
825.473  54.985  0.00187695  -0.00153994  0.00445083
819.44  139.625  0.00469033  -0.00447527  0.00603283
829.397  37.5927  0.00616434  0.00212059  0.00975718
841.783  194.351  0.00233464  -0.000241569  0.00302648
850.649  278.469  0.0081267  0.00101711  0.00737177
848.589  309.253  0.00549755  0.000101737  0.00135621
859.867  399.072  0.0091882  -0.000478754  0.00444529
882.657  639.104  0.00056213  -0.00105623  0.0159935
865.643  343.911  0.000378456  -0.000300579  0.00111116
868.368  144.544  0.00108002  -0.0016244  0.00859908
874.386  218.174  0.00866434  0.00076523  0.00616117
877.246  61.7926  0.000637617  0.00109213  0.00520375
881.54  181.61  0.00491071  -0.00167402  0.00563187
892.165  594.685  0.000394574  -0.000884357  0.00438438
880.533  248.246  0.00327791  0.000229434  0.00283517
898.789  293.786  0.00057375  -0.000333203  0.00216055
885.174  354.262  0.000683367  0.000591488  0.00156808
900.184  102.752  0.00813512  0.00167956  0.00401755
911.468  56.7081  0.00592519  0.00182297  0.00964618
918.455  203.953  0.00343346  0.00183297  0.00867946
896.596  290.764  0.00078358  -0.000932449  0.00310242
922.592  238.984  0.00220605  -0.00061289  0.00727181
919.113  170.469  0.00561456  -0.0019129  0.0078746
916.474  88.0876  0.00221484  -0.000854173  0.000951753
918.735  203.314  0.000736858  7.57622e-05  0.00102932
927.477  438.179  0.00139585  0.00264313  0.00841975
932.142  396.538  0.00078056  -0.000196621  0.0014407
961.338  593.112  0.0018714  -0.000415216  0.00130038
961.872  297.269  0.00318648  0.000231704  0.00396688
959.747  233.265  0.00234884  0.000518312  0.00182412
973.224  263.848  0.0100672  0.00187098  0.001966
972.561  452.291  0.0102512  0.0011874  0.00608573
32.8611  30.9879  0.00323494  -0.000563687  0.00384946
68.415  262.409  0.00434726  1.48207e-05  0.00183027
87.9522  288.951  0.0018796  0.00027649  0.000981
107.233  196.506  0.000384846  -0.000412758  0.000651302
101.981  109.865  0.00343122  -0.00121469  0.00324643
147.916  386.651  0.000639465  0.000175834  0.000572279
150.997  403.324  0.000739236  -4.27467e-05  0.00015511
135.575  201.123  0.00387814  0.000716666  0.00247035
139.553  586.596  0.0012584  -0.000628199  0.000650956
165.891  132.981  0.000203933  6.23692e-05  0.00016742
182.436  500.884  0.00375826  0.000512795  0.00233578
180.418  312.516  0.00407026  0.00137996  0.00214105
235.011  524.458  0.000309123  -0.000132048  0.00047324
223.713  236.479  0.00229184  0.000927101  0.00365317
227.167  406.396  0.00324225  0.000158981  0.00386465
245.703  98.0065  0.00230672  -0.000770945  0.00448731
248.926  149.637  0.000540189  0.000144232  0.00116384
247.35  205.482  0.00467597  0.00014039  0.0016151
246.697  251.982  0.00288483  -7.85695e-06  0.000192034
264.024  309.571  0.00123801  5.56875e-05  0.000517652
240.506  363.768  0.00156251  0.000111264  0.000461301
276.635  604.539  0.00069617  0.000308827  0.000693346
268.311  562.582  0.00215956  0.000439349  0.00445774
283.497  53.2794  0.000784241  -0.00154383  0.00357547
279.844  220.157  0.00270038  -0.00032038  0.00395315
312.022  451.568  0.00118371  -0.000577421  0.000525679
287.813  366.933  0.00190682  0.000547431  0.00212167
305.787  44.871  0.00216332  0.000102995  0.00297258
321.859  147.028  0.000822656  0.000927258  0.00515214
315.068  206.496  0.001843  -0.000547029  0.000381501
316.847  454.797  0.00129404  -0.000238391  0.000284011
337.162  121.489  0.000276774  -0.000301144  0.00156068
345.933  218.697  0.000506042  -0.000359612  0.000498921
351.607  571.06  0.0012624  -0.00174073  0.00315876
321.662  547.25  0.000668646  0.000161082  0.000359424
330.427  147.009  0.00107639  0.00111149  0.00350208
355.865  465.982  0.00281572  -0.002645  0.00327695
369.717  209.996  0.000922795  -0.00020625  0.000369948
391.117  252.022  0.00129315  -0.000573644  0.00055764
411.037  78.6392  0.00306261  0.000440771  0.00541993
383.844  322.379  0.000261566  8.47741e-05  0.000298531
400.199  445.651  0.000875268  0.000125391  0.000599963
409.218  491.287  0.000732986  -6.18426e-05  0.000123559
412.653  587.877  0.000909734  -0.000129189  0.000730493
467.297  165.715  0.00076171  0.00108686  0.00291266
449.018  243.799  0.00143944  0.00111119  0.00459221
453.837  403.397  0.00172729  -0.000221849  0.000327213
436.001  428.422  0.000447847  0.000240455  0.000301858
496.908  602.07  0.000285923  7.4674e-05  0.000361306
520.827  187.77  0.000472274  7.13872e-05  0.000836296
511.78  62.6125  0.00431111  0.0023989  0.00190995
509.772  478.59  0.00353554  -3.94894e-05  0.00380639
504.434  588.738  0.000297185  0.000101159  0.000367478
531.415  349.408  0.000996312  -0.000591132  0.00242984
517.894  164.626  0.000487848  2.58072e-05  0.000190075
540.848  148.114  0.000161541  0.00017657  0.000569096
550.413  430.306  0.00130827  7.2923e-05  0.000155946
567.25  608.812  0.00149398  0.00026745  0.00102267
566.809  594.547  0.00375185  -0.000538147  0.000256963
588.639  122.603  0.000849497  -0.00013685  0.00105944
596.891  654.481  0.00049731  0.000537895  0.00874492
600.541  228.492  0.00199032  -0.00108555  0.00199866
655.983  475.677  0.000235496  6.64668e-05  0.000188344
634.188  384.998  0.00401715  -0.000113479  0.00243143
609.879  516.322  0.000329555  0.000299671  0.000745108
654.13  68.8882  0.00114791  -0.00103783  0.00172143
630.283  238.963  0.00064976  -9.50125e-05  0.0021073
673.138  139.428  0.00258369  -0.00115952  0.00112536
695.917  464.869  0.00146287  0.000385381  0.00152611
717.922  584.958  0.00028093  -0.00015705  0.00227737
753.147  84.3142  0.000450181  -0.000240586  0.000338841
755.453  342.374  0.000683801  -4.93308e-05  0.000202403
740.544  638.904  0.00331605  0.000234011  0.00696173
770.826  533.321  0.00342806  0.000167032  0.00111127
764.188  339.786  0.000214643  8.89398e-05  0.000226623
791.361  39.7286  0.00249223  0.000189849  0.0037265
825.454  280.848  0.000827393  0.000251336  0.00115851
829.877  192.724  0.00105513  -0.000189284  0.00205289
855.958  497.073  0.000297974  -8.85277e-05  0.000337121
873.635  219.414  0.0042169  0.000255151  0.00392673
876.209  244.078  0.00198671  -0.000910826  0.00231294
878.756  87.0366  0.00147582  -0.00126648  0.0014492
902.862  314.329  0.000784236  -0.000200805  0.000292891
947.496  153.765  0.00174471  -7.46074e-05  0.00174616
