1.0
351
17.6631  250.925  0.00797596  0.00401652  0.00724919
16.408  22.7065  0.0101735  -0.00425575  0.00930082
21.6243  81.7052  0.00420742  0.000803204  0.0105826
28.4512  24.1829  0.0144828  0.0147478  0.0275157
29.3144  225.64  0.00312349  0.00118754  0.00860084
36.89  113.105  0.00393584  -0.000899532  0.00339646
41.8688  292.521  0.00661601  0.00272879  0.0165374
55.3267  361.457  0.00156352  0.000603515  0.00223515
60.6621  482.242  0.0422779  -0.00304783  0.00480969
64.2777  258.658  0.0010067  -0.000209948  0.00268709
65.027  285.77  0.00260221  -0.00199681  0.0357222
77.1135  480.692  0.0152144  -0.000282095  0.00336852
88.4552  173.653  0.0460286  -0.00409599  0.00102534
97.2596  269.391  0.0127029  0.0202271  0.03704
90.7811  194.692  0.054215  -0.00304416  0.00153581
91.2018  473.946  0.0148873  0.0028344  0.00331129
100.376  248.428  0.0010182  0.000721123  0.00231916
100.097  210.897  0.0147035  0.00164354  0.00412343
100.375  476.664  0.0032225  0.000987427  0.00370843
111.496  245.859  0.00246565  0.000473134  0.00300843
130.779  473.874  0.00212902  -0.000568649  0.00355129
124.937  219.939  0.00140512  -0.00038713  0.00117239
133.629  104.156  0.00282249  -0.000511069  0.00148804
138.449  469.303  0.00199209  0.00133837  0.003452
162.34  126.442  0.00331898  0.000617685  0.00297059
161.75  171.963  0.00411073  0.000157735  0.00225209
159.776  198.356  0.00292166  -0.00251603  0.0151729
154.899  220.098  0.00288735  -0.000455794  0.00346125
160.719  299.647  0.0175948  -0.00338258  0.0185497
168.601  228.157  0.0140004  0.019583  0.0349341
163.909  507.454  0.00121786  0.00268186  0.0199626
163.175  218.543  0.00167914  0.00221143  0.00769668
173.675  292.918  0.0105455  0.00460199  0.00964171
176.358  42.057  0.0107627  0.00665848  0.011105
176.805  223.657  0.0151231  0.022997  0.04079
186.888  32.1065  0.00949869  0.00674086  0.0112007
191.348  382.341  0.0264816  0.00963591  0.0215127
196.009  76.535  0.0183903  0.000630751  0.00474218
197.63  317.708  0.0054069  -0.00120019  0.00215958
207.221  43.6923  0.00227563  0.00107306  0.00421442
202.472  174.092  0.0182376  -0.000666248  0.00176188
212.94  375.514  0.00723325  0.00114188  0.00433704
216.19  457.603  0.0264926  0.00045277  0.0220025
218.964  60.6667  0.0154752  0.00255194  0.00508452
225.39  163.281  0.0146807  0.000320375  0.00234879
226.973  299.08  0.00750287  0.00559573  0.0106536
234.15  243.173  0.00286668  0.000480634  0.00223466
228.921  341.654  0.0059126  0.000952448  0.00200863
236.262  357.64  0.00187256  -0.000498514  0.0092921
240.143  40.1964  0.0298896  0.00681187  0.0246609
246.376  145.085  0.0418337  0.00458613  0.0100324
247.01  154.225  0.0480398  -0.0033356  0.00382831
257.441  474.291  0.00274896  0.00332844  0.022614
248.381  301.404  0.000813877  0.000176866  0.00261794
269.318  280.066  0.00186491  -0.00154625  0.00478962
266.505  390.68  0.00646415  -0.00262356  0.0259088
273.49  472.08  0.000840678  0.00127326  0.0120315
279.225  353.558  0.00266528  -0.00124375  0.0443046
275.114  141.331  0.0121233  0.00625497  0.0140644
281.521  101.889  0.00460339  0.00184678  0.00302112
283.344  269.855  0.00826164  0.0024835  0.0192855
294.723  310.896  0.00251021  0.0015176  0.0054857
283.828  78.6778  0.0097876  -0.0055521  0.0143845
284.776  70.0353  0.014906  0.00458357  0.00509797
296.337  331.755  0.00178838  0.000685916  0.00916918
300.48  37.3947  0.00464711  -0.000841068  0.00242833
302.712  303.488  0.0016402  0.000664711  0.00191455
300.876  253.617  0.0028531  0.000354309  0.000989418
308.566  199.04  0.00992899  0.0175023  0.0363947
314.036  30.7864  0.00320545  0.000367583  0.00255938
307.811  235.426  0.00479589  -0.00127471  0.0105726
301.849  330.181  0.00384684  -0.00042675  0.00754596
319.532  143.312  0.0222399  0.00542829  0.0352435
329.499  51.8227  0.00611372  -0.000293059  0.00256822
331.171  88.55  0.00477989  -0.000440908  0.00228101
318.047  68.1781  0.00561723  0.00273968  0.00752045
312.886  486.801  0.00348051  0.00147415  0.00307491
318.29  330.655  0.00315587  -0.00416888  0.011727
330.065  177.2  0.00579749  0.00223127  0.013203
340.622  235.903  0.00800387  0.000693961  0.00148472
327.703  94.0583  0.00609907  -0.000593868  0.00119358
337.521  43.5875  0.0317735  0.00680576  0.00554492
338.194  63.8473  0.00711104  0.00397014  0.00314926
346.986  13.0185  0.0037953  0.0013804  0.00721688
347.153  251.874  0.00799472  0.000315392  0.00148639
349.841  273.413  0.0155561  -0.00553921  0.0376648
357.782  22.4735  0.00564946  0.00354575  0.0129856
353.797  191.752  0.00133836  -0.000349835  0.00265821
405.969  265.383  0.0012522  7.00497e-05  0.00234935
406.987  71.9603  0.00297079  -0.000367123  0.00113173
418.208  215.253  0.00151495  -0.000307481  0.0132161
409.421  293.766  0.00247409  0.0017171  0.0136869
424.305  260.606  0.0141343  0.00237591  0.0128171
438.195  25.0419  0.0312625  0.0178206  0.0124715
445.252  150.106  0.0165091  0.00235408  0.0339928
436.092  235.19  0.00406551  -0.000774573  0.00418256
459.042  332.882  0.00108128  0.00188991  0.00778604
473.22  278.924  0.00221463  -0.000393133  0.00554929
474.102  155.726  0.00288567  -0.00164823  0.0061671
495.187  383.506  0.00176063  -0.000813575  0.0268923
518.839  127.712  0.00165516  0.0011062  0.023119
519.915  23.6212  0.00113272  0.000312045  0.0050763
508.559  238.859  0.0154903  -0.00236385  0.0162126
521.08  37.5059  0.00151293  -0.000332747  0.00173853
515.615  260.617  0.00644571  0.000599104  0.00607174
522.117  159.872  0.00196735  -0.00019926  0.00106033
523.8  288.309  0.031019  -0.00306492  0.0246071
529.259  273.015  0.00221832  0.00336751  0.0113486
518.146  55.939  0.00248252  0.000173149  0.0015396
533.6  212.325  0.00787365  0.00174739  0.00232857
530.492  251.01  0.00384423  0.00155941  0.00283744
527.878  125.01  0.00256971  -0.00041093  0.00730899
539.554  153.485  0.0322453  0.00100575  0.00281298
535.617  135.681  0.00963461  -0.00220456  0.00171638
544.302  303.187  0.0281337  -0.00562074  0.00919083
549.749  104.173  0.0101712  -0.00150483  0.00409338
552.519  100.749  0.00497237  -0.00195655  0.00236483
555.171  245.546  0.00179945  -0.00168704  0.00464147
561.247  105.83  0.00209507  -0.0016481  0.00451316
570.344  296.101  0.000782431  -8.20408e-05  0.00160079
571.578  313.652  0.0152513  -3.17744e-05  0.0326202
561.178  320.512  0.00587549  -0.00848822  0.0281843
557.495  37.4711  0.00138765  0.000705775  0.00266527
567.686  142.222  0.00100969  -0.000316175  0.00150021
575.848  352.465  0.0158547  -0.00110658  0.0129145
579.172  388.331  0.0328474  0.000797567  0.00924277
574.384  249.235  0.00206346  -0.00183247  0.00398025
591.505  321.137  0.010485  0.00220028  0.0229051
604.841  209.974  0.0025971  0.00146562  0.00636869
625.936  332.923  0.00394531  -0.00373461  0.0252221
646.283  249.642  0.00228368  7.16622e-05  0.00299303
649.764  292.613  0.0216628  -0.00116038  0.00308665
654.84  292.066  0.00730779  -9.34182e-06  0.00263294
652.126  478.78  0.00554028  -0.00713949  0.025496
667.187  274.782  0.00364166  -0.00567331  0.0142137
660.505  328.505  0.0270255  -0.00264808  0.0295213
665.201  230.194  0.0219025  0.00301687  0.019079
688.775  139.704  0.00135217  0.000371231  0.00181485
681.222  329.148  0.00139116  0.000128419  0.0007652
679.722  215.597  0.00298671  0.00112212  0.00178442
710.357  292.084  0.00227932  -0.00158783  0.00321058
697.348  319.478  0.0200401  -0.00364844  0.0353573
720.116  241.964  0.00123364  0.000419714  0.0103821
718.228  226.731  0.00134207  -2.85969e-05  0.00335778
723.29  347.617  0.00257893  0.00535529  0.0244162
713.104  495.141  0.00526107  -0.00737153  0.0251913
730.687  273.398  0.00302458  -4.56809e-05  0.0026171
727.943  325.886  0.00156575  0.000119288  0.00212824
730.207  181.221  0.0044883  0.000762755  0.00142894
724.549  348.008  0.0023929  0.00112675  0.010665
744.175  328.391  0.000870849  3.11733e-05  0.00182388
751.507  251.266  0.0120258  0.00251493  0.00234717
752.476  283.87  0.0141509  -0.00362514  0.00495435
752.915  291.615  0.0173464  -0.00051387  0.00197794
757.223  344.778  0.00254121  -0.000111753  0.00123467
755.986  243.038  0.00285091  0.00166888  0.00258745
763.045  356.784  0.00364192  -0.00165179  0.00191218
759.356  212.692  0.0037424  -0.00201718  0.00219706
760.896  279.309  0.0446144  -0.000206018  0.000661446
761.283  302.668  0.0380547  -0.00192093  0.00719269
774.304  401.23  0.00355305  0.00227419  0.00961264
771.042  211.647  0.0142568  -0.00531093  0.0190043
772.257  290.388  0.00601355  -0.00151046  0.0258944
777.273  37.1157  0.019158  -0.00165408  0.00924582
794.386  291.668  0.000838972  -0.00149214  0.0407346
792.7  102.668  0.011625  0.0012965  0.0199189
801.428  266.418  0.000873854  0.000858335  0.00371002
797.139  55.2885  0.00492869  -0.000515306  0.00158536
798.842  73.8756  0.00238412  8.91959e-05  0.0025156
798.714  213.729  0.000978107  0.000778995  0.00275478
803.129  111.689  0.00149276  0.00525404  0.0353198
802.843  243.02  0.00205051  0.00242743  0.0068005
813.327  28.3919  0.00414598  0.00188596  0.00809481
807.638  266.093  0.00143449  0.0005877  0.00290985
804.191  283.344  0.00118608  -0.000172989  0.027963
815.375  99.1378  0.00482956  0.0034549  0.018628
825.176  362.639  0.00222789  0.00044389  0.00276817
836.334  205.799  0.00141989  0.000754554  0.00253164
832.294  248.542  0.0434811  -0.00169793  0.00159846
832.61  395.098  0.00228315  -0.00127776  0.00702424
849.563  19.0831  0.00371162  0.00192399  0.00782006
844.118  265.931  0.0222537  0.000642692  0.0012761
851.862  92.5481  0.00385669  0.00265425  0.0176174
862.62  60.5295  0.00326421  8.61605e-05  0.00208742
857.411  397.262  0.00740678  0.00197753  0.0069771
860.174  236.621  0.000935859  -0.000742536  0.00614033
861.155  32.7535  0.00342881  0.00189844  0.00876031
863.997  60.8434  0.00301247  7.96026e-05  0.00117428
866.525  62.2322  0.00154521  0.000206828  0.001989
864.814  184.094  0.00440567  0.00140075  0.00791293
868.253  284.487  0.00114264  0.000793105  0.0296643
878.682  306.098  0.00349216  -0.000675616  0.00310912
886.42  27.0828  0.00837692  0.00146363  0.00974045
887.051  54.1057  0.00850904  0.000333841  0.00245451
20.4112  25.7724  0.0121678  -0.000689124  0.0107282
27.8643  239.034  0.00421957  7.59104e-05  0.000822277
33.4085  278.141  0.0132615  -0.000956456  0.0170773
31.4463  54.4439  0.00220139  -0.000235515  0.000891326
42.2689  409.816  0.002151  0.00172142  0.00654982
63.1819  278.189  0.00626502  0.00419625  0.0192365
74.4779  478.847  0.00158825  -0.000326962  0.0028207
81.2871  91.2413  0.0279277  -0.00178089  0.000699217
86.8194  158.398  0.0205271  0.000815261  0.00649442
90.4492  202.575  0.0216353  -0.00146385  0.0037813
91.07  252.465  0.000585199  0.00053575  0.00217983
159.543  298.252  0.0160225  -0.00336081  0.0112888
165.064  230.15  0.00822993  0.004541  0.0192513
161.031  181.394  0.00846902  -0.000218295  0.000301776
167.355  508.005  0.00141784  0.00533392  0.029464
191.05  381.191  0.0163736  0.000620499  0.0163736
196.564  88.8002  0.022189  -0.0010062  0.00110883
195.982  326.482  0.00312071  -0.000947255  0.000889894
214.155  379.161  0.00411576  0.0032283  0.0111646
225.313  158.439  0.01393  -0.000557834  0.00500146
242.852  199.66  0.000621644  -4.61492e-05  0.00383929
228.462  351.68  0.00147424  0.000349837  0.00111539
232.857  357.231  0.00408881  -0.00163853  0.0092598
251.268  35.1222  0.00749027  0.00204508  0.00232277
276.424  473.33  0.00063744  -0.000133474  0.00580911
251.726  40.2097  0.00159689  0.000205744  0.00117858
295.45  107.03  0.000972738  8.50238e-05  0.00101648
293.651  348.596  0.00148623  0.000533763  0.00670584
309.095  332.013  0.00105654  -0.000812364  0.00877273
294.276  41.412  0.000523043  -0.000182846  0.0010241
321.127  64.7059  0.00498292  0.00291579  0.0147527
328.144  335.414  0.00686744  -0.00224067  0.012381
335.23  44.5083  0.0176362  0.00213046  0.00192826
378.067  418.656  0.0124656  -0.00401789  0.0147753
397.824  48.6526  0.00154511  -0.000841245  0.00106583
413.53  26.4481  0.00138681  -0.00098181  0.00283854
411.555  375.05  0.0117558  1.9528e-05  0.00861662
437.267  234.436  0.00368477  0.00075561  0.00160731
435.83  236.48  0.00151837  0.00016365  0.00131257
465.904  343.143  0.000572546  7.94538e-05  0.000844506
507.33  377.138  0.000844489  0.000351756  0.00706093
526.08  242.226  0.00147146  0.000331156  0.000808964
523.556  288.387  0.0160527  -0.000249782  0.0155171
517.742  65.9123  0.00221429  0.000151557  0.000535661
521.82  124.68  0.00168307  -0.000149842  0.00579776
538.372  141.642  0.026938  -0.00198033  0.00140899
542.386  398.1  0.0125074  0.000452675  0.0175916
543.674  302.688  0.0155807  -0.00284187  0.0101264
560.862  320.619  0.00543  -0.00332937  0.00876061
571.114  313.585  0.0107276  0.000432577  0.0181346
579.437  389.607  0.0102331  -0.000686565  0.00912776
607.665  223.03  0.00226342  -0.000407947  0.000778728
639.457  305.469  0.00306521  -0.000513841  0.000534658
660.572  204.225  0.00061265  0.000440519  0.00794239
663.502  272.136  0.00206198  -0.00325024  0.0154959
665.408  229.268  0.015144  0.00173484  0.016008
722.677  250.095  0.00190998  -0.00210127  0.0057528
704.475  163.546  0.00447128  0.000213662  0.000454619
694.837  160.777  0.00140271  -0.000231855  0.000604206
715.691  496.776  0.00806684  -0.00117998  0.0176249
760.813  362.812  0.00276069  -0.00090893  0.00121744
754.612  241.211  0.00173626  0.000762642  0.00212688
771.597  210.028  0.00079025  -0.000470343  0.0013393
789.246  291.745  0.000871282  -0.00191196  0.0193792
787.952  308.75  0.00175449  0.000896989  0.00227935
809.064  75.2714  0.000948284  -0.000644552  0.00311657
801.998  377.242  0.0053619  0.00428425  0.0119522
796.62  67.7237  0.00268846  0.000496074  0.000843658
796.572  240.645  0.00101594  0.00107819  0.00348638
798.649  282.433  0.000856332  -0.0022101  0.0285009
826.47  60.4266  0.00416951  0.000195555  0.000611668
826.201  58.3675  0.00486088  0.000825292  0.000922217
831.795  260.169  0.0254564  9.44508e-05  0.000715884
856.203  292.886  0.00330032  -0.00117321  0.0226586
856.417  442.288  0.00307926  0.00145397  0.0095747
861.532  236.684  0.0011483  -0.00168107  0.00941332
854.417  397.192  0.00336426  0.00219353  0.00551975
865.143  56.561  0.00257518  -0.00028402  0.000739463
864.042  283.084  0.00107217  -0.00188256  0.0270254
61.7069  87.63  0.00353672  -0.000607478  0.000310925
65.7641  103.64  0.00296977  -0.000409757  0.000284699
69.4307  189.042  0.00219141  -9.34793e-05  0.00036139
68.976  224.576  0.000819287  -2.36849e-05  0.00019559
88.305  476.749  0.000453733  1.82686e-05  0.00291263
73.734  64.9069  0.00595292  -0.00263897  0.00329647
86.8082  157.588  0.00992488  -0.000546572  0.0036384
76.5973  254.336  0.000401715  0.000519572  0.00250469
155.906  105.327  0.00657887  -0.000891579  0.000306455
133.462  152.602  0.00039063  -8.91269e-05  0.000475998
148.35  176.864  0.000594863  -6.58667e-05  0.000314609
187.588  459.688  0.000334056  0.000118018  0.000867207
186.554  81.3153  0.00195998  -0.000939054  0.00153778
193.762  327.526  0.00235352  -0.000549504  0.000608019
225.4  161.788  0.00963049  7.0329e-05  0.00222384
243.55  357.385  0.00063825  -0.000186022  0.0103774
269.042  488.808  0.000524356  8.33689e-05  0.00096709
293.721  125.462  0.00120415  2.07838e-05  0.000338213
272.151  241.134  0.00104319  -0.00025996  0.000497498
303.11  350.074  0.000715132  -0.000445915  0.00654462
280.822  329.758  0.000233798  -0.00057366  0.0104148
308.484  242.272  0.00141583  0.000284369  0.000489242
284.371  121.05  0.000690046  2.99362e-05  0.000390284
322.894  64.5127  0.00503004  0.00289085  0.00634815
315.404  330.457  0.00188013  -0.00278715  0.00971787
330.654  178.19  0.00585995  0.000289012  0.00590803
331.276  115.753  0.00655863  -0.000265066  0.000284178
370.267  109.158  0.000985954  5.81434e-05  0.000269248
396.905  51.9691  0.00205143  -0.000731124  0.000621288
426.29  189.19  0.000518727  0.000131407  0.000238781
466.563  76.508  0.000528333  2.1497e-05  0.00021582
461.493  189.604  0.000322235  6.55987e-06  0.000161782
454.902  342.243  0.000290461  0.000129344  0.000730554
517.528  107.787  0.00240919  -0.000826843  0.000883269
582.212  244.624  0.000403257  -0.000213536  0.00137081
576.489  352.511  0.00821432  0.000506341  0.00805164
590.721  224.906  0.000570358  -0.000220495  0.000590851
630.803  333.437  0.00250329  -9.49695e-05  0.00772806
639.145  300.57  0.00386791  0.000111506  0.000469955
643.528  297.429  0.00571296  -0.00128685  0.000768463
725.6  244.362  0.00152245  -0.000120465  0.000463122
759.786  366.759  0.00231558  -0.000343582  0.000618258
760.543  162.192  0.00108494  3.50134e-05  0.000477938
753.226  232.501  0.00139214  -2.63147e-05  0.000909961
788.592  111.269  0.00087453  0.000280629  0.00546895
800.491  82.4857  0.00210218  0.000201858  0.000320466
806.389  254.446  0.00112403  6.50804e-05  0.00060084
815.929  98.5371  0.00534378  0.000935063  0.00903855
839.794  396.904  0.000949863  -0.0012172  0.00590561
832.351  246.216  0.011256  0.000229155  0.00265324
849.691  246.24  0.00210882  0.00051258  0.000832592
851.217  92.1135  0.00410615  0.00135076  0.0102804
861.867  100.752  0.00101462  0.00129602  0.0102026
46.3403  398.333  0.00124261  0.00101651  0.00197287
59.7914  211.211  0.000977904  0.000139431  0.00014297
113.127  340.481  0.000206546  9.53563e-05  0.00045819
96.3942  228.943  0.000136859  3.41784e-05  0.000297267
145.196  263.928  0.000523236  0.000311203  0.000805015
118.186  332.987  0.000278861  -5.9171e-05  0.000481968
130.213  153.908  0.000359794  -2.79448e-06  0.000136598
128.019  162.527  0.000459635  -0.000191767  0.00036141
219.255  403.795  0.000249673  4.3705e-05  0.000694664
208.488  55.5259  0.00133451  -0.0016079  0.00515139
206.429  150.628  0.000882015  -0.00114201  0.00292794
251.175  236.29  0.00043453  -0.00019029  0.000321713
229.899  447.18  0.000136284  6.23574e-05  0.00134857
294.819  135.491  0.00108006  -5.2961e-05  0.000206557
277.945  331.942  0.000171673  0.000134999  0.0058846
333.636  157.854  0.00483137  0.000838418  0.000625658
338.682  73.987  0.00360441  0.00143078  0.000842575
408.974  373.676  0.00369931  0.000356313  0.0041219
431.744  193.06  9.1433e-05  2.3238e-05  0.000238646
412.781  207.945  0.000292759  6.17064e-05  0.000147812
469.203  199.775  0.000146394  -3.74092e-06  0.000139524
523.011  75.3137  0.00168866  -4.63861e-05  0.000195899
567.597  86.5651  0.00139896  0.00037133  0.000605718
612.737  205.412  0.00011275  3.65052e-05  0.000255709
814.802  71.9505  0.000812464  0.000126958  0.000608675
