1.0
695
11.6851  497.243  0.0411144  -0.000779718  0.00662323
27.0874  109.096  0.00250189  0.000307065  0.0271596
37.2757  538.313  0.00249137  0.000213756  0.00480257
28.1161  440.816  0.00280266  -0.000951807  0.00472787
42.4532  495.891  0.00959882  -0.0021646  0.00648969
47.0601  209.725  0.00173817  -7.5195e-05  0.00172312
51.43  343.303  0.0172145  -0.000953099  0.00309711
57.6194  507.554  0.0321974  0.00615942  0.00399667
60.6421  528.541  0.0148695  -0.00864138  0.0082175
77.9606  387.926  0.0017119  -0.000623725  0.00437897
68.541  524.811  0.0263571  -0.00876696  0.0224091
69.399  293.133  0.0284582  -0.00231001  0.00789862
65.621  475.543  0.0124148  0.0152539  0.0319978
75.45  335.995  0.00983905  0.00184362  0.00517218
70.3818  503.341  0.0241972  0.0184832  0.0204671
82.8208  550.87  0.00204766  -0.00502554  0.0447658
88.7304  471.034  0.0107098  -0.0156796  0.0298183
85.8966  488.317  0.0117176  0.00100832  0.00182073
88.6311  514.01  0.032987  0.00126793  0.0278268
85.1192  271.644  0.00260866  0.00114007  0.00637933
93.4825  381.315  0.0191337  0.0114818  0.00903737
93.0937  453.721  0.00444457  0.00130707  0.00383721
96.2755  405.075  0.01931  -0.00204984  0.00633572
95.7309  103.748  0.00389486  -0.00112637  0.00138006
96.0185  339.36  0.0020251  -5.30422e-05  0.00238964
97.9926  379.339  0.00336007  0.00214077  0.0039244
104.133  431.306  0.0157491  0.00218509  0.00818879
108.376  510.282  0.00282194  -0.00120912  0.00549209
103.911  380.116  0.0259771  0.00968908  0.029034
98.407  86.3271  0.00204894  0.000634388  0.00290323
100.395  475.162  0.0288648  0.00856005  0.00421913
111.131  504.335  0.00395074  -0.000764288  0.0014074
107.03  628.169  0.00215233  -0.00698273  0.0331391
120  548.799  0.0105495  0.0115445  0.0158166
114.398  106.1  0.0109554  0.00122195  0.0133252
118.278  265.39  0.00460574  -0.000513268  0.0032985
125.773  37.8278  0.00204977  0.000644013  0.00218884
117.999  401.938  0.00207564  -0.00137695  0.00480284
125.848  506.902  0.0338651  -0.00245787  0.00139448
130.8  455.81  0.00173068  6.59082e-05  0.00215577
130.187  534.857  0.024122  0.0120169  0.00711801
135.663  428.531  0.033102  0.00154658  0.0306053
129.26  371.316  0.00382977  0.00370881  0.0070443
148.073  180.925  0.000622978  -0.00027002  0.00692138
142.508  74.3011  0.00258792  -0.000368081  0.00197509
149.619  509.778  0.0112795  0.00419331  0.00264392
148.05  392.268  0.0099897  0.00135676  0.00421499
151.701  412.608  0.0316848  0.00199255  0.032325
164.682  286.577  0.00474101  0.00272298  0.00876861
178.648  105.309  0.0159889  0.00170605  0.020002
180.632  125.889  0.00799297  -0.00200847  0.0101568
183.528  285.934  0.00719804  -0.00119081  0.003895
187.406  147.55  0.00204072  -0.000992608  0.00802953
197.145  632.457  0.00209105  0.000460067  0.0146416
187.184  434.618  0.0235272  -0.00297887  0.0219492
196.509  260.696  0.0223657  0.000210518  0.0342453
202.372  471.427  0.00390272  0.00405343  0.00861723
197.504  629.474  0.00263832  0.000205877  0.0100803
204.086  181.733  0.0124295  -0.000641199  0.00583147
207.087  364.635  0.0264569  0.0011703  0.0341673
213.098  163.874  0.000569665  0.000247523  0.00298367
201.603  45.17  0.00407999  0.0096373  0.0397555
217.84  99.7945  0.0331933  -0.000644522  0.00520319
221.873  195.056  0.0168148  -0.0017396  0.00360179
221.832  530.13  0.00312996  0.000617768  0.00186842
233.717  637.766  0.00352702  -0.00341737  0.0218599
224.106  136.288  0.0155571  -0.00236777  0.00347178
225.228  355.17  0.00533203  0.000387778  0.00198736
229.806  412.299  0.0129759  0.00386623  0.0396551
229.315  462.292  0.0108515  0.00531157  0.00705333
229.109  166.397  0.00780499  0.000413341  0.00297608
238.208  353.509  0.0252211  0.00346435  0.0344289
239.209  511.109  0.0361866  0.00358416  0.00603529
251.383  38.6331  0.00191017  -0.001295  0.0117054
245.862  429.121  0.0123396  -0.00997224  0.0135015
245.53  347.078  0.0168852  -0.00782052  0.0123602
246.043  455.152  0.00982746  0.00426491  0.0071954
257.471  289.107  0.00419248  -0.000664298  0.00448993
260.643  444.765  0.033133  0.00119856  0.0303801
262.764  519.227  0.0467577  0.00433975  0.00394936
269.854  506.634  0.0129813  -0.00658264  0.00872842
265.593  522.144  0.0176298  -0.00330069  0.00368107
279.93  455.019  0.00373667  0.000797847  0.0011742
273.682  494.589  0.028182  -8.97481e-05  0.0282204
286.285  375.611  0.0193601  0.013022  0.0109893
270.221  347.625  0.00182514  0.000339653  0.00181874
280.817  562.926  0.000895992  -0.00139797  0.00969935
283.158  294.902  0.0223601  0.00547905  0.0207901
283.842  34.2975  0.00864058  0.00215841  0.0418996
289.139  551.081  0.00363284  0.000775455  0.00598938
300.046  403.927  0.00355883  0.00285933  0.0106794
292.26  479.091  0.00822679  0.00272122  0.0165662
292.381  385.44  0.00801034  0.00354872  0.00601092
293.802  519.952  0.0331565  2.2585e-05  0.0180236
307.858  440.882  0.00404774  -0.00677472  0.0263918
298.43  525.501  0.00187894  7.08683e-05  0.00151927
317.247  525.926  0.00657151  -0.000318851  0.0019817
307.686  438.559  0.00535306  -0.00846697  0.0247249
312.917  571.691  0.00259195  0.00433473  0.0100266
322.277  331.18  0.00506175  -0.000337115  0.00211478
320.574  289.803  0.0080789  0.00101466  0.00233066
319.864  489.809  0.0129438  -0.00127019  0.0165944
319.227  30.1286  0.00138402  0.00305999  0.0185069
323.364  469.228  0.0205801  -0.0134447  0.024333
337.976  506.314  0.00274799  0.000705301  0.00254515
334.61  307.533  0.0307614  0.00189851  0.0275142
331.107  29.1667  0.00253357  0.00943102  0.0477738
340.16  10.24  0.0108433  0.0109209  0.0557185
340.803  470.144  0.00497846  -0.00265714  0.0025493
360.491  682.018  0.00184241  -0.000165434  0.0197469
345.398  270.013  0.00469734  0.000136434  0.00135697
364.462  492.374  0.00989077  0.0074528  0.00952546
343.99  288.648  0.00630799  -0.00300174  0.00456172
351.283  328.088  0.00462107  -0.000354642  0.00199501
363.024  549.659  0.0319777  -0.00239017  0.0180123
369.012  657.653  0.00163801  -0.00385081  0.0233838
369.742  512.84  0.00265171  0.000324565  0.00365516
373.327  563.669  0.00604859  0.000122445  0.0016673
385.361  677.191  0.00224508  -0.00310916  0.031667
374.685  446.746  0.0403028  0.00672685  0.0134118
385.778  506.788  0.0310942  -0.00117233  0.0308069
385.579  551.807  0.0186004  -0.0119765  0.0142934
397.51  395.685  0.0137031  -0.00852946  0.00788318
403.271  509.14  0.00192854  0.00046946  0.00388214
407.766  35.944  0.00986129  0.00282782  0.00402755
413.785  266.492  0.00303419  -0.00033069  0.00078745
412.971  674.264  0.0111144  -0.00102475  0.043669
413.058  95.0089  0.0107865  -2.42419e-05  0.000477672
412.941  409.856  0.00650167  0.003306  0.0411958
412.325  127.742  0.0160766  0.00173973  0.00181402
418.212  470.876  0.00918831  0.00298448  0.00274303
421.824  660.155  0.0027526  -0.00122187  0.00324381
419.895  322.776  0.00311038  -0.000329474  0.00151515
420.953  356.896  0.0181312  -0.0139336  0.0221421
431.874  265.248  0.0594217  -0.00507182  0.00175735
432.455  532.285  0.0165337  -0.000649033  0.00345348
432.585  407.128  0.00132148  0.0037739  0.0285842
433.646  364.646  0.0324809  0.00123091  0.0324809
437.751  426.564  0.00108375  0.000363468  0.00201816
444.417  679.252  0.0042415  -0.00564643  0.0346824
446.698  275.088  0.0055676  -0.00145962  0.00219439
451.28  472.484  0.00917812  -0.000827401  0.000760061
454.799  319.201  0.00320659  -0.000170173  0.00160097
453.639  385.363  0.00153765  -0.000140872  0.00171961
443.599  424.718  0.00152113  0.00129928  0.00281232
457.885  346.675  0.00980003  -0.00109038  0.0160601
454.493  433.535  0.0197432  0.0048847  0.024981
443.355  452.501  0.00529752  0.00598649  0.0129482
461.618  508.826  0.0119725  0.00511866  0.00761902
457.31  530.736  0.0302453  -0.0108372  0.0112412
455.455  485.175  0.00222052  -0.00214767  0.00323868
473.914  69.6314  0.00388246  -0.000533443  0.0333918
466.213  157.344  0.0122234  0.00311689  0.0121562
458.518  386.019  0.00280477  -0.000790554  0.00226803
472.895  162.375  0.00139719  0.000730674  0.00217481
470.803  359.45  0.0198039  0.00675976  0.0044986
492.595  566.473  0.00216653  -0.00143096  0.00990077
480.952  198.566  0.0325174  -0.004361  0.0142044
488.291  435.915  0.0277996  0.0119962  0.0114737
486.61  289.861  0.00429746  -0.000247147  0.00138649
486.842  522.447  0.00588479  -0.00229869  0.00714606
478.253  673.462  0.0019172  0.000761041  0.0135509
493.671  344.256  0.00267377  7.77366e-05  0.00301031
482.647  545.468  0.00586248  -0.00579476  0.0116542
492.541  501.014  0.00112158  -0.00105526  0.00494864
492.293  373.65  0.00141092  5.11883e-05  0.00170688
494.772  562.547  0.0017041  0.00122562  0.00688507
502.192  687.185  0.00277882  -0.00566777  0.026494
504.43  441.56  0.0293352  -0.000573903  0.0327921
500.419  508.911  0.0139435  0.0113636  0.0127187
520.239  270.392  0.00217093  -0.000799499  0.00463134
497.058  562.855  0.00294008  0.00227101  0.00701286
520.954  188.192  0.00508908  0.000497963  0.000872421
520.775  541.696  0.0301072  -0.00264019  0.0288968
512.812  486.302  0.0028504  -0.00105122  0.00196153
518.799  566.487  0.0319811  0.0130427  0.0071048
527.361  379.608  0.023532  0.00854564  0.0173276
526.646  510.646  0.0324809  0.00123091  0.0324809
536.537  520.312  0.003007  0.0033004  0.00765674
522.734  678.394  0.00155325  -0.00216709  0.0187626
525.574  265.97  0.00110829  0.000575272  0.00329621
535.108  551.007  0.00891286  0.000689954  0.00224251
555.268  385.113  0.00159667  0.000857821  0.00234958
541.511  526.924  0.0202275  0.0226641  0.0294184
549.796  509.417  0.0031259  0.00246611  0.00409711
556.173  527.774  0.00505827  0.00225474  0.00341471
559.58  483.87  0.0334366  0.00246356  0.0292071
561.839  138.53  0.0177387  0.000106011  0.00157255
569.646  490.646  0.0324809  0.00123091  0.0324809
576.012  96.3076  0.00512232  0.000366838  0.00207631
583.973  111.898  0.00173591  0.00402594  0.0411632
578.443  177.772  0.00796343  0.000144007  0.00130458
579.04  453.128  0.0069024  0.00266122  0.00399579
584.322  221.629  0.0126202  -0.000362994  0.00671681
588.618  492.18  0.0266149  -0.00139435  0.00186869
587.65  261.499  0.0115194  -1.67836e-05  0.000949828
592.225  464.337  0.0161353  0.00378556  0.0160975
602.601  354.757  0.0115724  -0.00379605  0.00908106
605.34  227.852  0.0559548  -0.00411903  0.00163885
610.206  398.813  0.0258717  -0.00168618  0.0323287
609.643  272.452  0.0515795  -0.00377344  0.00249671
611.616  184.993  0.0363535  -6.18399e-05  0.00270182
612.528  108.231  0.0337743  -0.00032418  0.00505436
613.491  210.264  0.0350249  0.00386779  0.0237012
616.625  362.406  0.0184843  0.0136147  0.0161831
617.749  237.178  0.0055145  -0.00112724  0.00779484
624.745  103.571  0.0313434  0.00251867  0.0321034
623.921  271.579  0.0101923  0.00166813  0.00433504
633.096  454.223  0.00669765  -0.00452124  0.0432179
628.473  382.921  0.00198277  -0.000848955  0.0032148
630.15  46.5155  0.0260293  -0.00120973  0.00155255
622.915  158.141  0.00090683  0.000464307  0.0175761
635.198  279.645  0.0207113  -0.00313035  0.00245302
641.349  179.975  0.00687366  8.08538e-05  0.0023845
639.724  427.375  0.0014669  -0.000116056  0.000930881
639.435  454.194  0.031299  0.00236316  0.0262675
644.689  346.311  0.00346214  -0.00232949  0.00822005
646.579  235.453  0.00898873  0.000314443  0.0053551
650.646  253.646  0.0324809  0.00123091  0.0324809
648.654  499.75  0.0102186  -0.00128084  0.00748789
650.853  303.842  0.0106486  -0.000499464  0.00258184
668.375  152.363  0.00171789  0.000837051  0.00855878
658.043  317.667  0.0117898  0.00746428  0.0217014
671.68  235.831  0.0107016  -0.00205822  0.0168164
670.377  286.688  0.0180114  -0.00628938  0.0286613
672.651  264.545  0.00990231  0.000175249  0.00219676
679.803  172.894  0.00228526  0.000965954  0.00230238
675.303  343.861  0.00180304  -0.000690826  0.00273622
677.229  303.926  0.0109934  -0.000302087  0.00341071
669.446  335.026  0.00431395  0.0027956  0.00423718
687.136  173.834  0.00252996  0.000250636  0.000616201
689.551  238.812  0.00150253  -0.000391576  0.0065776
678.298  282.542  0.00367219  -0.00611497  0.0186333
705.03  150.912  0.00152232  -0.00163524  0.0153891
710.704  309.479  0.00212989  0.000144117  0.00252055
712.171  228.433  0.00134361  -0.000653348  0.00376549
707.622  261.983  0.00131096  0.000592514  0.00252911
705.6  616.684  0.0329586  0.000544375  0.0326988
711.043  239.988  0.000619314  -1.74009e-05  0.00316876
714.584  161.212  0.0101348  -0.00129035  0.00128647
729.386  161.26  0.0359629  -0.00233517  0.00168171
730.376  160.834  0.0259676  -0.000639087  0.00144228
747.514  603.364  0.00186178  0.00163916  0.00943841
734.019  209.839  0.0390438  -0.00306048  0.00176398
735.294  219.88  0.0408627  -0.0029945  0.000983674
743.363  160.336  0.0125999  -0.00209724  0.00152158
743.013  310.427  0.0335272  -0.00351567  0.0014304
746.808  229.963  0.0106816  -0.00054628  0.000713208
734.846  49.2872  0.00225414  0.00187672  0.00708551
759.611  155.974  0.0384566  6.27768e-05  0.00649018
763.198  190.853  0.0285714  -0.00222892  0.0238956
772.232  331.697  0.00152696  -0.00238576  0.00862918
749.49  170.041  0.00157718  0.00014397  0.00373562
766.304  218.078  0.0469597  -0.00236219  0.00379351
768.742  255.279  0.0403344  -0.000683956  0.00214395
767.204  135.691  0.000629114  0.000292672  0.00663426
772.798  301.544  0.0473828  -0.00121922  0.0013839
776.852  151.423  0.0148973  0.000735001  0.00689068
778.538  188.526  0.0160468  0.00171552  0.0201915
781.614  529.068  0.0530554  -0.00390415  0.00180977
782.75  652.664  0.0181172  0.000669595  0.0373052
783.155  491.106  0.0340209  -0.00423125  0.0132621
782.66  207.963  0.0158141  -0.00810146  0.0240054
784.646  543.646  0.0324809  0.00123091  0.0324809
797.766  461.828  0.00379729  -0.000790671  0.00344662
797.621  130.32  0.00305874  0.000937891  0.00367168
798.556  600.366  0.00373565  -0.00279515  0.039629
809.724  211.13  0.00518787  -0.00374502  0.00864172
798.439  425.697  0.0372436  0.011766  0.0158056
808.793  250.829  0.00336021  -0.000268442  0.00240971
800.8  264.267  0.0342466  -0.00499384  0.01885
805.065  507.24  0.0341612  0.0122873  0.0141416
809.846  309.989  0.00447943  -0.000861242  0.00684796
808.386  149.91  0.0084473  0.00325031  0.00320486
818.051  184.676  0.00206289  -0.00189276  0.0146866
811.225  655.642  0.0149051  0.00023625  0.0385844
809.976  472.249  0.005059  0.00103126  0.00643692
814.639  250.184  0.0143057  0.000424277  0.00197629
825.358  377.305  0.0131822  0.0186467  0.0306037
829.935  437.419  0.00290055  0.00722886  0.0370876
809.296  204.831  0.00854545  -0.00207439  0.00212459
813.804  250.983  0.013665  -0.000196612  0.00198161
825.979  424.819  0.00210047  -0.00306201  0.0170797
818.616  337.818  0.0333961  0.00175673  0.0297428
835.602  494.241  0.00317216  0.000892967  0.00115694
826.448  507.834  0.00230816  -0.00228121  0.0221138
814.898  418.216  0.0023057  0.000266177  0.00189019
821.112  403.468  0.00701053  0.00153946  0.0101374
836.704  594.306  0.002438  -0.00277969  0.012097
831.879  419.233  0.0208495  0.000841664  0.0106859
832.308  396.992  0.0326178  -0.00809644  0.0201586
839.882  479.474  0.0117358  -0.00303846  0.00389373
838.472  373.905  0.0036562  0.00142702  0.00812473
840.5  546.517  0.0168055  0.00131897  0.0380798
844.853  134.969  0.00666517  0.00616244  0.0445498
842.204  234.64  0.0155218  0.00107524  0.00741682
845.6  441.162  0.0104971  -0.00868036  0.0155768
838.662  530.945  0.0103468  -0.00158558  0.0219174
835.438  606.365  0.00201298  -0.00285262  0.0144489
836.845  476.696  0.00536588  -0.00258737  0.00360128
847.022  159.473  0.00634891  0.00184162  0.00634277
846.16  186.779  0.00478008  -0.00174857  0.00398297
844.729  134.073  0.00358785  0.00339431  0.0494956
851.646  215.646  0.0324809  0.00123091  0.0324809
852.444  218.026  0.0359369  -0.000515975  0.00164774
855.159  358.705  0.00215068  -0.00011683  0.0139523
856.492  278.634  0.0462164  -0.00242971  0.00100013
852.573  424.088  0.017283  -0.00361622  0.00202744
871.47  508.763  0.00203937  0.00164931  0.0111407
847.519  590.392  0.00221653  0.0026229  0.00607384
869.753  134.373  0.00320603  -0.00176465  0.00234984
870.353  241.498  0.00165084  0.000832369  0.00274978
862.37  350.154  0.00296759  0.000220515  0.0490232
862.937  477.708  0.00694937  -0.00240479  0.00308823
872.825  281.176  0.00147364  0.000546732  0.00187988
867.654  387.18  0.00139031  0.000609901  0.00299648
859.96  520.269  0.00712265  0.0105175  0.044382
867.648  560.556  0.0388276  0.00344006  0.0024304
863.396  592.896  0.0370044  0.0230226  0.0161738
866.726  209.654  0.00556965  0.00144158  0.00424062
884.408  282.606  0.00184276  -5.49923e-05  0.00112641
886.354  241.914  0.00361556  -0.00268364  0.0075039
869.778  156.266  0.0115379  -0.00471667  0.0102224
876.382  470.489  0.0143246  -0.00546821  0.00297907
886.073  285.623  0.00327532  0.000449419  0.0015674
873.005  181.602  0.00979458  0.00189808  0.00424052
874.654  129.679  0.0044086  0.00090001  0.0375978
870.566  365.673  0.0027747  0.00474703  0.0528288
881.055  419.17  0.00144522  -0.000103978  0.00249932
882.881  508.809  0.000971182  0.000408896  0.00347092
881.927  346.52  0.00180393  0.001144  0.00243355
884.034  538.738  0.0114681  5.09935e-05  0.0188244
882.5  149.136  0.0129271  -0.0026705  0.00220181
884.388  448.944  0.0164167  -0.0125235  0.0186072
886.621  519.326  0.0059855  -0.0023314  0.00195739
885.802  194.311  0.0127787  0.000442982  0.00349093
892.172  241.861  0.0444921  -0.00392047  0.00207091
892.821  240.854  0.0363305  0.00095872  0.00171238
893  282.033  0.0336529  0.00201795  0.00300943
894.726  291.035  0.0339356  -0.00386261  0.00194939
899.646  519.646  0.0324809  0.00123091  0.0324809
903.266  369.254  0.0329449  -0.00625977  0.00564643
900.266  396.672  0.00740832  -0.000583953  0.0110629
888.495  501.977  0.00146881  -0.000452777  0.0192096
904.162  490.279  0.0131842  -0.000259073  0.0021738
906.763  179.609  0.00145023  -0.00162622  0.0106092
900.59  534.189  0.00568721  0.00206133  0.00411954
914.327  602.883  0.0075991  0.00322735  0.0318913
912.232  427.998  0.0175527  0.00136418  0.00259405
913.111  506.826  0.0217725  -0.00617161  0.0113623
919.533  474.41  0.0334084  -0.00067215  0.0263322
925.072  478.207  0.000782605  -0.000436812  0.00241971
917.699  463.738  0.00172031  0.00019649  0.00157715
928.558  335.745  0.0115959  0.0152018  0.0269983
923.577  400.113  0.0295182  0.00645947  0.0158198
936.806  520.422  0.00107797  -0.000168832  0.0043683
911.291  444.929  0.00326819  -0.000567499  0.00121422
915.019  373.072  0.00273695  -0.000496434  0.00177731
930.981  410.432  0.0124606  -0.00132595  0.0107672
951.62  470.51  0.00227566  -0.00109821  0.00383812
953.138  335.407  0.00214768  0.0015946  0.0044666
936.725  352.33  0.00333692  -0.00284737  0.00618417
944.854  508.249  0.00445762  -0.000753829  0.00195926
946.551  416.122  0.0147184  -0.00783346  0.0102003
946.449  400.541  0.00710149  0.00973984  0.0250904
948.607  436.897  0.031053  0.00139659  0.026037
951.267  405.01  0.029396  0.00528898  0.0297033
952.051  29.1794  0.013625  0.0023181  0.0202936
961.961  421.745  0.0282845  -0.000547877  0.0329831
972.048  240.743  0.00741546  0.000847128  0.00626839
974.479  301.479  0.0336894  0.0029912  0.0316216
980.924  337.762  0.00821462  -0.00349613  0.00821779
982.59  396.636  0.00657043  -0.00129801  0.0431607
981.601  275.118  0.00872087  0.000339271  0.00123631
37.2943  454.478  0.00269986  -0.00164666  0.00195251
33.0222  298.43  0.00398306  0.000114468  0.00513608
43.726  494.523  0.00562621  0.000205376  0.00415803
38.1473  535.939  0.00207597  -0.00132591  0.00152359
84.2762  551.095  0.00187888  -0.00270821  0.0218889
90.9651  559.864  0.00107121  0.00225359  0.0247392
80.5164  465.663  0.0114101  0.000153152  0.0179715
88.5529  513.146  0.0156924  0.00245735  0.014594
95.1332  445.57  0.0064107  0.000951809  0.00149987
95.0621  406.404  0.0132925  -0.000915702  0.0061355
116.679  376.084  0.000657019  0.0006434  0.00412196
108.521  385.149  0.0056859  -0.0047345  0.0115224
104.68  462.653  0.0201133  0.00247996  0.00653428
103.861  609.521  0.000762669  -3.16314e-06  0.00117552
114.03  551.769  0.0050759  0.00724204  0.0130847
126.214  507.684  0.020389  -0.00170531  0.0015048
137.581  329.538  0.0166407  0.000473393  0.0128204
130.401  368.159  0.00325371  0.00471385  0.0116688
133.131  401.435  0.00125735  0.000725888  0.00258029
151.614  412.177  0.0163736  0.000620499  0.0163736
178.768  104.624  0.0119058  0.00136044  0.0141535
207.235  439.204  0.00150091  -0.000231463  0.00142815
209.495  472.375  0.00129547  -0.000264398  0.00324195
209.94  633.331  0.00111461  -0.00178677  0.0087328
214.441  517.191  0.00198723  0.000132288  0.000490547
209.88  44.4444  0.00710563  0.00539409  0.0221302
218.272  98.3999  0.0205921  -0.00140451  0.00482019
231.763  81.6046  0.00411878  0.00391748  0.0152503
238.869  511.982  0.0200715  0.00151916  0.00661639
258.377  426.082  0.00110131  -0.000370449  0.00118771
261.473  444.572  0.0163736  0.000620499  0.0163736
263.964  519.662  0.0212718  0.000347339  0.00294787
280.62  359.111  0.00236414  0.000743567  0.0013791
270.116  507.896  0.012874  -0.00491551  0.0054674
261.359  478.533  0.00167978  -0.00216879  0.00435031
272.714  560.304  0.00232832  -0.00344481  0.00799964
282.44  295.156  0.0139107  0.00160507  0.0137192
284.851  550.066  0.00145712  -0.00109645  0.00807086
292.718  479.785  0.00419271  0.00138567  0.0179085
289.564  387.431  0.00662628  0.00470407  0.00620199
293.892  519.057  0.0166867  0.000779631  0.0154282
303.022  526.266  0.000854464  -0.00023574  0.000762486
310.519  497.29  0.000716388  -9.68381e-05  0.000645778
320.61  291.863  0.00879907  0.000927401  0.00348467
322.762  468.825  0.0129315  -0.00244379  0.0146192
339.769  499.827  0.000667485  -6.41443e-05  0.00127687
334.63  306.549  0.01587  0.000643747  0.0165438
336.088  548.46  0.00403041  0.00251536  0.00231356
338.362  463.182  0.00369934  -0.000587869  0.000405064
346.972  272.496  0.00405203  -3.67734e-05  0.000806844
369.538  506.919  0.000626114  -6.22576e-05  0.00243445
369.584  656.982  0.00119827  -0.00151806  0.0138577
396.997  453.35  0.00138511  0.000127917  0.00172971
387.097  22.5539  0.000818936  0.00165435  0.00762618
393.966  552.651  0.00140136  -0.00143145  0.00934798
410.986  529.893  0.000631275  0.000206213  0.00301901
392.724  510.16  0.000979606  0.00105963  0.00416642
395.762  482.891  0.00651001  0.000250987  0.000711408
410.906  111.913  0.00148331  -8.74881e-06  0.000460972
408.009  180.897  0.000684137  0.000118286  0.000659437
407.344  113.457  0.00394875  0.000312573  0.000351003
405.634  553.065  0.00107077  0.000469503  0.00375844
440.796  349.208  0.005829  0.0030303  0.00371454
443.527  678.199  0.0033475  -0.00372638  0.0223325
454.355  386.475  0.0012819  -0.000203323  0.00126155
454.483  433.691  0.0162399  0.000156195  0.0143457
470.405  515.762  0.00144469  0.000429628  0.0022552
459.344  515.33  0.0135567  0.00381878  0.00289906
472.778  69.4441  0.00327464  0.00035838  0.0141815
465.21  164.595  0.000685266  0.000332633  0.00080558
473.465  490.431  0.000597848  -0.000803737  0.00210174
491.301  564.341  0.00189741  -0.00165086  0.00816955
468.204  199.185  0.00148443  0.000103716  0.0132518
482.558  436.748  0.00871351  0.00220948  0.00580514
488.718  289.926  0.00364833  0.000605801  0.00101577
488.304  528.259  0.00571947  -0.000861723  0.00483321
483.133  576.176  0.000711518  -0.000741989  0.00378235
501.608  352.417  0.00236584  -0.00144403  0.00220547
520.153  194.598  0.00409022  0.000378961  0.000627175
521.074  538.659  0.0190192  0.00130022  0.00620498
526.932  380.735  0.0145884  0.00230176  0.0120595
530.364  507.936  0.0096307  0.00399227  0.0129375
550.039  120.458  0.000895146  0.00278073  0.024644
564.903  522.072  0.000858405  5.52734e-05  0.00127296
560.065  484.008  0.0163736  0.000620499  0.0163736
562.594  139.079  0.0129612  0.00163755  0.00151521
577.16  113.174  0.00259342  0.00621831  0.0256219
577.555  85.9336  0.00601761  -5.7819e-05  0.0070882
573.715  463.375  0.00674698  0.00354968  0.00296299
587.113  245.012  0.0115822  -0.000441732  0.000530976
580.231  498.138  0.00322128  0.00140703  0.00260643
591.701  465.049  0.0119458  0.000718558  0.0118334
589.22  308.525  0.00949383  0.00191859  0.00319198
584.154  392.812  0.00087614  0.000126441  0.000877938
612.063  183.606  0.0217833  0.000293913  0.00260016
616.464  499.82  0.00151283  0.000888568  0.00162778
618.836  66.4932  0.00110452  -0.00107388  0.00281141
623.485  252.218  0.0197788  -0.00120211  0.000564402
626.101  311.406  0.00735264  -0.00124052  0.00185652
619.954  160.765  0.000639664  0.00131268  0.0119487
649.639  366.611  0.000950201  -0.000448519  0.00114308
658.407  460.16  0.00140041  -0.00266898  0.0101626
646.72  436.869  0.000739934  -0.000125537  0.000493986
643.51  232.943  0.0063638  -0.000493147  0.00683855
645.183  267.152  0.0095874  0.00205477  0.00257826
657.092  181.611  0.00431252  0.000620813  0.000405063
658.96  316.932  0.0112068  0.00526938  0.0134542
665.149  285.089  0.0081578  -0.00150167  0.0142412
670.324  233.374  0.0100793  0.00213928  0.0144433
681.589  170.878  0.000888586  0.000669937  0.00264167
688.641  340.125  0.000778952  -0.000125291  0.000904059
667.109  339.131  0.00163614  -0.00012431  0.00155005
685.246  168.278  0.0012283  -0.000358767  0.00244962
716.202  220.655  0.00157536  6.55654e-05  0.000709185
712.955  310.721  0.00128918  -0.000158747  0.00226049
711.429  259.16  0.00111009  0.000477098  0.00198529
706.543  616.403  0.0163736  0.000620499  0.0163736
714.501  239.547  0.000689503  -4.87239e-05  0.000992748
709.097  623.806  0.000715271  0.000869598  0.00561888
734.381  214.277  0.0262344  -0.00171348  0.00101643
742.994  306.047  0.0242523  -0.00188171  0.00101575
749.999  232.552  0.00536027  -0.000284528  0.000607036
761.214  601.092  0.000447589  0.000807708  0.0126415
762.881  191.05  0.0163736  0.000620499  0.0163736
765.896  218.106  0.0198594  0.000562715  0.00431994
753.14  163.507  0.00206192  -0.00210319  0.00533171
774.438  252.57  0.0050362  -0.000680875  0.00334962
781.111  301.147  0.00198518  -0.000437935  0.00229582
784.389  169.222  0.00776207  0.000394122  0.000863757
782.716  490.155  0.0166355  -0.000166031  0.0139744
785.364  543.096  0.0162355  0.000240515  0.0160605
774.722  598.173  0.000690476  -0.0016785  0.0286099
788.303  130.658  0.000713546  0.000358886  0.00397951
805.35  506.58  0.0145809  0.0061471  0.0103396
812.443  587.429  0.00658272  -0.00508058  0.00453589
822.183  202.634  0.00229517  0.000786779  0.00231053
817.811  337.529  0.0163736  0.000620499  0.0163736
820.526  406.072  0.00671699  0.00237335  0.0132957
831.137  419.858  0.0141515  8.62028e-05  0.0112064
830.962  295.322  0.00453542  -0.000142378  0.000448741
812.588  449.911  0.000707596  -0.00031504  0.0102543
839.505  545.932  0.0133812  0.000801278  0.0172987
841.171  604.702  0.000889006  7.83176e-05  0.0070532
838.411  414.537  0.00382229  -0.00329197  0.00416611
872.583  253.522  0.000796149  -0.000208389  0.000729673
878.96  269.792  0.00164178  -0.00010743  0.000354833
861.88  536.69  0.00410439  -0.00178649  0.00550601
859.386  588.199  0.00433506  0.00228036  0.00160938
877.852  473.747  0.00960974  -0.00247804  0.00229261
876.454  129.469  0.00432025  0.00103848  0.0209208
887.089  270.445  0.00155694  4.53953e-05  0.000450239
888.68  497.25  0.00155699  0.000985365  0.00203345
900.035  516.017  0.0157923  -0.00321672  0.0106463
911.892  478.405  0.00505075  0.00262573  0.00206397
934.086  336.636  0.0011585  0.000703774  0.00846435
912.816  395.398  0.00196115  -0.00259991  0.0121927
931.861  412.876  0.0152596  -0.00320718  0.00718649
924.917  462.123  0.000317256  -0.00010395  0.00096146
932.874  76.5947  0.000571034  6.70661e-05  0.00106812
965.407  428.332  0.00149795  -0.000708298  0.00129203
926.445  351.504  0.00165462  -0.00186392  0.00545401
953.142  444.766  0.0106702  -0.00587928  0.00373808
940.963  372.976  0.000637617  0.0005216  0.00185276
964.588  197.505  0.00115751  3.83196e-05  0.000624462
970.949  500.954  0.00489998  0.000696855  0.00067023
971.972  561.071  0.00790605  0.00150581  0.00109662
973.066  301.061  0.0234799  8.98752e-05  0.0158252
65.8493  485.256  0.000556924  0.000109646  0.002569
82.1002  216.991  0.00141792  0.00110411  0.0013428
74.6851  545.043  0.00156633  -0.00219489  0.00590877
59.8899  549.11  0.00158023  -0.00268493  0.00587596
103.967  596.1  0.00072482  -9.50209e-06  0.000493253
94.3282  407.64  0.00845727  -0.000199777  0.0052052
112.3  371.749  0.000774568  0.000646225  0.0034577
106.222  521.49  0.0027929  0.00068551  0.00122887
104.299  430.68  0.0087772  0.000595223  0.00659603
148.223  120.429  0.000740392  -0.000271342  0.000982822
148.419  184.516  0.000571611  -0.000576921  0.00311269
136.175  330.581  0.00825394  0.000312794  0.00825394
141.903  408.623  0.000281911  0.000209534  0.00105529
159.022  464.125  0.000336072  -1.85819e-05  0.000364657
208.121  146.793  0.00194941  -0.00149563  0.001903
198.342  213.89  0.0019052  -0.000380134  0.00041697
186.482  439.613  0.000827439  0.000311247  0.000410374
218.618  601.396  0.000713842  0.000307423  0.000798808
211.312  318.019  0.00143203  -0.000267149  0.000394474
201.747  491.837  0.000411698  -0.0003028  0.00461904
199.761  149.356  0.000703577  -0.000290791  0.0008525
215.338  318.648  0.00109263  -0.000532863  0.000761467
230.603  457.789  0.00845817  0.00236999  0.00329317
235.794  602.956  0.00039048  0.000137475  0.000592719
262.288  554.559  0.00427133  -0.00362049  0.00461064
283.464  548.282  0.00122955  -0.00133964  0.0055708
264.788  410.606  0.00206132  0.00172349  0.00210172
293.645  453.382  0.000219711  -0.000108145  0.000969637
307.01  440.1  0.00203376  -0.00124226  0.0103535
312.853  616.619  0.000332654  8.11623e-05  0.000533806
369.208  238.863  0.000232977  1.68941e-05  0.0005394
364.899  520.443  0.0138193  0.00116386  0.000482613
374.893  507.783  0.00194565  0.00175985  0.00368944
361.603  420.459  0.000647693  0.00045483  0.000884738
416.421  534.334  0.00057029  -0.000180567  0.00158008
389.237  496.125  0.00280772  0.000913128  0.000826712
409.584  33.7962  0.00526029  0.00250346  0.00375313
418.213  625.225  0.000642894  -9.24962e-05  0.000446987
417.482  468.888  0.00627515  0.00145222  0.00204198
431.872  530.134  0.00969331  -0.000552856  0.00351395
446.345  458.537  0.00242562  -0.00102271  0.00063953
457.54  346.451  0.00825394  0.000312794  0.00825394
479.987  486.525  0.000249972  -0.000180975  0.00109984
483.07  435.249  0.00627994  0.000710252  0.00374757
490.436  633.442  0.0010635  0.000202566  0.000454006
483.577  545.025  0.0042229  -0.00303098  0.00624193
485.038  575.171  0.00043305  -7.79578e-05  0.00269684
520.963  213.979  0.00262737  -0.000148694  0.000301195
516.564  468.831  0.000724419  0.000375967  0.000537835
532.21  234.255  0.000143978  0.000147103  0.000888901
526.971  380.174  0.00825394  0.000312794  0.00825394
528.601  147.728  0.000826701  0.000207626  0.00192049
571.078  517.439  0.000405261  -3.05974e-05  0.00127933
560.785  116.092  0.000684236  0.00212292  0.0146107
568.846  476.89  0.00299505  0.00100242  0.000908176
585.857  225.271  0.00909621  -0.00194053  0.00334861
580.456  496.663  0.00189537  0.000788211  0.0024362
596.256  388.009  0.000238167  0.00013641  0.000801795
602.356  354.522  0.00769525  -0.000914299  0.00728569
635.85  485.008  0.000750413  0.00070459  0.00119287
616.932  183.459  0.00496148  -0.000894551  0.00265755
619.462  68.5053  0.00170642  -0.00161847  0.00320653
652.36  375.437  0.00108501  -0.000383574  0.000583765
646.933  427.746  0.000677062  0.000143558  0.000218819
631.026  65.508  0.00147204  0.000268322  0.00145574
648.785  500.023  0.0070245  -0.000547547  0.00663518
678.388  156.222  0.000156586  -3.22062e-05  0.00200917
659.713  316.891  0.00810204  0.00068977  0.0079734
702.607  231.693  0.00050956  -0.00022908  0.00127278
665.805  284.793  0.00569817  -0.000152939  0.00706445
700.539  266.504  0.000498163  -0.000490007  0.00303766
666.251  485.86  0.00154001  -0.000517997  0.000585276
693.511  239.744  0.000168181  1.31989e-06  0.000548382
695.321  404.648  0.00175484  0.000645824  0.000478114
713.194  272.046  0.00131843  0.000134794  0.000476987
719.021  284.262  0.00164553  8.03436e-05  0.000434419
696.588  616.107  0.000785458  -0.00063795  0.00153787
728.018  157.865  0.0120094  -0.00061058  0.00129067
742.195  310.217  0.0127168  -0.0010373  0.000986052
749.673  154.74  0.00348826  0.000694211  0.000754168
777.261  149.66  0.00744988  0.000448578  0.00591701
801.673  575.962  0.0094009  -0.00507398  0.00358549
786.111  213.516  0.000322817  0.000152423  0.00332416
797.001  273.905  0.00145063  -0.000118296  0.000379688
828.293  387.866  0.00774971  0.00338783  0.00228031
835.565  528.488  0.00374139  0.00116379  0.00437942
837.385  606.265  0.00130927  -0.00114479  0.00718991
869.048  494.954  0.00481343  -0.00166853  0.00106264
912.638  522.677  0.000400683  -0.000426554  0.00205792
929.343  491.108  0.000499523  -0.000212627  0.00120967
934.944  452.471  0.000376311  3.4288e-05  0.000336352
930.38  513.498  0.000691947  -0.000386402  0.00241114
936.207  293.704  0.000449699  -4.47033e-05  0.000322663
922.675  345.574  0.0017476  -0.0014092  0.00229314
951.172  28.9058  0.00869961  0.00227178  0.0141868
66.5462  455.213  0.000462577  -2.1264e-05  0.000422928
50.0969  158.749  0.000638719  -8.2116e-06  0.000185664
64.688  76.8703  0.000744543  0.00199998  0.00843101
93.9408  409.405  0.00422553  8.09254e-05  0.00391285
173.841  451.436  0.000285875  5.05426e-05  0.000271757
174.058  341.657  0.00045042  0.000153621  0.000271429
165.783  472.508  0.000234792  -2.61153e-05  9.85673e-05
158.271  442.046  0.000247444  6.2394e-05  0.00029365
213.046  299.576  0.00125122  -0.000159403  0.000128233
169.283  499.103  0.000254775  -0.000121642  0.000397015
230.504  457.438  0.00427969  0.000640218  0.00321266
267.637  555.704  0.00124179  -0.00124313  0.00273531
311.105  606.017  0.000178278  -6.04138e-05  0.000441311
322.397  503.755  0.000282444  0.000137857  0.000171157
337.275  190.535  0.000101701  4.3284e-05  0.000403192
352.374  327.905  0.00298809  -0.000392361  0.00183363
347.175  428.629  0.000374587  0.000396589  0.000851578
352.396  482.073  0.000582716  -0.000187175  0.0003294
420.337  553.911  0.000725886  -0.000197198  0.000430711
395.221  489.812  0.00363395  0.000241836  0.00055653
442.124  526.311  0.000142495  0.000299262  0.00345126
419.87  618.241  0.000136834  7.10831e-05  0.000958411
460.528  502.496  0.000478606  2.52436e-05  0.00024374
449.284  386.546  0.000798554  5.36461e-05  0.0011265
461.724  347.707  0.0023605  -0.000900917  0.00354914
495.822  175.977  0.000207043  9.98398e-06  0.000204924
479.52  574.438  0.000735028  -0.000758436  0.00249128
488.21  527.405  0.00413893  -0.000517398  0.00329429
508.263  460.487  0.000250038  0.000186677  0.00038985
527.075  378.993  0.00416081  0.000157679  0.00416081
578  175.553  0.00515001  -0.000289711  0.00127175
572.409  418.45  0.000104981  6.70879e-05  0.000281321
601.642  398.04  0.000106221  0.000103388  0.000655315
602.513  353.847  0.00416081  0.000157679  0.00416081
639.11  411.936  0.000801657  0.000124252  0.000140616
647.522  499.355  0.00394317  -6.34738e-05  0.00407926
637.803  126.466  0.000141961  5.96203e-05  0.000752986
661.178  261.224  0.000127687  -1.32454e-05  0.00015944
667.718  491.181  0.00223281  -0.000818772  0.000725103
703.013  383.273  0.00111192  0.000321314  0.000230624
682.254  289.761  0.000150384  4.93462e-06  0.000560271
714.632  167.332  0.00564427  -0.00131847  0.000974578
758.417  600.192  0.000543124  0.000542665  0.00626476
772.275  151.579  0.00160748  0.000148305  0.0040919
791.467  139.547  0.000285418  -0.000182481  0.0015468
821.829  253.531  0.000146849  -7.7445e-05  0.000263102
823.719  395.022  0.00135328  0.00016834  0.000689271
834.263  97.0598  0.000232078  0.000231801  0.00194363
835.408  421.136  0.000557533  0.000112067  0.000226847
837.683  374.983  0.0035208  0.000603184  0.00323726
836.162  479.842  0.00171873  0.000182818  0.00215347
842.431  516.031  0.000426387  0.000301821  0.0013699
851.236  188.42  0.00185126  -0.000578734  0.0032483
841.523  270.724  0.000202163  7.409e-06  0.00013541
887.597  451.123  0.00295154  0.000982994  0.000689679
937.405  131.103  0.000332469  -3.87859e-06  0.000145137
934.405  472.137  0.000383531  0.000134151  0.000393133
921.136  341.514  0.00160556  -0.0010389  0.00145751
950.232  30.4133  0.0051858  0.000934142  0.00745221
