1.0
802
19.322  360.147  0.00495625  -0.000803324  0.00377073
12.8908  41.6408  0.0259398  0.00477117  0.00443873
17.9362  69.5266  0.0387301  -0.0050469  0.00190329
19.5616  138.322  0.0435984  0.0146426  0.0115931
18.9767  248.176  0.00357753  0.000346411  0.00536473
23.2443  281.254  0.00226503  -0.000632543  0.002527
18.8589  406.485  0.0318045  0.00528898  0.00867901
18.4785  357.413  0.00633854  -0.00363249  0.00452555
28.04  444.326  0.00315902  -0.000356841  0.00127105
32.8647  54.257  0.00341883  0.000239194  0.00108241
38.1411  303.975  0.00241724  -0.000732617  0.00214656
35.218  230.545  0.00132399  -0.00019412  0.00710753
30.8349  408.621  0.0144191  -0.00317494  0.0062539
26.2505  289.981  0.00298789  -0.00086176  0.00122453
27.3364  417.942  0.0268856  -0.0158511  0.0116158
36.8066  270.369  0.0298421  -0.00989219  0.00727147
38.5373  598.075  0.0414813  0.00150734  0.0119458
38.2384  623.837  0.0522972  -0.000531263  0.00443225
31.9601  130.993  0.00605809  -0.00175205  0.00499866
33.2209  84.135  0.00259501  0.00278907  0.0171174
31.6293  107.662  0.00459758  0.0032853  0.00541777
43.6478  625.893  0.0372967  -0.0018137  0.00760923
46.4706  439.571  0.0467226  -0.00676616  0.00245372
47.5089  230.702  0.00400855  0.00111363  0.0052464
64.7648  154.086  0.00190086  -0.000100449  0.00121013
59.8814  584.491  0.00141507  -0.00127211  0.0097629
43.9886  284.67  0.030195  -0.0180682  0.0129183
51.25  437.451  0.0443839  -0.00916773  0.00875372
52.8402  114.648  0.0300274  -0.000863406  0.00563335
52.4727  488.552  0.0215221  -0.00178635  0.012783
45.4846  360.59  0.00442333  -0.00374385  0.00881024
59.4735  559.612  0.0347814  0.00999186  0.00683787
58.4821  71.9607  0.0243871  0.0101464  0.00771999
69.2285  45.1885  0.00177547  -3.02583e-06  0.00187884
63.3632  112.107  0.0152237  0.00187405  0.0106061
63.668  315.448  0.0394586  -0.0213019  0.0141726
68.4947  21.5228  0.0047716  -0.00515664  0.0236423
70.1746  78.9361  0.00835651  0.00149089  0.00326762
73.2795  580.981  0.00371249  -0.000603034  0.00117003
84.9122  435.941  0.00542311  0.00300482  0.00382232
67.9561  165.853  0.00184294  -0.000294244  0.00058309
69.0499  309.923  0.00366825  -0.000779284  0.00138711
84.6931  213.266  0.00472318  0.00176732  0.00501772
90.0994  209.971  0.00632148  0.00233647  0.00391848
84.9672  66.4635  0.0134181  0.00137301  0.00527614
88.4964  449.748  0.0391168  0.0123811  0.0151351
86.9127  117.853  0.0031239  -0.00122177  0.0014014
97.8832  167.754  0.00572087  -0.00143237  0.00576306
94.4459  438.142  0.0341911  0.0169596  0.0191932
99.2064  530.708  0.00247122  -0.00117054  0.00183666
104.271  505.391  0.0105569  -0.00371449  0.00465731
103.466  566.134  0.00471998  0.00144111  0.00701293
105.431  11.3636  0.0130807  -0.0178297  0.037951
103.899  323.317  0.0246336  -0.000204946  0.00874657
111.722  92.1534  0.00449233  0.000150082  0.00123599
112.54  291.426  0.00114408  -0.000435878  0.00157764
110.6  49.8612  0.00403871  0.00241495  0.0126799
120.122  421.202  0.00355499  0.0012358  0.00225812
115.02  584.14  0.00653166  0.00492457  0.0166471
110.194  577.084  0.0195885  0.0104952  0.0258486
115.27  182.952  0.0144789  -0.00356861  0.00329982
125.774  369.602  0.00346298  -0.00242907  0.0117225
124.079  266.269  0.00237253  -0.000426139  0.00314694
118.049  27.9595  0.00802055  -0.00376138  0.0154207
115.134  352.275  0.0337343  0.00154289  0.0014428
110.335  81.2508  0.00590171  0.002877  0.00361998
115.584  577.652  0.00684394  -0.000335611  0.00199977
121.803  594.944  0.0138929  -0.00178122  0.0122203
122.633  555.145  0.00612831  -0.00217797  0.00540002
132.071  432.521  0.0151933  0.000411066  0.00658726
139.39  493.976  0.00817751  -0.0065821  0.00856241
127.072  349.027  0.0158379  0.00163604  0.00889378
136.744  132.572  0.00427119  -0.000264538  0.000857017
127.978  255.892  0.0106394  0.0012637  0.00264689
130.012  604.413  0.00789691  0.0038995  0.0144031
133.291  612.231  0.0273964  0.0060704  0.025909
136.912  50.0881  0.0092419  0.00373899  0.0152064
136.9  447.316  0.00187941  -5.39121e-05  0.00402673
137.246  542.427  0.0171453  -0.0105788  0.0148716
149.227  346.524  0.0015269  0.00154209  0.0102557
142.344  81.7721  0.00947346  0.00363441  0.0141378
142.56  285.538  0.0141528  -0.000198027  0.0039256
143.133  31.5515  0.0147951  -0.0115279  0.0303684
140.245  157.183  0.00923925  -0.00512892  0.00641161
143.281  176.542  0.0187918  -0.0100513  0.0101317
138.847  131.438  0.00324553  0.00064759  0.000887953
140.603  547.028  0.0300182  -0.0166241  0.0120222
142.554  495.541  0.00452993  -0.00348939  0.00560174
148.544  83.8  0.0218057  0.00743437  0.0261374
143.615  439.437  0.00337219  0.00214835  0.00303806
157.503  26.4798  0.0166911  0.0153156  0.0254614
151.822  455.647  0.0125956  0.00209273  0.0120672
163.345  58.9646  0.00328379  -0.00208071  0.00239076
158.259  463.414  0.00803645  0.00874589  0.0160406
157.748  256.034  0.00299518  -0.000107536  0.00183344
164.294  514.09  0.00835355  -0.00168835  0.013697
175.655  108.937  0.00463927  -0.000604403  0.00321452
157.225  426.391  0.013386  -0.00960886  0.00910905
171.788  473.311  0.00519054  0.00597996  0.0125679
173.286  27.6474  0.00333353  0.00238359  0.0227773
164.024  468.957  0.0203456  0.0139812  0.0262021
180.961  493.1  0.00292034  -0.00180644  0.00317648
186.277  432.793  0.00452219  -0.00223115  0.00415161
176.265  481.038  0.0139048  0.00745325  0.0230379
184.297  15.4176  0.00601372  -0.00610816  0.0147418
177.977  591.613  0.00882111  -0.00545299  0.00506143
178.13  518.793  0.0034751  0.00190816  0.0069704
176.831  28.6675  0.00259918  -0.0027498  0.0192686
185.763  491.684  0.0192163  0.0046567  0.0221829
184.805  407.382  0.0124841  0.00031609  0.0118514
182.427  56.9762  0.0013012  0.000249603  0.00118518
184.727  528.967  0.00555124  0.00200146  0.0111594
193.005  205.707  0.0412303  -0.0109049  0.00817552
193.857  591.79  0.0230257  -0.014734  0.0184693
195.522  502.526  0.00727367  -7.79671e-05  0.0024945
204.58  251.898  0.00601957  -0.00060174  0.00350623
200.134  619.057  0.00646773  0.00371983  0.0128213
198.209  361.532  0.00329933  -0.00192737  0.00280474
200.966  10.5375  0.00582407  -0.00772256  0.018071
212.934  29.9653  0.00390225  -0.00763144  0.0468416
217.518  290.565  0.00246686  -0.000447735  0.00177082
205.517  629.058  0.0142323  0.00606175  0.0254126
210.784  450.963  0.0373075  -0.0171173  0.0103336
209.188  267.068  0.0246657  0.00551721  0.0293739
207.784  544.734  0.0031801  0.000551342  0.00265191
206.637  89.7778  0.0019149  0.000333486  0.00226555
217.552  345.721  0.00222883  -0.000959627  0.00265498
213.458  94.4219  0.0342668  -0.00391139  0.00191837
215.344  311.061  0.0192425  -0.00353487  0.0260072
224.118  351.248  0.00760603  0.000428  0.00135365
223.649  444.936  0.0143662  -0.0121335  0.012806
226.976  465.848  0.0140853  -0.00774297  0.00700023
221.606  390.083  0.0122775  0.00795786  0.025107
224.668  571.296  0.00351268  -0.00121461  0.00499899
228.267  163.533  0.0366564  -0.0108534  0.00624597
231.076  254.107  0.0277304  -0.00371299  0.004896
231.6  555.902  0.0390597  -0.0140392  0.00953465
225.922  397.747  0.010448  0.00977323  0.0216601
238.535  142.688  0.00420675  -0.00069694  0.00177665
218.92  346.418  0.00250864  -6.38787e-05  0.00400221
233.641  406.522  0.00998041  0.00241893  0.0128707
236.663  220.765  0.0330432  0.000766952  0.0303545
235.302  233.082  0.0253399  -0.00824101  0.00550791
248.788  99.2458  0.00352082  0.00223747  0.0105509
245.893  165.623  0.00380507  -0.00138416  0.00124809
244.531  369.51  0.00232474  -0.000489009  0.00228508
246.301  499.507  0.00317142  -0.00195925  0.00324538
247.351  9.28522  0.00805346  -0.00225651  0.011038
243.543  259.744  0.0217636  -0.00571912  0.0213544
245.587  283.782  0.0141889  0.00152331  0.0114912
249.39  247.354  0.0192645  -0.00249372  0.00253066
249.04  377.768  0.00234205  -0.000917256  0.00164938
241.915  416.694  0.00816438  0.0045881  0.0129037
252.772  440.838  0.00345076  -3.62892e-05  0.0026625
246.749  216.01  0.0191757  0.00770383  0.0161999
249.684  254.557  0.0190843  -0.00371161  0.0017097
248.613  59.7711  0.00657972  -0.000931136  0.00140285
255.798  151.158  0.0309061  -0.015732  0.0160001
263.531  123.159  0.00331994  -0.000396696  0.00187417
266.808  249.31  0.00310772  0.000831184  0.00270762
253.309  73.5647  0.00615527  -0.00100966  0.00346359
263.058  276.472  0.00494141  -0.00423386  0.0147501
265.812  535.572  0.00628505  -0.00147995  0.00498844
260.886  592.293  0.00701907  -0.0058016  0.00773797
270.481  66.0729  0.00746411  -0.00225997  0.0020052
268.639  439.061  0.00946606  0.00258987  0.0131946
260.906  181.223  0.00206877  0.00244289  0.00796376
272.596  357.101  0.0133308  -0.00657149  0.00467027
278.415  247.61  0.0237264  -0.00551678  0.0242924
274.83  551.637  0.00654534  0.00608461  0.0165857
273.333  232.022  0.0088641  -0.0101932  0.0156473
284.698  568.293  0.0076897  -6.34324e-05  0.00963832
289.748  581.493  0.00620124  0.00445896  0.0121652
291.736  278.107  0.0155796  -0.00380914  0.0344827
281.676  296.778  0.00381476  -0.00846047  0.0305743
304.007  25.111  0.00198351  -0.00190556  0.0045131
298.982  281.575  0.0303394  0.0101049  0.0250029
303.257  307.306  0.017666  0.0129679  0.0319274
301.304  240.696  0.0208207  -0.00617084  0.0156834
293.179  128.757  0.00342363  0.000525981  0.00247545
303.162  594.598  0.011672  0.00795586  0.0205004
306.2  270.292  0.0142233  0.00173598  0.0017169
314.465  371.798  0.012874  -0.0192518  0.0365648
303.41  294.148  0.00286742  0.000154051  0.00457026
319.003  605.111  0.00202619  0.000310523  0.00472141
310.607  35.8756  0.0111739  -0.00174688  0.0171248
322.547  394.915  0.00153801  -0.000780839  0.00191695
313.886  114.847  0.00664745  -0.00083454  0.00226469
325.119  105.384  0.0176191  -0.0146039  0.027343
325.519  18.1702  0.0276139  -0.0160685  0.0140877
325.739  130.298  0.0173504  0.00937594  0.00784302
329.133  56.2984  0.00507347  -0.000757027  0.0017438
331.066  377.265  0.00545016  -0.00340701  0.0361056
326.585  277.763  0.00310512  0.000423468  0.00226073
338.556  158.268  0.00488593  -0.000282837  0.000589846
336.791  549.987  0.0177685  -0.0176905  0.026444
342.732  602.698  0.0188611  0.0157935  0.0339492
345.456  64.0052  0.0170643  -0.0146044  0.0148625
343.252  427.271  0.0125536  -0.000715904  0.00753758
342.39  34.3433  0.0105456  -0.00370796  0.00278884
353.55  143.509  0.0138402  0.00441705  0.00362225
354.275  276.589  0.017542  -0.0113839  0.0120228
353.564  288.07  0.00655994  0.00176236  0.00222954
355.156  438.943  0.00493595  0.000931945  0.00846445
359.947  387.794  0.00356433  -0.00163475  0.00287948
352.139  420.619  0.0238121  0.00131336  0.00109618
358.919  39.6688  0.013836  -0.00474431  0.00447687
358.694  212.514  0.0354173  -0.00026017  0.0215515
350.963  307.477  0.00924853  -0.00701905  0.00774225
361.534  600.97  0.0182106  0.0146389  0.0366576
362.429  125.23  0.00559559  0.00278546  0.00255462
361.426  356.418  0.00704895  -0.00129449  0.00397023
371.364  314.396  0.0147966  -0.00258865  0.00214329
363.152  438.162  0.00977263  -0.00899862  0.0111046
365.655  391.86  0.00213702  -0.00158981  0.00302261
371.632  286.075  0.0324185  0.00109305  0.0248172
368.634  555.28  0.00110972  -0.000289331  0.00220509
366.13  176.048  0.00674698  -0.00153734  0.00111209
379.567  213.381  0.0152974  -0.0176175  0.0318567
379.998  66.5506  0.00832795  -0.00269261  0.0059967
366.812  135.463  0.00144513  0.00252867  0.0226041
375.094  155.679  0.00127812  -0.000498352  0.00990269
379.733  531.727  0.0156794  0.00799583  0.0240019
383.769  444.742  0.010955  -0.00772608  0.00786272
379.896  599.092  0.00385765  0.000573661  0.00694543
381.45  259.131  0.0195685  -0.0116553  0.0231874
384.942  298.919  0.0198731  0.00412322  0.00584538
381.962  382.008  0.0141843  -0.00413587  0.00634401
391.075  487.626  0.00584369  -0.00247917  0.00322993
383.761  82.6884  0.00379935  -0.000847681  0.00858274
388.902  410.919  0.00403142  0.000481879  0.00333718
391.735  532.586  0.00754582  0.00369705  0.00738048
393.346  320.686  0.0316467  -0.0122807  0.00802562
397.067  371.775  0.0174  -0.0112899  0.0168802
409.588  391.236  0.00343484  -0.00513894  0.0150308
401.698  448.401  0.0127922  -0.00802365  0.0153757
401.75  606.39  0.00791674  0.00926093  0.0132276
389.359  108.77  0.0067338  -0.00586287  0.00995569
398.902  86.7296  0.0134441  -7.02575e-05  0.00133482
397.571  395.328  0.00647919  -0.00195805  0.0243025
402.138  146.668  0.0229131  -0.0119094  0.0110065
402.43  543.278  0.0223851  0.0113791  0.0221897
419.441  463.356  0.00268633  0.00012835  0.00314947
410.17  347.008  0.00601748  -0.00314854  0.00346202
410.704  84.9175  0.0231478  -0.000190375  0.00282505
411.2  267.56  0.0167115  0.00387518  0.0319993
412.396  544.42  0.00584207  0.00156869  0.00499864
407.897  105.059  0.00573397  -0.00686731  0.0109481
413.114  527.261  0.0058513  -0.00248717  0.0120605
417.268  434.671  0.00218295  -0.000232429  0.00654637
419.761  552.894  0.0172969  0.00960718  0.0219597
420.729  390.183  0.00276712  -0.000161663  0.00493229
414.031  593.666  0.00734095  0.00796859  0.0173049
410.634  124.505  0.00312989  -0.00388789  0.0107248
420.553  20.4809  0.01306  -0.00358993  0.00368999
416.287  506.321  0.00444775  -0.00116865  0.00321317
425.476  611.938  0.00147058  0.000192321  0.00318204
424.238  467.706  0.00114253  0.000287376  0.0094887
428.338  374.156  0.0156352  0.000782946  0.000783768
422.842  486.938  0.00321149  -0.00192599  0.00491688
431.927  36.2667  0.00996681  -0.00678857  0.00568483
438.374  117.786  0.00122761  -0.00180425  0.00692517
423.69  216.262  0.00146505  0.00018647  0.00280527
441.283  571.019  0.00854826  0.01047  0.0201289
449.62  415.52  0.00314555  -0.000159627  0.00156629
450.172  313.875  0.00266449  -0.000236559  0.00193129
448.084  448.857  0.00577324  -0.00234838  0.00354568
439.082  612.922  0.00155797  -0.00208142  0.00614566
438.483  46.2608  0.00921212  -0.00587352  0.00517653
446.613  376.705  0.0118125  0.00524933  0.0132326
441.544  243.253  0.00374276  0.00365862  0.00623337
457.076  604.153  0.00145014  -0.0013766  0.0153609
457.975  533.475  0.00465511  -0.00361357  0.0043201
452.891  467.679  0.00735998  -0.0081501  0.0163822
452.769  122.287  0.00340718  0.00362835  0.00944886
454.164  137.038  0.00244192  0.00291125  0.00534776
462.818  557.657  0.029674  0.000886706  0.0333678
464.941  27.3971  0.0189814  -0.0012431  0.0232334
471.464  541.203  0.00950552  0.0102029  0.0151236
470.63  68.6766  0.0179541  -0.00836579  0.00955069
470.05  526.755  0.0135512  -0.00925876  0.0362395
469.159  570.554  0.0191579  0.0135589  0.0287166
475.16  333.229  0.00229357  8.2017e-05  0.00177734
488.405  244.51  0.00271232  -0.00127347  0.00256549
477.39  576.105  0.00643816  0.00396202  0.00861811
479.007  41.6957  0.0199218  -0.00610701  0.0233111
489.488  119.091  0.00361239  0.00290022  0.00928275
486.6  583.969  0.00748896  0.00462265  0.00810835
488.179  380.808  0.00531478  0.000328782  0.00972121
484.007  59.757  0.00292563  -0.000373761  0.00295127
486.549  400.459  0.00354416  -0.00214215  0.010295
486.128  88.6111  0.0181401  -0.0114603  0.0189688
491.901  47.6291  0.00597719  0.00449837  0.00537672
496.238  156.933  0.00129115  0.000428959  0.0012009
501.476  186.996  0.00280638  -0.00221621  0.0432672
493.816  586.36  0.025954  0.0104939  0.0267768
500.926  315.656  0.00731979  -0.00431987  0.004497
497.58  482.669  0.0114615  -0.00300122  0.00277232
499.634  607.177  0.0107602  -0.00827418  0.0366013
502.307  234.674  0.00806885  -0.00147899  0.00809495
503.478  528.067  0.00788492  -0.00260736  0.038664
505.218  470.739  0.0254194  0.00392083  0.0259255
499.263  53.8607  0.00462096  -0.00561704  0.0136036
500.002  285.961  0.00534577  -0.00324078  0.0051689
504.088  210.333  0.0020278  -0.000545543  0.00148425
505.255  366.101  0.00543518  0.000679849  0.00102904
512.806  488.529  0.0217757  0.00377215  0.0123667
506.092  371.406  0.00182749  0.000208736  0.00145268
521.518  620.876  0.00709562  -0.0016401  0.00677235
516.642  246.169  0.0340461  -0.0143794  0.0166968
525  16.6033  0.0226971  -0.0064615  0.0125122
525.825  103.47  0.00819298  -0.00342927  0.00659561
520.194  598.754  0.00144675  -0.00119692  0.00349334
527.622  270.021  0.0272549  -0.0129632  0.0137293
529.392  144.355  0.0203994  -0.00217707  0.00176518
521.248  473.685  0.00820132  -0.00363946  0.00331234
527.529  152.15  0.0130737  0.00173705  0.00120818
532.248  54.4735  0.0183345  -0.00898505  0.0136559
527.173  536.809  0.000754806  -0.000212391  0.0162749
525.697  310.966  0.00266867  -0.000456729  0.0089127
542.479  150.799  0.0140446  0.00254061  0.00256079
541.146  131.57  0.0106511  -0.0037515  0.00349192
538.412  561.89  0.0199042  -0.00462014  0.003161
562.019  31.6809  0.00156618  -0.000232208  0.00247366
557.691  531.433  0.0027304  0.00764065  0.0338645
552.118  107.652  0.0134924  -0.00566886  0.0149495
547.522  176.387  0.0352695  -0.00960683  0.00346553
552.584  500.139  0.00101851  0.000254122  0.00123104
543.326  226.68  0.00414797  -0.00076138  0.00111273
552.898  292.051  0.0190692  -0.0189202  0.0258439
563.405  596.322  0.0158088  0.0120084  0.013332
564.131  442.31  0.0325191  0.00761638  0.0134962
559.618  571.345  0.00906365  -0.00530989  0.00532388
579.672  442.268  0.011766  0.0167742  0.027697
573.536  316.529  0.0293971  -0.0154195  0.021311
580.703  510.375  0.0264998  0.0208232  0.0251555
591.749  463  0.00361758  -0.00353876  0.00582566
576.259  602.358  0.0040438  0.000332851  0.00549638
588.698  297.81  0.0290308  -0.00792051  0.0243013
586.622  553.235  0.0149765  -0.00393005  0.00342444
592.622  82.6281  0.00789422  -0.00851334  0.013683
592.527  239.977  0.0100341  -0.00506109  0.00523132
599.831  374.025  0.00710032  -0.00205442  0.00153555
595.403  423.821  0.0121513  0.0113005  0.0281176
602.688  350.675  0.0365069  -0.0163978  0.00992461
593.956  548.04  0.00416001  0.000162461  0.00219184
604.286  351.802  0.0429542  -0.0150207  0.00882441
607.092  574.461  0.00382199  0.00192658  0.00379525
620.209  473.507  0.00895839  0.0055368  0.00707056
620.433  39.2653  0.00190748  0.000596743  0.00243181
611.966  431.686  0.0067314  0.0021525  0.00235396
627.734  83.9654  0.0101431  -0.00629092  0.00529414
617.479  472.864  0.0190314  0.0111935  0.0103708
607.903  499.158  0.00383187  -0.000881124  0.0034775
624.522  396.549  0.0180679  0.0064397  0.0131776
614.282  610.582  0.00196918  -0.000248229  0.00265745
627.504  424.324  0.0441681  0.00325393  0.00327573
629.398  245.835  0.0155966  2.96429e-06  0.0271127
615.577  183.166  0.00352542  0.00163609  0.00393941
623.301  362.948  0.00353421  -0.00114581  0.00173903
616.302  234.371  0.00211881  -0.00102608  0.00508184
644.562  294.898  0.00234471  -0.00125689  0.00874327
636.194  261.626  0.0175563  -0.00430996  0.0197391
641.019  322.996  0.00119644  0.000812455  0.0035943
635.525  566.841  0.00271547  -0.000699071  0.00184408
646.238  63.3855  0.00195255  -0.000150421  0.0015105
659.523  309.816  0.0104814  -0.00666061  0.00818655
656.627  14.4127  0.0385825  -0.0065588  0.0132465
653.221  102.692  0.0094461  -0.000178919  0.0204572
672.014  172.862  0.00208373  -0.000487807  0.00228565
663.164  558.11  0.0143333  -0.00331607  0.0040422
658.982  78.6145  0.00108595  -0.000431444  0.00247901
666.823  105.707  0.0295146  -0.0157265  0.0168719
678.728  329.382  0.00476988  -7.52173e-06  0.013281
677.246  616.759  0.00119146  0.000179628  0.00322614
678.939  36.0969  0.00598891  -0.000399937  0.003742
673.608  24.9072  0.0289289  -0.00542697  0.0353585
666.95  354.212  0.0109128  0.0154334  0.0262824
687.573  147.285  0.00331299  -0.000250112  0.0172217
677.379  128.508  0.00179831  -0.000147356  0.00131397
695.763  160.581  0.00519876  -0.00358873  0.0104876
672.548  276.521  0.00245353  -0.000520397  0.00244511
674.236  34.2536  0.00324581  0.00317337  0.00795954
691.347  42.7117  0.0160438  -0.000199268  0.00849189
697.059  330.089  0.0231205  0.0175266  0.0205792
704.766  181.526  0.00167327  -0.000449637  0.00392068
703.993  115.111  0.0215307  -0.0122438  0.0252918
713.301  161.482  0.0138733  -0.00857638  0.00779092
704.956  33.1116  0.00276022  0.00243162  0.00853507
710.784  143.622  0.0228755  -0.0141626  0.0121996
713.466  37.8896  0.00871327  0.00113947  0.0321346
716.275  263.974  0.00941396  -0.00630509  0.00500804
718.285  106.984  0.0249732  -0.00728041  0.00278472
733.183  27.643  0.00476725  -0.00455002  0.0114775
732.207  254.598  0.00195662  -0.000769152  0.00107766
730.2  299.297  0.0186203  0.0133071  0.0231343
728.204  497.18  0.0173554  0.00203395  0.0134228
720.494  53.6737  0.00429401  0.00147827  0.00299835
725.497  129.494  0.00254486  -0.00155312  0.00596519
732.017  512.948  0.0109224  -0.00168973  0.0221875
727.765  415.967  0.00178608  -0.00245959  0.018578
739.172  271.9  0.00168646  0.00130241  0.00306523
741.206  115.985  0.00945668  0.00175629  0.00157469
742.634  80.5823  0.023192  -0.00644144  0.00514233
744.676  142.503  0.0190201  0.000537594  0.00317167
743.526  185.649  0.0197042  -0.00610398  0.0131381
746.507  405.607  0.0184539  -0.00629614  0.0080304
748.469  509.78  0.00445039  -0.00749504  0.0347353
744.516  104.603  0.00333847  -0.000558105  0.00277367
749.508  282.357  0.0184159  0.0209421  0.0301413
748.261  42.6657  0.0276532  0.000111456  0.0020072
747.335  330.277  0.00217167  -0.00164722  0.00273916
752.542  361.203  0.0350681  -0.000758895  0.00132401
756.414  414.299  0.0135828  -0.000758704  0.00803999
759.134  41.7099  0.00300716  0.000292047  0.00141784
767.861  371.434  0.00233593  0.00144127  0.00175191
768.224  291.382  0.00533104  -0.00149598  0.00183078
767.475  201.679  0.00726009  -0.00170989  0.0041555
767.359  128.418  0.00822463  -0.00439207  0.0040895
761.772  366.377  0.00467745  -0.00121287  0.0148894
774.352  75.8132  0.0148782  0.00114382  0.00241988
760.127  172.31  0.00110183  -0.000818344  0.0104316
770.188  261.882  0.0214242  0.0080477  0.0189171
769.09  100.741  0.00558113  -0.00195251  0.00306331
770.805  380.681  0.00436445  0.00160235  0.00379945
779.919  208.667  0.0258461  -0.0117321  0.0312439
781.507  184.619  0.0122373  -0.0054038  0.0408218
782.693  361.357  0.00797944  -0.00242983  0.00204685
777.51  255.357  0.025999  0.0258575  0.030805
17.4544  36.6719  0.00572482  0.0041733  0.00919135
20.1117  406.332  0.0216519  0.00197461  0.00733273
18.6886  495.513  0.00650961  0.00558127  0.00909057
20.2351  584.176  0.00710644  -0.0032016  0.003534
32.1362  409.707  0.0183124  -0.00466836  0.00886055
28.2337  108.343  0.00260913  0.0011306  0.00332225
39.966  570.544  0.00977916  0.00249607  0.00329222
44.8117  284.866  0.0184105  -0.0104475  0.00843655
52.1831  116.72  0.0165187  0.000490827  0.00610341
50.4918  488.677  0.0116099  -0.00281588  0.0114939
42.8518  358.474  0.00426291  -0.00213337  0.00278701
55.3505  610.442  0.00931658  0.000653838  0.00140505
63.3565  66.2342  0.00105318  0.000437831  0.00137006
61.7208  114.628  0.0159132  0.00208143  0.0148702
64.2476  253.679  0.000913944  0.000188801  0.0011445
69.9667  78.4992  0.00929787  0.00249797  0.00447569
62.9159  41.3927  0.00185491  0.000145774  0.00120928
88.5121  206.955  0.00570582  0.00374345  0.0039868
83.7441  341.543  0.0125199  -0.00760555  0.00694465
64.0129  56.0471  0.00147497  -0.00111711  0.00356598
90.5302  19.8577  0.00637516  -0.00127437  0.00335091
94.8064  128.893  0.00221137  -0.00103719  0.00104131
104.673  505.352  0.00825382  -0.00356798  0.00419573
123.365  421.162  0.00283632  3.64906e-05  0.000662276
123.598  370.312  0.00425615  -0.00213201  0.00547477
109.908  491.228  0.00384458  -0.00683432  0.0155353
133.458  430.902  0.00936086  0.000149387  0.00730279
129.511  89.709  0.00704257  -0.00476008  0.00879614
133.673  438.253  0.000922808  -0.000101155  0.00172044
117.154  83.0578  0.00141325  0.000637567  0.00399473
142.784  288.85  0.0104779  -0.00291781  0.00658122
154.685  147.406  0.00123667  -0.000580291  0.000801117
153.009  126.424  0.000583829  0.000120309  0.000687193
155.83  552.719  0.0128765  -0.00878536  0.012165
155.193  29.1751  0.0128916  0.00557311  0.0164882
144.108  89.3427  0.00177799  -0.00319026  0.0153551
173.456  69.8756  0.00203654  -0.00132359  0.00179659
169.363  30.4048  0.00423075  0.00647397  0.0192387
169.597  459.635  0.00206487  -0.00133799  0.00187031
180.702  594.366  0.00905114  -0.00565711  0.00607908
195.233  505.02  0.00786398  0.000406492  0.00360816
200.492  55.6543  0.000492089  0.00018512  0.00120536
191.334  30.1738  0.000926137  -0.00120928  0.0163467
208.268  267.014  0.0147233  0.00124188  0.0168554
206.18  546.111  0.00317063  0.00168533  0.00451639
197.812  102.101  0.00345993  0.0017391  0.00161057
197.576  94.2799  0.00418707  0.00315716  0.00398939
205.054  329.517  0.00364524  -0.000467218  0.00103389
199.066  135.133  0.00176644  -0.000108709  0.000673526
217.773  342.51  0.00228324  -0.000749761  0.00161617
209.606  176.745  0.000975873  -0.000312391  0.0010934
224.953  446.554  0.0129636  -0.0101437  0.0095776
246.609  97.8751  0.00563308  0.00278641  0.0122186
244.572  260.065  0.0163736  0.000620499  0.0163736
249.842  236.085  0.00952086  0.00268907  0.0032774
247.887  215.095  0.0140739  0.00523351  0.0124544
252.379  440.24  0.00508307  0.00101132  0.00299226
260.537  456.361  0.00317882  0.000191181  0.000942358
256.453  380.344  0.00134409  -0.00122823  0.00230899
256.124  150.205  0.0158926  -0.00668618  0.00803075
252.839  68.8931  0.00559656  -0.000820719  0.00200833
266.753  229.511  0.00394917  -0.00164668  0.0118728
271.834  314.131  0.00184005  -0.00106603  0.00341548
266.733  134.667  0.00341274  -0.000716773  0.000700125
280.271  249.737  0.0137346  -0.00538052  0.0113823
276.153  552.584  0.00405979  0.000797756  0.00952366
289.23  278.498  0.00173911  0.00281727  0.0121872
300.978  237.237  0.0183334  -0.00236274  0.00876779
292.694  81.7119  0.00284777  0.000662529  0.00152467
303.984  280.287  0.00293686  0.000160365  0.000765072
313.022  370.811  0.00702736  -0.00920682  0.018996
320.116  329.719  0.000548554  -0.00041525  0.00174069
314.128  28.1724  0.00280993  -0.000968568  0.002429
329.495  61.8717  0.00970495  -0.00617951  0.00775135
321.624  373.214  0.00355918  -0.00700245  0.0218105
325.268  280.952  0.00547828  0.000864671  0.00291571
350.337  61.2806  0.00300243  -0.000689433  0.00339546
336.162  254.079  0.00120353  0.000132792  0.00187062
328.474  606.239  0.000553402  -0.000268224  0.00745249
351.576  147.76  0.0170199  0.00330815  0.00214453
347.317  294.597  0.00341783  0.00199149  0.00265718
345.926  294.781  0.00567241  0.00171253  0.00183732
361.508  142.283  0.00129084  0.0008582  0.00305082
353.254  410.126  0.0184648  -0.00184418  0.00729248
358.555  427.767  0.0042566  -0.000431699  0.00121676
364.398  49.3575  0.0143355  -0.00760688  0.00488838
361.956  599.923  0.0142938  0.00240499  0.0198845
353.541  339.291  0.0149621  -0.0088854  0.0062198
376.202  326.326  0.0164315  -0.00559079  0.00260274
368.881  173.613  0.00462152  -0.00134615  0.00089499
368.145  52.9583  0.00838977  -0.00572564  0.00491982
380.514  379.834  0.00463726  -0.000794685  0.00616515
372.087  154.099  0.00130477  -0.000678954  0.00636795
380.395  115.968  0.00517704  -0.00159877  0.00295692
384.622  300.935  0.0170043  0.00389914  0.0114557
384.952  447.201  0.010037  -0.00681174  0.00984211
391.335  531.261  0.00566114  0.000943112  0.00479933
393.718  111.543  0.00481063  -0.00466154  0.0102029
415.571  464.815  0.00570324  -0.00470131  0.00547197
406.433  309.212  0.00269054  -0.00151099  0.00673788
425.25  83.8317  0.000825256  -0.000223654  0.00506617
411.244  545.102  0.010158  0.00496819  0.00818818
421.68  527.156  0.00101503  0.00046993  0.00972772
410.98  123.649  0.00285271  -0.0031077  0.00718483
415.968  388.996  0.00155711  -0.000717939  0.00670138
424.607  272.148  0.0131673  -0.00799826  0.00635264
432.321  368.361  0.00454368  0.000105677  0.00101987
414.586  219.259  0.00137386  -0.000164722  0.00119405
446.184  310.42  0.00525335  -0.0016315  0.00281697
442.322  403.286  0.0148156  0.00197359  0.00100612
466.208  606.395  0.00135969  -0.00190588  0.00517532
440.943  255.803  0.00302109  0.000644078  0.00100966
471.378  339.722  0.00158857  0.000435248  0.00109702
444.831  81.4443  0.00334977  0.00324668  0.015746
433.951  462.753  0.00181301  -0.003529  0.0118347
454.516  590.102  0.0080028  -0.00174784  0.00471154
468.248  525.901  0.00822066  -0.00618077  0.0169923
476.921  43.7396  0.0159002  0.00419182  0.00885724
464.365  542.726  0.00356847  0.00482767  0.0115233
498.414  115.093  0.00249761  0.00392764  0.0117651
484.611  58.8535  0.00594896  0.00153397  0.00304354
498.853  374.046  0.00227843  0.00121461  0.00255078
485.789  399.336  0.00338839  -0.00145903  0.00612697
499.538  492.059  0.0130445  -0.00331492  0.0018042
493.917  585.271  0.0163138  0.000323842  0.017142
492.748  517.585  0.00497156  0.00671493  0.0161911
498.864  41.6968  0.00661621  0.00123576  0.00291502
502.059  187.725  0.00278096  -0.00138518  0.02084
501.225  234.436  0.0148603  0.00100031  0.0059825
497.624  113.805  0.00103811  -0.000714032  0.0052526
503.831  528.068  0.00762968  -0.00145835  0.0191594
500.019  47.9924  0.00325126  -0.000769853  0.00139612
507.399  77.8032  0.0102095  0.00287102  0.00879376
501.521  374.893  0.00322808  0.00172561  0.00305511
511.93  27.4381  0.0142406  -0.00931214  0.0109647
526.412  79.9136  0.00635839  -0.00267433  0.00295182
526.761  268.888  0.0162659  -0.00489236  0.0100736
539.752  538.507  0.00114943  0.000116023  0.0069972
512.013  299.382  0.00204314  -0.00162364  0.00267497
561.647  366.45  0.00129853  0.00064532  0.00194753
561.607  423.406  0.00534952  -0.0020089  0.00213841
535.909  229.983  0.00217995  -0.000295212  0.000404019
553.144  289.906  0.011798  -0.00718902  0.0136453
553.221  269.261  0.00233685  -0.00152191  0.00161888
561.985  571.524  0.00231841  0.000187315  0.00278401
553.462  446.863  0.00385624  0.00310715  0.00778434
568.79  591.135  0.00808  0.00659951  0.00714669
579.533  457.353  0.0114146  -0.0027718  0.00993004
601.154  92.3428  0.00919683  -0.00770959  0.00773502
589.212  237.032  0.012216  -0.00485861  0.00707525
596.739  422.979  0.0121621  0.0047974  0.0156885
601.38  299.868  0.0103766  -0.00517728  0.00589148
610.069  446.658  0.0078136  0.00144646  0.000914206
613.615  592.416  0.00221425  -0.000514428  0.000908197
629.651  90.124  0.00895561  -0.00545386  0.00421883
615.186  37.8933  0.00105891  -0.000595225  0.00110351
641.396  393.714  0.0018448  0.00148829  0.00657699
628.288  292.713  0.000625374  -0.00102993  0.00620082
640.676  267.469  0.013295  -0.00662774  0.00903936
626.736  328.032  0.000810461  0.000779941  0.00440024
655.733  601.311  0.00655639  0.00317747  0.00285015
652.148  101.279  0.0137613  -0.00237433  0.0111353
654.805  305.838  0.0104403  -0.00196308  0.0144554
652.905  371.455  0.00791302  0.00836721  0.00968653
678.064  570.113  0.0018931  -0.000721416  0.00125641
666.329  104.379  0.0100343  -0.00229248  0.0134239
684.05  42.5193  0.00325476  -0.000805949  0.00132766
690.759  147.848  0.00224884  -0.00216624  0.0211675
694.652  330.139  0.0106377  0.00727401  0.0141103
698.299  373.694  0.0149888  -0.00512491  0.0100668
699.877  188.136  0.00996458  -0.00485573  0.00400683
708.48  419.004  0.0153396  -0.00624719  0.00899008
706.614  138.317  0.0146194  -0.00801596  0.00952903
709.532  27.9211  0.00658688  -0.00202092  0.0210223
719.211  166.592  0.00913161  -0.00858203  0.0108084
710.977  38.0435  0.0139835  0.00143547  0.0207415
711.758  83.5375  0.0183818  -0.00425351  0.00630014
720.864  87.7981  0.0267319  -0.00352363  0.00126828
739.808  219.803  0.00147049  -0.00100019  0.00221425
729.185  300.242  0.0117437  0.00590261  0.01462
726.157  508.284  0.0098147  -0.00818178  0.00991508
724.224  410.512  0.00179225  -0.00105804  0.00529108
727.041  125.523  0.00133474  0.000479046  0.00299813
744.441  143.672  0.017181  0.00179942  0.00523806
755.835  351.619  0.000754639  -0.000137943  0.000619634
746.694  284.373  0.0142267  0.00349795  0.0152896
752.096  481.598  0.00970644  0.00787725  0.0111872
750.855  171.646  0.00068784  -0.000762267  0.00804913
763.395  56.7238  0.00473148  -0.00104008  0.00117193
757.619  148.235  0.00554361  0.00116094  0.00130954
768.585  198.438  0.00392615  0.00086385  0.00457565
772.267  230.89  0.00566489  -0.00645676  0.0116274
753.345  98.5205  0.00132994  -0.00124149  0.00511839
773.478  23.0986  0.0213559  0.00675341  0.0193594
770.446  130.38  0.00540398  -0.000561063  0.00997024
778.742  207.239  0.0234928  0.00285677  0.010417
761.617  365.564  0.00082747  1.5454e-05  0.00070873
19.3802  495.442  0.00455135  -7.26592e-05  0.00156812
29.8683  544.812  0.00460424  0.00183496  0.0010753
82.162  124.041  0.000608407  -0.00104909  0.00566817
54.4768  83.056  0.00426813  0.000104526  0.000368794
88.7876  264.965  0.000330978  -0.000226468  0.000859929
71.779  526.684  0.0043723  -0.000732216  0.00120516
62.1677  164.292  0.00113527  -0.000298929  0.000451081
80.7372  334.037  0.00502443  -0.00328607  0.00344937
86.3266  207.659  0.0038442  0.00280105  0.00301328
81.0323  73.3423  0.000457208  7.71751e-06  0.000397493
92.274  382.839  0.0017563  -0.00116111  0.00117477
127.098  505.338  0.000493088  -0.0002888  0.00509123
85.4899  544.261  0.00265371  -0.00178552  0.0017634
98.4436  386.826  0.000997206  -0.000705581  0.00107621
108.131  244.652  0.000393498  0.000110821  0.000233096
114.454  553.955  0.00233659  -0.00135149  0.00103505
131.713  430.913  0.00677506  0.000479722  0.0061012
151.976  138.57  0.00112501  -0.000494846  0.000530074
142.121  280.618  0.00842002  -0.00100355  0.00134159
147.337  122.518  0.000438759  -0.000206975  0.000499907
150.061  455.556  0.00825394  0.000312794  0.00825394
152.843  90.7598  0.00672653  -0.0018735  0.00638109
173.355  65.4432  0.00120984  -0.000456809  0.000939307
157.073  260.933  0.00361056  0.000220031  0.000969538
180.544  32.0785  0.000506811  0.00043232  0.00951972
163.441  444.394  0.00284791  -0.00129369  0.00102937
181.876  500.211  0.00811439  -0.00157428  0.000951785
182.251  332.617  0.00376547  -0.00175561  0.00117901
222.352  335.312  0.00131775  4.36291e-05  0.000840521
217.35  589.902  0.00196157  0.00064526  0.00337727
225.256  447.792  0.007597  -0.00545755  0.00557624
237.929  143.503  0.00369744  -0.00105885  0.000525982
233.378  405.963  0.00825394  0.000312794  0.00825394
262.613  99.4821  0.000554365  -0.000109016  0.0105219
243.314  417.412  0.00646735  -2.01417e-05  0.00456178
243.531  160.836  0.00283252  -0.00110697  0.000917088
248.491  215.216  0.00602288  0.00098287  0.0089004
256.966  586.322  0.00607713  -0.00344504  0.00456829
259.292  275.643  0.0044178  -0.000428386  0.00319164
277.396  322.353  0.0012031  -1.37924e-05  0.000450283
286.85  314.381  0.000353389  -0.00022602  0.00375142
275.839  551.955  0.00397132  0.00111262  0.00542548
289.869  582.729  0.0046545  0.00052108  0.00573785
310.378  80.3377  0.000460192  -6.00736e-06  0.00177078
301.527  591.072  0.00786944  -0.00131775  0.00733665
308.714  367.234  0.00564766  -0.00184887  0.0066492
312.546  327.946  0.00035236  -0.00037006  0.00172645
317.964  393.941  0.00132394  -0.00110703  0.00181955
314.111  112.044  0.00575749  -0.000710862  0.00144372
301.127  174.911  0.00136778  -0.000122583  0.000243265
328.178  60.114  0.00661726  -0.00391785  0.005816
329.094  495.232  0.00136191  -0.0018885  0.00320203
352.456  87.0484  0.00295841  -0.000413539  0.000426728
353.713  420.574  0.011295  0.000419857  0.00115864
369.589  561.143  0.00327892  0.000790474  0.00082704
382.245  155.598  0.00278024  0.000590113  0.00610429
403.963  356.112  0.00102847  0.000169645  0.00100061
384.437  446.963  0.00685006  -0.00438854  0.00559259
368.947  393.099  0.00187401  -0.00176795  0.00286444
408.484  119.275  0.00311853  -0.00483435  0.00909158
411.496  305.963  0.00170634  0.000645283  0.00381673
407.514  346.941  0.00362797  -0.0013329  0.00362638
415.555  592.35  0.00590951  0.00442375  0.0110934
412.431  126.362  0.00198966  -0.00203381  0.00432506
442.099  188.783  0.00347668  -0.00201797  0.00153844
419.576  217.717  0.00127288  -0.000661575  0.000571524
455.866  309.946  0.00106933  1.68193e-05  0.00257519
470.358  605.47  0.000946358  -0.00134603  0.00357319
445.724  257.567  0.00167317  0.000237951  0.000954897
448.828  110.081  0.00110331  0.000355683  0.00152686
429.349  463.321  0.000661724  -0.00102147  0.00611914
471.195  540.732  0.00398174  0.00386428  0.00716067
485.127  73.8449  0.00578979  -4.72969e-05  0.000577293
492.087  108.167  0.000868711  -0.000731029  0.00127929
498.905  490.476  0.00933888  -0.0022313  0.00139099
501.966  504.011  0.00790555  0.00211545  0.00191406
483.93  60.1339  0.000670568  0.000253637  0.00113038
511.611  29.0454  0.00934063  -0.0040137  0.00479263
523.459  473.135  0.00296966  -0.0013445  0.00226047
526.985  102.641  0.00407946  -0.0013563  0.00555919
525.25  155.398  0.00727338  0.00187366  0.00143355
536.055  588.246  0.000705691  0.000613538  0.00153066
601.593  76.9061  0.00057528  0.000451849  0.000576042
596.695  546.45  0.00176017  0.000651404  0.0024891
637.519  148.234  0.000772673  4.85571e-05  0.000633238
617.309  475.439  0.00703144  0.00365799  0.00530784
625.279  88.3042  0.00222052  -0.00101141  0.00154198
605.499  543.062  0.00173732  0.00145927  0.00236003
650.091  606.381  0.00318085  0.00230704  0.0038813
647.622  20.6397  0.00759465  -0.00260505  0.00312096
631.763  302.842  0.000530489  -0.000987137  0.0105434
698.585  555.57  0.000526036  0.000119559  0.000366709
684.507  41.1718  0.00206938  -0.000299846  0.00105961
672.134  288.347  0.00245385  -0.000801989  0.000537878
691.381  136.177  0.00449098  0.00147249  0.0020723
686.012  119.693  0.000947327  0.000433401  0.00104301
721.359  241.419  0.000483713  -5.57763e-05  0.000237123
708.009  418.513  0.00810409  -0.00132853  0.00627397
714.202  42.9274  0.00365641  -0.000812017  0.00424172
712.431  111.541  0.00453251  -0.000801812  0.000596275
717.578  163.652  0.00540321  -0.0046125  0.0067719
715.131  66.4212  0.0106957  -0.00408829  0.00240406
741.201  78.6881  0.0105548  -0.00190385  0.00433496
742.866  146.374  0.00919652  -0.000634305  0.00695753
750.645  480.052  0.00650304  0.00358304  0.0048704
746.21  336.434  0.000824612  -0.000211502  0.000443056
751.397  408.585  0.00752802  -0.00328975  0.00449608
765.599  61.4428  0.00421993  -0.000934469  0.000772056
766.597  194.627  0.00295247  0.000271743  0.00180642
768.712  226.197  0.00305694  -0.000756825  0.00308539
751.835  95.2145  0.00122397  -0.000846692  0.00283312
43.5407  313.622  0.00258567  -0.00158874  0.00127123
45.2263  569.338  0.00310895  0.00128746  0.00321714
55.1308  382.387  0.00287045  -0.00128623  0.000856621
69.8232  79.4292  0.00531809  0.000429577  0.00255974
86.1033  189.226  0.00141461  0.000664115  0.000498322
93.9472  112.432  0.00183857  -0.000233243  0.000261764
97.2582  389.367  0.000981199  -0.000595029  0.000706862
104.731  528.379  0.00184101  -0.00119039  0.0011589
152.828  134.574  0.000564246  -0.000275509  0.000409512
141.691  287.228  0.00419767  -4.85952e-05  0.00365111
139.863  498.801  0.00173238  1.71881e-05  0.0019226
151.404  456.78  0.00393622  -0.00094134  0.00305147
191.462  65.2987  0.000350178  0.00013171  0.000803778
166.73  263.634  0.000707001  0.000138558  0.000711026
176.38  310.739  0.00283172  -0.00111735  0.000584416
174.219  464.199  0.00229463  2.19066e-05  0.00207812
184.731  533.085  0.00295398  -0.0001821  0.00281752
211.006  576.231  0.00121348  0.00137471  0.00208246
187.816  508.913  0.00285007  0.00187417  0.00289271
209.066  158.133  0.00145316  -0.000163732  0.000146676
211.466  554.434  0.00174887  -0.00114742  0.00191656
187.388  469.759  0.000783372  0.000941849  0.00181863
241.919  416.33  0.00329597  -0.00016434  0.00366918
261.878  101.981  0.000462444  -1.46901e-05  0.00390695
251.382  442.125  0.00242863  7.48255e-05  0.00238543
302.541  522.476  0.000334754  0.000231626  0.00181905
271.942  66.7016  0.00394234  -0.000780608  0.00183778
305.437  323.653  0.000384005  -0.000491899  0.00142981
298.68  342.299  0.000382971  -0.000115095  0.000207963
324.252  86.3535  0.000475809  -0.000485438  0.00133003
314.062  329.419  0.000391505  -0.000523794  0.00140692
314.333  110.89  0.00288821  -0.000436561  0.00180775
355.948  288.298  0.000967832  0.000463294  0.000860412
353.181  418.333  0.00530717  0.000172423  0.00115763
341.74  95.4284  0.00118597  -0.000682548  0.00105258
378.253  596.424  0.00282835  0.000537245  0.00445704
375.285  160.869  0.00173948  0.00109818  0.00312146
401.257  92.4939  0.00330271  -0.000897247  0.00133739
414.671  506.98  0.00223586  -0.000616008  0.00354837
440.537  303.501  0.003221  -0.00138736  0.00138858
435.41  241.076  0.0010184  -0.000618793  0.000521075
455.495  520.624  0.00201657  -0.000927979  0.000776703
500.694  429.963  0.00282308  -0.00135208  0.00101692
493.573  111.088  0.000939353  -9.01216e-06  0.00195196
527.391  401.48  0.00123586  -0.000928496  0.00099171
560.776  93.9911  0.000514986  0.00136933  0.00602847
524.679  477.327  0.0006729  0.000369237  0.00120736
552.886  542.186  0.000738169  -0.000376483  0.000514382
588.094  236.134  0.00399036  0.000110181  0.00384806
590.071  361.128  0.00318921  -0.00167278  0.00128022
594.674  543.165  0.00100004  -3.83692e-05  0.00190847
609.995  443.681  0.00514225  0.000826008  0.000779481
614.82  480.789  0.00395661  0.001752  0.0026692
623.388  329.315  0.000372206  -0.000130746  0.000337433
679.81  68.3027  0.00284665  -3.64252e-05  0.000315239
693.329  459.931  0.000192549  -2.76704e-05  0.000219245
688.061  112.901  0.000900874  0.000802385  0.00252034
700.873  248.492  0.000269631  3.85352e-05  0.000121222
730.807  122.677  0.0018874  0.000811805  0.00154346
737.502  151.658  0.0030202  0.00111193  0.00318701
737.251  340.204  0.000464228  0.000108603  0.000275315
750.147  408.96  0.00537789  -0.00198491  0.00303497
758.225  55.3663  0.00182329  -0.000680808  0.000976928
757.759  180.968  0.00160734  8.31041e-05  0.000393437
749.773  354.393  0.000489145  -1.76268e-05  0.000214463
