1.0
748
11.8832  543.147  0.0139119  -0.00767911  0.0141229
18.2358  27.4057  0.0156898  -0.00498323  0.0432785
12.9387  57.816  0.0207872  -0.0152796  0.0222673
19.3678  395.057  0.0159019  0.00817552  0.018175
22.3265  105.219  0.00461961  0.00330128  0.0113343
22.8  331.239  0.0212491  -0.00765737  0.0165388
25.056  14.736  0.0128499  0.00741781  0.0408622
28.2864  181.056  0.0105637  0.00593751  0.0210323
28.1905  231.81  0.0267496  0.00599114  0.0282873
30.4661  40.2627  0.0186691  0.00279212  0.0347656
40.4804  324.506  0.0123554  0.00252727  0.003885
38.8329  34.2345  0.00393083  -0.00211145  0.0120298
42.8176  354.464  0.00517937  0.00177972  0.00340569
39.1318  15.0507  0.00675001  0.00420031  0.0102692
31.0292  218.825  0.00439147  -0.00740532  0.0307663
56.9077  66.6268  0.00366768  0.00374641  0.00873392
52.2433  253.86  0.00142515  -0.000540542  0.00222927
55.0635  32.5794  0.0235923  -0.00699354  0.0243392
54.3846  362.454  0.0313739  -0.00244383  0.0155045
57.752  358.7  0.00237567  -0.002368  0.00595345
70.8261  620.161  0.0164087  -0.0128681  0.0239813
64.668  15.868  0.00758201  0.00888919  0.0225656
71.4815  23.5031  0.00843413  -0.00479538  0.0096775
72.8308  87.0308  0.00839144  0.0127828  0.0445775
82.0137  60.9384  0.020082  -0.0063937  0.0230073
87.9722  107.579  0.00200765  0.0013041  0.0588703
91.3125  154.147  0.00433017  -0.00322493  0.0394845
72.7425  31.0882  0.00147647  0.000640043  0.0267085
100.449  196.314  0.00460888  0.0118705  0.0492532
89.1357  525.659  0.00810772  -0.000507934  0.0102118
92.3413  377.373  0.017131  0.000662423  0.0304466
94.5183  122.435  0.000912796  5.30519e-05  0.00397319
95.4783  96.4587  0.00595004  0.000511329  0.00430759
85.9134  43.6063  0.00167015  -0.000177927  0.00418343
95.4953  482.467  0.0312496  -0.00529973  0.0259307
90.7743  142.838  0.00201869  6.46392e-05  0.0133214
99.7593  549.563  0.0106788  0.00175032  0.00242501
101.286  21.7838  0.00177932  0.00025592  0.00995632
106.45  197.989  0.00694706  0.010232  0.0442534
105.231  277.308  0.00680244  0.00224094  0.0101354
94.4592  60.7983  0.00214554  -0.00220213  0.0473621
102.68  162.762  0.0142159  -0.00231447  0.0174215
112.601  383.399  0.0070414  0.00464868  0.0284382
107.132  322.634  0.00435821  0.00271623  0.00806453
102.958  341.642  0.00273766  0.000309381  0.00875626
110.745  638.551  0.0314121  0.00290027  0.0315879
113.037  409.882  0.00523899  0.000394933  0.00818311
127.468  53.0169  0.00383576  0.00890272  0.0344915
116.645  544.158  0.00396439  0.000969222  0.00860636
112.298  171.22  0.0176509  -0.00041209  0.0024461
116.238  217.699  0.0241513  -0.00581845  0.0174039
116.651  255.27  0.0246915  0.00799233  0.00535469
121.953  332.608  0.0309206  0.00360024  0.00756952
125.074  625.191  0.00991673  -0.00456831  0.0186675
125.052  378.854  0.0276768  0.00610508  0.00259021
123.649  388.732  0.0347355  7.72545e-05  0.00244166
125.237  313.642  0.032465  -0.0102979  0.0108598
114.571  565.248  0.00550354  0.00471042  0.0101458
125.37  473.398  0.0191771  -0.00214614  0.00183117
128.83  507.048  0.0294648  0.00604178  0.0126425
129.671  50.4722  0.00301286  0.00321973  0.0104947
132.055  114.625  0.00720605  0.00129203  0.00770426
128.607  529.778  0.0262143  -0.0045311  0.00416892
123.952  603.192  0.0100888  -0.00291161  0.00597599
129.202  100.581  0.020786  0.0134886  0.0323776
136.028  631.556  0.045846  0.00427497  0.00285156
135.586  634.633  0.0268511  0.00457802  0.00418416
136.214  431.81  0.00731795  0.0008395  0.00150745
139.774  234.596  0.0168074  -0.00124334  0.00237816
145.853  70.056  0.00863625  0.0160529  0.0468864
160.329  54.828  0.00194665  0.000861065  0.00796988
160.686  36.6619  0.00258658  0.00160299  0.0315345
155.574  131.332  0.0270258  0.000524944  0.00539614
159.307  77.9679  0.00245291  0.000465191  0.00475988
176.221  28.1007  0.00358791  0.00723782  0.0208903
155.113  595.017  0.00207949  -0.00165201  0.00443007
164.388  75.0497  0.00274221  -0.000344033  0.00428338
166.538  122.388  0.00982237  0.0076469  0.0127725
172.453  533.752  0.00230197  0.0006314  0.00136566
178.889  498.952  0.0145679  0.00174382  0.0063783
178.676  107.76  0.00806582  0.00992353  0.0426788
181.737  123.044  0.0237229  -0.00217917  0.00596266
179.421  28.851  0.00163425  0.00257758  0.0111283
189.914  51.3434  0.0117771  0.012879  0.0331031
185.634  268.529  0.00649458  0.00386632  0.00724841
186.364  63.3254  0.0154352  0.00464343  0.00605465
197.981  196.779  0.00189475  -0.000223668  0.00413581
197.98  143.971  0.00306749  0.000321412  0.00640138
187.718  278.3  0.00270647  0.0010292  0.0111192
192.23  287.743  0.00919399  -0.00643719  0.03967
188.799  294.311  0.00592227  -0.00470002  0.017059
193.156  49.2473  0.0094736  0.0118742  0.0377824
209.391  569.587  0.0126575  0.00601805  0.00459765
200.29  211.329  0.00479797  0.00113835  0.0313291
206.726  33.6452  0.0147691  -0.00130969  0.0150077
209.698  355.372  0.0160553  0.00105963  0.0130606
211.267  190.974  0.00635129  0.00412079  0.0104718
219.834  130.641  0.00752315  -0.00448904  0.00403063
221.916  38.644  0.00963663  0.0169322  0.0454079
221.337  155.564  0.0272683  -0.000749844  0.0333834
226.466  408.404  0.00359077  7.42682e-05  0.00551001
217.461  561.961  0.00150576  -0.000253204  0.00940314
223.151  37.7152  0.00590383  0.00444414  0.0229611
230.446  89.7154  0.0142296  -0.000162001  0.027394
240.236  512.834  0.00145881  0.000440835  0.0177825
232.37  340.795  0.0126899  -0.000951744  0.00182578
229.303  139.067  0.00516764  0.00240053  0.00441743
241.562  233.077  0.00292556  0.000311495  0.0411567
235.904  588.194  0.00266654  0.000190913  0.00171013
236.425  240.981  0.0161198  -0.00501602  0.0226474
239.085  118.729  0.0172479  0.0015583  0.0355413
240.317  106.474  0.0129409  0.00400423  0.00682547
244.955  399.727  0.0083678  -0.00875004  0.0288727
256.474  413.67  0.00291917  -0.000726553  0.00274775
241.318  510.46  0.00835136  0.00643961  0.0120994
247.629  576.479  0.0166529  0.00820581  0.0285372
260.216  244.108  0.00354023  0.00132009  0.0041216
253.416  200.851  0.0274528  0.00391027  0.0310974
262.815  542.37  0.00289193  -0.00262377  0.0208431
256.289  297.891  0.027438  0.0143089  0.0127286
258.983  24.9583  0.0133765  0.00638382  0.0476369
257.397  554.557  0.0145083  -0.0031722  0.00689724
259.849  595.31  0.030094  -0.0051491  0.0175219
263.026  372.612  0.014747  -0.00775554  0.0277976
264.605  486.628  0.0105507  -0.000156971  0.0399088
263.975  516.287  0.0175683  -0.0116516  0.0158875
276.062  385.647  0.00178571  0.000728988  0.00628637
272.76  91.486  0.0171166  0.00342407  0.0130993
261.033  239.659  0.00253643  0.000631235  0.0102645
271.521  331.518  0.0357639  0.00486286  0.00325194
278.449  556.949  0.00311338  0.000827496  0.0147862
280.217  615.864  0.0161486  -0.00297359  0.00399119
283.209  167.425  0.0156579  0.00271373  0.0332892
283.437  539.567  0.0121277  -0.00619005  0.0141045
288.39  87.059  0.0131711  -0.00115086  0.00372467
289.954  635.554  0.0208451  -0.0124645  0.0154967
291.832  429.324  0.00181646  0.00106126  0.00401508
299.442  456.807  0.00288191  0.00414525  0.0125849
297.874  363.887  0.0337473  0.00060956  0.00805437
302.013  374.764  0.0158983  0.0169681  0.0352326
308.402  39.3911  0.00690479  0.00938556  0.0444362
302.246  587.176  0.0310732  0.00163685  0.0125397
295.983  541.459  0.00267485  -0.00217802  0.0089743
300.123  240.127  0.00193812  0.00087656  0.00344439
307.884  402.44  0.00733423  -0.00124056  0.00870518
308.856  350.322  0.0203174  0.0053768  0.0344294
310.253  283.008  0.00222264  -0.00124908  0.0182866
311.973  70.3628  0.0254153  0.00313045  0.0282421
318.115  288.703  0.00601874  -0.00154766  0.0141061
312.904  302.384  0.0073385  0.000165812  0.00398249
309.099  493.916  0.0109093  -0.00730238  0.0139118
315.345  582.345  0.016683  0.000878146  0.00417415
326.844  443.779  0.00205758  0.00045006  0.0008126
326.332  207.706  0.029411  0.000450181  0.00538853
330.501  552.678  0.00316618  0.000679769  0.00508531
330.247  159.636  0.0112736  0.00797603  0.033835
329.755  477.337  0.00811411  -0.0125189  0.0350916
334.095  573.111  0.0102359  -0.00863081  0.0320849
322.166  483.647  0.00229675  -0.00473644  0.0186633
329.424  137.294  0.00232743  0.00266741  0.00934376
340.735  69.3526  0.00232197  0.00112411  0.00402947
327.465  427.822  0.00216984  -0.00034611  0.00241885
331.196  463.188  0.00842712  0.00222053  0.00720865
338.274  634.319  0.0296572  -0.00459275  0.0154666
337.849  25.1765  0.0138166  0.00531293  0.0435183
343.437  359.254  0.01342  -0.00409582  0.00872079
339.831  415  0.031312  -0.000576566  0.020903
347.498  592.691  0.00433898  0.00179167  0.0057341
345.483  216.768  0.00828583  0.00206771  0.0193533
351.765  625.827  0.00238613  -0.000489945  0.00543038
349.447  548.684  0.0108999  -0.00849823  0.0195437
366.622  106.223  0.00248126  -0.0022892  0.00888672
355.59  16.8718  0.0164353  0.00662083  0.0384655
355.852  50.9799  0.010582  0.0061303  0.0400374
365.316  24.4937  0.0167889  0.00285807  0.00341352
359.703  475.985  0.00355249  -0.000490382  0.00471431
371.693  16.0909  0.00369248  0.00560847  0.0629374
365.791  632.217  0.00149648  -0.00135616  0.00538953
368.336  538.457  0.00148983  -0.00056868  0.0107148
372.121  31.7687  0.0123734  0.00115657  0.00308479
374.25  237.851  0.0187411  0.00218246  0.00276955
381.964  98.5558  0.00156709  -5.48319e-06  0.00260994
376.517  178.517  0.020927  -0.000912027  0.0310445
378.902  323.008  0.0187434  -0.00359471  0.0340961
382.601  163.703  0.00957574  0.00392969  0.00571697
386.636  355.477  0.0191359  -0.00219981  0.0244299
385.446  390.135  0.0159039  -0.00596235  0.0265247
389.432  295.39  0.0203155  -0.00453117  0.0323247
394.65  235.649  0.0115056  -0.00360602  0.0156131
393.861  32.7309  0.00467409  -0.0009972  0.00532649
404.525  533.019  0.00241667  -0.00180195  0.0242296
402.602  129.031  0.00616068  -0.00330098  0.00509332
398.327  251.143  0.00764872  -0.00447032  0.00675387
399.828  96.0468  0.00351401  0.0017257  0.00354753
400.614  427.465  0.0228847  -0.00377517  0.030866
404.647  567.422  0.0138669  -0.0126462  0.0259295
407.119  233.875  0.02617  0.000244918  0.0126385
407.403  90.5023  0.014157  -0.00156641  0.0031169
411.168  52.8872  0.00774082  0.00173921  0.00233539
413.714  108.143  0.0094924  0.00635962  0.0232906
424.007  126.561  0.00280731  0.000172783  0.00313865
420.39  161.631  0.0239571  0.00749616  0.00390812
421.352  200.721  0.00930288  0.0061652  0.0157059
415.957  360.575  0.00589645  -0.00470756  0.0388939
428.337  151.137  0.00604636  0.00062384  0.00871156
428.655  92.1818  0.0368387  0.00776437  0.00314544
423.388  24.9615  0.0065173  -0.00424504  0.0121695
427.414  68.2632  0.0182343  -0.000893333  0.0288618
434.929  322.013  0.00449012  0.0033554  0.0205315
441.137  227.758  0.00728329  0.00577729  0.00916543
438.874  451.678  0.0164148  0.000705146  0.00304731
437.704  150.426  0.00690535  -0.00396245  0.00951662
439.549  447.973  0.00448465  0.00160866  0.0108574
439.378  83.6702  0.00151291  0.000892443  0.00232549
445.45  654.991  0.0166948  -0.01233  0.0313244
450.043  192.949  0.00722158  -0.000321987  0.00284882
455.477  241.883  0.00136934  -0.00101036  0.0118568
451.173  498.815  0.0038437  -0.000278179  0.00278452
441.47  43.4685  0.00707978  0.00281653  0.00350647
449.849  18.7344  0.0106869  0.011407  0.0316288
454.116  302.602  0.0255801  -0.00885894  0.00437328
456.735  255.685  0.0148337  -0.0104188  0.0251363
455.177  241.505  0.00942459  0.00497212  0.00657115
455.035  500.579  0.00461316  0.00029071  0.00328775
471.75  32.4556  0.00421454  0.000849386  0.00231839
463.011  217.766  0.026728  0.00255539  0.00762918
469.865  170.465  0.0022034  0.000738121  0.0452366
465.039  163.355  0.0165702  0.00278041  0.020222
459.333  569.055  0.00273302  -0.00229441  0.00867833
468.487  267.847  0.0350771  0.00291474  0.00701295
471.132  54.8542  0.0157538  0.000452368  0.0223741
474.012  536.047  0.0108212  -0.00564311  0.00735801
476.055  152.929  0.0022196  0.000357146  0.00143323
479.671  309.167  0.00249962  0.000123834  0.00129494
482.638  111.834  0.00365276  0.00202488  0.0031801
482.089  204.342  0.0221685  0.0019299  0.018176
480.514  297.667  0.0286887  0.0010742  0.0298246
486.828  603.402  0.00569685  0.00554203  0.00875284
475.998  25.6728  0.00427069  -0.00133738  0.0048129
488.685  377.262  0.012486  0.00429719  0.0205933
486.581  620.532  0.0207884  0.0089063  0.00766432
488.597  15.2016  0.0248314  0.000284941  0.0150962
488.948  70.261  0.00371483  3.51165e-06  0.00191943
489.465  649.949  0.00371914  -6.93928e-05  0.00260887
483.876  491.669  0.00871437  -0.0128205  0.0297295
485.027  264.411  0.00373224  0.00299549  0.0119017
488.462  359.257  0.00178699  0.00259924  0.0136629
496.602  581.226  0.0117604  -0.00312736  0.00237126
497.762  394.472  0.00470112  3.6963e-05  0.00158581
510.062  475.366  0.00848411  0.00226919  0.00316223
508.677  344.931  0.00461401  0.00204396  0.0042752
498.566  260.101  0.00107636  0.000142439  0.00633169
509.006  87.4091  0.0111119  -0.000150216  0.0279974
510.028  499.646  0.0144674  0.00596596  0.032537
510.892  607.566  0.0128821  -0.00519361  0.0236773
509.441  94.5475  0.00839502  0.00398123  0.0339819
506.211  471.345  0.00565797  0.000329738  0.00164102
521.442  661.306  0.00758836  -0.0066663  0.0125655
520.102  367.459  0.00760926  0.0067932  0.0276809
512.449  338.731  0.00438274  0.00639865  0.0425949
522.592  32.6769  0.0331165  -0.0106245  0.017463
527.185  504.432  0.0115089  -0.00798011  0.0329027
519.835  433.075  0.00341086  0.000155464  0.00164613
540.156  28.0299  0.00649919  0.00896335  0.0231662
528.401  591.239  0.00788944  0.00524647  0.00789855
525.246  592.639  0.00396339  -0.00020527  0.00183181
538.641  166.892  0.00446211  0.00185356  0.0303505
545.148  184.606  0.00304235  -6.82021e-05  0.0025392
553.717  188.661  0.00170271  -0.00122226  0.00264732
559.962  279.433  0.00759377  0.00043942  0.00445169
568.284  223.784  0.00420151  -0.00214489  0.00432502
559.631  51.2194  0.00226415  0.000347192  0.00203537
565.086  234.604  0.00266618  -0.00104136  0.00163523
561.989  449.109  0.0155967  -0.00221711  0.00333556
570.412  130.648  0.0245521  0.0030437  0.00881341
560.754  182.51  0.00641472  -0.00704787  0.0108021
580.116  354.886  0.0103749  -0.000676249  0.00196713
579.017  648.085  0.00489288  0.0015003  0.00232421
567.76  309.667  0.00462365  0.00457737  0.00650816
577.441  201.13  0.0166683  0.00614881  0.0221914
573.077  563.606  0.00425254  -0.00258488  0.0036307
579.891  483.348  0.00781983  -0.000894607  0.00142612
579.073  296.19  0.0304201  0.00303951  0.0137823
583.706  648.006  0.0120298  0.0120702  0.0278019
567.478  405.523  0.00284232  -0.00117353  0.00383371
584.218  474.749  0.0149455  0.00135887  0.00072647
573.312  526.79  0.0271627  0.0227173  0.0212784
586.073  234.346  0.012084  -0.0097921  0.0246418
584.013  533.757  0.0159637  0.000609763  0.00231419
580.182  624.9  0.00417713  -0.00248603  0.00362308
589.696  134.641  0.00745994  0.000233104  0.00213088
599.597  100.971  0.0123792  0.00191919  0.0297996
597.052  47.5  0.00313665  0.00686781  0.036638
607.318  377.231  0.00303908  -0.00023019  0.00237692
607.748  52.8374  0.0213513  -0.000574855  0.0224158
608.498  150.471  0.00411781  -0.00658705  0.0364909
607.361  198.434  0.0170964  0.00145394  0.0360917
614.411  28.8211  0.010969  0.00162429  0.0161166
611.487  521.608  0.0129917  0.00569109  0.00866202
616.919  441.782  0.0283337  -0.00120162  0.0181044
620.18  243.609  0.00960289  0.00415495  0.00934201
619.457  92.1143  0.0252761  0.000296944  0.0111423
624.536  292.158  0.02199  -0.000883921  0.00856226
624.637  263.836  0.0352204  -0.00513933  0.00848131
629.646  48.6458  0.0324809  0.00123091  0.0324809
615.994  414.301  0.00322829  -0.00125177  0.00200356
618.538  25.8704  0.00218505  0.000491447  0.00503827
638.184  608.693  0.00442766  -0.00292375  0.017678
641.401  116.793  0.0164213  0.00577686  0.00688225
647.039  419.798  0.00195408  0.00060751  0.00166554
644.556  233.039  0.00778254  -0.00207086  0.0180491
644.731  332.583  0.00123237  0.000190241  0.00204223
645.077  36.5299  0.0228395  0.00801736  0.0286274
654.148  21.2412  0.00683126  0.000861057  0.00456346
638.335  168.888  0.00219111  -0.000301166  0.00156786
648.223  255.176  0.0110975  0.00686256  0.0364335
652.11  110.125  0.0235168  0.0120058  0.00905574
661.438  500.276  0.00607317  -0.00871012  0.0317511
663.49  549.649  0.00404806  -0.00589986  0.0196246
656.066  632.492  0.00175241  0.00022679  0.00208352
672.989  529.698  0.00189844  0.000105212  0.00160286
659.408  633.391  0.00154434  4.68546e-05  0.00136494
667.59  394.293  0.00730557  0.00331847  0.0178164
665.681  221.525  0.0133974  0.000254938  0.0117105
671.953  346.542  0.00551012  0.00149671  0.0327305
667.868  169.057  0.00225771  -0.000288731  0.00144925
670.319  200.733  0.0283941  -0.0111665  0.0162903
672.468  446.117  0.0248528  0.00810221  0.0278348
674.35  502.461  0.00640035  -0.00671551  0.0444611
672.203  168.05  0.00164719  0.000437615  0.00112315
675.209  271.365  0.0122318  0.000963973  0.0135708
675.333  455.018  0.0106654  -0.0026466  0.0251
675.458  660.558  0.0192601  -0.00301241  0.0285192
675.353  606.574  0.0171233  -0.00989267  0.0139326
676.783  27.7044  0.0282124  -0.0119594  0.00979571
678.923  301.556  0.0085842  9.69492e-05  0.0323093
693.574  326.316  0.00318991  -0.00102553  0.001685
688.657  538.242  0.0227102  -0.00175896  0.00443022
697.081  530.474  0.00435755  0.000490936  0.00163547
702.167  365.973  0.00377517  0.000509256  0.002551
703.902  57.2366  0.00159952  0.000322763  0.00142716
703.083  287.187  0.0254537  -0.0124116  0.00971441
702.596  392.808  0.0331619  0.00216192  0.0302009
707.241  430.29  0.00269688  -0.000895866  0.00123513
716.54  191.885  0.0113523  0.00659364  0.03796
727.023  76.9191  0.00559964  0.00456002  0.0170586
721.951  133.753  0.00344449  0.00577873  0.0424848
720.286  268.406  0.022168  0.00220492  0.00134227
732.479  297.014  0.00740415  -0.00165492  0.0132485
738.329  14.3071  0.00360239  0.00323666  0.0807217
722.725  542.103  0.0063367  -0.00118682  0.00185678
733.389  241.639  0.0129064  0.00516828  0.0347013
739.706  357.345  0.00286248  0.000254673  0.0184634
740.292  257.079  0.0133211  0.00272696  0.00549938
732.501  403.837  0.00311008  -0.0013412  0.00835773
742.139  209.92  0.00427219  6.5508e-05  0.00339213
746.344  330.245  0.00864774  -0.000332376  0.0013416
737.048  74.138  0.00152303  0.00220862  0.014735
752.557  591.234  0.0140036  -0.00942203  0.0290063
752.262  105.177  0.0147971  -0.00984061  0.00809446
759.377  509.694  0.00279691  0.00292228  0.0284723
762.894  155.347  0.0174413  -0.00969548  0.00931595
766.757  300.45  0.00940147  -0.00643245  0.0358412
754.608  279.242  0.00211322  -0.000279248  0.0014624
765.262  467.582  0.00176432  -0.00156018  0.0284729
773.722  10.0309  0.0151262  0.00878368  0.0520143
778.042  488.344  0.0277041  -0.00289765  0.00708069
777.542  584.579  0.0117916  -0.012555  0.029381
780.067  290.903  0.00598122  0.00408057  0.0167612
788.543  365.238  0.0287211  -0.000290854  0.028197
792.457  537.425  0.00859988  -0.015395  0.0411177
786.728  248.639  0.0101702  -0.0143686  0.0369605
794.985  475.985  0.0193068  0.00241021  0.0251135
807.624  533.836  0.00289923  -0.00554063  0.0290401
797.526  403.851  0.0176646  -0.00431012  0.0107815
799.034  38.8414  0.031418  -0.0138492  0.0158197
799.526  465.294  0.0259577  -0.000700092  0.00596202
802.803  155.046  0.00310139  0.000869247  0.00125727
809.414  299.401  0.012727  -0.00339001  0.024247
812.705  357.55  0.0244179  -0.00875565  0.0238668
811.279  533.971  0.0155098  -0.00551513  0.0267808
807.146  592.131  0.0127253  -0.0202232  0.0366524
814.881  404.769  0.0199905  -0.00907097  0.0248742
823.614  655.724  0.00276522  -0.00375726  0.0146453
816.365  53.3446  0.0127151  0.00753245  0.0342187
809.143  95.0543  0.039286  0.0228975  0.0151848
816.576  179.083  0.00397791  -0.00628443  0.0415701
827.866  98.1885  0.0133467  -0.0058504  0.00531288
820.473  521.38  0.00248551  -0.00028257  0.00171749
818.173  330.146  0.00177953  0.000157905  0.0011456
827.646  53.6458  0.0324809  0.00123091  0.0324809
825.781  424.292  0.0121965  -0.0101555  0.0206062
829.685  285.121  0.0387351  0.00126466  0.0136666
841.802  608.726  0.00114959  0.000896648  0.0335364
829.071  658.364  0.0047154  -0.0128924  0.0580018
837.39  237.927  0.016859  -0.00161119  0.0302909
839.949  397.333  0.0205523  -0.00813959  0.0107396
839.58  71.1549  0.00330057  -0.000442774  0.00487458
854.809  567.689  0.00343584  -0.000267339  0.00147711
847.071  308.527  0.0328221  -0.00533058  0.0211862
846.321  231.193  0.00981459  0.00312134  0.0221554
849.351  423.535  0.00398215  0.0036402  0.0100519
852.947  286.257  0.0115283  -8.77234e-05  0.00360006
856.006  104.903  0.0148457  0.00937371  0.0295449
861.147  417.326  0.0355574  -0.00243606  0.0280136
867.918  121.784  0.0248332  -0.00291347  0.0311764
867.906  298.774  0.0235584  0.00400628  0.0323584
866.745  512.574  0.0343578  0.00805998  0.0268118
16.1704  60.1177  0.0235122  0.000512635  0.0167414
20.2842  395.158  0.0133284  0.00102184  0.0105527
22.8589  104.672  0.00639704  0.00498618  0.0168526
18.8865  445.813  0.0157931  0.00112341  0.00880848
31.3874  331.703  0.00351172  -0.0019951  0.0118039
25.8118  616.755  0.0105147  -0.000524474  0.00790465
24.8592  77.9155  0.015556  -0.000409293  0.0143032
26.9225  249.916  0.00276261  -0.00298325  0.0163267
36.2827  312.79  0.00207864  0.00124054  0.00466321
58.1138  234.368  0.001222  0.000921306  0.00434877
34.8932  296.738  0.00656864  -0.00027383  0.0103276
39.8339  551.275  0.00728325  -0.00763728  0.0145461
48.8416  590.063  0.000893275  7.97176e-05  0.00100499
57.701  353.875  0.000671153  0.000195733  0.00672424
52.0663  547.688  0.00664097  0.00626477  0.00865528
42.1115  34.584  0.00943576  -0.00423597  0.0169077
65.3588  543.875  0.000813467  -0.00111149  0.00780675
80.7337  164.223  0.00119024  -0.000789791  0.00320959
80.4266  396.362  0.0114548  -0.00500708  0.00783128
82.5998  61.473  0.0163736  0.000620499  0.0163736
85.4167  561.473  0.0163736  0.000620499  0.0163736
89.4605  526.271  0.0119255  -0.000244193  0.0131331
102.02  118.871  0.00152906  0.00103965  0.00393529
96.9565  95.9927  0.00169383  -0.000116986  0.00561491
101.945  132.956  0.00151687  -0.000344804  0.000888675
96.8352  20.7874  0.00733869  0.00106265  0.0116336
93.6531  276.068  0.0105483  0.00406776  0.00392325
74.9413  621.463  0.000803719  -0.000166201  0.00213803
95.4812  61.0664  0.00232064  -0.0021008  0.0211743
111.168  386.757  0.00808453  -0.00492149  0.012613
110.782  638.287  0.0157407  0.000712266  0.0202966
105.536  175.51  0.00237133  0.00181466  0.00831956
117.905  29.5924  0.0110105  0.00579147  0.0247036
123.572  395.851  0.0168412  -0.000224734  0.0118751
127.898  484.339  0.0171842  0.00254068  0.0112653
125.929  50.2552  0.00359571  0.00524799  0.0155291
132.81  386.99  0.0136207  -0.000998668  0.00742373
132.951  592.411  0.0129218  -0.000346626  0.00617448
142.302  104.714  0.0106287  0.000793129  0.00759356
144.596  157.552  0.0075696  0.00329018  0.00611099
132.867  250.62  0.00256  -0.00126821  0.00317164
145.689  389.149  0.00999052  -0.00413163  0.0149168
149.422  425.121  0.010244  -0.000643853  0.0104494
152.066  167.077  0.00654353  0.00348858  0.0165994
158.557  478.711  0.00741523  0.00122839  0.0145133
153.117  639.722  0.00223795  0.000436896  0.00321936
166.62  31.3803  0.00471642  0.00493885  0.0221985
166.01  329.79  0.00272775  -0.000825533  0.00135092
173.962  375.974  0.0197407  0.00394508  0.00501626
177.604  570.968  0.0110711  -0.000104517  0.00821109
178.24  103.309  0.0102897  -0.000306977  0.00480346
175.364  359.847  0.00446274  -0.00253605  0.0170375
193.469  65.3372  0.00182137  0.00018189  0.00869172
184.387  281.053  0.00566933  -0.00144911  0.00384236
193.316  642.444  0.00307623  0.000971331  0.0151983
195.951  213.66  0.00532059  0.00127897  0.00983903
193.652  238.2  0.00289665  0.00204047  0.00426416
189.859  296.828  0.00724253  -0.00314112  0.00621689
198.732  525.189  0.00632162  0.00189148  0.00324542
202.413  321.534  0.00474644  -0.00140485  0.00423949
195.955  602.437  0.0118515  -0.0028256  0.0038983
199.667  105.925  0.00661668  -0.000820986  0.00243916
201.42  401.101  0.0154861  -0.0031507  0.00996565
206.39  34.1637  0.0103043  0.00400314  0.0128252
213.617  117.066  0.00631572  0.00149356  0.00650561
231.969  405.331  0.00112088  -0.00120858  0.00304873
224.718  77.3099  0.000760613  0.000318093  0.00680378
231.219  460.945  0.0130129  0.0037665  0.00887798
231.979  133.902  0.00416996  -0.000816006  0.00413518
237.883  16.022  0.00957383  0.00334617  0.00496527
231.258  220.276  0.00499472  -0.00125113  0.0106964
236.78  47.9674  0.0127213  -0.00322627  0.00264525
239.607  108.001  0.0133616  0.00218743  0.0133273
243.201  300.437  0.00957339  0.00122762  0.0167166
247.456  372.859  0.00899569  -0.000520006  0.0184875
248.79  190.087  0.00835084  0.00235441  0.00461407
252.924  248.852  0.0155254  -0.00240011  0.00529434
259.415  24.4336  0.0109564  0.00290373  0.0249814
263.472  372.739  0.0125907  -0.000832927  0.0167336
267.056  386.131  0.00229036  0.00173441  0.00633657
274.318  90.7009  0.00775646  0.000894924  0.00847243
264.342  477.525  0.00777193  0.00126609  0.000777341
273.462  513.121  0.0123495  0.000773688  0.0148806
284.043  604.831  0.00958095  0.00250775  0.00192249
278.469  357.819  0.0149624  -0.0038348  0.0057514
278.672  146.179  0.00584588  -0.000440119  0.00119927
287.228  180.314  0.0104699  -0.000271814  0.00558295
287.133  62.7876  0.0126889  -0.0010827  0.00303221
299.274  89.4515  0.00208155  -0.00152711  0.00474783
287.892  348.074  0.00869487  -0.00042159  0.00663062
292.81  458.09  0.00740124  0.0014352  0.00960648
299.419  375.563  0.01587  0.000643747  0.0165438
302.267  251.799  0.00402189  1.49002e-05  0.000776534
303.295  543.133  0.0138128  -0.00367028  0.00519938
304.468  236.987  0.00183534  0.000571345  0.00666795
320.329  561.184  0.00328142  0.000507747  0.00119402
328.929  476.563  0.0045517  -0.00407446  0.0191716
338.986  105.873  0.00225457  0.00145792  0.00336891
329.001  461.372  0.00746375  -0.000558596  0.00501608
343.282  63.3918  0.00213299  -0.000160803  0.000932754
335.056  573.765  0.0106613  -0.00294695  0.016881
328.452  323.58  0.000946824  0.00112135  0.0123849
337.643  633.254  0.0161619  -0.000196302  0.0163897
339.014  24.6127  0.0154003  0.00111196  0.0246735
333.381  198.821  0.0032928  -0.000662515  0.00869496
343.743  122.085  0.00838991  -5.32955e-05  0.0186473
349.081  628.676  0.00878696  0.00018955  0.00910187
361  239.93  0.00732775  -0.00119033  0.00782777
365.087  46.9499  0.00723478  -0.00267957  0.0026364
360.64  95.274  0.0062311  0.000615379  0.0014681
356.109  471.47  0.00338575  -0.00200491  0.00312058
357.271  57.1299  0.00154241  0.00280427  0.0102026
378.48  215.703  0.00470855  -0.00126245  0.000848909
380.922  166.149  0.0099247  0.00180433  0.00682913
378.779  492.615  0.00709955  0.000776988  0.0198717
382.569  26.7706  0.022583  0.00438608  0.00423332
393.076  112.898  0.00202688  0.00294768  0.0213639
385.254  389.609  0.0153978  0.000318458  0.0166283
387.226  355.822  0.0141915  0.000658022  0.0171056
388.028  123.234  0.00334324  0.0018943  0.00732107
392.391  659.928  0.0165335  -0.00402281  0.020917
399.458  190.216  0.00617046  -0.00116177  0.0102837
409.495  525.112  0.00348698  0.00146011  0.00432585
399.093  333.755  0.0123952  -0.00298295  0.0139029
398.051  277.766  0.00663135  0.00319936  0.0114696
401.741  564.911  0.0101064  -0.00869892  0.0141821
414.546  87.7523  0.00292495  0.00199421  0.00333785
408.353  57.5569  0.0158213  -0.000229769  0.00186525
415.179  109.212  0.00579577  -0.000524369  0.0161437
417.773  183.982  0.00948835  0.00153714  0.0150414
419.966  361.42  0.00683408  0.000251264  0.0204203
410.717  160.642  0.00392307  0.00446902  0.00732227
426.439  658.287  0.0077562  0.00115144  0.00368642
427.67  68.5153  0.0163736  0.000620499  0.0163736
447.856  109.66  0.00345575  0.00145393  0.00502599
438.374  161.682  0.00817476  0.000899899  0.00213352
448.854  346.695  0.006883  -0.000743675  0.00305267
444.613  653.082  0.0158033  0.000746778  0.025808
447.458  19.7527  0.015025  0.00412359  0.0243048
452.729  186.615  0.00659094  0.00263234  0.00283853
456.979  534.723  0.00115784  0.000628435  0.00314108
459.689  332.297  0.0162073  -0.0028893  0.00737633
466.803  163.275  0.0103667  -0.00231782  0.0167765
466.21  67.5931  0.0135503  0.00375878  0.0147332
472.504  465.557  0.00490394  -0.00211802  0.00291252
470.517  54.3337  0.0136488  0.000967038  0.0155356
472.975  539.794  0.0103437  -0.00257612  0.00387997
464.5  92.1682  0.00354039  -0.00111632  0.000829985
472.962  592.72  0.0178764  -0.00104303  0.0065355
482.567  204.973  0.0166283  0.000318458  0.0153978
485.916  634.099  0.012811  -0.0018107  0.0178919
485.137  617.027  0.0119893  0.00960751  0.0119164
486.004  76.0639  0.00173249  0.000973261  0.00230389
481.369  28.9179  0.00106088  -0.00027239  0.00415966
502.55  559.859  0.00541962  -0.00449993  0.0177257
507.376  86.8509  0.0069055  0.0023033  0.0201176
509.732  95.2037  0.0111367  0.000680528  0.0174675
507.151  473.818  0.00521113  0.00116267  0.00371905
519.855  659.723  0.0060376  -0.00479302  0.0177587
520.722  460.985  0.0015588  -0.000404049  0.00198004
521.329  66.2788  0.00683666  0.00310349  0.00272277
526.896  289.397  0.00829589  0.00283813  0.0183748
542.777  19.9348  0.00164698  0.000177792  0.0031603
522.368  590.803  0.00271915  0.000268052  0.00345294
537.801  424.116  0.0178197  0.000864248  0.00527794
545.189  629.992  0.00891572  -0.00599269  0.00626476
571.856  658.274  0.00110315  0.000430357  0.00370324
550.735  207.032  0.00722247  0.00120468  0.0156622
552.768  145.198  0.00350668  0.0028341  0.0039931
572.109  96.6856  0.0211018  -0.000406528  0.0022393
572.088  302.933  0.00335066  -0.000633679  0.00489409
568.675  394.639  0.00524256  0.00150106  0.00136862
581.315  491.04  0.00672543  0.000755157  0.00294375
595.417  20.1658  0.0022725  0.00251686  0.0102628
568.291  401.456  0.00291671  -0.000761135  0.0018842
569.94  222.824  0.00674605  -0.00685637  0.00985914
585.632  461.591  0.0149672  0.00153577  0.000605612
583.265  256.459  0.0105913  0.00331641  0.00240361
578.794  597.244  0.00379502  -0.000168466  0.000366692
585.121  624.357  0.0173785  -0.00205337  0.00308984
596.738  588.169  0.0164835  0.000274419  0.0166144
609.638  540.624  0.00736208  0.00247463  0.0123486
600.682  45.6473  0.00132677  0.00140115  0.0317981
613.335  30.8361  0.0077222  1.97534e-05  0.0114244
607.069  615.32  0.0138384  -0.00438003  0.00241952
615.821  587.069  0.0132946  -0.00419447  0.0122558
619.236  90.3886  0.015254  -0.000113676  0.0135081
631.35  126.225  0.00105921  -0.000320179  0.0010745
620.17  294.24  0.00772325  0.00594811  0.0167571
630.337  390.051  0.0104552  -0.00462139  0.0125174
639.324  449.171  0.0135641  -0.00371038  0.013948
629.754  20.7396  0.000633882  0.000134926  0.0086572
652.909  253.502  0.00632913  0.00533381  0.0202757
661.684  145.057  0.00120137  -0.00109646  0.0266112
654.113  546  0.0146428  0.000696981  0.0168267
656.878  498.92  0.00933986  -0.000688311  0.0159118
667.079  660.468  0.00282296  -0.00481046  0.0158452
649.051  534.015  0.00827343  0.00548142  0.00649289
653.262  75.1489  0.00112555  0.00081418  0.00241251
659.541  390.982  0.00128646  -0.0029416  0.0156102
671.359  346.981  0.00398115  -7.77934e-05  0.0134394
671.655  512.089  0.0089398  -0.00131725  0.0154827
664.317  198.664  0.00578481  -0.00701102  0.0176004
686.236  293.927  0.000859988  -9.6027e-05  0.0278825
674.406  139.017  0.00808098  -0.0020873  0.00598989
669.061  264.298  0.00744885  -0.00498662  0.00803654
675.319  660.614  0.0171236  0.00160837  0.0198684
678.516  30.6496  0.00964188  -0.00228636  0.011858
676.312  455.267  0.00870843  -0.00114357  0.0177577
672.488  605.401  0.00812487  -0.00657881  0.0140146
681.349  403.454  0.00595502  -0.0029029  0.0125502
682.901  551.468  0.0170225  0.000430864  0.0118338
706.74  538.66  0.000926006  -0.000733718  0.00461504
693.975  662.347  0.0144781  -0.00687243  0.0222418
706.492  376.261  0.003018  -0.0017172  0.00210321
713.818  103.713  0.000819215  0.000482891  0.00206463
696.045  430.021  0.00392165  0.00107979  0.00118624
701.614  172.769  0.00429566  -0.000162613  0.00244365
718.283  134.844  0.00234457  0.00280269  0.0214173
691.433  255.787  0.00112183  -0.00181664  0.0106199
713.998  281.491  0.00169703  -0.000622133  0.00280443
731.99  516.458  0.000622599  -0.000261839  0.0208692
714.744  534.899  0.000589046  0.000193149  0.00156076
715.253  341.743  0.000915323  -0.00258032  0.0112462
727.19  52.178  0.0201517  0.00104374  0.00443207
707.361  131.289  0.000840447  -0.00128312  0.0194432
736.423  285.474  0.00876216  -0.001925  0.0107175
728.465  449.205  0.00629205  0.00252394  0.00587396
733.304  492.459  0.0163736  0.000620499  0.0163736
740.205  210.978  0.00207211  -0.00111977  0.00187541
743.286  634.272  0.0147765  -7.38827e-05  0.0189041
769.534  465.972  0.00110786  -0.0013964  0.0242876
752.289  588.501  0.015852  -0.00481762  0.00720476
768.468  242.897  0.00207012  -0.0034484  0.0228268
765.338  550.64  0.00394831  9.04562e-05  0.000510315
749.097  62.3086  0.00313208  -0.00434408  0.0138728
762.992  508.269  0.0105607  -0.00135794  0.0163987
780.956  641.777  0.00171576  -0.00426894  0.014962
770.236  35.8285  0.000457336  -0.000137092  0.000885116
758.336  397.303  0.00317572  -0.00422912  0.00965623
778.866  106.043  0.00530308  0.00149038  0.00162037
786.319  585.427  0.00315358  -0.0013581  0.0187439
779.02  292.009  0.00148237  -0.00221259  0.0115334
790.399  327.509  0.00636914  0.00343568  0.00292365
795.233  218.009  0.00377089  -0.0030014  0.0035997
782.519  148.676  0.000718566  0.000135181  0.0010098
790.698  497.858  0.0131646  -0.00258076  0.00748594
796.924  75.935  0.00836454  0.00207209  0.00172998
791.635  529.277  0.00193828  -0.00334762  0.0242139
806.409  384.031  0.00503986  0.00130755  0.00310163
790.023  274.232  0.000558689  0.000122846  0.000967327
821.434  157.78  0.000512318  0.000182403  0.00137984
804.696  216.733  0.00193439  -7.83846e-06  0.00089818
810.054  303.271  0.0144904  0.0024891  0.00714606
818.255  534.034  0.000721657  -0.0025164  0.0159922
836.788  562.949  0.000656553  -6.03003e-05  0.00564357
814.002  405.319  0.0145758  -0.00113145  0.0154338
829.993  94.519  0.000895392  -0.000102471  0.000615508
816.42  178.873  0.00433016  -0.00221088  0.0202749
833.993  332.093  0.00112482  -0.000339235  0.00101164
820.116  636.254  0.00900047  -0.000304088  0.00725722
816.618  333.552  0.00230405  -0.000521606  0.00123928
824.747  420.842  0.0102962  -0.00223401  0.00848922
824.042  211.495  0.000616408  -0.000181028  0.00114339
830.237  658.05  0.00334436  -0.00691016  0.0367345
840.268  397.436  0.0171961  -0.00825606  0.00924255
831.206  34.8756  0.000928696  -0.00019859  0.000959699
845.623  50.1746  0.00234429  0.000280968  0.0226244
851.602  606.624  0.0152662  0.000820149  0.0182769
849.711  266.936  0.00853688  -0.00118126  0.000875091
851.039  286.206  0.0191234  0.00135856  0.00392838
833.064  179.469  0.000849443  -0.00188675  0.0285179
22.9261  453.17  0.00941976  -0.00212411  0.00242078
36.851  293.914  0.00588382  -0.000688978  0.00775328
92.664  66.353  0.0013976  -6.28008e-06  0.0039869
95.4161  21.3971  0.00284335  -0.000363718  0.010716
118.774  123.787  0.000287307  -0.000332174  0.00495973
175.471  31.5259  0.00099797  0.00103595  0.0180759
178.332  443.552  0.00445902  -0.00161247  0.00435659
205.008  138.507  0.000321343  4.41603e-05  0.00362128
206.202  580.988  0.00748283  0.0027176  0.00131763
203.53  80.96  0.00201605  0.000117879  0.000473505
211.102  192.422  0.00503685  0.00142365  0.00474531
221.902  64.973  0.000312559  -0.00026732  0.00220323
240.386  21.0949  0.00426281  0.00147898  0.00880607
252.949  250.247  0.00819247  -0.00131018  0.00426359
278.345  64.1166  0.00171419  0.000361745  0.00300892
289.485  174.99  0.00333501  0.000946863  0.00204999
286.527  539.1  0.00572604  0.000573635  0.0042685
326.405  314.826  0.00271  -0.00239263  0.00344934
332.305  460.96  0.00359582  2.13508e-05  0.00500972
353.858  438.603  0.00501565  -0.000587688  0.0025651
348.376  236.31  0.00140358  -0.000582203  0.0049005
380.126  168.242  0.00666976  -0.00121202  0.00370426
422.009  130.597  0.00155548  -0.00057018  0.00374474
461.173  515.291  0.00186776  -0.00176617  0.00769595
472.114  476.449  0.00425584  -0.000107949  0.000608402
472.974  531.836  0.00561172  -0.000819193  0.00630608
485.371  82.7078  0.00157333  0.000563149  0.000718605
505.475  67.4735  0.000750572  0.000182128  0.00154422
544.987  425.177  0.0025305  -0.000497298  0.0052211
572.403  338.502  0.000739933  0.00016656  0.000277026
558.467  480.787  0.000716336  9.2025e-05  0.00035028
582.708  599.516  0.0103843  -0.00103155  0.000460812
643.137  233.142  0.00595649  -0.000259377  0.00777974
670.886  262.287  0.00548187  -0.000261583  0.00120012
669.328  140.508  0.00154056  -9.63261e-05  0.00614297
670.717  285.382  0.000602479  0.000618249  0.00323938
677.427  371.25  0.000328843  2.08022e-06  0.000564257
716.119  80.048  0.00193241  0.00243832  0.00749314
730.693  297.024  0.00621747  -0.000458087  0.0079938
773.526  63.4125  0.000640369  0.000109993  0.000341025
789.431  217.073  0.00191827  -0.00197637  0.00343541
783.438  284.166  0.00133829  0.000260821  0.000310473
792.287  495.32  0.00277001  0.00132324  0.00410049
818.528  634.401  0.00596205  -0.00177258  0.0053397
43.4214  35.3142  0.00563275  -0.000188382  0.0066046
69.6854  171.864  0.00307648  0.000301145  0.000444619
180.177  28.6908  0.00117199  0.00147123  0.00627387
187.394  255.379  0.000334049  0.000116296  0.000591928
199.528  383.769  0.000220467  -0.00012137  0.000553909
258.778  247.363  0.00175967  0.000782558  0.00276937
273.669  387.656  0.00110222  0.000457605  0.0033361
284.011  210.762  0.000216801  -0.000431723  0.00202018
327.852  133.145  0.00204877  0.000116911  0.00088625
352.017  235.527  0.000911702  0.000301486  0.00207205
371.406  170.253  0.00141897  -8.88885e-05  0.00201078
425.465  545.252  0.00048739  -0.000355659  0.000749313
421.033  92.9905  0.000319601  0.00019434  0.00082178
562.36  145.539  0.00151664  0.000294039  0.00152103
554.395  307.985  0.000660675  -0.000172599  0.000727167
570.334  406.756  0.00286033  -0.000890367  0.00108014
576.394  567.116  0.00350276  -0.00122384  0.00249533
558.921  473.924  0.000729213  -0.000115971  0.00079513
646.283  232.747  0.00316705  0.000707705  0.00419363
719.918  103.924  0.000770717  0.000282666  0.00126713
805.127  103.128  0.000275123  -0.00015215  0.00148172
787.364  492.233  0.00218622  -0.000480208  0.0017527
812.681  117.539  0.0012875  0.000368429  0.000276441
829.38  331.028  0.000620356  1.62906e-05  0.000919891
