1.0
676
12.6897  213.047  0.0111033  -0.000958528  0.0103765
11.6429  263.068  0.0232068  0.00382896  0.00456799
12.2955  497.733  0.0274183  -0.00291202  0.0111295
15.9231  390.256  0.0240457  -0.00762657  0.0231591
17.0116  306.78  0.0292291  -0.00831957  0.00960331
11.0399  443.744  0.0172775  -0.00344875  0.00206727
19.693  481.891  0.0148397  -0.00330548  0.00527345
23.5702  52.9825  0.0118399  -0.00122557  0.00864968
17.4488  68.9247  0.00436527  0.003253  0.017148
24.1271  433.002  0.0138326  0.00383432  0.00294073
28.075  446.071  0.00611212  -0.00119474  0.00234711
37.7122  278.795  0.00424714  -0.000934367  0.00340841
40.1646  432.465  0.00384732  -0.000663452  0.0105446
32.6147  438.624  0.0247082  -0.00531876  0.0319854
41.2558  116.212  0.00525924  0.0012278  0.0016456
39.0441  481.386  0.00497962  0.00147841  0.00705528
30.3629  66.0914  0.00190817  0.00284277  0.0098045
41.5762  107.833  0.00601542  0.00167654  0.00226064
39.5951  69.1166  0.0141614  0.00152576  0.0200931
43.56  429.605  0.00557647  0.0026846  0.00450902
48.9314  22.0185  0.00250035  -0.00253764  0.0169036
54.6931  351.729  0.0175158  -0.0156159  0.0159021
48.2945  264.573  0.002486  0.000732352  0.00298275
55.4381  327.534  0.00646107  0.00277967  0.00563268
62.8258  141.286  0.00414816  -0.00103715  0.00152594
52.1023  36.2529  0.00888671  0.00311966  0.00393619
62.5305  396.854  0.0110727  0.00115484  0.0019318
52.8129  63.2561  0.00666002  -0.00921941  0.0178843
67.9494  196.964  0.00687265  0.00234845  0.00973716
63.56  369.103  0.00665819  0.00373311  0.00646951
67.3654  47.8253  0.00568935  -0.00807885  0.0145399
64.5644  351.446  0.0313527  0.0013103  0.0298676
62.6044  247.956  0.00846781  -0.000409401  0.00247101
66.56  120.43  0.0327921  -0.000573903  0.0293352
70.8743  436.157  0.012468  0.00349859  0.0158327
68.4174  19.9043  0.0193929  0.00551712  0.0287963
71.7345  416.624  0.00266692  0.00398582  0.0153097
76.2419  97.6237  0.00903416  0.00366464  0.0213613
77.9375  244.3  0.0332635  0.00682095  0.00994278
77.5784  268.683  0.00591352  0.000676327  0.0139455
90.2901  46.8212  0.00229769  -0.0012824  0.00711657
92.7638  299.912  0.00825501  0.000424895  0.00230989
87.1038  162.995  0.00994135  -0.0036426  0.0185035
91  241.657  0.0251209  0.00452481  0.0330221
90.0984  424.992  0.0215676  0.000513024  0.0260141
88.1088  299.69  0.00789018  -0.000412871  0.00954377
90.2392  129.809  0.0234135  -0.0102077  0.0122554
95.7418  348.933  0.00365513  -0.000195567  0.00302862
100.702  364.658  0.0273995  0.00489738  0.0113565
102.927  191.761  0.0277376  -0.00656894  0.0274637
116.438  272.949  0.00279836  -0.000648984  0.00253214
117.383  72.0887  0.00762904  -0.00559139  0.00694081
98.7404  403.203  0.0033986  0.00154254  0.00419153
120.7  72.8516  0.00291847  -0.00212818  0.00688378
104.733  309.93  0.0122222  -0.00473953  0.0118862
119.856  138.847  0.00308698  0.00382656  0.00923254
103.616  328.088  0.00552656  0.00779102  0.0142901
119.723  155.324  0.00964224  0.00405644  0.00449748
118.82  58.9775  0.0330449  -0.0112365  0.0108156
119.697  150.818  0.0330481  1.79961e-05  0.0296504
124.462  382.222  0.00886093  -0.0102145  0.0234522
124.653  278.905  0.0109836  0.000820887  0.00335694
120.978  244.529  0.00895447  -0.00482889  0.00402404
122.864  53.6917  0.015204  0.00271857  0.00318132
137.109  387.717  0.0293622  0.0196581  0.0222449
147.445  376.654  0.0052269  -0.000263765  0.00185866
138.225  425.867  0.0128083  0.00778449  0.00879886
136.498  143.864  0.00137549  0.00174939  0.0222844
136.602  267.801  0.0121587  0.00786747  0.0267743
142.302  350.29  0.0180004  -0.000149232  0.00380527
150.804  224.777  0.00184283  0.000415913  0.000933571
150.258  217.782  0.00280353  -0.000616578  0.00111777
150.439  15.2807  0.0327035  -0.00628437  0.0191658
145.797  294.262  0.0296068  -0.00559285  0.00265248
151.671  136.47  0.0193477  -0.00572843  0.0156757
148.429  81.1334  0.00577726  8.00233e-05  0.00264838
163.082  440.945  0.0024616  0.000509396  0.00135258
164.564  220.822  0.00616219  0.000647892  0.00823471
157.937  186.404  0.0075207  0.00587231  0.0138195
163.488  113.584  0.0138574  8.4783e-05  0.00151402
168.649  28.6892  0.013551  0.00545209  0.0302728
166.838  129.077  0.0135951  -0.00882388  0.0141008
173.419  430.552  0.0028393  -0.00268606  0.00512277
174.988  387.633  0.016846  0.0137932  0.0159855
175.09  41.6562  0.0188356  0.00264682  0.00641552
177.067  187.388  0.00733379  0.00274652  0.0245455
180.629  28.5364  0.00930558  0.00346813  0.00292987
181.032  196.005  0.0202693  -0.00357004  0.00764816
182.949  265.04  0.00548983  -0.0049331  0.00561534
175.572  465.024  0.00307039  0.00216866  0.00625808
201.732  445.588  0.00461031  0.00299804  0.00772377
194.439  357.755  0.0043163  -0.00213663  0.0292087
192.885  368.759  0.0104224  -0.00132214  0.00872162
193.935  490.468  0.0198566  0.029384  0.0485892
192.252  24.1417  0.0191183  0.0134106  0.03347
189.671  478.585  0.00527414  0.00385038  0.0129486
181.714  84.9988  0.00147175  -0.0012464  0.00616027
208.473  98.5172  0.0125905  0.00610758  0.00698265
200.198  443.619  0.0102288  0.00379459  0.00417882
214.346  225.209  0.00352407  0.0023282  0.0268986
218.884  479.69  0.0064262  0.0012126  0.0117843
217.704  401.612  0.00563216  -0.000692615  0.00586614
225.249  368.735  0.00181619  -0.00327205  0.0251079
225.154  258.966  0.00431577  -0.000604098  0.00676014
231.813  160.81  0.00331907  -0.0021409  0.00604432
221.515  315.796  0.00765504  0.00116413  0.0167441
225.498  291.928  0.0150454  0.00996178  0.0131215
238.155  19.7173  0.00387669  0.00184278  0.00851778
232.632  349.037  0.0130172  0.0113016  0.0115954
234.69  249.858  0.0148529  -0.00406436  0.00887344
227.269  384.706  0.00325331  0.0036323  0.00862756
241.612  39.9502  0.00519234  0.00499227  0.00887113
234.842  143.429  0.00523765  0.00137601  0.010773
234.472  133.48  0.0203762  0.00176996  0.00537984
226.381  450.435  0.00445655  -0.00233275  0.00293819
241.891  103.153  0.00552564  0.00342923  0.00445737
237.094  260.897  0.0204727  0.00665202  0.0315062
222.718  303.819  0.0018966  -9.60233e-05  0.0123754
240.332  433.559  0.0123433  0.0100843  0.0218441
237.801  269.723  0.00652255  0.00631773  0.0156995
228.548  396.581  0.00209085  -0.0030365  0.0383482
238.976  473.899  0.0182402  0.00156484  0.00925983
245.549  331.552  0.0102286  0.00410611  0.0116088
246.047  141.467  0.0135898  -0.000206998  0.0141996
246.447  81.0311  0.0240974  0.00836552  0.0169439
245.633  173.181  0.0345855  -0.00857543  0.00618657
257.466  158.298  0.0156313  0.00342962  0.00255683
251.907  471.743  0.00210287  -0.000557043  0.00458069
258.785  387.038  0.00442068  -0.00133748  0.0190956
265.802  24.4091  0.00474255  -0.00383891  0.0283948
267.461  299.641  0.00144564  -0.00111762  0.00968611
251.091  96.9569  0.00312077  0.00540555  0.0146955
267.885  446.253  0.0132446  0.00879174  0.0214785
273.244  401.186  0.00596444  0.000430645  0.000676956
263.276  348.136  0.00636869  -0.000766482  0.00319722
277.592  471.875  0.00249638  0.000910438  0.0309488
275.727  48.2636  0.0256674  -0.000517357  0.0265202
281.193  372.105  0.00198774  -0.00185145  0.00946496
281.04  487.415  0.00203997  0.00186759  0.00495779
283.257  28.2027  0.00653616  -0.00371827  0.00415719
274.951  70.023  0.00522376  -0.00462742  0.00793595
277.384  247.09  0.00104374  -0.000741403  0.00315747
292.399  221.567  0.00174517  0.000640586  0.00205074
287.391  245.048  0.00633365  -0.000507217  0.00201991
295.924  177.225  0.0017283  9.91234e-05  0.0156984
295.204  99.8815  0.00294907  -0.00159901  0.00324479
294.824  194.784  0.0276525  -0.000793861  0.0316898
295.266  39.4771  0.0235458  -0.00349113  0.0338635
296.838  360.777  0.0217153  -0.000670276  0.015741
286.747  400.345  0.00330198  -0.00428023  0.0316295
297.391  235.745  0.0194753  -0.00341684  0.0118492
299.333  83.9035  0.0263591  0.00203037  0.0278279
299.417  460.723  0.00230761  0.00223657  0.00626851
299.747  250.022  0.00608289  -0.00191418  0.00170274
315.33  106.69  0.00430525  -0.000599955  0.0131781
307.565  267.155  0.0133528  -0.00144994  0.00947859
311.636  394.047  0.00702746  0.00664453  0.0124223
319.092  480.774  0.00276545  7.38827e-05  0.00572846
321.311  201.469  0.0067001  0.00171073  0.0124377
325.162  247.345  0.0094152  0.00109121  0.0124005
321.936  299.662  0.0106703  -0.00341719  0.00476542
317.146  357.347  0.0030036  0.0003318  0.00674658
328.023  413.388  0.0209478  -0.000664169  0.0233463
333.879  466.443  0.00417442  0.00261374  0.0122561
334.358  165.605  0.00667923  0.00177624  0.0109617
332.454  58.6736  0.00843829  -1.02321e-05  0.00488253
343.513  117.665  0.00903566  0.00143138  0.0103506
343.931  214.192  0.0288209  -0.00804613  0.0207733
351.138  486.955  0.00204341  -0.00300773  0.0185083
345.382  189.634  0.015873  0.003353  0.0341809
340.6  401.824  0.00649937  0.00662652  0.0126111
351.97  137.53  0.00592722  -0.0022914  0.0256052
354.011  18.2414  0.0262066  0.0068062  0.0461617
352.311  36.2727  0.0213107  0.00336564  0.00250086
355.217  126.464  0.0197628  -0.00445971  0.0214894
356.511  152.532  0.0178561  -0.00637825  0.00833104
357.856  194.363  0.0181861  -0.00452665  0.0230914
364.414  487.883  0.00853307  -0.00286353  0.0155747
359.214  440.083  0.0305867  -0.0024262  0.00771282
361.008  349.083  0.0178192  0.00315808  0.0308347
361.318  341.336  0.0148922  0.00639605  0.0142266
368.292  498.217  0.00720879  -0.013043  0.0353876
359.265  320.289  0.00487238  0.0028827  0.0264552
374.615  160.569  0.0032942  0.00113465  0.00638144
379.213  442.059  0.00187592  0.0011288  0.00356416
373.301  236.402  0.00872903  0.00304484  0.0118425
387.502  253.34  0.00411677  0.00981797  0.0496083
388.78  42.009  0.00474315  0.000168671  0.00366967
378.688  304.635  0.00929565  -0.00580853  0.00792025
378.631  426.878  0.00155848  0.00343421  0.0449714
387.909  339.935  0.0256228  0.000289994  0.00906191
397.908  126.144  0.00390075  -0.00357884  0.0267635
397.494  445.036  0.0094945  0.015505  0.0366096
386.405  489.285  0.00288958  0.00177773  0.00439222
390.333  130.206  0.00552374  -0.00514488  0.0266783
392.284  24.802  0.00402239  -0.00521073  0.0538667
396.567  446.268  0.00227625  -0.000883385  0.00208407
403.969  455.317  0.00219468  0.000367267  0.00577721
400.031  345.811  0.0097832  -0.00547443  0.0351628
408.427  200.861  0.0017187  -0.000834803  0.0140402
406.368  347.888  0.00456054  0.00158169  0.00488709
403.155  251.318  0.00413514  -0.00318645  0.0315601
417.811  264.249  0.00270074  0.00173042  0.00528047
392.955  79.7441  0.00258773  -0.00470793  0.0189294
401.149  411.868  0.015536  0.0139167  0.0163349
408.961  216.575  0.00197031  -0.00153768  0.00633922
415.099  471.373  0.0042693  0.00277328  0.0141727
426.64  119.269  0.003479  -0.00457829  0.0304729
426.52  387.317  0.0036276  -0.00305869  0.00985874
426.956  218.038  0.00423956  -0.000415111  0.00305702
430.997  472.723  0.00433572  0.00218482  0.00439507
427.913  338.211  0.0099003  0.00347521  0.00795579
424.825  439.675  0.010343  -0.00237721  0.00853108
416.106  98.6881  0.00392923  0.00811426  0.026522
434.213  12.3103  0.0129087  0.00742514  0.0253953
432.917  394.887  0.00159282  -0.000364081  0.00116264
442.38  177.337  0.0161842  0.0116845  0.0159215
452.909  148.394  0.00170098  -0.00153565  0.0312367
446.397  238.318  0.00703456  0.00711522  0.0137063
447.886  335.602  0.00891606  0.0051155  0.0103915
450.841  15.8485  0.00812348  -0.00122957  0.0269261
441.415  105.176  0.00552988  0.00819496  0.0210479
456.966  380.059  0.00573014  0.00400568  0.00693528
455.274  266.28  0.00952626  0.00171805  0.0324236
459.682  112.368  0.0218892  -0.00559571  0.007661
464.107  293.322  0.0350314  -0.00253591  0.00548415
469.046  12.9333  0.00814598  0.0017701  0.0195614
468.914  239.235  0.00594901  0.00543724  0.0111957
475.547  226.211  0.0116805  4.8066e-06  0.0283686
477.581  407.413  0.0195543  0.0141301  0.0223994
480.983  313.109  0.00285834  0.00159594  0.0188947
489.284  177.848  0.00549247  0.00248092  0.00590757
477.963  363.299  0.00269815  0.000837043  0.00560807
485.427  287.915  0.00442767  0.000365319  0.00227463
487.341  406.062  0.0319385  0.0107691  0.0193513
491.222  223.822  0.0107996  -0.00594231  0.0270753
487.245  318.818  0.00698665  0.00148274  0.0334497
493.563  460.167  0.00402957  0.000575943  0.0191328
501.245  486.06  0.00844345  0.00380886  0.00464676
484.698  310.813  0.0024071  -0.00351989  0.0275321
505.767  423.447  0.00813088  -0.00123923  0.0219656
499.836  41.3065  0.00745182  0.00311293  0.00389235
505.51  245.766  0.00244036  0.00152766  0.00302227
501.946  57.8754  0.00276447  -0.00449668  0.0187865
502.711  226.579  0.00226836  -0.00395082  0.0380274
505.426  406.393  0.00646275  0.00115768  0.00729515
513.859  274.302  0.0110558  0.00926474  0.0256601
519.009  193.135  0.00139142  0.000261483  0.0115986
509.54  99.4507  0.00447414  -0.00411625  0.0394121
512.811  444.837  0.00240953  -0.00160628  0.00810378
518.325  194.056  0.00174894  0.000181827  0.00598067
523.483  32.6439  0.0135621  -0.00238994  0.0126381
516.871  311.186  0.00823242  -0.00125732  0.00205134
520.687  405.344  0.0157251  0.0061166  0.0312709
538.259  415.63  0.003942  -0.00352488  0.0117176
511.133  42.1819  0.00462095  -0.00344874  0.0050538
525.489  237.183  0.0246061  -0.00396168  0.00258674
525.009  75.3333  0.00510772  0.00180893  0.00213266
529.384  259.253  0.00185531  -9.76829e-06  0.00781172
535.583  223.063  0.00493707  -0.000701198  0.0214873
534.622  119.479  0.0209832  0.00813213  0.0288049
524.945  321.107  0.00204105  0.00327093  0.0248633
535.916  413.436  0.00416426  -0.00374418  0.020214
537.69  293.02  0.00541481  -0.000548823  0.00554966
542.959  487.651  0.00651239  0.00402367  0.0057462
544.357  95.0102  0.00429415  0.0024258  0.0215351
547.572  384.543  0.011703  0.00311354  0.0368319
550.205  77.8784  0.00862292  0.00120751  0.00229031
558.043  236.047  0.00192625  0.00117661  0.00613556
555.854  467.099  0.0116461  0.00127299  0.0227665
560.877  247.493  0.00944196  0.00306128  0.00240463
571.299  287.896  0.018718  0.0155547  0.0308772
571.867  280.912  0.0310439  0.00262989  0.0227307
577.588  71.6774  0.00462816  -0.00136109  0.00275448
572.404  402.529  0.0302728  0.00879483  0.00544236
570.343  353.995  0.00129755  -0.000876407  0.00301449
587.372  137.009  0.00350216  -0.00015152  0.00257103
580.023  159.985  0.00144512  0.000211647  0.0012792
586.493  236.084  0.00492842  0.00434523  0.00846176
582.714  47.7733  0.00901851  0.00162343  0.00344789
590.709  471.873  0.00292613  0.000551452  0.0111134
588.115  105.799  0.0187643  -0.00377927  0.0258268
588.881  119.862  0.0182414  -0.00254718  0.0159748
584.772  100.011  0.00304135  0.00646107  0.023638
596.561  415.309  0.0155287  0.0032081  0.0300696
600.224  111.703  0.0036716  0.0013967  0.0255804
611.606  335.56  0.00177194  -0.000321914  0.00178555
612.308  96.8187  0.0079144  -0.0052897  0.0347208
606.163  490.265  0.00105132  0.000306855  0.00359093
606.044  22.9009  0.00143155  0.000244792  0.0113191
613.635  251.536  0.014962  0.00336031  0.00253306
608.616  353.486  0.0105491  -0.00520068  0.0102305
618.473  47.9554  0.00433996  0.00633379  0.034204
606.21  249.017  0.00331303  0.00110797  0.0429944
610.201  128.894  0.00536557  -0.000610371  0.00260255
612.432  228.054  0.0034715  -0.00154329  0.0121907
628.141  394.06  0.00825394  0.000312794  0.00825394
631.988  456.222  0.0167915  -0.00737185  0.0229782
632.301  498.632  0.0150377  0.0138214  0.0426959
645.76  214.047  0.00176439  0.000470188  0.0204298
651.622  202.839  0.00236709  -0.000145588  0.00614204
635.983  20.4  0.00933128  0.000353802  0.0107022
639.575  88.3505  0.00156913  -9.69453e-05  0.00165372
643.93  406.727  0.014165  -0.00746339  0.00768046
635.453  262.425  0.00520444  0.000256036  0.00416021
638.492  390.194  0.00363568  0.00492445  0.0194638
647.685  406.757  0.00740239  -0.00195359  0.00303078
645.147  490.098  0.0190552  -0.0114492  0.0289113
642.326  113.471  0.00197568  -0.000254128  0.0129835
654.446  223.554  0.00321415  0.00378908  0.0394852
664.067  286.009  0.00108793  0.000273936  0.00593565
658.43  431.67  0.00229535  0.00133082  0.00336539
665.508  214.157  0.00257616  -0.000530693  0.0405037
664.531  122.529  0.00315413  0.00537824  0.0187722
658.957  378.426  0.0141334  0.0125562  0.0154409
661.628  385.734  0.024433  -0.000110222  0.00349038
662.527  400.06  0.00364803  -0.0015574  0.0018612
663.862  396.872  0.0291635  0.00536157  0.0276438
663.692  261.02  0.00844002  0.00125636  0.00359644
677.393  59.0348  0.00349464  -0.00358513  0.0160204
679.155  18.0036  0.00177037  0.00244822  0.0074834
663.212  121.441  0.00307645  0.00608777  0.0335014
674.858  497.254  0.0175461  -0.00759418  0.0304481
679.016  163.583  0.00192197  -0.000551327  0.00258236
678.135  469.124  0.0103188  0.000465051  0.00240532
669.569  260.293  0.00202104  -0.000839534  0.00448332
670.757  137.767  0.00255902  0.00115887  0.00295433
689.306  490.863  0.0195628  -0.00658459  0.018326
687.693  233.787  0.0103099  0.0022502  0.00342825
695.459  302.884  0.0024966  -0.000480532  0.000944476
692.738  130.209  0.00914496  -0.000257514  0.00185907
694.555  435.018  0.013261  0.00656684  0.00625569
692.264  161.636  0.00236546  -0.00175578  0.00331435
703.816  206.122  0.000994707  -0.00110265  0.00863574
700.137  475.026  0.0109204  0.00860055  0.0114126
709.496  129.708  0.00273288  0.00057012  0.0115427
707.135  147.591  0.00294196  -0.00130572  0.00906617
720.616  271.839  0.00170291  0.000304498  0.00249648
711.197  392.777  0.0288856  0.0114765  0.0128161
719.445  211.512  0.00083977  4.6506e-05  0.00410305
717.044  342.094  0.00549933  -0.000410664  0.00333304
722.538  492.593  0.00645434  -0.00159572  0.0243813
719.934  158.5  0.0108119  0.00651259  0.0116728
719.173  136.912  0.0241166  -0.0213438  0.021779
731.042  477.944  0.0133094  0.00744014  0.0177195
728.723  207.861  0.0169417  0.00598235  0.00446804
727.112  389.738  0.0109536  -0.000320794  0.00894317
735.512  166.451  0.00674633  -0.00547363  0.024154
732.224  416.629  0.0325332  0.00416064  0.0182468
734.246  219.781  0.00435817  0.000857482  0.00862695
744.621  286.647  0.0103138  0.00521784  0.0103826
743.444  324.881  0.00928103  0.000203283  0.0121995
749.378  42.8869  0.0188329  -0.0037376  0.00490197
740.449  11.9703  0.00846985  -0.00940517  0.0279887
744.628  202.49  0.00701606  0.00104637  0.00413357
747.298  240.879  0.0231006  3.65082e-05  0.0194092
751.362  472.525  0.0115131  0.00045622  0.002281
16.9014  390.335  0.0249742  -0.00231531  0.0139599
19.3372  67.3792  0.00333239  -0.00162863  0.0113588
23.823  390.452  0.00720396  0.00198372  0.000977358
25.4202  435.898  0.00907623  -0.00361073  0.0066148
37.6761  387.006  0.00719041  -0.000364471  0.0208636
34.3564  302.474  0.00942446  -0.00166415  0.00313332
38.9643  64.4805  0.000710166  0.000581747  0.00425322
41.9434  34.5425  0.00579539  0.00080398  0.000949951
65.1806  434.519  0.000683216  -0.000772875  0.013286
52.5747  260.672  0.00470513  0.000743909  0.00419472
53.1993  354.649  0.00779544  -0.00482119  0.00405616
49.0167  245.044  0.0150184  -0.000570076  0.0142638
56.6813  331.324  0.00683016  0.000463364  0.00217397
45.1107  91.3981  0.00237928  -0.0028121  0.00415307
70.6645  77.7755  0.00103089  -0.00265704  0.0115221
55.2338  131.388  0.00489565  0.00011776  0.00456471
67.8269  389.691  0.00892012  0.00385276  0.00291046
70.7758  199.231  0.00382992  -0.000324632  0.00699331
62.1618  370.302  0.00570205  0.00281737  0.00403976
69.2365  381.995  0.0128962  0.00487361  0.00697403
97.4823  44.7672  0.00119137  -0.00106076  0.0109289
85.2996  297.521  0.00387722  -0.00210422  0.00167584
80  217.792  0.00667649  -0.00241707  0.00176729
89.7777  130.003  0.0118875  -0.00337652  0.00821523
91.7616  203.913  0.00695135  -0.000496574  0.0021361
99.5012  367.107  0.0163736  0.000620499  0.0163736
101.047  393.462  0.00366732  -0.000458798  0.00125949
110.112  242.254  0.0132521  -0.0023883  0.0151103
110.486  321.923  0.00432783  0.00317786  0.0142915
119.741  114.851  0.0109683  -0.00556274  0.014819
132.746  92.6731  0.00200211  -0.000873634  0.00638496
141.551  138.633  0.000740193  0.000854754  0.00546766
140.044  244.935  0.00769546  0.000887522  0.0108376
136.8  121.518  0.00705007  -0.00242698  0.00909423
136.628  270.92  0.011633  0.00293948  0.00797474
138.527  384.691  0.0121913  0.00552886  0.0124803
157.333  289.157  0.00183912  0.000994509  0.00228302
161.491  30.3645  0.000950439  0.000273665  0.00126537
161.756  222.33  0.00714715  -0.00151051  0.0157199
159.242  103.867  0.00494904  -0.0031472  0.0171597
166.858  145.224  0.00474686  1.75161e-06  0.00506539
153.065  259.308  0.00153524  -0.000386349  0.00151228
162.363  436.58  0.00096567  0.000148433  0.00167845
172.549  310.379  0.00505807  -0.000477541  0.000744614
174.907  387.161  0.00925056  0.0065548  0.0106316
154.719  36.1313  0.00126061  -0.000991555  0.00595089
184.394  198.068  0.0088041  -0.00386541  0.00848532
174.981  257.018  0.00369632  -0.00283493  0.00443039
167.47  257.13  0.00112314  0.00120308  0.00418777
196.346  370.208  0.00542583  -0.00291358  0.0104842
189.532  475.621  0.00412139  0.00198507  0.0172824
197.122  35.1223  0.00320909  0.000682646  0.00370337
195.287  319.728  0.0085714  -0.00112794  0.00335395
195.684  153.364  0.00300298  -0.00386485  0.0122694
205.511  103.086  0.0147036  0.0020676  0.0115448
208.587  330.889  0.0101659  -0.000752449  0.0110552
212.785  457.885  0.0157351  -0.00590465  0.0088324
214.379  398.996  0.00828628  0.00127773  0.0154136
221.559  365.911  0.00191316  -0.00237606  0.00960924
225.263  338.728  0.01038  -0.00109941  0.000870655
235.913  330.665  0.00225469  0.000508361  0.00122797
226.806  381.554  0.000515517  -0.000190521  0.00768912
237.853  94.3131  0.00275866  -0.00043313  0.00204697
234.63  331.901  0.01587  0.000643747  0.0165438
235.837  306.63  0.0145869  0.00142099  0.0167625
241.392  432.511  0.00566551  0.00250792  0.0131901
255.841  473.361  0.00140656  -0.000905897  0.00495108
250.472  76.7771  0.0107614  0.00573619  0.00773078
252.056  215.537  0.010354  -0.00195603  0.00235435
264.686  174.915  0.00511691  -0.00194424  0.00158902
266.516  387.757  0.00119872  -0.000125834  0.0127769
261.768  25.8522  0.0088879  0.00338041  0.00433758
266.811  421.88  0.000989241  4.07212e-05  0.00176966
263.656  351.179  0.00285796  0.00111926  0.00215032
275.917  375.736  0.00108965  -0.000994919  0.0262449
280.019  467.815  0.000973546  0.00195951  0.00653833
290.778  488.828  0.000751516  -6.72429e-05  0.00682318
279.009  50.4121  0.00790905  -0.00587843  0.0171979
285.151  107.671  0.013448  0.00985336  0.00951634
278.906  194.047  0.00280049  -0.000428564  0.00540098
286.316  44.8357  0.0109078  0.000230837  0.0206658
283.831  418.142  0.00117948  0.000767342  0.00271517
289.673  303.601  0.00358868  0.000178206  0.000463297
299.459  173.534  0.00202523  0.00171209  0.00864326
292.645  387.932  0.00327015  -0.00174466  0.0106133
289.407  441.164  0.00207654  -0.000446876  0.00800371
287.314  460.736  0.000963441  0.00049643  0.00289206
299.501  84.0082  0.0163736  0.000620499  0.0163736
305.531  222.527  0.0157891  0.00352242  0.00490112
303.934  251.189  0.0150375  -0.00265146  0.00157236
309.558  105.911  0.0101382  -0.00315983  0.0151289
311.44  35.1781  0.017088  0.000193703  0.00264986
313.088  226.566  0.0188785  0.00320719  0.00610319
306.746  475.518  0.000753191  -0.00133453  0.023684
328.073  264.151  0.00476966  0.00243281  0.00470972
320.99  48.9929  0.0193599  0.000413184  0.00308042
322.375  199.771  0.0145006  -0.00424491  0.0112
323.1  301.651  0.0151614  -0.00121109  0.00520891
331.804  155.176  0.0128014  0.011885  0.0136802
314.546  251.964  0.00603341  0.00783837  0.0150583
323.659  328.957  0.0114271  0.0021788  0.00660721
327.756  413.615  0.0148542  0.000413729  0.0168262
326.089  81.9624  0.00241101  0.00198574  0.00848617
327.844  107.753  0.0140226  0.00474587  0.0135624
338.413  390.053  0.00349573  0.00110613  0.00823032
334.343  164.768  0.00769628  0.0049257  0.0175279
336.257  190  0.0119414  0.000179462  0.00143226
333.595  182.777  0.0029054  0.000147168  0.00187109
345.133  241.353  0.0105592  -0.00405848  0.0135846
348.215  276.749  0.00263389  -0.000647232  0.00086388
340.577  46.4666  0.00420378  0.00220945  0.00270536
354.377  126.595  0.0154076  -5.88396e-05  0.0149025
357.022  151.292  0.0124013  -0.000863377  0.00559231
359.775  478.976  0.000964909  -0.000496757  0.00208826
362.686  76.4986  0.00471935  -0.00206646  0.00189091
365.962  218.947  0.00900279  0.00610105  0.00526547
378.509  160.595  0.00213618  -0.000580973  0.00892442
364.323  240.909  0.00461346  0.0030726  0.00766061
377.443  203.948  0.00498428  0.000284019  0.000764266
368.001  119.477  0.00234802  0.000284079  0.0121874
382.317  425.861  0.00124789  0.00103171  0.0270894
380.478  490.081  0.00238008  0.000468375  0.00559756
391.968  25.3521  0.00531374  -0.00374825  0.0283157
402.829  199.169  0.00312884  -0.0033639  0.011513
412.232  106.309  0.00309257  0.000432092  0.00336632
412.476  216.809  0.00470565  -0.00216099  0.0053919
423.268  285.958  0.00432129  -0.00562999  0.01871
427.383  337.009  0.00682385  -0.000407637  0.0125304
421.44  358.321  0.0059043  0.00198761  0.00694994
418.278  311.546  0.00318677  0.00242663  0.00606605
416.202  263.338  0.00141316  -0.00105549  0.00576637
431.101  439.301  0.00336202  0.00163929  0.00762445
442.607  468.909  0.00314382  0.00336303  0.0067585
441.085  107.811  0.00631413  0.00384194  0.00623563
453.732  40.9163  0.00202021  -0.00353502  0.0106994
443.3  239.36  0.00691122  0.00561191  0.00803903
442.596  468.199  0.00274574  0.00133877  0.00605578
457.531  428.534  0.00186534  -0.00153312  0.0245764
453.443  454.373  0.00440616  -0.0034749  0.0193833
452.226  85.9922  0.00450843  -0.000186909  0.00558783
459.186  380.122  0.00363717  0.00222478  0.00586604
463.063  400.469  0.00108758  -0.00031905  0.000684189
442.914  261.078  0.00423402  -0.00613104  0.0134669
473.652  293.643  0.00191368  -0.00155621  0.0102285
474.713  99.0936  0.00246115  -0.00231795  0.0181623
480.755  237.529  0.00113995  0.00194482  0.0129485
469.99  304.213  0.0122821  0.00362687  0.014612
482.385  446.652  0.00276672  -0.0029945  0.00837494
451.595  236.06  0.00190437  0.00293784  0.00835364
477.547  380.657  0.0148229  0.000226048  0.010089
481.254  20.5812  0.0147505  0.00255997  0.00725464
487.607  277.187  0.00340159  0.00228628  0.00266639
487.811  254.201  0.00273706  0.00168898  0.0122193
489.284  402.266  0.0151281  0.00535948  0.0123902
502.777  225.661  0.00374812  -0.0044738  0.0193213
486.031  338.959  0.00209764  -0.000594229  0.0015925
497.694  460.101  0.00322726  -0.00151956  0.0165951
492.737  134.503  0.00268525  0.00211271  0.00500961
495.01  473.813  0.00339843  9.03577e-05  0.00601219
500.815  480.857  0.00996614  0.00120689  0.00163658
500.418  263.834  0.00716806  0.000961916  0.00721213
504.663  163.225  0.00911683  0.00133701  0.00126955
503.512  32.3568  0.0089828  0.00101823  0.00981018
514.979  91.6813  0.00137886  -0.000877731  0.0269079
498.642  407.573  0.00627307  0.00598985  0.010203
503.687  60.3459  0.00598228  0.000210043  0.0194012
506.844  154.724  0.00670821  0.00361696  0.00985271
514.767  99.4025  0.0151657  -0.000125961  0.016285
519.579  381.614  0.00415704  0.000975456  0.00111874
522.277  258.388  0.000890605  -0.00038067  0.0126023
525.152  274.234  0.0038342  -0.00277234  0.0140953
524.521  301.77  0.00155322  -0.00310913  0.0177879
543.454  432.305  0.00381941  -0.000983004  0.0220124
539.131  288.039  0.000924271  0.000184649  0.00523548
545.817  333.117  0.017918  0.000221377  0.00969549
551.668  61.4085  0.0164835  0.000274419  0.0166144
561.198  104.605  0.0010415  0.00104979  0.011924
542.745  34.7436  0.00203954  -0.00187655  0.00447604
565.795  239.141  0.000994843  5.48408e-06  0.00462626
565.051  482.177  0.00280652  0.0056742  0.0184213
569.082  422.131  0.00436217  0.000398158  0.00387682
572.173  182.301  0.0148976  0.00568183  0.00957574
578.864  219.229  0.00466044  -0.000289238  0.00364429
577.003  250.219  0.0096986  0.00171775  0.0177866
579.735  382.415  0.0125697  -0.00298855  0.00986126
576.844  36.7038  0.00154189  0.00147826  0.00293847
573.254  233.991  0.000794209  0.000348738  0.00637293
604.846  82.7933  0.00702309  -0.000481925  0.0035397
623.2  137.516  0.00125456  -0.000686772  0.00983565
617.907  104.047  0.00640307  -0.00532463  0.00854315
606.233  245.963  0.00372652  -0.000917862  0.001497
596.486  60.0436  0.00120568  0.000985577  0.00410262
595.554  485.039  0.00239749  0.00181632  0.00539652
614.887  246.551  0.00277551  0.000471907  0.00507269
625.743  20.9821  0.00224678  0.00125003  0.00804517
619.667  475.415  0.0023675  -0.000856725  0.00156123
629.129  394.678  0.0149716  0.000515606  0.0125817
631.798  455.869  0.0104007  0.000128131  0.0178292
648.228  215.447  0.000927501  0.000366417  0.0225959
641.032  243.598  0.00430794  0.000964332  0.000989268
643.476  21.0367  0.000428564  -0.00103269  0.0165169
641.976  374.171  0.00323837  0.00499638  0.0124478
641.472  114.927  0.00281486  0.00116475  0.013384
646.293  231.387  0.00155529  0.00031574  0.00517962
664.698  427.55  0.00160844  0.000633783  0.00990186
660.831  123.655  0.00599806  0.00616265  0.013206
663.598  214.018  0.0041427  -0.000457709  0.0214212
653.882  93.9299  0.00303925  0.0029838  0.00989491
676.824  23.7391  0.000898193  0.00072755  0.00609825
669.14  403.988  0.00461502  -4.70668e-05  0.00997473
660.133  413.849  0.00199572  -0.000445217  0.00104452
683.238  50.1986  0.000917946  -0.00118821  0.0282744
684.873  152.44  0.0021072  -0.00122401  0.00144317
686.811  362.028  0.00628507  0.000919745  0.0151215
707.317  106.098  0.00113838  -0.00069876  0.00731489
700.865  342.769  0.0169305  0.00020346  0.014281
710.391  447.253  0.00294055  -0.000744479  0.00337893
721.455  85.6594  0.00170197  0.000293033  0.00480593
714.164  104.873  0.00055845  4.03005e-06  0.00737153
710.884  392.595  0.0161087  0.00701088  0.0107842
712.77  405.753  0.00572573  -0.00079936  0.00238125
723.132  490.49  0.00457408  -0.00215807  0.0259712
729.994  52.6451  0.00526345  -0.00298963  0.00614097
729.443  201.784  0.0153176  0.00179512  0.0140154
732.317  278.728  0.00122209  -8.19291e-05  0.00109756
730.129  477.392  0.0113888  0.00385476  0.0213862
719.398  389.424  0.00281738  0.000545976  0.00946169
730.87  416.603  0.0223045  -0.000332193  0.0151739
736.941  271.827  0.0123727  -0.00435906  0.00260435
747.457  56.3478  0.0176997  -0.00028439  0.00144589
747.653  212.083  0.0161902  -0.00235679  0.00133425
55.5686  486.689  0.000535765  5.34532e-05  0.00346091
60.4582  429.207  0.000960216  3.06377e-05  0.00280329
61.7913  152.998  0.00279435  -0.000224625  0.000528556
52.4185  379.768  0.00336717  0.00171212  0.00150366
68.4944  381.734  0.00676548  0.00154979  0.00560476
94.314  45.5392  0.00133839  -0.000305068  0.00631153
88.0778  163.044  0.00795491  -0.000748169  0.00688966
86.9414  135.861  0.00457834  0.000400056  0.00459189
90.292  218.464  0.000509606  0.000146607  0.000919365
146.753  327.002  0.00043479  -0.000873089  0.00713603
134.068  69.886  0.00366937  -0.00233366  0.00235832
137.932  245.072  0.00543253  0.000662968  0.00914988
137.66  259.194  0.0106557  0.000209628  0.00141275
138.059  425.279  0.00798769  0.00326738  0.00491769
150.939  81.6001  0.00367129  -0.000263759  0.00239754
169.006  95.2935  0.00294351  0.00107474  0.000762497
150.827  28.9661  0.000451231  -0.000258227  0.00206844
205.469  390.465  0.00051236  -0.000602497  0.00341162
190.21  263.601  0.0036148  -0.000194569  0.00129015
197.522  315.878  0.00176435  -0.000289854  0.00207678
197.284  153.8  0.00187613  -0.00122972  0.00636308
203.602  196.4  0.00336806  -0.000623919  0.00405008
208.36  330.993  0.00742086  0.000745379  0.00588436
211.297  363.772  0.0032689  -0.00302046  0.0077783
215.761  338.318  0.00334039  0.000665803  0.000995952
228.448  39.1787  0.00108155  0.00106738  0.00466152
236.079  95.8467  0.00171154  -7.00315e-05  0.00184201
230.702  233.857  0.00350552  -0.00202577  0.00213504
255.489  266.328  0.000533043  -0.000396818  0.00121023
232.062  304.08  0.00392073  -0.000160326  0.00436772
264.578  210.605  0.001213  -0.00197275  0.00492679
266.526  178.321  0.00358017  -0.00260749  0.00288662
266.091  385.239  0.00202956  0.0020441  0.010292
280.936  333.726  0.00234198  0.00180684  0.00203098
273.653  373.596  0.00128818  5.89409e-05  0.00650687
302.446  485.879  0.000570483  0.000122183  0.00518531
271.358  416.492  0.000683102  -0.000144211  0.00226626
287.437  170.027  0.00121563  -0.00119015  0.00495748
277.01  316.399  0.00104841  0.000176977  0.00032914
286.987  387.797  0.000344056  -0.000184199  0.00772829
292.363  457.678  0.000939643  0.000163458  0.00418621
326.576  242.999  0.000719877  0.000641106  0.00159503
310.757  91.0346  0.000839587  0.000558709  0.00215503
312.521  480.403  0.000671584  -5.79639e-05  0.00475069
299.344  320.852  0.000431442  -0.000225803  0.00285073
340.688  346.159  0.00126795  0.00168312  0.00417642
338.865  163.25  0.00481087  0.00297948  0.00680441
363.573  478.693  0.00229065  -0.00192825  0.00314933
369.186  88.1042  0.00254747  -0.000962598  0.00404534
378.79  311.557  0.00404149  -0.000515539  0.00240515
407.451  106.11  0.00130598  -0.000153169  0.00348628
422.721  357.203  0.00363267  0.00159455  0.00491481
423.503  264.061  0.0014221  0.000965017  0.005524
428.349  295.271  0.00207189  0.000641706  0.000709565
426.931  337.049  0.00624484  0.000554503  0.00455053
432.913  453.036  0.000580744  0.00074649  0.00150573
438.752  471.04  0.00180876  0.00154985  0.00374902
439.283  109.095  0.0054969  0.0026471  0.00392237
464.265  38.4539  0.000450236  -0.000150708  0.00633519
445.512  238.571  0.00398512  0.00316284  0.00610374
441.141  389.207  0.000739002  5.79619e-05  0.00139624
456.334  399.398  0.000676489  -0.000616422  0.00121936
471.138  351.202  0.000917213  -0.00104498  0.00310081
496.59  459.451  0.00279605  -0.00102958  0.0114433
494.249  276.578  0.00346105  0.000493038  0.00080982
503.875  43.1444  0.00233564  -0.000788005  0.00273157
505.505  77.2237  0.000297624  0.000158505  0.00155334
519.126  74.0939  0.000997767  0.00022768  0.00125664
499.421  398.767  0.00263001  -0.000445175  0.00127105
507.044  446.287  0.00100274  0.000414153  0.00661088
537.826  415.236  0.00393849  -0.000606345  0.00395973
547.27  329.044  0.00951063  0.00148829  0.00342531
567.709  105.55  0.000573217  0.000664029  0.00726005
577.706  250.588  0.0039943  0.00322488  0.00871
609.036  228.852  0.00354425  0.000361756  0.00321571
621.69  62.454  0.000528751  -0.000662596  0.00612557
599.92  480.173  0.00161409  0.000763464  0.0116405
603.95  29.5862  0.000470762  0.00124803  0.00563835
663.402  23.0579  0.000276313  -0.000351509  0.00504098
644.644  249.371  0.00438671  0.00269417  0.00252184
640.942  115.373  0.00241853  0.000713844  0.00753613
637.908  409.465  0.00114151  5.00234e-05  0.00263828
652.422  87.4184  0.00249584  3.39597e-05  0.00185698
673.279  27.3875  0.00506295  -0.00181195  0.00424595
675.705  169.794  0.00139532  0.000333735  0.000432385
696.767  309.867  0.00128888  0.000404169  0.00129171
716.06  151.207  0.00348308  -0.00177023  0.00368552
704.305  203.648  0.000770339  -0.000721499  0.00230208
