1.0
496
13.5845  28.913  0.0155616  -0.00258241  0.0100076
18.1402  157.804  0.0184836  -0.0102279  0.0158895
19.3034  86.7341  0.00716232  -0.00157828  0.012871
32.8974  115.841  0.00392034  9.94002e-05  0.00199035
28.6686  283.411  0.0159944  0.00198422  0.0157473
30.6341  231.992  0.00660927  0.000170922  0.00777286
35.6266  360.571  0.00307963  0.00044641  0.00105343
36.3211  164.95  0.00776908  0.00186334  0.00204601
40.7093  264.161  0.00331317  0.000806851  0.00251409
37.2163  297.869  0.00832215  0.00466494  0.0161904
38.2763  404.401  0.00205621  0.000542793  0.00149019
59.8361  95.6557  0.00334458  -0.0019081  0.00484512
60.078  488.181  0.00358602  -0.00195533  0.00875603
63.3409  222.548  0.00364721  -0.000381806  0.00123333
49.7892  266.583  0.00173377  -0.00183141  0.005669
56.6549  354.089  0.00164466  -0.00118668  0.0249585
58.7114  18.5436  0.0309063  -0.00448356  0.0035396
68.5013  483.676  0.0171133  -0.00046994  0.0026896
72.9965  36.1348  0.0477257  -0.00375407  0.00247844
88.0594  340.729  0.0012037  0.000118569  0.00221906
81.4751  156.535  0.0459729  -0.0031904  0.000984021
90.0833  274.898  0.0115991  0.01798  0.0349222
77.6005  398.446  0.00267896  0.00128077  0.00198118
83.4163  181.423  0.0443039  -0.00406369  0.00126811
78.0851  257.999  0.00343948  -0.000273379  0.00198099
82.2881  481.615  0.0195134  0.00234367  0.00340352
85.2762  203.305  0.0401004  0.000342922  0.00500937
85.2088  203.671  0.0421039  -0.00221729  0.0013299
99.706  253.636  0.00219494  -0.000153743  0.00463281
92.013  223.636  0.037886  0.0117323  0.00660637
97.9886  481.591  0.00774094  0.000177659  0.00332368
102.531  222.844  0.0161679  0.00256617  0.00676934
98.0202  294.265  0.000647035  2.773e-05  0.0175051
106.403  250.365  0.00185204  0.000732985  0.00426684
112.118  374.229  0.00153802  0.00412045  0.0450887
123.016  29.5274  0.00335286  0.000265052  0.00110749
131.478  350.752  0.00115352  0.000297035  0.000933462
124.313  223.506  0.00428568  0.000614154  0.000938295
128.385  473.049  0.00215533  0.000644395  0.00281386
133.233  226.048  0.0190502  0.000139996  0.0212385
127.519  109.062  0.00325514  -0.000462547  0.00174222
153.165  137.813  0.00595097  -0.00491111  0.00982265
157.173  175.196  0.00455924  -0.000116142  0.00233034
157.667  200.648  0.00421641  -0.000305254  0.00562072
145.969  224.759  0.00990009  0.00104877  0.00158403
150.421  84.8881  0.00707122  -0.000625418  0.000657645
153.232  114.599  0.0111834  -0.00040324  0.00173057
154.887  304.681  0.0192341  -0.00235959  0.0210904
151.395  351.171  0.00277739  -0.000576476  0.00110398
152.99  504.927  0.000766169  0.00025966  0.00353119
172.607  69.6352  0.00347808  0.000509605  0.00330127
164.944  221.133  0.0038519  0.0057529  0.014479
164.683  297.041  0.0166339  0.00349544  0.00696326
171.945  45.7268  0.0211916  0.00320174  0.0108665
175.749  147.803  0.00467698  0.000867502  0.00207431
178.831  191.187  0.00964281  -0.00040129  0.00171264
171.897  227.859  0.0131692  0.0213312  0.0395546
172.038  286.357  0.0111869  0.00615778  0.00546071
172.698  245.007  0.00179407  0.000297661  0.00263989
184.984  385.912  0.0206801  0.00797597  0.0299687
186.656  23.2784  0.0294866  0.0325166  0.0383575
192.493  322.989  0.00709784  -0.00108483  0.00203455
201.929  50.1937  0.00261323  0.00104146  0.00310614
197.661  179.066  0.0152571  -0.000850739  0.00186842
199.28  457.991  0.00158262  0.000455184  0.00112348
206.197  380.933  0.00564882  0.00273865  0.00290064
214.047  463.62  0.0100108  -0.00760859  0.0276881
214.747  491.941  0.00141394  0.00014451  0.0038016
213.679  65.6904  0.0141037  0.00291526  0.00547861
214.384  418.943  0.000953204  -0.000242176  0.00287832
220.465  167.487  0.0126696  2.21103e-06  0.00244482
222.734  352.954  0.00518206  2.98223e-05  0.00166031
226.141  205.443  0.00210815  0.000284936  0.00416274
226.198  363.312  0.0103291  -0.00298729  0.0107133
234.94  43.8034  0.0266986  0.00222152  0.022642
235.036  80.1494  0.0448064  0.00164567  0.00118823
236.272  85.8797  0.033795  0.00355136  0.00223541
241.614  149.582  0.0383337  0.00716978  0.00914666
241.744  157.872  0.0428624  -0.0032659  0.00401784
246.569  261.179  0.0113814  -0.00354295  0.0205817
237.967  336.392  0.0061004  -0.00433695  0.00502048
253.695  368.522  0.00237437  0.000225102  0.00572022
269.203  283.388  0.00471456  -0.00496567  0.00921219
263.796  238.215  0.00810994  0.00244454  0.00225882
260.211  396.108  0.00572066  -0.00418288  0.0388591
279.22  358.356  0.00161895  -0.00282061  0.0470741
270.371  337.007  0.013926  -0.00603459  0.0307728
273.592  109.144  0.00731448  0.00295096  0.00243559
263.305  14.2229  0.00177971  0.000254144  0.00770412
277.388  274.35  0.00961681  0.00269768  0.022814
289.025  316.737  0.00202357  0.000756174  0.00548161
261.298  373.8  0.0017777  -0.000449105  0.00267915
280.6  73.6286  0.00967384  0.000878035  0.00410699
290.046  91.7127  0.00123769  -6.62112e-05  0.00441096
292.564  335.919  0.00363857  -0.00187202  0.0130749
296.338  308.152  0.00170546  0.000644706  0.00190977
296.692  271.276  0.00888075  -0.00212439  0.00265231
300.155  204.799  0.00912694  0.0172309  0.0373275
298.489  554.435  0.00449518  -0.000197552  0.00692098
294.158  334.361  0.00318538  0.000594192  0.0102262
301.993  239.352  0.00450161  -0.000908777  0.0101036
300.796  103.101  0.00284446  -0.000847528  0.00204529
295.662  460.535  0.00623657  -0.00357267  0.00472141
318.546  16.8996  0.00553362  -0.000659914  0.00820628
312.889  143.566  0.019847  -0.00510739  0.00760032
319.485  63.7851  0.00498737  0.00137399  0.00221003
314.328  69.2623  0.00416644  0.00140793  0.0157186
310.521  484.49  0.00310849  -0.00290848  0.0153679
326.021  180.901  0.00646557  0.00278683  0.0121924
330.293  316.476  0.00846678  0.000358892  0.00142118
323.119  339.845  0.0104732  -0.00344379  0.0136748
325.645  87.4765  0.00489092  0.00110388  0.00250337
329.541  51.1882  0.0238225  0.00341797  0.0021468
329.141  236.654  0.00861606  0.0036417  0.00487115
331.347  69.7548  0.0068145  0.00361526  0.00285647
331.589  579.873  0.00267227  -0.000582947  0.00494845
338.494  269.337  0.00213599  0.00205552  0.00992945
344.234  278.015  0.0124049  -0.00812988  0.0391062
360.243  143.418  0.00191201  -0.000150885  0.00137274
352.962  273.396  0.00327288  -0.00275946  0.00737373
362.293  206.444  0.00263927  5.64179e-05  0.019693
370.446  422.57  0.0251301  0.000280435  0.0228221
369.583  245.113  0.00660799  9.27437e-06  0.00166011
372.366  166.317  0.0177232  0.0140131  0.0298807
383.002  172  0.00522009  0.00552122  0.0106156
391.031  276.15  0.00190175  0.000385428  0.00433365
401.852  69.6855  0.00237164  -0.000577464  0.00219126
401.857  281.565  0.00823417  0.00317932  0.0424547
397.141  33.8899  0.00108647  -8.68521e-05  0.00116831
412.954  176.899  0.00288038  0.00115083  0.0170818
403.977  297.153  0.00286818  0.0021159  0.0193744
410.794  220.252  0.00174764  -0.00136942  0.0146453
404.215  44.3593  0.00215279  0.00124576  0.00191511
417.903  192.041  0.00251676  -0.000618517  0.000904033
399.887  269.234  0.00180923  0.000671504  0.00412985
429.156  285.059  0.00220867  0.00319164  0.0349663
439.186  385.622  0.00138484  -3.36935e-05  0.00130997
433.21  264.52  0.00956013  -0.000240509  0.0101429
432.597  105.57  0.00704071  -0.000426311  0.000917739
443.47  285.026  0.00553792  -0.000844839  0.0147783
439.066  153.926  0.0153471  -0.000430519  0.0267571
430.58  239.445  0.00519715  -0.000809028  0.00464095
450.168  143.965  0.00104995  -0.000966359  0.0126015
456.384  339.764  0.000571746  -1.67263e-05  0.0175123
450.341  235.195  0.00845928  4.09901e-05  0.00618088
461.454  171.184  0.00120972  0.000394681  0.00157665
467.881  282.894  0.00171578  0.000664034  0.0166367
466.88  30.4226  0.00105874  -0.000416678  0.00375046
477.561  144.87  0.00199183  -0.00175226  0.00950599
476.385  193.327  0.0309319  -0.00145015  0.0278195
491.965  323.634  0.00343666  0.000322422  0.00115392
489.598  387.109  0.00166197  -0.000894291  0.0221516
486.625  112.049  0.00444901  0.000960484  0.00115722
515.767  133.553  0.00161873  -0.000626901  0.016645
510.565  148.944  0.00217068  -0.00135051  0.0058177
502.762  241.946  0.0186647  0.00154951  0.02693
515.268  44.0518  0.00151444  -0.000323418  0.00151973
508.107  345.608  0.00251428  -0.00129092  0.00225582
516.664  166.232  0.00194605  -6.51665e-05  0.00112021
497.848  381.097  0.00144077  0.000342564  0.00774025
517.894  292.894  0.0313401  -0.00048043  0.0268714
527.931  198.642  0.00826748  -0.000683432  0.00110747
530.125  211.879  0.00634782  -0.000962564  0.00376733
521.992  130.652  0.0026084  -0.000556959  0.00585947
534.616  167.58  0.0344879  -0.00324291  0.00131164
531.549  573.717  0.0120733  -0.00214498  0.00738127
537.071  402.526  0.0152928  0.00423972  0.0249057
537.206  190.23  0.0506979  -0.00121467  0.00317348
524.278  297.127  0.00979545  -0.00958472  0.012115
543.329  113.978  0.0108653  -0.0056572  0.0127922
541.462  244.043  0.0103873  0.00604971  0.0237019
549.19  168.239  0.00355187  0.000947892  0.00331469
551.46  375.369  0.00169261  -2.91093e-05  0.00308146
546.389  222.778  0.0143738  -0.000931727  0.0028375
547.347  108.358  0.00440563  -0.00179206  0.00320938
547.038  210.081  0.00755355  -0.000328716  0.00459134
558.759  339.466  0.0189722  0.0037092  0.036846
548.377  249.708  0.00719172  -0.00978683  0.017965
562.057  252.201  0.00228322  -0.00096332  0.00175642
564.196  299.989  0.000774939  -8.18391e-05  0.00157691
574.339  316.91  0.00238775  0.00359712  0.0471987
554.64  324.194  0.00573566  -0.00812509  0.0291012
549.144  50.1434  0.00140583  -3.81018e-05  0.0025321
562.116  147.751  0.00103743  -0.000361308  0.001659
568.504  356.939  0.0117397  -0.000226083  0.011362
572.881  393.273  0.0324665  0.00172984  0.0082814
579.48  171.284  0.0054445  0.000203321  0.000528186
585.56  324.747  0.0124799  0.000920471  0.0237096
598.447  333.147  0.000878301  -0.000705038  0.0129082
612.081  213.496  0.0284166  -0.00365554  0.0166982
608.54  233.012  0.00408652  -0.000590106  0.000658139
620.713  363.271  0.0029494  5.00067e-05  0.00170827
607.098  307.708  0.00447113  -0.0019551  0.00398436
618.035  336.801  0.0052671  -0.00517438  0.0258944
640.21  253.046  0.00231154  0.000208169  0.00293146
639.933  360.938  0.00219408  -0.00275423  0.00761444
642.751  209.216  0.00283474  0.00219186  0.00882578
642.857  294.846  0.0212097  0.000514419  0.00354393
648.332  295.412  0.00670973  -0.00026564  0.00266084
655.118  160.436  0.00555671  0.00127104  0.00207654
660.683  277.929  0.00292814  -0.00264953  0.0150013
647.159  483.285  0.00498805  -0.00799745  0.0334455
653.928  332.631  0.0252118  -0.00297427  0.0306504
658.991  232.725  0.0244671  0.000949431  0.0327994
651.793  365.7  0.00143873  0.00102064  0.015544
659.537  19.2191  0.0346014  -0.0167552  0.010798
672.75  490.68  0.00662952  -0.00600842  0.0292986
657.715  106.727  0.00289294  -0.000398681  0.00118173
675.255  145.105  0.00371074  0.000524713  0.00126497
673.903  344.002  0.00154868  -0.000970909  0.00348781
669.105  224.785  0.00498421  0.00121444  0.00151897
702.323  293.857  0.00287133  -0.00162114  0.00398523
689.984  323.398  0.0171137  -0.00158381  0.0338777
690.343  374.02  0.00170194  0.00200889  0.014345
695.152  247.06  0.0218622  0.00221125  0.0188155
714.296  28.4753  0.00284067  -0.000533587  0.00333987
717.724  351.113  0.00309312  0.00451089  0.0165349
723.608  122.148  0.00212699  0.000271629  0.00267236
715.571  334.229  0.00345411  0.000833397  0.00241841
710.031  500.495  0.00849397  -0.0029286  0.0299868
715.415  276.472  0.020321  -0.00419454  0.028957
724.219  188.151  0.00476296  8.61455e-05  0.00201908
726.353  574.436  0.00210373  -0.000726135  0.00197302
725.138  352.436  0.0108007  -0.00144693  0.0121079
744.15  292.446  0.017894  -0.00118646  0.00243897
746.777  295.665  0.0183612  -0.000460692  0.00193153
750.86  356.075  0.00259037  -0.000805685  0.00468761
748.864  104.792  0.00662203  -0.002003  0.00206545
755.273  360.011  0.00374926  -0.00253  0.00348257
749.92  148.15  0.00145312  0.000241825  0.00148392
755.96  128.79  0.00990873  -0.00295641  0.023113
754.955  306.994  0.0387267  -0.00331465  0.00748469
769.028  405.933  0.00374734  0.00236906  0.00909261
764.168  209.475  0.000722086  -0.000492608  0.0032818
764.793  215.483  0.0184518  -0.00516513  0.0215601
771.684  569.996  0.00136137  -0.000464447  0.00174412
770.26  41.425  0.0241915  -0.000412447  0.00889612
785.114  295.181  0.000957719  -0.00103509  0.0422716
781.675  405.468  0.00260887  -0.00153272  0.00367147
791.05  106.729  0.00202426  0.00157337  0.0266963
791.113  116.872  0.0014531  0.00403506  0.0269383
791.663  381.26  0.0143261  0.00285239  0.0150489
793.094  78.1415  0.00209549  0.000115911  0.00108227
805.55  33.4366  0.00440959  0.00181526  0.00850205
809.931  267.884  0.0010223  0.000233985  0.00225668
798.353  286.706  0.00117  -0.000820828  0.031251
810.557  415.256  0.00317653  -0.000623121  0.00722127
811.599  381.307  0.0193803  0.00428784  0.0209882
800.347  244.371  0.00241378  0.00221651  0.00645774
807.807  103.656  0.00502113  0.00366612  0.0193655
807.31  470.856  0.00296982  -0.00177791  0.0097456
803.894  266.415  0.00179308  0.0002709  0.00310102
825.374  265.335  0.0360987  -0.00112244  0.000861295
841.379  25.534  0.00345028  0.000839252  0.0107214
831.112  401.215  0.00473135  -0.000684714  0.00433078
830.572  570.616  0.00155453  0.000319447  0.00154411
837.065  277.52  0.0236964  0.00148267  0.00291516
844.343  96.9536  0.00383876  0.00269561  0.0171898
849.852  417.436  0.0194149  0.0082386  0.00895054
851.377  399.664  0.0102057  0.00384782  0.00810166
861.37  60.5222  0.00126929  6.4483e-05  0.000903448
856.176  240.66  0.00113296  -0.00171313  0.00785308
873.886  17.0266  0.003409  0.00169247  0.0101426
865.043  287.528  0.000910276  0.000719677  0.0304866
875.213  91.4814  0.00411258  0.00273615  0.0176031
871.699  244.049  0.00328974  -0.00402628  0.0121143
874.068  130.297  0.00254051  0.000775437  0.00284282
877.521  31.7778  0.00689307  0.000859133  0.00879807
879.614  425.651  0.0060078  -0.000692371  0.00774764
22.7869  230.923  0.00341585  0.00201696  0.00818377
26.7739  58.1403  0.00251786  -0.000173586  0.000911165
32.277  117.574  0.00449468  -0.000868136  0.00333977
52.5603  73.1174  0.00386392  -0.000201506  0.000354473
57.0853  92.0173  0.00374586  -0.000724619  0.000381552
61.8491  113.551  0.0035885  -0.00065925  0.000627879
66.6652  224.306  0.00258172  0.00119857  0.00238257
65.2316  202.581  0.00257414  -6.23905e-05  0.000608178
57.2679  335.514  0.00306773  0.000148057  0.000621375
48.1582  282.367  0.00123536  -0.00178431  0.0241781
73.089  486.469  0.000876419  -0.000232213  0.00368377
75.3194  92.0679  0.0282376  -0.00148096  0.000869817
77.7939  114.085  0.0193526  0.000157974  0.0024205
81.1062  162.178  0.0198265  0.0015417  0.00791969
90.1569  363.402  0.00309405  0.00123997  0.0106829
95.6225  549.171  0.00108246  -0.000190721  0.00111106
117.044  326.683  0.000862111  0.000168717  0.000433802
119.689  471.856  0.00078107  9.20733e-05  0.00309482
124.696  19.9333  0.00256485  -0.000180447  0.00369098
121.831  170.798  0.000422082  8.34837e-05  0.000630851
131.292  264.408  0.00328171  0.00491523  0.0088394
127.525  541.574  0.00110645  -3.74176e-05  0.00120306
140.328  343.982  0.00109328  1.04472e-05  0.00043483
157.048  235.974  0.00900811  0.00746207  0.0176537
153.463  303.244  0.0159703  -0.00361391  0.0101827
153.712  170.112  0.00545989  -0.00105838  0.000654028
172.859  465.978  0.000729904  4.86498e-05  0.000943202
166.905  259.217  0.00141956  0.000375766  0.000616488
187.51  415.804  0.00835639  -0.000588537  0.000799779
187.76  22.4681  0.0121741  0.00532144  0.0288039
191.722  93.0463  0.0187244  -0.000580879  0.00122678
194.322  338.688  0.00646158  -0.0011052  0.000969292
197.28  50.7828  0.00216158  0.00261945  0.00402477
210.648  413.611  0.00130993  -0.000103617  0.00092188
208.219  329.294  0.00631512  0.00193808  0.0141356
212.781  463.524  0.00630519  -2.12326e-05  0.0160888
241.386  204.771  0.000584188  0.000185108  0.00474447
220.026  358.029  0.00374698  0.00049149  0.00128754
221.207  250.356  0.00239178  -0.0018411  0.0033639
241.63  148.56  0.0189764  0.00217817  0.0082586
261.239  273.482  0.0108301  -0.011777  0.0143186
261.313  496.103  0.000577123  0.000204853  0.000950778
275.436  42.5079  0.000370877  4.09164e-05  0.00108454
282.695  337.096  0.00119573  -0.0015779  0.0273189
289.46  103.374  0.00135881  -0.000640007  0.00127189
290.383  352.824  0.00203471  0.000467407  0.00619124
299.609  336.021  0.000818409  -0.000265907  0.0128742
281.352  36.0801  0.000450488  -0.000524638  0.00213823
303.585  394.756  0.00121381  0.000341977  0.00062666
324.691  164.396  0.00269331  -0.000439075  0.000799784
329.896  47.6246  0.0154944  0.00212556  0.00180676
319.592  220.689  0.000917941  0.000244603  0.000841547
340.26  269.295  0.000761283  -0.00108649  0.00460338
334.155  223.013  0.00258852  -0.000548799  0.000592038
369.535  206.343  0.000954119  0.000221467  0.0230092
373.132  234.107  0.000699356  -1.69404e-05  0.000371234
371.98  423.592  0.0130289  -0.000629907  0.016383
369.393  107.899  0.00139536  -0.000129335  0.000329275
397.976  31.0883  0.000641913  0.00018274  0.00152026
401.714  379.85  0.00541686  0.00136581  0.00836501
416.296  205.878  0.00215363  -0.000160233  0.000725883
427.012  252.582  0.0137977  0.000908774  0.0102356
429.832  241.993  0.00368447  0.000200945  0.00272615
449.721  268.147  0.00159822  -0.00118765  0.00473529
432.561  281.617  0.00241238  -0.00149247  0.00939124
446.38  255.742  0.0050504  0.00108161  0.00106475
459.253  203.396  0.00959299  0.0044721  0.0165843
501.146  164.688  0.000634012  1.21509e-05  0.00109747
470.808  110.016  0.000823591  6.06359e-06  0.00110082
501.044  381.317  0.000861672  0.000389958  0.00671394
505.538  196.838  0.000637122  -0.000246781  0.00101153
519.796  249.581  0.0014384  0.000368187  0.00106617
517.811  292.459  0.0163736  0.000620499  0.0163736
512.018  119.218  0.00249165  -0.000949647  0.00157493
526.59  217.14  0.00848771  0.00156809  0.00252953
536.606  402.468  0.0143598  0.000889972  0.0146356
562.233  105.697  0.00156592  0.000685694  0.0026149
554.696  324.404  0.00546902  -0.00385716  0.0102057
572.684  291.915  0.00189057  -0.000369623  0.00102835
564.374  197.879  0.00092293  0.000342381  0.0011062
570.013  356.44  0.0137185  -0.000180409  0.0136816
572.862  394.191  0.00925871  0.00185592  0.00786116
602.487  208.613  0.00332656  -0.00202097  0.00967462
632.152  314.112  0.00530597  4.78091e-05  0.000862178
658.818  210.871  0.000651289  -0.000506957  0.00965241
636.509  307.868  0.00771985  -0.00285606  0.00161447
645.018  296.117  0.0156635  0.000313509  0.00277368
655.405  275.982  0.00232469  -0.00326694  0.0164226
659.103  486.287  0.00228453  -0.00487992  0.0212007
704.599  296.849  0.00183487  -0.00114432  0.00274687
696.509  314.301  0.0136151  0.00789534  0.00564321
694.394  246  0.0138479  0.000383876  0.0168881
686.757  370.693  0.00236826  -0.000440746  0.0060451
689.094  161.718  0.00169548  -0.000291229  0.000526637
716.874  228.216  0.00146421  -0.000140648  0.000962852
695.517  167.817  0.00193942  0.000113502  0.000593144
716.015  103.587  0.00112239  2.7995e-05  0.00060474
717.506  351.795  0.00234493  0.000983954  0.0105074
708.909  499.709  0.00769459  -0.00105595  0.0188563
730.129  329.744  0.000888724  9.04763e-05  0.0022938
723.949  184.138  0.00491328  0.000344312  0.00125764
717.346  332.042  0.00629312  0.00300051  0.00407236
756.88  64.4637  0.0214978  -0.00162997  0.00380203
761.861  212.355  0.00116424  -0.000809381  0.00146542
759.921  430.423  0.00739918  0.000526625  0.0201308
763.242  292.396  0.00788881  -0.00321866  0.00991089
765.645  215.272  0.0154214  -0.000456271  0.0147975
758.302  227.924  0.00069509  0.00036219  0.00100038
778.253  321.474  0.00383383  0.00152932  0.00110362
784.835  106.646  0.0133041  0.00125566  0.0173151
804.017  71.2292  0.000789976  8.28985e-05  0.000807479
794.497  379.545  0.00243909  0.00147533  0.00997879
809.321  416.224  0.00463702  -0.00338677  0.0113353
791.456  246.327  0.0013919  0.00175735  0.00580155
810.248  319.06  0.000975907  0.000617824  0.00129804
823.793  261.093  0.0149451  0.00115628  0.00111954
837.21  402.384  0.00107961  -0.00174437  0.0066819
853.885  239.709  0.00141358  -0.00253123  0.0113111
850.401  297.112  0.00350048  -0.00113049  0.0219243
858.431  422.736  0.00132638  -0.00189824  0.00762046
849.22  446.354  0.00342503  0.00125961  0.00928338
830.127  398.192  0.000699753  -0.000723931  0.0102809
857.846  221.704  0.00366164  -0.00209597  0.00482576
863.609  307.006  0.00175492  -8.82493e-05  0.00112333
872.429  210.763  0.0196912  -0.00142976  0.00950881
859.932  286.547  0.000849888  -0.00117307  0.026725
41.518  286.948  0.000722652  0.000524899  0.00364778
46.1105  334.751  0.000979084  0.000109639  0.000338402
62.847  201.059  0.00260947  0.000333491  0.000445444
64.6301  229.147  0.00101389  -5.10246e-05  0.000186064
74.8217  90.7191  0.0103205  -0.000593257  0.000813849
96.2022  352.184  0.000389266  0.000215427  0.000705873
93.3979  480.656  0.000274846  0.000310373  0.00360125
92.9041  255.652  0.00122869  0.00181493  0.00461416
138.12  262.397  0.00133796  0.00156435  0.0026387
128.974  107.681  0.0022263  -0.000521106  0.00147657
121.48  78.6227  0.000447947  -0.000287238  0.000787998
149.366  91.3173  0.00504328  -0.000941815  0.000621441
128.532  156.697  0.000382176  -5.51208e-05  0.000446513
133.472  178.405  0.000457389  -9.60397e-05  0.000359694
192.507  462.485  0.000231379  9.98285e-05  0.000931217
192.756  91.2605  0.00836586  0.000273267  0.00115232
191.523  322.044  0.00492143  -0.00110174  0.00193892
199.215  175.294  0.00730439  0.00014397  0.00162924
213.403  65.2951  0.00897205  0.00125719  0.00488158
232.466  226.884  0.000309386  0.000201569  0.00860019
225.369  257.983  0.000284129  -5.03937e-05  0.000223807
247.596  364.386  0.00057568  -0.000820603  0.0113541
292.764  127.691  0.00142635  -4.9616e-05  0.000364282
269.472  243.31  0.000749268  -5.55715e-05  0.000401776
308.252  400.121  0.000308331  3.38971e-05  0.000315497
289.095  112.803  0.00124039  -0.000251581  0.000342697
324.588  55.4093  0.00622609  0.003123  0.00266709
325.092  182.338  0.00534219  0.000687907  0.0063184
322.912  340.508  0.00748484  -0.000168002  0.00824629
330.739  233.796  0.000585154  0.000132482  0.000273538
372.561  423.858  0.00764237  0.000172036  0.00817191
423.167  178.478  0.00123749  0.000135159  0.000454038
427.754  394.042  0.000598938  0.000375923  0.00106731
446.34  280.371  0.0006062  -0.000838805  0.00855401
474.685  255.215  0.000410581  7.03409e-05  0.00108537
460.337  80.1018  0.000537101  5.91002e-06  0.00022149
442.752  340.139  0.000742997  0.000681829  0.00136284
480.189  220.171  0.000353845  0.000203099  0.000409948
477.733  249.022  0.000371561  0.000236079  0.000675733
458.577  105.321  0.00050613  -8.56969e-05  0.000741605
515.734  120.507  0.00216234  -0.000772409  0.000859133
529.868  238.746  0.00658282  0.000266847  0.000521223
562.226  102.388  0.00125271  0.000317002  0.00131224
555.096  292.524  0.000532657  -0.000223584  0.00105792
563.04  163.333  0.000967835  -0.000278366  0.000432588
570.538  356.479  0.00821432  0.000506341  0.00805164
611.969  85.4036  0.000639773  3.0868e-05  0.000312196
586.906  229.603  0.00071917  -0.000123256  0.000465741
624.741  337.369  0.0026014  1.17513e-05  0.00743491
632.874  304.264  0.00371952  8.59188e-05  0.000469328
608.999  368.576  0.000497656  2.06857e-05  0.000645336
653.983  207.437  0.000441631  -0.000745343  0.00460921
640.178  262.103  0.00739911  -0.00127526  0.000469024
690.712  66.4102  0.000334387  7.07963e-05  0.000378261
708.795  85.8859  0.000886968  -8.38531e-05  0.000321339
718.818  252.788  0.00156064  -0.000279467  0.000682023
697.831  168.839  0.00458926  0.000272958  0.000485268
715.137  238.009  0.00138108  -5.67199e-06  0.000521093
749.786  352.903  0.00230817  -0.000640693  0.00331036
751.412  158.404  0.0013036  5.29239e-05  0.000539843
764.911  224.731  0.000314551  0.000127422  0.000605417
783.875  302.243  0.000686168  -0.000332431  0.00277334
797.503  474.627  0.000969099  0.000975002  0.0109394
790.752  246.568  0.00154488  0.00160734  0.00377719
809.642  102.925  0.00437201  0.00107995  0.00922204
809.229  71.7151  0.000334723  2.19991e-05  0.00079113
824.572  397.408  0.00152239  -0.000515722  0.00580144
849.789  250.69  0.000880234  0.000284298  0.00089868
844.782  96.5756  0.00479741  0.00112646  0.00933678
71.9417  92.431  0.00567692  -0.000685669  0.00045219
103.576  352.225  0.000202381  0.000138741  0.000688806
124.112  394.381  0.000131159  0.000131713  0.00162795
125.73  35.5147  0.00231492  -0.000314783  0.00119825
130.452  268.823  0.00097982  0.000693768  0.00140753
114.497  72.3587  0.000377424  -0.000120308  0.00134268
116.013  317.058  0.00033528  -3.60567e-05  0.000223395
123.49  101.866  0.000407654  -0.000143092  0.000215548
129.3  159.25  0.000398352  2.13229e-05  0.000149529
124.524  166.92  0.000436205  -0.000194187  0.000396732
199.377  410.143  0.000166646  0.000134386  0.000726911
191.04  63.801  0.000525953  -1.629e-05  0.00265124
230.879  223.112  0.000245353  -8.98778e-05  0.00150169
189.183  160.312  0.000514138  -0.000104413  0.000771171
217.279  269.067  0.000134103  -1.00983e-05  0.000164325
218.209  454.423  0.00014977  0.000130523  0.00117112
292.477  136.305  0.00130072  -0.00011184  0.000221822
277.439  332.644  0.000409215  -0.000509843  0.00648408
279.238  115.908  0.000532394  -4.92541e-05  0.000461622
323.749  177.202  0.00271477  9.23121e-05  0.00202729
326.112  114.331  0.00342239  0.000566246  0.000223443
365.674  112.318  0.00106643  2.24367e-05  0.000274908
405.277  120.66  0.0029427  -0.000169046  0.000565793
403.414  196.702  0.000438453  -0.000136117  0.000325334
465.998  204.969  0.000152811  -1.43059e-05  0.00013271
487.903  210.345  0.000434481  9.54789e-05  0.000162366
638.352  253.112  0.00195667  5.42436e-05  0.00220201
659.027  420.819  0.000119712  -3.53537e-05  0.000395083
687.465  79.3351  0.000229676  4.15489e-05  0.000281108
772.83  219.673  0.000185685  7.29458e-05  0.000694113
822.192  396.773  0.000628577  -0.000396314  0.00536811
846.658  238.709  0.00128874  -0.0001286  0.00405536
