1.0
677
14.4923  30.1654  0.00439085  0.00179977  0.0148931
37.7018  336.851  0.00507165  0.00671175  0.0166395
30.7626  376.288  0.0198681  -0.010354  0.0162688
47.1858  398.72  0.00190314  0.00101735  0.0098144
30.3123  42  0.0133962  0.000521066  0.00459379
31.9495  75.2273  0.0131323  0.00696211  0.020779
30.3223  192.355  0.00572592  0.00364718  0.0190269
36.5515  27.2121  0.0198659  -0.000225436  0.0134936
42.6954  88.4721  0.00333063  -0.000744777  0.00290066
35.9944  162.264  0.0106724  0.000649272  0.0224623
32.9716  464.83  0.00118927  0.000929127  0.00687175
39.1052  112.983  0.00427866  0.000683411  0.0175422
51.0025  392.783  0.00983071  -0.00779341  0.0106009
49.9206  36.0467  0.0266224  0.00862349  0.00898864
54.1765  304.691  0.0140687  -0.0024856  0.0307144
54.8727  418.891  0.00682345  0.00472652  0.0134868
63.1155  60.0784  0.00610997  -0.00198057  0.00284071
68.3546  351.845  0.00367571  -0.000530423  0.00128089
67.018  180.708  0.00161501  0.000221752  0.00132917
66.1938  241.543  0.00842728  0.00201458  0.00692642
73.5443  65.9979  0.00859114  0.00318318  0.00566314
70.9897  474.745  0.00135073  0.000530775  0.00240293
77.7021  392.505  0.00775476  -0.00325279  0.00928888
71.8939  365.788  0.00395469  0.00368224  0.0414736
81.8053  377.16  0.0031524  0.00298833  0.0175262
90.1885  476.376  0.00209132  0.000288891  0.00347754
86.45  169.907  0.00462171  -0.00328729  0.0084333
90.9949  125.328  0.0176968  0.00580438  0.0111002
96.9518  357.846  0.0030461  0.00240456  0.0166533
90.764  66.9977  0.00584468  0.000317427  0.00511976
98.6114  395.845  0.00148075  -0.000496878  0.0017228
95.9884  16.9249  0.00573242  0.0048355  0.0151205
99.4783  344.98  0.00460104  -0.00132409  0.00212876
96.2391  452.204  0.00204505  -0.000658131  0.00230228
110.117  21.0901  0.00503107  0.00603929  0.0317399
108.517  341.574  0.00285785  0.00154209  0.00284687
106.448  151.303  0.00355822  0.000968878  0.00315257
106.386  381.353  0.00489487  -0.00198138  0.0314368
112.358  285.368  0.00189855  0.000469689  0.00257717
119.888  23.6691  0.00977302  -0.014287  0.0285546
117.935  48.6278  0.00207087  -0.000186062  0.00112103
116.334  344.055  0.00357895  0.000628561  0.00227496
122.174  231.504  0.0296356  -0.000608895  0.0204483
116.929  366.216  0.00137342  0.00255246  0.0145159
117.896  382.768  0.00265015  -0.00509503  0.024124
140.301  28.5328  0.00136796  -0.00130668  0.0331571
140.919  256.162  0.00331071  -0.000545939  0.00112578
141.765  416.835  0.0158116  0.00710021  0.00575182
153.492  341.35  0.00145042  0.00145582  0.00451191
161.84  270.994  0.00449493  0.00340899  0.00910255
157.693  246.951  0.0192072  -0.00294437  0.00355555
157.951  390.963  0.00771719  0.00467653  0.00757387
160.985  296.23  0.028332  0.00325191  0.0183456
167.293  430.333  0.00356057  -0.00120333  0.00176096
168.304  372.503  0.0119109  -0.0069664  0.0254843
166.448  344.32  0.00280882  -0.000424798  0.00155056
172.641  26.8889  0.0168663  -0.0122294  0.0313262
171.065  331.267  0.00445264  0.00102297  0.00208601
179.549  281.702  0.00511755  0.00028534  0.00378882
164.186  331.963  0.00192653  -0.0027371  0.0164784
175.557  155.999  0.0014826  3.81733e-05  0.00588262
173.957  77.6228  0.00862229  0.0108959  0.0227986
182.456  57.9408  0.0101466  0.000534789  0.0295446
175.109  114.85  0.00189458  0.000613818  0.00132768
186.147  489.827  0.00365336  -0.000182332  0.00250058
195.233  305.858  0.00341288  -0.00162018  0.0208395
192.946  254.439  0.0045838  0.00139365  0.00753086
195.411  41.006  0.0186117  -3.72987e-05  0.0150593
205.343  277.631  0.00376756  -0.00182341  0.00691376
203.251  82.0171  0.0178321  0.00914158  0.0191399
209.838  298.042  0.00245735  0.000289877  0.0044767
202.779  458.903  0.00122054  0.000162139  0.00121727
215.729  242.876  0.0234464  9.24387e-05  0.0173203
228.744  201.854  0.00373922  -0.00115367  0.00241298
217.835  227.433  0.0293488  -0.00314275  0.0188046
219.725  261.167  0.0203451  0.00338514  0.0309071
210.359  294.023  0.0029543  -0.00120543  0.00725368
222.399  267.554  0.00833882  -0.00322672  0.00307795
233.585  65.4146  0.0216639  0.00780771  0.0161524
225.769  302.63  0.00282129  0.00145545  0.00341715
244.679  147.496  0.00805569  -0.00383317  0.00650325
256.625  430.168  0.00208618  -0.00133452  0.00684343
246.5  259.433  0.0204587  -0.00311541  0.0199972
257.351  378.603  0.00146481  -0.0013711  0.015279
251.836  35.717  0.00599476  -0.00378755  0.0458706
245.79  290.422  0.00546614  -0.000480533  0.0111749
252.792  309.086  0.00669521  0.00374041  0.00324312
255.442  211.695  0.00341082  0.00106663  0.0509125
256.896  433.803  0.00215337  0.000190584  0.00293967
259.216  198.639  0.0101849  0.00192476  0.00600094
264.907  101.306  0.0313731  -0.00507239  0.0256154
266.358  25.3919  0.0262659  0.0101105  0.0194953
261.815  168.203  0.0188219  -0.0130117  0.0165075
267.489  278.084  0.00906093  0.000966299  0.0172823
258.041  426.606  0.00337286  -0.00237234  0.00548622
279.887  94.3208  0.0285332  0.00414965  0.00217205
277.821  461.123  0.0169338  -0.00185518  0.0029708
277.267  60.907  0.0127717  -0.00524159  0.0205862
286.598  267.543  0.00473045  0.000611129  0.00133877
286.007  426.832  0.00725104  0.00379031  0.00672059
284.765  236.101  0.0103989  0.00331729  0.00803262
289.741  26.8926  0.00643697  0.00239312  0.0152091
289.8  162.404  0.00528626  0.000152534  0.00281232
285.395  127.288  0.0184439  0.00160947  0.0135402
285.975  156.598  0.00193356  0.000256593  0.00602322
289.085  113.99  0.0143278  0.00271408  0.0158161
283.128  140.655  0.00487351  0.00557976  0.0112828
295.563  240.426  0.00203901  -0.000628795  0.00419537
293.287  485.163  0.000894817  -0.000444008  0.00222189
295.322  198.696  0.0189219  0.00209  0.0364241
295.067  213.675  0.0274649  0.00349314  0.0233744
297.531  23.2622  0.00343949  0.00413826  0.0110586
287.312  329.231  0.00119509  -5.31245e-05  0.0108174
303.061  48.8479  0.00985084  0.00239886  0.00824645
301.465  458.906  0.00268336  0.00141595  0.0101087
303.115  216.194  0.00438832  0.00306763  0.00763146
305.206  233.994  0.00811563  0.00138709  0.0305294
317.192  84.0551  0.00360606  0.000811293  0.00202054
310.939  379.495  0.000941115  -0.000110895  0.0107195
310.429  70.7589  0.0183953  0.000762222  0.036947
316.695  39.2327  0.00196289  -0.000456565  0.0457234
309.368  201.983  0.00287622  -0.0033794  0.018069
314.974  242.599  0.0117087  -0.00135635  0.0194643
314.594  331.528  0.0124301  -0.00200728  0.0183323
320.542  153.008  0.0103585  0.000572042  0.0150024
322.56  19.951  0.0179608  0.000454896  0.00889272
329.914  370.998  0.00202245  0.000279668  0.00208612
331.317  58.02  0.00527332  0.00203361  0.00359247
324.756  46.5611  0.015016  0.00600505  0.0206472
325.09  138.122  0.0145834  0.00258864  0.00540195
331.295  51.753  0.0136676  0.0113793  0.0305308
328.826  173.478  0.0325358  0.00192582  0.0207574
333.23  274.107  0.00148896  0.00107888  0.0151674
331.432  246.651  0.0107838  -3.26583e-06  0.0150867
328.371  316.629  0.00851427  0.00164037  0.0119858
329.358  371.647  0.000989151  0.000149226  0.00160063
326.194  39.4676  0.00314836  0.00382279  0.0484809
336.793  13.8713  0.0147418  0.00526057  0.00674448
344.091  161.896  0.00343008  0.000998414  0.0193298
340.823  291.501  0.00831457  0.00185846  0.00333438
347.221  143.744  0.00288383  -0.000730886  0.00158324
344.672  51.75  0.0153357  0.00576755  0.00585958
347.979  436.138  0.0177652  -0.00415662  0.0095323
360.676  143.804  0.0201833  -0.00764776  0.00785144
363.644  68.5333  0.0165598  0.00711664  0.03409
360.955  317.147  0.00300512  -0.00328405  0.0248584
370.478  400.705  0.00380917  5.30163e-05  0.00128317
362.673  495.997  0.00301021  0.00491202  0.0162653
372.531  236.393  0.0134255  -6.83262e-05  0.0274086
373.963  101.256  0.0180791  0.0161318  0.0291253
373.351  217.553  0.0143292  0.00537514  0.0185164
375.405  133.416  0.00143873  0.00105895  0.00615805
384.415  310.643  0.0039309  -0.000919603  0.0132267
378.514  177.878  0.0123353  0.00403138  0.00549352
378.544  346.775  0.00142012  -5.425e-05  0.00117001
386.785  46.2039  0.00369888  0.00116033  0.00167177
384.653  258.105  0.017381  -0.00037978  0.0276465
387.036  187.662  0.0198307  0.000934233  0.0172206
384.62  382.545  0.0182804  -0.000297073  0.00532714
389.935  217.071  0.0096065  0.000619074  0.0285032
385.778  227.074  0.00111828  0.000473652  0.0107912
391.693  273.311  0.00642396  0.00128823  0.0210043
385.552  309.614  0.00398317  -0.00413829  0.0287205
384.193  145.895  0.00432416  0.00404092  0.00895939
402.557  332.943  0.00284657  0.00208277  0.0302659
400.858  286.571  0.0030966  -0.000973192  0.0128592
395.328  497.284  0.0135819  0.0130998  0.044995
411.652  271.937  0.0141372  -0.0205305  0.0346212
407.679  395.183  0.0211374  0.000510011  0.0059173
397.298  379.801  0.00563966  -0.00250851  0.00878226
400.456  105.664  0.00294423  0.00190358  0.0122492
409.743  409.69  0.0237819  -0.00765203  0.0312253
406.24  447.622  0.0109515  0.000122721  0.00321379
411.21  148.716  0.0264078  0.000487907  0.0112874
398.024  279.418  0.00660614  0.0110746  0.027516
424.78  130.77  0.00276387  0.00267891  0.0086569
415.966  262.567  0.00365236  -0.00308685  0.0363692
416.63  426.447  0.00306901  -0.00283237  0.023731
418.379  291.841  0.0324198  0.00635144  0.00816897
427.559  410.681  0.00519325  0.00217878  0.0206542
420.017  168.154  0.0205753  0.00435099  0.0317996
419.979  29.115  0.0016533  -0.00025744  0.00214298
423.873  204.783  0.0114203  0.00623166  0.00423547
421.294  479.816  0.0146836  0.0128354  0.0172158
440.373  323.67  0.00833166  0.00989794  0.0214316
437.744  113.324  0.00327979  0.00107173  0.00259004
443.181  271.771  0.00620883  0.0078254  0.0171342
427.518  243.563  0.00314165  -0.00697703  0.0221313
442.506  316.891  0.0064237  0.00374536  0.00643948
438.126  415.936  0.00716762  0.000798194  0.00351625
449.194  435.272  0.00122128  0.00048411  0.00483463
444.911  396.604  0.006204  0.00326798  0.010979
444.751  23.574  0.0193324  0.0097502  0.0199246
449.228  345.306  0.0311759  0.00157113  0.00810601
451.099  155.955  0.00422416  0.000405286  0.00193279
463.091  281.118  0.00221  -0.00106096  0.00740013
452.499  183.509  0.00351652  0.00179508  0.0162912
457.238  335.754  0.00665787  -0.0114779  0.0348749
464.956  151.528  0.00252647  -0.001361  0.00371395
464.761  429.513  0.0119475  0.00683192  0.0155128
469.338  257.45  0.0103922  0.00640374  0.0337319
468.852  283.967  0.0137581  -0.00421342  0.0196506
475.439  118.38  0.00205783  -0.000484714  0.00400278
480.394  131.627  0.0029737  0.0068466  0.0431011
470.285  228.742  0.00244456  0.000412625  0.00147679
467.946  181.065  0.0094667  -0.00886284  0.0241952
473.07  487.14  0.00626951  -0.000405545  0.00383524
477.108  301.128  0.00191575  0.00229349  0.0180985
476.036  86.2184  0.00217859  0.00210501  0.0170834
477.252  234.087  0.00234997  0.00179846  0.00328959
472.292  153.15  0.00375863  -0.00373665  0.00858597
484.084  366.009  0.00492451  0.000264506  0.0327943
477.209  333.198  0.0139249  0.00709879  0.026403
479.57  459.51  0.0309099  0.00142341  0.0311218
465.135  273.044  0.00207442  0.00183642  0.0041146
481.554  95.0298  0.00945408  0.000224508  0.0238846
468.995  203.339  0.00223779  0.00164799  0.0214788
496.346  183.643  0.00215341  -0.000492134  0.00158611
488.422  350.551  0.00530643  0.00337239  0.00725144
484.374  451.859  0.0172252  0.00458452  0.0185624
474.913  120.119  0.00221109  -0.00061275  0.00933929
486.862  217.659  0.0033661  -0.00170834  0.00730325
492.354  75.3125  0.0133614  0.0036541  0.0294592
483.5  140.405  0.00298841  -0.0011235  0.0163981
492.156  252.409  0.0069345  -0.00167902  0.0263995
492.366  128.85  0.00507424  0.00651837  0.0469271
500.294  461.078  0.00475005  0.00060196  0.00406325
491.476  300.117  0.010564  0.00122571  0.0160257
496.107  163.91  0.00464139  0.00123559  0.0286566
504.044  270.239  0.0055086  -0.00101403  0.00235074
504.804  107.178  0.00775091  0.000696441  0.0109316
504.532  269.929  0.00450579  0.00037831  0.00173061
496.207  290.805  0.00340578  -0.00882891  0.0377073
520.891  152.194  0.00134084  -0.000297562  0.00804103
496.632  194.579  0.00124823  6.89895e-05  0.00570646
514.722  476.316  0.00750505  -0.00298072  0.0238307
510.478  96.3597  0.00323937  0.000252009  0.00154613
501.225  332.039  0.00183721  0.0022485  0.010558
522.34  436.854  0.00283159  -0.000564823  0.00352919
523.723  350.769  0.00629912  -0.00748505  0.0170308
523.449  135.347  0.00847084  0.0120265  0.0417921
518.055  125.228  0.00656845  0.00323485  0.00864239
512.177  328.002  0.00344802  0.00219275  0.00566751
527.35  153.169  0.00205055  -9.25472e-05  0.00204984
531.916  478.717  0.00760759  -0.000103791  0.00370334
527.563  451.065  0.0130484  0.00694481  0.0088702
525.878  111.856  0.00829344  -0.00882172  0.0374748
517.808  150.715  0.00477471  0.00126988  0.00518478
529.255  278.424  0.0109389  0.00163131  0.0235825
537.53  42.4861  0.0136867  0.00933031  0.0160044
544.174  446.873  0.00409056  0.00416716  0.0193989
527.412  77.4864  0.00121069  0.000418156  0.00201277
527.695  262.059  0.0166722  0.00915239  0.0077732
535.475  364.705  0.0149366  -0.00214909  0.0117637
537  190.881  0.0242391  0.00255655  0.0172567
546.269  98.8494  0.0153066  0.00330068  0.00313698
542.128  142.041  0.00427638  -0.00192466  0.00923176
542.872  384.688  0.0312019  0.00766816  0.0155353
548.157  78.3238  0.00609449  0.00447032  0.018167
545.916  333.14  0.0224418  -0.00332198  0.0161633
548.842  95.0404  0.00655135  0.00309479  0.0135882
552.953  419.355  0.00238573  -0.00175193  0.0182954
547.741  210.38  0.0354345  -0.000892969  0.0222368
550.214  454.443  0.0192235  0.0020379  0.0235099
551.711  280.481  0.0129462  -0.00095766  0.0386113
558.014  58.4646  0.00318669  -0.000793827  0.0046708
557.664  326.169  0.00882063  0.00492918  0.00605538
571  415.982  0.00267025  0.00248038  0.0240607
570.946  124.682  0.0185526  0.0118165  0.0331627
573.622  494.102  0.0271846  -0.0110809  0.037942
566.354  416.536  0.00197827  0.00269612  0.0239004
579.865  395.118  0.0151824  -0.00219547  0.0107183
577.608  308.977  0.0174279  -0.00239717  0.0172543
587.754  296.446  0.00407092  -0.00129065  0.0158134
584.404  64.5209  0.00680891  0.0004793  0.00249047
586.722  367.424  0.00106372  1.29744e-05  0.00481572
587.494  180.895  0.0221905  -0.00408001  0.0107592
589.64  224.286  0.0185076  -0.00445715  0.0142602
591  120.625  0.0261481  0.00391751  0.00978427
583.316  276.009  0.00285728  -0.00183418  0.0082146
592.209  249.767  0.00807187  -0.00249681  0.0140325
588.509  334.53  0.00870601  -0.00113411  0.0123957
606.813  328.107  0.00372836  -0.000795194  0.00174599
602.306  271.911  0.00278929  -0.000751645  0.00462197
602.855  27.4892  0.00462148  0.0024943  0.00491294
604.21  369.735  0.00254282  0.00576106  0.0277931
612.934  59.7369  0.00236829  -0.000959304  0.0028114
600.092  398.437  0.0100821  -0.00496885  0.00563265
605.282  241.418  0.0152885  0.000785002  0.0155066
608.549  297.544  0.0232666  -0.00811592  0.0103773
607.725  499.394  0.0140337  0.00570937  0.0269428
608.553  193.875  0.0299019  -0.00254885  0.0135197
612.539  444.786  0.00878674  0.00643889  0.0138059
614.661  425.742  0.00314631  0.0024981  0.0109207
611.718  339.042  0.0063949  0.00118496  0.0147806
613.86  163.633  0.0110009  0.00490042  0.0364347
615.782  367.641  0.010943  -0.00130076  0.0139328
617.273  392.236  0.00382306  -0.00224546  0.00282256
614.137  103.771  0.00624922  0.00270938  0.00400345
628.049  212.303  0.00414234  0.000752069  0.00151043
626.4  461.416  0.00209667  -0.000360384  0.00219545
622.31  78.5194  0.0239901  0.00998794  0.0265822
627.549  301.785  0.00683625  0.0121525  0.0291965
620.643  362.543  0.00760378  0.00529772  0.00884511
622.543  276.19  0.0312515  0.000312364  0.0266207
602.643  318.484  0.0021049  -0.000334643  0.00433282
630.197  334.85  0.0121271  0.00103547  0.000929895
627.941  236.941  0.0130302  -0.00149722  0.0115223
626.486  292.573  0.0210459  0.00985116  0.0142561
620.993  174.903  0.00232375  0.00270608  0.0446097
626.547  338.853  0.0220465  -0.00516319  0.0059017
621.833  402.538  0.00355812  -0.00367324  0.0128593
630.611  251.337  0.0221315  -0.00158464  0.00130184
632.78  384.659  0.00523149  0.0031313  0.00383273
630.392  458.19  0.00238943  0.000195386  0.00359497
630.276  207.695  0.00494445  0.0010452  0.00106067
629.239  195.209  0.00254538  0.000168892  0.00677238
643.367  262.892  0.0123992  -0.00950541  0.0322862
643.231  391.379  0.015808  0.00541106  0.00534041
650.55  312.503  0.0029187  0.00166684  0.0087306
647.421  481.599  0.0116564  -0.000146909  0.00562342
646.459  298.291  0.0185033  -0.000166062  0.00787877
650.765  419.643  0.0303801  0.00119856  0.033133
652.528  264.652  0.00709229  -0.000543101  0.0017728
650.988  36.3494  0.0152233  -0.00195342  0.0192897
654.031  378.004  0.0174915  0.0142447  0.0204661
664.875  13.7194  0.00307764  0.00574108  0.037016
665.731  133.447  0.00332532  0.00156426  0.00636472
656.856  204.103  0.00827761  -0.00358849  0.00801338
655.017  268.158  0.00908211  0.00147304  0.002364
654.812  358.608  0.0224835  -0.0130776  0.0194602
656.948  287.5  0.00396806  -0.00103933  0.012638
660.694  330.185  0.0158635  0.0126062  0.0177401
668.12  37.6726  0.00553869  0.00104865  0.0103028
675.277  318.525  0.00404293  0.0084509  0.0413685
665.714  267.835  0.0154336  -0.00721155  0.0142521
668.612  138.057  0.00953588  0.00695421  0.0247194
666.511  104.792  0.00607546  -0.00461628  0.0174571
678.183  309.847  0.00463605  -0.00285873  0.0125729
678.173  249.179  0.0125909  -0.00455118  0.00602357
676.769  389.98  0.00625721  0.00306805  0.00366809
680.62  14.6075  0.000626502  -0.000258859  0.0165236
681.045  217.719  0.0140729  0.00897568  0.0178499
678.551  348.455  0.0303864  0.00911539  0.0135959
675.527  172.961  0.00156547  -9.46294e-05  0.00121809
690.635  308.496  0.00190795  -0.00164767  0.0300068
681.587  352.023  0.00268083  0.00275817  0.00566375
690.627  501  0.0113886  0.00262862  0.0241941
691.275  204.838  0.00844533  0.00821643  0.0319412
702.904  319.808  0.0029549  -0.00160186  0.0218046
697.447  399.698  0.015564  -0.007339  0.0154488
710.426  59.7666  0.00266986  -0.00013219  0.000970464
697.816  329.255  0.0246458  -0.00534404  0.0189905
698.105  471.202  0.0208114  0.00202681  0.00785588
710.003  47.0739  0.00210012  -0.00145732  0.00794412
687.242  151.855  0.00218875  -0.00154969  0.00654708
703.144  226.104  0.00239272  -0.000665186  0.00721681
714.014  263.633  0.00336717  0.00719183  0.0294219
704.07  479.24  0.0214201  0.00192542  0.0205645
709.621  288.781  0.00841186  -0.00630609  0.0186473
708.401  344.714  0.00173024  0.000305236  0.00464473
710.525  319.797  0.0125047  0.000969659  0.0153197
714.283  169.473  0.00895466  -0.00484057  0.0189257
714.707  282.992  0.0249083  -0.00453646  0.0225578
717.213  308.91  0.00568632  0.00209758  0.0181031
716.843  35.133  0.00276027  -0.000842208  0.00215471
715.134  236.567  0.0023403  -0.00154731  0.00246061
726.848  477.475  0.00181276  -0.000320698  0.00705107
732.068  132.375  0.00206436  0.000239215  0.00604166
724.977  194.191  0.0155885  -0.00477456  0.0321781
717.267  34.3003  0.00172477  0.000974078  0.00448185
737.646  253.079  0.00921774  0.0180099  0.0452295
716.228  207.551  0.00210376  -0.000740792  0.00456077
729.028  399.491  0.0208938  0.00263396  0.0342095
729.634  410.136  0.00282917  0.000287021  0.00734819
730.425  47.9528  0.032931  0.00533233  0.0264237
733.763  233.471  0.0078928  0.00189648  0.00646406
731.33  333.312  0.026496  -0.0024493  0.0306599
734.583  414.809  0.0288585  -0.00299279  0.0029707
728.682  107.615  0.00311175  -0.00175229  0.00278679
729.468  266.559  0.00952892  0.00668668  0.0103996
742.282  444.891  0.0172004  -0.0110166  0.0150497
734.11  272.548  0.00497552  -0.000745226  0.00206422
741.223  448.619  0.0296357  -0.00507536  0.00411667
743.249  250.814  0.00526973  0.00871096  0.0447333
738.487  364.711  0.00200045  -0.000118287  0.00247731
747.395  483.486  0.00394559  0.000759334  0.0104599
750.445  72.8902  0.0280985  -0.00217362  0.0116591
751.101  257.281  0.026779  -0.000571328  0.00224162
34.4758  468.263  0.00123259  -0.00110247  0.00303501
31.9846  39.872  0.0168827  -0.00134681  0.0117618
28.0891  372.94  0.0189027  -0.0105277  0.0106252
32.4904  98.5595  0.0244022  0.00253276  0.00574777
33.4787  408.376  0.0137253  0.00343729  0.0142996
33.0346  73.79  0.0159432  0.0033411  0.0120242
53.2015  92.7128  0.00137121  -0.00012938  0.00219201
47.1551  139.911  0.00330225  0.00436602  0.00811705
37.389  24.1278  0.0191849  0.00128373  0.00723773
46.356  159.777  0.00139579  0.00344744  0.0245663
49.2197  351.321  0.00234954  -0.00131302  0.0018202
56.2079  54.0944  0.00304659  -0.00118027  0.00146587
54.6613  424.078  0.0038957  -0.00174126  0.00326387
44.4856  396.248  0.00177704  0.000943945  0.00528381
58.292  158.128  0.000953923  0.00127118  0.00354582
68.5766  423.609  0.00292698  0.00126053  0.00314542
74.0951  80.5657  0.00195527  0.00272998  0.0072277
55.7423  246.946  0.00220365  0.00303541  0.0076464
66.6056  103.866  0.00804246  0.00189955  0.00723515
58.222  350.553  0.000400044  -8.28744e-05  0.00239341
72.4074  376.036  0.00117525  0.000780293  0.0160865
88.6203  121.491  0.00165337  0.000487799  0.00127506
98.1435  211.458  0.00397153  -0.0024195  0.00358903
96.6467  91.2725  0.00393049  -1.18902e-05  0.00333453
117.334  153.108  0.00116629  -1.18008e-05  0.00281139
112.515  294.05  0.0021928  0.000147573  0.000994125
123.627  344.703  0.00169119  0.000481326  0.00273761
122.176  230.382  0.0158002  0.00126966  0.0161833
117.755  367.545  0.00141769  0.000410585  0.00550436
105.704  392.92  0.00181261  0.00124516  0.00299772
131.884  127.652  0.00573692  0.00197374  0.00766505
135.295  26.2265  0.00139984  -0.00231219  0.014857
144.301  429.105  0.00130207  -0.000612362  0.000734009
163.876  335.908  0.00115238  0.000225044  0.00500143
158.967  306.448  0.00215663  0.000230664  0.0223246
153.634  276.573  0.00906682  0.0042583  0.0111021
147.18  396.097  0.00237843  0.00278074  0.0181038
156.199  342.367  0.00143728  8.10494e-05  0.00209819
170.894  75.7579  0.0056206  0.00125652  0.00682995
182.018  58.5236  0.0123109  0.00329753  0.0148234
188.176  455.65  0.00576209  0.00120576  0.00281032
181.622  256.338  0.00414802  0.00147392  0.00613493
190.196  338.369  0.0161187  0.00545837  0.0106561
210.73  313.641  0.00122684  0.00246686  0.0147712
209.296  419.195  0.0172867  0.00140261  0.00279263
211.927  114.356  0.000315282  -0.000128259  0.00130526
205.147  298.77  0.00197679  0.00175382  0.0060721
215.256  243.412  0.0171573  0.000515737  0.0118688
217.769  227.913  0.016835  0.000885569  0.0149934
219.98  345.986  0.00328314  0.00224889  0.0226288
230.633  390.338  0.00483954  -0.00307032  0.00281337
233.609  41.1993  0.011998  -0.00608816  0.00742567
226.886  66.9327  0.00447308  0.00327788  0.0166788
231.838  313.231  0.00030956  2.70226e-05  0.00244114
243.252  270.521  0.0039902  -0.00435455  0.0209905
244.343  259.559  0.0109128  0.00266269  0.0141965
256.985  302.227  0.00911751  0.00576557  0.00651488
236.457  15.3383  0.00113244  -0.000946052  0.00789459
264.496  217.343  0.00350399  -0.00132482  0.00247102
255.838  113.239  0.00383419  -0.00064452  0.00807585
263.521  194.281  0.0069586  0.00427767  0.00587139
259.624  171.744  0.0077372  -0.000550427  0.00653828
263.919  28.5101  0.0160471  0.00952525  0.0125433
268.255  462.424  0.00304117  0.000549506  0.00295976
285.26  87.6519  0.00522848  -0.00278835  0.00946578
283.121  168.13  0.00138409  0.000211815  0.00130349
297.708  267.797  0.000587378  0.000362276  0.00353639
287.131  477.853  0.0027994  0.00179919  0.00264702
301.191  20.1902  0.00373212  0.00419747  0.00821593
293.549  306.535  0.0146281  0.000488492  0.0169315
284.058  328.333  0.00226594  0.000978945  0.0121199
285.469  294.199  0.00402088  0.00281576  0.00646772
297.158  49.0855  0.00489922  -0.000563376  0.00757584
305.68  453.848  0.000626722  8.93331e-05  0.00054534
320.484  215.481  0.000808206  -0.000186095  0.00642055
320.962  82.3882  0.00374097  0.00392874  0.0093621
324.141  61.2692  0.00209475  -0.000161888  0.0048176
308.891  200.352  0.002787  -0.00391631  0.0158703
315.054  332.475  0.00935196  -0.000429046  0.0152939
319.852  480.644  0.00595291  -0.000719724  0.00314937
328.714  490.913  0.0174076  0.00416748  0.0147696
330.221  81.4904  0.00107979  0.00184183  0.00982818
337.806  244.107  0.00255374  0.00254456  0.0198456
340.971  272.525  0.00167812  0.0032495  0.0148456
337.574  291.617  0.00433342  0.000260783  0.00288902
344.119  56.1882  0.00894312  0.00305284  0.007071
357.353  393.866  0.0113007  -0.00252545  0.00325571
355.984  170.701  0.0012172  0.000483445  0.010446
344.538  314.37  0.0010011  -0.00141743  0.0162105
362.017  348.694  0.00173272  0.00044242  0.000708576
375.39  275.064  0.00192202  0.000330089  0.00864069
373.672  399.499  0.00218792  -0.000341952  0.00147165
368.814  431.443  0.00324311  0.00402675  0.00738839
376.218  477.502  0.0157465  -0.00509868  0.0123832
384.008  74.1491  0.0163736  0.000620499  0.0163736
380.71  52.3553  0.0024367  0.00140512  0.002149
385.908  194.506  0.0187501  0.00298361  0.00291789
391.742  292.512  0.00287192  0.00237946  0.00550525
400.322  403.657  0.00674329  -0.000854287  0.00873169
410.667  118.797  0.00341812  -0.00118773  0.0121273
393.53  162.664  0.00255143  0.00278955  0.0123022
410.309  238.296  0.00427717  0.00141807  0.0117784
400.339  102.594  0.00269152  -0.00177813  0.0097538
408.339  446.622  0.0159551  0.00227964  0.00422396
428.622  89.1697  0.000672613  -0.000204865  0.00568244
410.135  185.395  0.00301793  -0.000325631  0.0176173
429.361  311.54  0.00130487  0.000189104  0.00919343
425.971  26.6051  0.0016474  0.000465379  0.00150539
414.994  367.107  0.0163736  0.000620499  0.0163736
413.707  261.783  0.00705107  0.00143878  0.0193309
424.174  294.539  0.00193097  -0.000419573  0.00830413
407.784  364.627  0.00412801  0.00538697  0.00955803
439.46  135.131  0.00416778  0.00438464  0.00802193
454.171  243.179  0.000747675  9.45162e-05  0.00395275
445.969  379.938  0.00660979  -8.10522e-05  0.000901143
456.437  154.382  0.00305688  0.00102841  0.00186613
432.695  265.266  0.000998607  -0.000779944  0.0104897
458.916  376.617  0.00857412  0.0012083  0.0183882
457.861  72.0284  0.00486658  0.00106577  0.00162406
460.399  337.207  0.00915945  -0.000946681  0.0174973
453.127  404.493  0.00123325  0.00150217  0.0036337
452.753  160.527  0.00124948  0.00101315  0.0024913
457.596  199.162  0.00105145  -0.00141848  0.00833377
468.087  227.348  0.000778661  0.000183538  0.00215594
469.433  301.408  0.00652677  0.00505782  0.0161581
480.947  380.444  0.00703364  0.00152497  0.00145327
483.229  96.586  0.00556378  -0.00551974  0.0139238
492.616  448.707  0.00342396  0.00500968  0.022823
510.895  334.881  0.000920569  0.000229615  0.0100432
475.455  65.2429  0.00635648  -0.00897537  0.0153097
473.074  231.946  0.00241841  0.00159842  0.00270136
496.246  57.2385  0.00114681  0.000266981  0.00452473
492.64  128.91  0.00626486  0.00178265  0.0205289
490.855  252.286  0.00485792  -0.000890006  0.020124
506.542  94.151  0.0107382  0.00157521  0.00166215
506.306  279.219  0.00060664  3.88927e-05  0.000425821
513.347  329.386  0.0037703  0.00273144  0.0168883
507.969  345.063  0.00506509  -0.000393382  0.00123061
511.664  475.103  0.0126446  -0.00164974  0.0196351
524.875  145.903  0.00197931  0.00288127  0.0108108
514.712  63.2923  0.00919117  0.00421911  0.015613
517.048  220.101  0.00099539  -0.000804045  0.00295626
524.804  112.654  0.00838271  -0.00325819  0.0170828
524.79  434.404  0.00185907  0.000908489  0.00451153
532.112  418.176  0.00220288  0.00155158  0.00179995
531.336  46.1526  0.00891641  0.0108957  0.0198877
538.192  370.631  0.0176831  -0.00603847  0.00462323
541.518  375.218  0.0192827  -0.00354151  0.00257279
545.235  95.0704  0.0128911  -0.00143351  0.0124346
547.546  158.638  0.0149136  0.00185113  0.00915316
528.953  329.469  0.00306358  -0.0036602  0.00647066
548.424  455.209  0.00685028  0.00351947  0.0192955
566.441  260.01  0.00277144  0.00313413  0.00632469
555.816  63.8614  0.00564244  0.0027668  0.00596693
559.843  127.127  0.00363949  0.00321695  0.0118426
564.178  259.453  0.00380155  0.00254939  0.0033372
571.705  66.7897  0.00960094  0.00429539  0.0136255
574.955  109.608  0.00556413  -0.00237725  0.00666966
573.185  494.813  0.0181775  0.00584807  0.0129276
574.978  168.893  0.0104229  0.00228341  0.00510625
582.978  464.333  0.00269845  5.89782e-05  0.00343875
581.627  391.974  0.00928641  0.00223956  0.00721873
599.906  390.689  0.0026692  0.000189435  0.00066199
622.254  55.5075  0.00131868  0.00103052  0.00294664
600.587  402.919  0.0093837  -0.00551629  0.00563328
602.265  458.284  0.000879077  -0.000639057  0.00161763
605.748  241.808  0.0108054  -0.00258973  0.0129387
608.269  192.567  0.014992  0.000292331  0.0159116
610.973  445.522  0.0105869  0.00234392  0.0107339
612.299  268.505  0.000675994  -0.000383525  0.0161406
611.992  169.698  0.00745809  -0.000493815  0.00478755
633.39  208.48  0.0026814  0.00104779  0.00221857
618.604  141.264  0.00520546  0.00163616  0.00621786
624.485  307.955  0.00678058  -0.00309589  0.010709
625.766  292.388  0.0145012  0.00635019  0.0108702
629.949  251.205  0.00519153  0.000744906  0.0010504
633.244  382.233  0.00591248  0.00154261  0.00530949
627.922  459.209  0.00383216  -0.000356067  0.00324847
631.795  188.913  0.00727407  -0.00558381  0.00808857
642.699  315.297  0.00949783  0.00041357  0.0102139
651.524  382.185  0.00942813  0.00582279  0.00513137
643.572  340.529  0.00549539  -0.00351329  0.015466
645.518  298.852  0.00771456  -0.00403575  0.00793415
646.064  483.754  0.016883  -0.00583751  0.00979662
650.843  35.249  0.0161695  -0.00624977  0.0125054
649.759  383.298  0.0160889  0.0132706  0.0133579
656.321  201.922  0.0106512  -0.0027437  0.00337965
653.656  274.648  0.00775294  -0.00049217  0.00778409
645.882  331.757  0.000819603  -0.000434752  0.00716623
661.962  467.031  0.0132243  0.00878146  0.0117245
670.708  264.559  0.00579773  0.00198581  0.00700795
663.512  124.103  0.00211282  0.00020965  0.00161012
673.72  183.046  0.00143465  0.000104862  0.00127891
663.754  391.301  0.00404148  -0.00411629  0.00663981
686.515  287.512  0.00270009  0.00274536  0.00564062
684.642  429.369  0.00135396  -0.000384582  0.00109955
690.7  204.838  0.00852988  0.00491018  0.0177779
701.241  308.499  0.000729002  -0.000726377  0.0280347
698.131  396.732  0.0141076  -0.000215805  0.00606
693.942  469.677  0.00751192  -0.000727027  0.00695054
695.888  332.331  0.00552058  0.0057967  0.0139915
685.274  230.854  0.00203136  0.0018633  0.00593783
715.06  265.567  0.00199226  0.0021179  0.0130405
693.042  350.319  0.000848023  0.00100901  0.0042995
715.31  199.479  0.0146627  0.000724175  0.0169448
698.956  307.947  0.000656341  -0.000811674  0.0204032
715.933  480.525  0.00116564  -0.00131138  0.00322436
716.798  138.138  0.000672378  0.000662444  0.0041393
724.534  194.078  0.0165772  -0.000796318  0.016613
730.584  45.3291  0.0215505  0.00759822  0.00989008
734.216  323.665  0.025814  0.0106274  0.00623764
31.8168  97.4148  0.0110153  0.00176964  0.00528001
47.6372  408.167  0.000597658  0.000204142  0.0125931
39.6906  82.4166  0.00823522  0.000256866  0.000673793
49.5361  399.169  0.00390281  0.00088894  0.0019691
50.0855  76.1053  0.00052651  -0.000360268  0.00145802
57.9933  247.618  0.00209293  0.000650832  0.00206937
57.8254  455.422  0.000311958  9.66985e-05  0.000612558
91.6598  67.957  0.00513696  5.50845e-05  0.00358526
112.241  341.286  0.000875815  0.000275161  0.00204223
99.6489  390.162  0.000803119  0.000416328  0.00307525
138.276  413.583  0.000279247  -0.00022805  0.000693337
162.833  340.162  0.00115062  -0.000203927  0.00305804
189.771  452.841  0.00415  0.00193183  0.00289531
192.548  210.651  0.000256635  3.13034e-05  0.000382268
203.966  264.806  0.00116404  -0.0010317  0.00213874
228.177  67.2724  0.00394911  0.00108817  0.00942727
243.624  147.105  0.00552986  -0.00256857  0.0052468
278.069  172.704  0.00097513  0.00065677  0.00120769
267.327  463.377  0.000912506  -0.000875646  0.0014495
286.422  87.043  0.00324511  -0.00130895  0.00803896
289.024  112.612  0.0077769  0.000118182  0.00798674
315.147  260.708  0.000659596  0.00106573  0.00408439
297.014  24.4136  0.00271747  0.00204774  0.00584944
284.579  238.746  0.000359987  -0.000570511  0.0108245
342.45  315.951  0.000955891  -0.000113483  0.0102933
342.175  273.242  0.000993744  0.00102533  0.00780784
345.571  56.6899  0.00420669  -0.000552229  0.00407134
347.123  438.916  0.00221711  0.000482606  0.00420256
378.207  216.774  0.00265831  -0.00111327  0.00571554
377.474  179.307  0.00820668  0.00203123  0.00394941
361.883  477.319  0.000777546  0.000438605  0.00894697
379.444  383.285  0.00298276  -0.000222465  0.00511641
356.544  433.611  0.000910406  0.00139324  0.00515687
384.555  310.096  0.00333215  0.000162262  0.00869313
400.625  129.609  0.00443737  0.00244182  0.00225529
417.002  240.773  0.00162581  -0.00169598  0.00800247
410.451  186.618  0.00237567  0.000337221  0.00688512
431.914  278.851  0.00231326  0.000987313  0.00139979
458.283  156.621  0.00090246  0.00101425  0.00264827
467.135  441.415  0.0010963  -0.000587628  0.00180045
500.16  310.246  0.00285216  -0.000945772  0.00223075
504.026  104.278  0.00673388  -0.000588897  0.00673721
523.092  140.925  0.00124121  -0.000444529  0.00165311
519.079  332.685  0.00181116  -0.000944713  0.00341109
542.24  107.915  0.00379998  0.00150186  0.00160932
556.923  126.37  0.00225075  0.00206204  0.00795738
549.085  457.314  0.00544604  0.00013429  0.0059531
564.635  256.217  0.00381696  0.00174703  0.00198463
576.093  39.873  0.00744105  -0.00226967  0.00511223
574.283  157.68  0.00264118  -0.000402424  0.000556376
570.345  387.791  0.00134726  2.94015e-05  0.00456812
590.767  461.33  0.00101568  0.00039706  0.00334317
586.924  296.385  0.00358543  -0.000501309  0.00678196
589.396  334.363  0.00629642  -0.000250315  0.00874149
619.902  52.9154  0.00109047  0.000532245  0.00192729
599.688  400.09  0.0045045  -0.00215876  0.00465213
609.326  339.586  0.00531093  0.00216659  0.00726388
616.366  425.5  0.00245728  8.71092e-05  0.0069826
610.735  446.231  0.00549713  -0.00146705  0.00828137
614.541  289.503  0.00775211  -0.00367347  0.00244091
628.596  382.352  0.00264067  0.00275202  0.00555803
642.221  465.184  0.000454995  -0.000484381  0.00368656
620.825  201.553  0.00239095  0.00229007  0.00416962
644.389  312.968  0.00414451  -0.000165743  0.00358303
648.353  389.64  0.00673701  0.00281466  0.00258281
655.358  208.444  0.00419193  -0.000503321  0.00183803
668.736  272.367  0.00536798  0.00114758  0.00149205
675.017  130.231  0.00110809  -0.000129622  0.000176216
687.119  156.767  0.00138303  0.000639024  0.000787193
696.212  308.33  0.000482751  -0.000429483  0.011728
667.915  230.85  0.00893293  -0.00538375  0.00370811
690.262  347.869  0.000327756  -0.000170211  0.00115153
689.819  319.409  0.00370722  -0.000179689  0.00695275
692.94  467.767  0.00506294  -0.00219526  0.00575301
672.886  217.794  0.000595817  -2.99317e-05  0.0010041
692.445  57.1867  0.000468932  0.000230609  0.000677374
737.378  272.128  0.00303756  -0.000114052  0.00195816
