1.0
668
20.0667  638.406  0.0156087  -0.00863168  0.00766617
16.5714  666.447  0.0161581  0.0234467  0.0499587
20.9012  641.876  0.0106828  -0.00495621  0.00475476
34.6711  590.634  0.00468119  -0.00278567  0.00555807
34.2336  661.285  0.014304  -0.000112794  0.0227146
69.2752  435.252  0.00204279  -0.000362639  0.0016368
54.0452  655.561  0.00677644  -0.00110961  0.00508997
64.779  193.787  0.00705481  0.00812856  0.0108413
66.8547  600  0.0268961  -0.0177462  0.0175555
70.877  663.516  0.0266142  -0.00418874  0.0199573
78.4921  663.627  0.0248312  -0.00754843  0.007075
77.8656  635.913  0.00183917  0.000108071  0.00416726
94.6603  505.273  0.00264203  0.000990912  0.00230194
101.772  487.251  0.00180852  -0.000683845  0.00206386
108.904  592.741  0.00584136  0.00740176  0.0133217
109.733  651.825  0.0039636  0.00156369  0.00255565
108.917  658.764  0.0073912  0.00368033  0.0363824
108.134  436.085  0.0337131  -0.0120694  0.0167033
109.613  597.631  0.0212122  -0.000282431  0.0365238
120.436  496.615  0.0314322  0.000371658  0.021113
119.359  658.504  0.0267704  -0.0148397  0.0239808
134.062  637.675  0.0014286  6.14378e-05  0.00297151
131.925  596.271  0.0325658  -0.00391  0.0245872
128.805  527.436  0.00265289  -0.00223428  0.00872476
153.257  160.557  0.0254112  -0.0141514  0.0189574
152.521  470.355  0.013059  0.0107947  0.0149565
156.904  630.946  0.0237805  0.00820221  0.0133335
176.146  439.142  0.00490434  0.00538621  0.0104519
180.491  317.471  0.00228288  -0.00180163  0.0107117
162.345  430.078  0.0139686  0.00714691  0.00700482
166.444  510.017  0.0166175  0.00342802  0.0018309
179.647  251.336  0.00215467  0.000724431  0.00475293
170.112  530.428  0.00366949  -0.00219775  0.0056794
190.434  644.602  0.00395779  -0.00222088  0.00338258
190.648  246.263  0.00113933  0.000469526  0.00254148
189.203  501.07  0.00576078  0.00841707  0.0145844
199.538  221.047  0.0357346  -0.0184664  0.012067
197.873  404.711  0.00165662  0.00119971  0.00311402
206.134  504.086  0.0103591  0.00472321  0.0159559
212.023  412.073  0.0128473  0.01085  0.0172719
209.081  494.835  0.00261711  -0.000100051  0.00372842
214.312  556.702  0.0043725  -0.00057353  0.00605912
209.811  340.454  0.00234647  0.000109175  0.00158292
229.631  375.923  0.0018303  -0.00103284  0.00434633
215.355  626.196  0.0166497  0.0174373  0.0244585
220.291  652.624  0.0112687  -0.00214429  0.0207412
224.161  536.241  0.0217778  0.00865576  0.0256366
227.559  321.083  0.00189245  0.000688541  0.00156058
224.863  345.644  0.0298903  0.0108441  0.0149498
233.74  490.579  0.00292659  0.00199902  0.0240211
227.15  218.559  0.00403236  -0.00234331  0.00312868
222.676  549.35  0.00214464  0.00379254  0.014279
233.74  421.247  0.00114709  0.000104273  0.00223092
243.572  307.662  0.00108656  -0.000312979  0.00236758
242.69  366.447  0.00265483  -0.000172641  0.00221298
247.62  307.867  0.0032613  -0.00138003  0.00240972
242.799  197.606  0.00411819  -0.000426468  0.00196937
252.989  497.996  0.0130179  -0.00209362  0.00883391
256.707  560.024  0.0166298  0.0259415  0.0440596
255.617  479.574  0.0214594  0.00203418  0.0191805
260.719  457.843  0.0152932  0.000111107  0.0147868
248.098  528.075  0.00140817  0.00028266  0.00169201
270.319  333.269  0.00238201  -0.000412867  0.00230077
262.326  564.944  0.0243555  0.0139923  0.0222591
267.511  603.456  0.00348067  0.00264623  0.00943384
271.737  333.907  0.00399616  -0.00181489  0.00259043
270.643  259.766  0.0239788  -0.0113949  0.0171044
265.181  302.141  0.0240498  -0.0128482  0.00856034
266.586  473.811  0.00217017  0.00161928  0.00514313
278.644  534.648  0.00549063  0.00753382  0.0260147
273.151  651.193  0.0214985  -0.0109116  0.0274687
260.691  213.88  0.00254405  0.000741754  0.00201866
273.163  549.612  0.0146361  0.0115557  0.0315706
283.199  666.891  0.0035164  0.00122446  0.0150203
277.059  443.827  0.0168776  -0.00511784  0.010327
273.916  247.158  0.0051559  -0.00218849  0.00376415
279.839  650.75  0.0277367  -0.00897376  0.023043
280.378  234.202  0.0011556  -9.43346e-05  0.00127404
283.189  576.009  0.0142694  0.016331  0.0218094
292.735  491.383  0.00293796  0.00495855  0.0160099
299.333  285.526  0.00215667  -0.00179189  0.00487024
294.077  549.965  0.00593411  0.00436939  0.0124435
292.299  336.893  0.0226394  -0.0107732  0.0149447
288.698  587.37  0.00458521  0.00298462  0.00653591
300.452  658.318  0.00598048  -0.000141445  0.00504774
303.01  638.314  0.0218609  -0.0124333  0.0182825
302.049  529.494  0.0126566  -0.0044169  0.0270052
310.053  263.12  0.0108878  -0.005533  0.00444403
301.919  507.692  0.00906673  0.00514511  0.029387
316.599  185.823  0.00146589  0.000277401  0.00157647
306.125  440.051  0.0261836  0.00986216  0.0203272
315.339  538.004  0.0253773  -0.00596011  0.003899
317.255  635.362  0.00409044  -0.00240816  0.0116297
313.163  479.543  0.0207408  -0.00726511  0.00731412
314.109  564.248  0.00601208  0.00223103  0.00305786
325.102  317.74  0.00857408  0.000732107  0.00191818
321.205  454.48  0.0108821  -0.00480685  0.0199301
324.29  659.909  0.0115923  -0.00551756  0.0210097
331.283  547.41  0.00183458  0.000581838  0.00160267
332.318  270.575  0.000727429  0.000108894  0.00241791
322.732  350.83  0.0107075  -0.00574214  0.00669881
330.567  624.955  0.0274933  0.00445343  0.0174904
333.796  297.891  0.0201019  0.0090721  0.025863
346.041  325.382  0.00187255  -0.000991183  0.00438777
341.937  172.123  0.020718  -0.0141795  0.0137705
338.539  518.467  0.0288094  -0.00898471  0.0111863
337.973  257.954  0.0101829  0.00336793  0.00220374
340.985  303.545  0.0246153  -0.00282283  0.0206599
343.038  375.9  0.0168511  -0.00210625  0.00673493
358.707  467.137  0.00203266  0.000306968  0.00344627
338.82  446.969  0.00954566  0.00564514  0.0145654
346.637  165.861  0.0384256  -0.0272763  0.0218481
350.817  276.573  0.00119917  -0.000603268  0.00175412
365.178  230.759  0.00207682  0.00120391  0.00480137
348.202  376.377  0.00894219  -0.00182723  0.00382488
356.034  161.873  0.0217404  -0.00439242  0.00631314
352.375  354.427  0.0110829  -0.00408381  0.0142897
352.848  338.156  0.0176343  -0.011826  0.0149205
359.756  136.45  0.00174613  -0.00116969  0.00300968
359.757  458.599  0.00305211  0.00374179  0.0118968
365.812  646.369  0.012999  -0.00422744  0.00416854
360.73  505.342  0.025354  0.00959545  0.0302377
369.684  196.149  0.0268061  -0.022512  0.0206024
371.82  355.093  0.00477942  -0.000719206  0.00175446
367.924  415.064  0.0116532  -0.00554215  0.012681
368.771  440.28  0.0180739  -0.00180268  0.0341749
380.23  181.852  0.00264038  -0.000313907  0.00623136
383.135  258.122  0.00334739  0.00109102  0.00246185
383.848  334.567  0.00228192  -0.000693564  0.00351777
372.634  490.604  0.00396508  -0.00166591  0.00477214
379.426  247.087  0.00448077  -0.00029853  0.000724343
370.094  507.473  0.00893726  0.00712415  0.0129669
376.613  202.146  0.0305892  -0.0188149  0.0149065
382.421  567.816  0.0332734  -0.0126315  0.0140616
386.364  312.899  0.00330832  -0.00375145  0.00974654
375.246  405.993  0.0073337  -0.00393849  0.0139952
388.774  532.938  0.00512722  0.00415178  0.00735806
390.098  101.241  0.00105529  0.000311776  0.00290978
389.216  132.731  0.00417616  0.00458106  0.00634248
384.696  211.784  0.0252062  -0.0170228  0.0182741
385.29  663.575  0.0220935  0.00593178  0.00688121
378.456  253.592  0.00208161  -5.9933e-05  0.00193737
390.12  494.4  0.0332912  -0.000549384  0.00514404
399.889  465.421  0.00529148  0.0071158  0.0226118
391.238  558.766  0.0040673  -0.0018185  0.00293915
398.778  470.152  0.00854828  0.000408199  0.00194013
405.779  206.454  0.00278548  0.00115157  0.00296359
398.24  374.049  0.00808776  0.00658229  0.0179553
404.629  237.234  0.0203067  -0.0162299  0.0168017
404.602  121.07  0.00836806  0.00496808  0.00754242
403.26  388.407  0.0240147  0.0108666  0.0168164
400.147  288.795  0.0043084  0.00330188  0.00606076
405.418  247.268  0.0202382  -0.00937585  0.01404
412.694  417.297  0.00258076  -0.0005238  0.00919452
421.514  222.483  0.00106826  -0.000460344  0.00272717
408.533  347.686  0.00274593  -0.00197338  0.00277949
417.246  456.483  0.00181655  0.00117072  0.00297887
421.72  253.309  0.00719024  -0.00774957  0.0117479
424.733  447.523  0.00369802  -0.0014244  0.00841412
420.39  258.949  0.0203561  0.00653704  0.0155879
413.258  312.02  0.00939161  -0.00372765  0.00765479
421.725  464.676  0.0198088  0.00487358  0.0185068
421.875  340.742  0.0292226  -0.0063867  0.0189735
419.135  407.633  0.0185852  -0.00326973  0.00341773
413.962  492.874  0.00120863  -7.81727e-05  0.00249956
423.12  213.262  0.00210728  -0.001482  0.00288519
430.461  504.373  0.0314361  -0.00157174  0.0293942
439.89  629.209  0.00219424  -0.00143764  0.0126416
435.695  117.902  0.0129441  0.00642028  0.0113245
437.736  558.921  0.0129991  0.000704725  0.0105499
438.553  311.98  0.00228441  -0.000916815  0.00131183
438.964  99.2312  0.00628841  0.00273769  0.0100782
438.965  566.796  0.0135327  -0.00206537  0.00177187
442.459  444.773  0.0136726  -0.00482537  0.0214809
434.638  497.826  0.0109826  -0.0102644  0.0180889
448.615  288.493  0.00940894  -0.00381366  0.00477835
448.919  458.065  0.00535678  0.00107736  0.00690888
449.916  154.807  0.0033374  0.000106949  0.00266919
453.108  389.813  0.00421881  4.93556e-05  0.00353159
461.594  180.421  0.00380499  -0.00119356  0.0064923
452.996  235.399  0.00119869  0.000699224  0.00916593
454.699  99.7023  0.00721548  0.00709001  0.0181679
456.915  392.573  0.00667928  0.00408356  0.00936314
462.707  180.444  0.00567652  -0.000129217  0.00350487
459.969  612.829  0.0167222  -0.00110948  0.00568499
454.673  206.703  0.00514192  -0.00180409  0.00847098
451.068  93.1065  0.0114851  0.015484  0.0246874
461.646  369.646  0.0324809  0.00123091  0.0324809
471.713  289.578  0.00423134  -0.00213886  0.00230496
469.805  499.293  0.00485616  -0.00153313  0.0263006
468.412  474.61  0.01599  0.011736  0.0258925
476.11  508.773  0.00309573  -0.00114233  0.0192531
478.135  319.839  0.00568241  -0.00554211  0.0081027
467.402  395.064  0.0101199  0.0142264  0.0287377
486.3  347.651  0.0141067  0.00749256  0.0113174
480.195  416.414  0.0139136  0.00522962  0.009423
485.3  115.716  0.001088  0.000288772  0.00219388
484.248  344.408  0.00585401  -0.000455086  0.00283202
498.612  441.04  0.00209622  3.62433e-05  0.00128038
490.986  408.826  0.00678665  0.00747871  0.0133405
497.113  384.833  0.0148698  0.00126781  0.00880177
505.636  195.055  0.00818332  -0.00256054  0.00578743
497.894  366.265  0.034171  0.00769607  0.0222038
494.41  164.194  0.00606994  0.000310943  0.00204318
498.645  409.514  0.00429553  -0.00103214  0.00662359
505.521  234.376  0.00147981  -0.000494392  0.00246774
510.074  311.964  0.00761581  0.00879568  0.0125051
498.007  435.942  0.00254899  -0.000637666  0.00199542
504.589  407.436  0.00905642  -0.000912831  0.00462036
521.39  45.84  0.00297869  -0.0019265  0.00552777
520.842  46.7857  0.00742939  -0.00046624  0.00382874
514.882  467.646  0.0113677  -0.00245734  0.0138663
519.433  551.916  0.0121618  -0.00112683  0.00500075
508.836  278.933  0.00176519  -0.000487412  0.00153468
514.783  338.176  0.00978474  -0.00019154  0.00235287
515.069  181.702  0.0125548  0.00873399  0.021208
517.755  317  0.0231123  0.0152339  0.0233896
520.085  203.291  0.00175319  -0.000361291  0.00144747
516.465  489.841  0.0030675  0.0024513  0.008824
528.243  206.15  0.0250832  -0.00839703  0.0271379
526.05  476.826  0.0138715  0.00915387  0.0162288
523.915  303.226  0.00492642  -0.00311618  0.00352255
540.986  396.996  0.00176531  0.00040192  0.00241224
536.515  369.869  0.0181  -0.00573567  0.00412955
532.531  166.514  0.0124458  0.00701056  0.0137065
535.112  436.584  0.0187357  0.000398963  0.0287212
539.281  382.637  0.0089472  0.00385075  0.0137985
536.295  132.835  0.00151142  0.00120008  0.0036043
544.51  240.374  0.00837877  -0.00332941  0.012766
548.135  225.246  0.0109123  0.00299722  0.00714532
546.452  111.067  0.00331018  -0.000966085  0.0011172
547.791  366.97  0.0145569  0.000569263  0.011074
538.917  452.41  0.00349389  -0.00173267  0.0123177
550.065  207.855  0.00394992  0.00105141  0.00426051
548.997  237.156  0.0159457  0.00910511  0.00920586
553.438  411.662  0.0310722  -0.0110778  0.0171872
558.166  491.258  0.00525357  -0.00402395  0.00553859
555.965  296.615  0.0264987  -0.0116242  0.0217283
558.109  574.879  0.000984175  -0.000195982  0.00391435
572.389  212.595  0.00258686  -0.000215025  0.00898189
557.907  279.666  0.0171045  0.00237244  0.00418478
554.371  326.383  0.00549174  -0.00143399  0.00130565
565.045  542.813  0.00253185  0.00154162  0.00402621
556.357  175.968  0.00315516  -0.00150039  0.00280174
564.219  258.443  0.0172101  -0.00413433  0.0101128
564.538  367.778  0.0157442  -0.00396349  0.0125271
572.049  427.622  0.00589429  -0.00410719  0.00935128
583.802  153.216  0.000851457  0.000285868  0.00143219
572.759  298.513  0.00565604  -0.00267941  0.00306527
570.181  531.823  0.00215718  0.000800913  0.00385472
580.309  125.448  0.0203362  0.00890153  0.0130198
570.626  209.025  0.00391505  0.000299028  0.00464027
589.441  268.667  0.0062872  0.00344828  0.00456751
582.102  324.611  0.028038  0.00154357  0.0282785
575.551  176.443  0.0124954  -0.0077247  0.0107896
588.388  387.277  0.00119064  -0.000210144  0.00138873
595.045  341.692  0.0052677  0.00393474  0.00651745
593.585  301.662  0.00165699  0.00153012  0.0036464
597.056  558.138  0.00142129  -0.000183085  0.00110389
599.013  252.109  0.0232717  -0.015789  0.0172178
607.46  366.406  0.00968441  0.00391862  0.00627956
603.105  539.819  0.00149341  0.000893029  0.00341441
607.031  400.173  0.0125096  0.00299953  0.0173842
614.107  437.841  0.00184549  -0.000986166  0.00175456
609.812  297.505  0.00887202  -7.9881e-06  0.00351081
617.673  143.322  0.0225126  -0.0144754  0.0151643
622.922  54.8015  0.00334085  0.00055912  0.00132329
615.043  427.529  0.00163979  0.000310557  0.00108227
628.105  156.965  0.00563901  -0.0024409  0.00464121
621.519  128.528  0.00223705  -0.00176355  0.00372839
631.756  122.357  0.0011501  -0.000251129  0.00350097
629.206  412.958  0.00362797  -0.00407663  0.0143637
628.838  196.608  0.00898631  0.000427905  0.00595738
612.522  240.261  0.00295672  -0.000576397  0.00279977
641.398  269.474  0.025691  0.0278977  0.0332179
629.305  48.4528  0.0011424  0.000189196  0.00193134
630.655  449.958  0.00119681  -0.000866946  0.00271797
639.718  243.121  0.00528456  -0.00289692  0.00269026
659.419  607.577  0.00214618  0.000834872  0.00136381
646.577  379.618  0.00200243  0.00173783  0.0035028
656.504  207.09  0.00159137  0.000847251  0.00211614
660.596  177.467  0.00474244  -0.00282175  0.00242833
662.781  144.709  0.00496671  0.000325061  0.00136531
675.882  22.3909  0.00595773  0.00684149  0.0153395
664.979  196.782  0.00254585  -0.000147433  0.0031303
684.359  236.058  0.0151604  0.013315  0.0327698
684.087  177.398  0.00831979  0.00137097  0.00286844
696.17  578.02  0.00180572  -7.26834e-05  0.00170915
703.733  195.22  0.00281506  0.000482888  0.00136077
704.068  185.54  0.00150119  0.00111614  0.00519043
711.238  156.637  0.00247144  0.00063472  0.00209947
693.094  92.6483  0.00806611  -0.00296672  0.00420921
697.093  539.375  0.0148729  0.00412761  0.00358294
700.41  354.413  0.00146318  -9.21628e-05  0.00364511
696.482  237.49  0.0076406  0.00728172  0.0128507
713.106  326.832  0.00677629  -0.00395318  0.00820415
713.866  16.223  0.00750414  0.00545673  0.012152
715.08  359.567  0.00108499  -0.000191123  0.00111332
714.156  118.966  0.00596861  -0.00454704  0.00534003
719.227  374.404  0.00416408  0.00142551  0.00159285
722.576  372.63  0.00338016  -0.000969843  0.00147447
710.891  198.248  0.0014083  -0.000331914  0.00119259
715.801  159.387  0.00125843  -0.000204742  0.00259997
718.172  203.505  0.00207163  0.000267738  0.00132244
729.554  259.766  0.00657855  0.00295737  0.00592693
742.409  33.1338  0.00823666  -0.00555909  0.0062872
730.902  230.832  0.0229662  0.0106506  0.0198975
736.401  330.229  0.0101846  -0.00908057  0.0154744
723.822  159.441  0.00335984  -0.000139908  0.00245547
745.783  210.226  0.0119303  0.0143489  0.0286721
740.094  203.536  0.022242  -0.00487096  0.0226519
746.994  245.078  0.00460472  0.00495763  0.00688087
743.38  219.073  0.00882011  0.0079005  0.0247825
743.939  443.152  0.00221117  0.00162083  0.00496062
745.839  39.2364  0.00575597  -0.00222231  0.00312164
754.3  138.092  0.00429199  -0.00235421  0.0051832
757.509  338.018  0.0325987  -0.00435321  0.0229761
754.055  94.4433  0.0121469  -0.00338262  0.00518562
752.993  161.778  0.00224108  -0.00129513  0.0027258
759.018  187.47  0.0195  -0.00617528  0.0188648
765.24  230.152  0.00974332  0.00348313  0.00745629
755.552  420.922  0.00446327  0.00476109  0.00817879
765.953  64.3266  0.00203326  -0.00114623  0.0020304
759.882  131.989  0.00155544  -7.26662e-05  0.00311889
780.159  76.3434  0.00160685  -0.000114687  0.00241161
775.111  147.548  0.0112743  0.00496134  0.00515975
786.417  425.372  0.00176628  -0.00155016  0.0121216
771.151  128.618  0.00336265  0.00182483  0.00226981
778.246  141.606  0.0147755  0.0168267  0.0242809
787.822  612.835  0.00963751  0.000639352  0.00184026
782.928  373.641  0.0151329  -0.00217599  0.00573276
796.504  492.571  0.00423194  -0.00143752  0.00225709
792.874  422.478  0.0187153  -0.00929731  0.0104943
803.392  491.989  0.00795138  0.000627352  0.00403798
802.055  92.5154  0.00109524  0.000574207  0.00255256
806.293  193.255  0.00243407  0.00222937  0.00414455
792.126  103.361  0.00204563  0.000547177  0.00191337
806.62  495.412  0.00263044  -0.00296766  0.0102803
811.664  557.392  0.00479491  0.00413187  0.00936578
816.165  136.655  0.00759592  0.00766455  0.00933634
814.761  269.765  0.0029843  -0.00327498  0.00599614
828.557  333.789  0.0241564  -0.0147377  0.0109665
819.699  168.961  0.0213572  0.0202406  0.024655
818.79  241.899  0.00578338  -0.00238923  0.00407189
816.214  155.05  0.00364664  0.00329396  0.0058507
827.848  101.777  0.0119184  0.00217247  0.00193727
836.548  153.644  0.0321426  0.00634032  0.021954
836.723  320.218  0.0300475  0.0103346  0.0317603
24.2037  661.582  0.0227221  0.00452229  0.0253515
35.796  588.893  0.00341758  -0.001078  0.00327951
62.4903  617.038  0.00151302  4.86463e-05  0.000820171
56.9429  200.704  0.00781744  0.00905013  0.0131241
65.2268  602.939  0.0103698  -0.00284201  0.00343401
68.2444  639.977  0.00761536  -7.75761e-05  0.00957228
85.0187  554.585  0.000841582  0.000437257  0.00104482
97.382  487.973  0.00139518  5.39798e-07  0.000681149
86.8186  632.941  0.0115963  -0.00741702  0.00948762
100.738  483.15  0.00163002  -0.000687341  0.00147079
130.121  519.262  0.00259973  0.000601443  0.00101875
141.989  627.995  0.00163091  0.00101579  0.00125315
114.675  397.002  0.0129446  0.0135882  0.0163879
128.916  130.512  0.0154282  0.000779631  0.0166867
129.014  513.824  0.00258157  -0.000255115  0.00120468
164.508  568.108  0.000497626  0.000172259  0.00284053
155.912  633.585  0.0199418  0.00403883  0.00488277
185.794  241.669  0.00146382  0.00045095  0.00128885
166.152  432.907  0.000664038  -5.47324e-05  0.000662685
185.122  472.085  0.00058988  0.000232948  0.00126993
184.172  252.151  0.000972753  -0.000197173  0.00645284
172.002  507.225  0.00129749  7.04684e-05  0.00312443
178.208  464.121  0.00125067  -7.77365e-05  0.00135627
201.193  316.269  0.0153069  0.000770007  0.0169515
211.225  209.831  0.00362547  -0.000970118  0.00286933
209.203  590.13  0.00904122  0.00452801  0.0164124
212.986  403.353  0.00595568  0.00110492  0.00240298
204.733  632.809  0.00921529  0.0132593  0.0218362
222.334  249.173  0.0142343  -0.00468123  0.0104904
223.445  536.121  0.0163736  0.000620499  0.0163736
217.885  496.2  0.00390914  -0.00368593  0.00736345
230.169  601.213  0.00746913  0.0066475  0.00975815
225.117  655.531  0.00636394  -0.00479922  0.0127536
238.929  368.846  0.00515502  0.00247019  0.00329362
237.118  312.828  0.000736521  0.000322631  0.00181016
245.867  305.07  0.00489035  -0.000679152  0.00224519
256.926  636.575  0.00085059  0.000339583  0.00202202
245.958  464.461  0.022741  0.00501574  0.00473104
253.309  570.274  0.00969668  0.00707776  0.0170661
262.503  605.491  0.00985661  0.00721765  0.00826392
271.462  259.8  0.0150295  -0.00174676  0.0137342
271.657  456.901  0.0163536  0.00242744  0.0134723
262.31  206.323  0.00104654  0.000961529  0.005389
273.821  549.179  0.0133527  0.00361527  0.0154346
279.907  651.528  0.0175957  -0.00109866  0.0149731
289.016  331.916  0.017324  -0.00944882  0.00847459
302.732  487.479  0.00265207  0.00498445  0.0167049
285.679  588.023  0.00445428  0.00343114  0.00969601
295.011  260.897  0.0128012  -0.00391794  0.0117303
297.449  564.342  0.0126494  0.0109914  0.0139675
312.699  521.578  0.0114959  0.012691  0.0153244
304.225  506.914  0.0107604  0.0016684  0.0171832
318.621  395.499  0.0141486  -0.00978226  0.0104388
302.42  481.959  0.0017739  0.00209835  0.00485816
347.744  662.535  0.00103414  -0.00343054  0.0338301
328.53  493.754  0.00526682  0.00059587  0.00167805
333.144  625.795  0.00155775  0.00270329  0.0113568
349.224  328.135  0.00153072  -0.000201979  0.0113268
351.525  536.209  0.00117378  0.000682251  0.00168944
357.682  262.524  0.00075131  -8.36234e-06  0.000663181
366.397  366.031  0.00149565  0.000922396  0.00231785
350.056  157.191  0.0117015  -0.00705874  0.00763141
358.386  182.264  0.0137088  -0.00496117  0.0118626
363.748  639.633  0.00747501  0.00111018  0.00429888
373.501  351.791  0.0063843  -0.00339131  0.00271836
358.137  456.031  0.00342458  -0.00173197  0.002318
375.057  356.89  0.00304833  -0.00104504  0.00175301
370.897  428.054  0.0137121  0.00315769  0.00228064
376.158  518.29  0.00497777  0.00359486  0.00622678
374.955  486.637  0.0031074  0.000699865  0.00319602
375.366  254.989  0.00236616  0.000774373  0.00071463
373.618  607.455  0.00645579  0.00193853  0.00502966
379.062  406.832  0.0120209  -0.00406623  0.0110512
384.933  162.387  0.00291794  0.000424863  0.00530476
372.254  542.409  0.00262981  0.0033649  0.00551075
391.055  496.64  0.0167446  -0.00272726  0.00484354
418.067  218.063  0.00117101  -0.000506596  0.00168682
401.57  233.826  0.0144296  -0.00714139  0.00782911
400.538  389.117  0.0125219  0.00318753  0.0166037
409.732  595.669  0.00204781  -0.000295368  0.00161504
403.374  444.415  0.00882617  0.00647172  0.0119785
406.55  647.91  0.00968506  -0.000271205  0.0114978
406.806  416.692  0.00221575  -0.00142232  0.00679917
405.611  319.877  0.015031  -0.00926348  0.00923996
400.528  341.652  0.00147933  -0.00120996  0.00235761
416.345  380.248  0.00797044  -0.000625672  0.00442532
425.918  540.069  0.00170095  0.00191559  0.0110392
435.153  244.909  0.00196281  0.00213556  0.0047155
417.363  472.509  0.000896459  0.000170853  0.00078104
415.098  432.98  0.00692857  0.00831841  0.0134071
437.078  570.597  0.0228706  -0.0013577  0.00101235
450.822  241.988  0.00161684  0.00163683  0.0031475
452.449  577.267  0.00136994  -0.000684811  0.00175791
443.713  460.73  0.00201191  -0.000319392  0.0018289
443.919  194.812  0.00421573  -0.00360345  0.00432011
449.469  649.143  0.000899827  0.000324599  0.00239575
456.548  98.7492  0.0103231  0.00484951  0.0149059
449.155  380.788  0.0021924  -0.000167787  0.00202054
461.877  551.494  0.00183621  -0.00141065  0.00206582
464.546  610.35  0.00470097  0.00351368  0.00469846
458.162  233.4  0.00335648  -0.00194086  0.00996796
461.473  369.924  0.0163736  0.000620499  0.0163736
453.553  481.142  0.00454677  0.00462195  0.00787172
473.484  379.508  0.00104502  -0.000390619  0.00114195
471.138  517.997  0.00386491  0.00132927  0.00282134
483.144  80.6971  0.00240257  0.00105391  0.0134163
494.075  438.537  0.00178901  -0.000249304  0.0013688
478.223  523.483  0.00275179  -0.000270479  0.00121528
491.05  133.304  0.0163736  0.000620499  0.0163736
481.389  498.767  0.00816164  -0.00769597  0.00917263
499.457  57.7113  0.00209337  0.00207012  0.00300211
499.485  245.213  0.00136771  -3.84355e-05  0.000563992
490.079  623.614  0.00318505  -0.0029218  0.00408106
504.774  575.645  0.00231196  0.00026213  0.00278996
514.495  114.853  0.000465395  -0.000163022  0.000865992
511.72  276.055  0.000896246  6.24251e-06  0.00116315
528.55  512.343  0.00242823  -0.000575834  0.000774594
514.548  42.4192  0.00312908  -0.000624674  0.00756632
523.058  206.065  0.00130382  -0.00044293  0.00106742
522.493  28.9088  0.015652  -0.00625922  0.0151479
534.588  392.701  0.00419489  0.00261166  0.00389677
535.263  165.074  0.0103476  0.00584462  0.0115699
527.336  361.381  0.00802441  -0.0025103  0.00115152
522.742  116.568  0.000901717  -0.000177774  0.000743862
535.91  102.847  0.000541313  -3.74045e-05  0.000426868
548.321  243.095  0.00930463  -0.0040419  0.00990779
546.261  364.808  0.0128766  -0.000272873  0.00720039
539.013  450.257  0.00423757  0.00106668  0.00360521
561.575  435.69  0.00267514  0.00201879  0.00564641
555.676  296.408  0.0160271  -0.000425278  0.0151086
551.809  82.4667  0.000856663  -0.000280524  0.000490652
574.19  485.443  0.00614772  -0.00126167  0.00113767
585.727  481.238  0.000687906  -0.000293486  0.00117022
560.079  432.811  0.00232418  0.0018464  0.00415471
574.493  201.08  0.00401297  0.00143783  0.00201241
584.818  263.628  0.00265749  0.00052159  0.00194834
591.4  262.123  0.00105151  0.000142362  0.000533528
576.39  296.018  0.00104662  -0.000610311  0.00181708
596.054  248.471  0.0151763  -0.00348006  0.0126838
593.729  54.5351  0.000602201  -2.21357e-05  0.000479374
602.788  381.276  0.00287227  0.000265894  0.00107462
610.534  294.102  0.00853049  0.0010374  0.00528182
619.306  444.151  0.000767554  -0.000382544  0.00309005
617.85  146.092  0.010918  -0.00576232  0.00577375
614.252  243.722  0.00396622  0.000659006  0.00472572
645.458  44.6781  0.00117507  0.000604737  0.00204377
647.024  176.111  0.00135178  0.00102582  0.00528875
618.749  39.6894  0.00392938  -0.00146682  0.00130885
630.426  157.552  0.00588551  2.11788e-06  0.00600775
641.39  483.738  0.0141386  -0.00497478  0.0124511
626.97  111.664  0.00150723  -6.5285e-05  0.000836403
631.439  382.387  0.00223043  -0.000930662  0.00305728
634.048  148.676  0.00208413  0.00171064  0.00398797
668.535  633.389  0.00319091  0.00509347  0.0101482
642.978  242.98  0.00282607  -0.00198543  0.0028293
658.034  207.256  0.0022337  0.00160037  0.00307494
679.631  127.236  0.00114058  0.000364635  0.000913365
674.503  412.992  0.0163939  -0.00153746  0.0128582
667.35  56.2851  0.00269342  0.00281267  0.00447708
682.282  249.585  0.0089242  0.0108639  0.0146057
685.924  124.95  0.00101816  -0.000280673  0.0010905
672.486  468.144  0.00123732  0.00187078  0.00845281
705.225  405.1  0.00131684  -0.000384358  0.00770307
705.759  647.593  0.004799  -0.0033881  0.00544423
709.851  309.992  0.0157081  -0.00433732  0.00219672
722.018  363.862  0.000345582  -4.44375e-05  0.00156396
713.851  650.736  0.00554377  0.000534428  0.00794525
722.817  434.499  0.00522656  0.00222245  0.0115009
747.101  245.863  0.00284398  0.00301258  0.00457714
729.543  239.315  0.00998598  0.00369124  0.00399283
720.583  81.7861  0.00116544  -0.000416298  0.000615082
736.069  507.349  0.00797613  0.000777912  0.010291
737.789  327.859  0.00673239  -0.00138158  0.00690192
738.938  202.318  0.0163736  0.000620499  0.0163736
731.054  351.651  0.000562728  -0.000178684  0.00148061
734.597  627.161  0.0031511  0.00209204  0.00259051
751.328  415.042  0.00331879  -0.000794572  0.00309039
747.518  46.8264  0.0016018  -0.00149068  0.00187502
747.645  408.759  0.000950534  -0.000222745  0.00279653
785.289  143.42  0.00279099  0.00142281  0.00534671
783.819  388.203  0.0153152  -0.00061481  0.00103402
792.827  101.428  0.00193597  0.000386618  0.00116745
785.435  441.743  0.00803944  -0.00279635  0.00176043
776.012  383.547  0.00288569  -0.00143439  0.00213822
798.41  652.419  0.0121102  0.00588668  0.0131892
802.914  257.948  0.00382873  0.00221601  0.00359362
801.469  290.213  0.00302899  0.000327698  0.0102772
810.263  569.139  0.00218042  0.00128078  0.00581157
820.261  240.021  0.00895738  -0.00429335  0.00512804
812.845  269.997  0.00335427  -0.00377123  0.00779759
827.335  632.409  0.00734231  0.00264327  0.00195976
822.905  108.545  0.0156279  0.00191426  0.00195008
824.175  359.28  0.0104899  0.000294  0.00715695
64.8168  601.517  0.00720039  -0.00178401  0.00279838
82.3588  175.563  0.0066952  0.0062641  0.00637897
116.751  639.859  0.000803513  -0.00119236  0.00481191
136.601  586.555  0.00562532  -0.0043246  0.00397987
134.998  636.97  0.0014029  0.000883345  0.00155662
148.901  600.826  0.0047903  -0.00386344  0.00352508
211.243  600.682  0.00716943  -0.000872962  0.00152242
214.064  557.06  0.0024287  -0.00040725  0.00587601
203.904  100.18  0.00220358  0.0030605  0.0052162
222.449  247.57  0.00681663  -0.000680552  0.00718715
251.933  334.681  0.000706502  -0.000244704  0.000524484
244.45  333.735  0.00136057  0.00015314  0.000389883
260.335  401.074  0.000555194  0.000516434  0.00105648
279.267  573.348  0.0022206  0.00201954  0.00284557
292.755  492.368  0.00230327  0.00116847  0.0037237
295.434  583.268  0.00251352  0.00334401  0.00740356
300.664  655.286  0.00355897  -0.000326968  0.0053253
305.862  480.117  0.00169536  0.000706107  0.00275653
320.361  396.698  0.0067876  -0.00398394  0.00476025
325.341  548.654  0.00287262  0.00173659  0.00177516
331.144  492.818  0.00331672  -0.000105309  0.00141101
346.679  470.705  0.00664673  -0.00192446  0.00119353
354.557  253.802  0.000462038  0.000239118  0.000595529
347.778  355.944  0.00556675  0.0035551  0.00383123
351.627  157.634  0.00459696  -0.0029517  0.00473474
377.695  615.314  0.00455528  0.0031453  0.00273003
354.34  527.868  0.00103105  0.00132007  0.00315091
364.08  254.801  0.000860448  0.000211292  0.000465987
380.003  404.769  0.00336904  0.0014266  0.0058852
404.02  418.776  0.00308869  -0.00133793  0.00421108
415.013  380.709  0.0048859  -0.000578163  0.00479954
416.625  433.125  0.00589351  0.00605229  0.00816728
433.272  115.073  0.00374101  -0.00220107  0.00325088
448.939  286.558  0.00718723  -0.00263272  0.00346466
429.063  466.942  0.00105476  7.13144e-05  0.000647302
437.872  164.555  0.00155647  0.000887287  0.00134707
460.95  180.373  0.00354525  -0.000661506  0.00418128
432.572  180.701  0.00142951  -0.000760727  0.00110493
457.308  99.9244  0.00553886  8.70282e-05  0.00610091
449.763  256.386  0.000760029  -8.63749e-05  0.000521738
468.544  493.518  0.00391728  0.000593107  0.00323634
495.265  440.968  0.00104661  0.000200844  0.00182928
465.311  334.468  0.000833485  -0.00108008  0.00284163
478.725  163.304  0.00164323  -6.96201e-05  0.000222042
498.948  404.744  0.00255714  0.00175085  0.00348902
515.378  110.594  0.000332792  5.86767e-05  0.000450788
515.842  280.687  0.00140436  -0.000284731  0.000356421
532.683  512.92  0.000598157  -0.00028638  0.000861722
507.735  45.651  0.00190747  0.00154986  0.00648548
532.843  202.408  0.000558777  9.08367e-05  0.00107962
527.788  361.798  0.00540966  -0.00127598  0.000663916
533.004  210.961  0.00151263  -0.00079075  0.000904452
553.061  362.937  0.00256669  2.94965e-06  0.00510432
546.588  325.665  0.00147619  -0.00099261  0.00155837
566.958  542.42  0.00341841  0.00147754  0.00251079
573.495  486.544  0.00026911  0.000188413  0.00121319
588.647  491.063  0.000608875  -1.8254e-05  0.00074497
576.451  177.048  0.00737683  -0.00266946  0.00578338
582.018  256.453  0.000662919  -0.000150233  0.00051831
600.888  386.053  0.00136701  3.14387e-05  0.00122131
610.812  293.127  0.00547633  0.000158096  0.00443322
618.796  147.582  0.00724749  -0.00367211  0.00423126
596.508  547.428  0.00108115  0.00134915  0.00279762
634.938  237.266  0.00545367  -0.00299029  0.00227061
610.683  38.5875  0.000707858  -0.000459104  0.00140436
641.115  98.095  0.000963978  0.000407133  0.000768389
634.629  96.6905  0.00197633  7.90655e-05  0.000504248
641.373  391.13  0.00142472  -5.74533e-05  0.000316133
643.248  95.5484  0.00107862  0.000535193  0.000594515
668.269  259.383  0.00476549  0.00421814  0.00825634
668.287  114.121  0.000736595  -0.000497262  0.000653494
696.004  137.166  0.000900859  -0.000547594  0.000815457
672.769  468.161  0.000598083  0.000434497  0.00381059
717.708  60.5328  0.000791963  7.18899e-05  0.000680283
699.287  235.065  0.00574702  0.0037519  0.00713619
731.649  368.927  0.000557077  -0.000510522  0.00181796
729.325  431.334  0.00160337  0.00127385  0.00616934
729.34  358.763  0.00178947  0.000173876  0.00037281
759.089  119.585  0.000390444  -7.88601e-05  0.0010443
745.512  417.818  0.00169845  -7.11452e-05  0.00183945
769.653  509.788  0.000581729  0.000514729  0.00316275
777.812  643.166  0.00264442  0.0026758  0.00744092
769.961  155.356  0.00204331  0.00176599  0.00266756
769.476  109.773  0.00050205  0.000330697  0.000985583
798.807  198.617  0.00241557  0.00242691  0.00367946
806.422  274.231  0.00099838  6.30947e-05  0.000952529
59.7203  579.291  0.000529763  0.000806795  0.0034576
100.236  638.323  0.000409884  -0.000457679  0.00245307
141.924  594.577  0.00278022  -0.00219395  0.00207579
180.14  396.02  0.000214815  0.000139417  0.000299568
214.015  555.63  0.0021799  -0.000145719  0.00382968
230.983  354.69  0.000419122  0.000148011  0.000267791
238.627  333.599  0.000703581  4.938e-05  0.00037096
267.053  176.671  0.000113789  -3.97751e-05  0.000135058
306.472  206.906  0.000270139  2.74238e-05  0.000209354
274.094  397.51  0.00120164  0.000584714  0.000790091
328.63  551.03  0.00184893  0.00125612  0.00177831
333.617  614.223  0.000810697  0.000386079  0.00201273
368.076  546.941  0.00138073  0.00160996  0.00280822
371.246  634.349  0.00114113  0.000727632  0.00234293
358.897  366.944  0.000876966  0.000741382  0.00170521
345.407  265.397  0.000371373  0.000350304  0.00113202
422.622  471.142  0.000717501  0.000134232  0.000634666
425.19  581.856  0.000284736  0.000385038  0.00136918
430.814  626.617  0.00111714  0.00217858  0.00513512
462.88  474.591  0.00164404  0.00121853  0.00255867
497.941  240.904  0.00149895  -0.000253029  0.000305696
510.713  259.982  0.00129036  -0.000537113  0.000331515
500.81  576.371  0.000809526  0.000183656  0.00208146
519.648  524.823  0.000981595  -9.39152e-05  0.000415413
519.263  413.508  0.000989006  4.7621e-05  0.000106893
552.185  364.284  0.00205556  -4.95811e-05  0.00364759
564.728  319.767  0.000356279  5.07411e-05  0.000600162
566.462  431.236  0.00124769  0.00106225  0.00317758
594.06  344.205  0.00143839  -0.000327749  0.00207202
628.357  213.486  0.00243001  -0.000689102  0.000437739
643.051  246.279  0.00149233  -0.000457756  0.00106356
691.581  138.036  0.000469379  -0.000202228  0.000580991
683.592  295.632  0.00126062  0.00167811  0.00246972
704.934  104.563  0.00350469  -0.00284529  0.00316609
724.701  67.6722  0.000761296  -9.72621e-05  0.000250867
724.018  358.35  0.00048015  0.000226925  0.000382469
728.369  132.453  0.00373127  -0.00314623  0.00296064
754.728  478.749  0.000243598  -2.41057e-05  0.000209134
748.454  86.407  0.000303513  -0.000126107  0.000359985
799.983  190.629  0.00146086  0.000535977  0.00102986
806.949  142.405  0.00419824  0.00415543  0.0049116
