1.0
783
13.8807  181.376  0.0329549  -0.00331493  0.0222813
22.4596  14.5191  0.00271184  2.00823e-05  0.0332926
18.6852  316.167  0.0363618  -0.00280212  0.018521
24.6339  28.7851  0.00359595  0.00321581  0.00922161
28.2104  57.7548  0.00330669  -0.001798  0.00754398
29.6103  609.64  0.0152663  -0.00580998  0.0296893
34.786  207.159  0.00302765  -0.00101029  0.00474915
31.7212  241.964  0.0126252  0.00655319  0.0253689
26.11  14.6316  0.00293942  0.00223117  0.064296
32.0768  269.775  0.00195636  0.000496036  0.00381354
34.3587  202.359  0.00376625  -0.00253339  0.00510399
43.5359  405.939  0.00278109  -0.000525839  0.00608184
45.1771  79.9225  0.0047149  0.00127531  0.00553439
47.925  380.444  0.0226656  -0.00334989  0.011945
49.5876  211.619  0.0314417  0.00055811  0.032478
52.417  553.559  0.00581165  -0.00329006  0.00569153
54.344  13.488  0.00963429  -0.00505369  0.052473
53.4851  317.604  0.030242  0.00303812  0.0310171
55.5536  91.6964  0.0203825  -0.0014164  0.0343417
62.225  250.69  0.0117439  0.0112681  0.0244326
60.2686  184.216  0.0108153  0.000677568  0.00699655
53.934  504.909  0.00995842  0.00455666  0.0090365
68.2073  101.315  0.00258464  -0.00201123  0.0107969
66.9  353.083  0.00794203  -0.00431971  0.00464253
67.8782  303.731  0.00910609  0.000468712  0.004026
73.9038  495.356  0.00318007  -0.00117084  0.0433469
68.2423  250.647  0.00671342  0.00276471  0.00451475
74.3743  386.783  0.00733263  0.0077834  0.0121343
67.3559  457.221  0.0162883  0.00374003  0.00629341
76.1798  463.636  0.0042137  0.00184746  0.00184506
82.0449  666.292  0.00171141  -0.000443025  0.0441388
75.2074  480.156  0.0142934  -0.00253218  0.0291053
77.1284  289.054  0.0067702  -0.00267201  0.0372026
82.4462  387.722  0.000966635  0.000539474  0.0044811
80.7302  423.659  0.0300652  0.00167489  0.0192501
82.9174  11.2521  0.00189967  0.00208409  0.0695367
80.3018  230.582  0.00643758  0.0043533  0.0117887
82.8323  165.106  0.00115909  -0.000342424  0.00382829
88.6505  342.481  0.00556294  -0.00608556  0.0232733
89.3569  605.477  0.00518255  0.00308743  0.00564579
100.499  51.8166  0.0027261  -8.41168e-05  0.005195
96.9672  388.484  0.00603499  -0.00137414  0.00177262
95.4365  9.50254  0.00392164  -0.00703346  0.0653871
92.3125  481.517  0.00439401  0.00156623  0.00813888
102.943  101.047  0.00211254  -0.000257332  0.00579504
106.617  168.139  0.00500291  0.00254873  0.035291
114.677  290.782  0.0209431  -0.002049  0.0238377
107.222  499.393  0.00659946  0.00440926  0.00684733
115.006  35.5769  0.00698784  -0.00104047  0.043678
111.441  654.696  0.00207129  0.0015943  0.00847597
132.622  100.679  0.00360169  -0.00141824  0.00436713
134.309  52.7367  0.00277131  -0.00270739  0.0141658
128.76  592.147  0.00993615  -0.0048452  0.0352351
139.173  295.361  0.00286966  -0.00594976  0.0229779
146.628  32.9901  0.00182911  0.00382898  0.0489864
147.461  294.287  0.0241349  0.00253177  0.0281368
142.322  395.456  0.000781485  -0.000159675  0.0357287
141.744  41.3421  0.00223544  0.00113377  0.0217973
148.563  506.53  0.00351283  -0.000171757  0.00270202
151.487  555.693  0.00662835  0.00172539  0.0113703
153.926  159.342  0.0221347  -0.00986129  0.0146379
145.226  386.319  0.00119968  -0.000937026  0.0106022
164.577  536.155  0.00191722  7.36881e-05  0.00665879
165.892  31.6466  0.00410019  0.00562444  0.043189
166.837  377.279  0.0207087  0.0196259  0.0268546
160.691  328.754  0.00730275  0.00387203  0.0160838
168.547  149.109  0.00582205  0.00132923  0.00372817
171.283  394.256  0.00527528  0.00437038  0.0203341
162.639  661.749  0.0038395  -2.96313e-05  0.00720331
164.351  121.289  0.0150712  -0.00325951  0.00748926
166.916  385.686  0.0167121  0.00661083  0.00861198
181.869  225.185  0.00142298  -0.00214897  0.0132191
174.03  43.9095  0.00344954  0.00140103  0.0117077
179.889  617.384  0.0120772  -0.00104379  0.0134927
185.853  251.274  0.00532925  -0.00179719  0.00451248
186.508  204.971  0.0122299  0.00228309  0.00711039
197.378  223.837  0.00356921  -0.00226284  0.0231777
186.423  192.429  0.00547601  0.000309151  0.00241593
186.514  215.173  0.00593501  -0.00251888  0.0400624
190.011  30.6222  0.00650855  -0.00409085  0.0443032
189.378  70.1402  0.00483248  0.000658343  0.00743239
200.725  44.8272  0.0104363  0.00487028  0.00760364
195.698  226.739  0.00407662  -0.000422438  0.00751671
206.486  331.638  0.00452556  0.000821642  0.00796719
205.197  281.121  0.00875296  -0.00314927  0.0037639
204.221  572.639  0.0230743  0.00204863  0.0216286
202.075  350.137  0.0128367  0.00983246  0.0103128
207.381  372.947  0.00192914  0.000409719  0.00123708
217.141  178.332  0.00308021  0.00192246  0.0171002
201.46  69.9867  0.00124778  0.000126053  0.00593071
207.769  92.7968  0.00332016  0.00272771  0.0082607
218.158  144.74  0.00437892  0.00159979  0.0016154
215.078  309.687  0.00899379  -0.00415963  0.0104142
216.133  411.59  0.0108344  0.00808413  0.0267662
217.312  443.901  0.0146566  0.00496888  0.0128913
223.925  459.143  0.0101286  0.0104958  0.0174517
226.333  174.579  0.00470748  0.000724665  0.0079398
224.841  374.959  0.00150895  0.00018539  0.0010732
227.734  208.237  0.0174457  -0.00864361  0.0176096
223.988  504.656  0.00633195  -0.00127629  0.00215662
231.239  665.784  0.00311104  0.000643078  0.0058138
227.204  424.353  0.00374504  -0.000537536  0.00138733
242.224  120.279  0.00275878  0.00204808  0.00805442
229.126  16.1627  0.00211159  -0.00044082  0.00663261
233.598  243.709  0.0268058  -0.00890206  0.023306
240.147  71.7839  0.00733624  0.00367774  0.010309
240.505  228.833  0.00173658  0.00101455  0.00757042
245.877  434.915  0.00207433  0.00328648  0.0115082
246.046  297.299  0.00546436  -0.000851526  0.00178793
243.268  266.441  0.0159153  -0.00312746  0.0347064
241.034  81.4034  0.00381007  0.00268772  0.0337606
250.411  26.0748  0.0182778  0.000455594  0.0436206
260.947  468.095  0.00218207  -0.000996849  0.0064978
255.983  16.521  0.00560815  0.00438684  0.00777317
255.586  228.916  0.0200696  0.00295384  0.00633716
253.988  423.046  0.00950378  -0.0114122  0.0364715
258.592  478.946  0.0158373  -0.00418495  0.0283567
251.007  488.382  0.00263638  0.000428758  0.00303446
261.242  160.817  0.01799  -0.0100184  0.0268424
260.382  229.308  0.00678732  -0.00350498  0.00650266
262.54  561.008  0.00488  -0.00136686  0.00234825
269.479  553.863  0.00859681  0.00125332  0.0254727
267.389  43.0402  0.00082204  0.00144395  0.007565
263.726  67.9721  0.00514152  0.00100973  0.00448649
273.874  117  0.0052202  -0.00496673  0.0126103
273.965  209.541  0.00360522  0.00146938  0.00216077
266.391  285.613  0.00268872  0.00361544  0.016262
273.489  184.502  0.00406455  -0.00143812  0.0382601
281.761  84.3433  0.0166239  0.00360546  0.0315665
291.333  277.309  0.0137802  -0.00344991  0.0214999
288.377  410.563  0.0123346  0.00518708  0.00487225
309.419  492.101  0.00155816  -0.00180791  0.00654262
315.5  67.2513  0.00420312  -0.000647076  0.00361457
307.628  655.757  0.0218694  -0.0070235  0.0152052
307.693  448.579  0.0217533  -0.00302936  0.0019033
317.844  160.974  0.00226348  -0.00174194  0.0421274
313.112  419.046  0.0068325  -0.00161237  0.00308234
311.265  78.9735  0.0269214  -0.00449447  0.0264107
317.393  672.293  0.00312545  -0.000111941  0.00271366
314.414  187.373  0.0145776  0.00397927  0.0185052
315.691  329.394  0.0072228  0.00236334  0.00969962
325.019  36.2639  0.00228205  0.000985513  0.00658198
315.906  285.906  0.00556861  -0.00321091  0.0118131
311.732  67.7808  0.0024887  0.000698216  0.00372885
317.468  102.417  0.0211918  -0.00811871  0.0207697
315.708  493.45  0.0083518  -0.000999122  0.0327948
312.06  149.429  0.00636182  0.00639036  0.0150339
315.926  169.282  0.0103168  -0.00204875  0.0205351
314.288  441.987  0.00356005  -0.000184985  0.00357597
334.894  470.26  0.00214444  -0.000678413  0.00708537
318.446  556.822  0.00367253  0.00569966  0.0115914
321.592  582.049  0.00444877  -0.00248683  0.0146248
325.096  50.6544  0.0130825  -0.00128748  0.0304093
332.578  522.226  0.0037936  -0.00337823  0.00852091
335.596  413.336  0.0231884  -0.00495091  0.0150281
348.191  114.397  0.00239566  0.0014816  0.00665346
336.385  247.65  0.00247926  0.00131202  0.00549215
345.013  335.088  0.000927429  -0.00016068  0.00305182
346.805  23.2458  0.0123882  0.00456568  0.0510243
344.829  440.678  0.0011404  -0.000100562  0.00256775
340.477  603.163  0.00252734  0.000681445  0.0032291
350.646  175.103  0.00237292  -0.000311718  0.00447846
350.415  402.094  0.00390226  -0.00203162  0.035266
347.51  511.127  0.00174003  0.000887678  0.00198026
358.94  232.509  0.00550183  0.0100327  0.0382399
361.731  386.731  0.00358479  0.0012245  0.00469601
361.343  291.828  0.00360497  -0.00408264  0.0244686
355.639  136.588  0.0327881  0.00103837  0.0314649
362.319  580.014  0.0207607  -0.00443094  0.0216357
362.175  274.903  0.0136963  -0.00610733  0.0274736
375.397  523.024  0.00116048  0.00230785  0.0129025
364.366  292.726  0.0039786  -0.0012847  0.0246828
375.743  18.8889  0.00408104  0.00103284  0.0496897
371.958  209.66  0.00547934  -0.00161877  0.0105642
368.035  36.4995  0.00206032  0.000124714  0.00448515
383.796  415.739  0.0205053  -0.00923848  0.0247616
387.767  32.6289  0.0381386  0.00496174  0.00864172
391.74  332.925  0.00641149  0.00107112  0.00408992
390.943  658.917  0.0203657  -0.0130468  0.0144376
400.714  61.1033  0.00873402  0.00846687  0.0137591
403.491  29.7173  0.00323822  0.000284699  0.00659049
402.283  386.342  0.0103422  -0.00143167  0.00304348
397.714  447.642  0.00192849  -0.0008551  0.0163985
412.543  179.297  0.00976464  0.00053413  0.0039494
418.045  654.707  0.00822393  0.00252355  0.00316414
425.139  343.515  0.00110071  0.000138985  0.00109417
416.616  205.097  0.00481266  0.00486895  0.0189398
427.692  668.699  0.00981732  -0.00282594  0.0471246
431.862  111.593  0.00625806  0.00120837  0.0032989
430.596  634.582  0.00252307  0.000712278  0.0159269
434.478  381.519  0.0118373  0.00722298  0.0129132
433.058  507.711  0.0173035  -0.0132981  0.0136657
447.193  26.305  0.00183927  -8.15935e-05  0.00414522
441.894  237.756  0.0120162  0.000526788  0.0177105
455.573  419.77  0.0022348  -0.000363471  0.0023811
434.652  172.483  0.00356216  -0.000571598  0.0019156
448.421  290.456  0.0240973  0.00170472  0.028164
465.595  459.757  0.00788087  -0.00354525  0.0364596
473.515  595.471  0.0025084  -0.00163064  0.0501278
471.844  391.346  0.00316261  -0.00187626  0.00450151
474.184  635.525  0.0036849  0.000197229  0.00616833
476.534  167.057  0.0015745  0.00174501  0.00480341
468.142  418.433  0.00835701  0.0045423  0.00472437
462.326  255.064  0.00167231  0.000728469  0.0101406
478.963  514.385  0.0279841  0.00252918  0.0277589
484.059  167.305  0.00202303  -0.00036583  0.00349309
482.824  602.455  0.0045192  -0.00123178  0.0203407
492.267  339.483  0.00227837  0.00059715  0.00110936
485.052  20.8327  0.0117666  0.0109007  0.0204722
486.953  446.402  0.00570112  -0.00108351  0.00562027
491.215  554.946  0.00982981  0.00010427  0.0018133
495.048  535.432  0.02093  -0.00378954  0.027199
496.886  633.265  0.0142746  0.00123944  0.0084106
496.027  238.96  0.000827145  5.32238e-05  0.00213
500.302  193.994  0.0021323  0.00036882  0.00589014
510.93  159.417  0.00385607  0.00127003  0.00291186
496.897  257.119  0.0138977  -0.0120229  0.013033
496.768  28.4173  0.00183768  0.000695658  0.00530358
502.851  84.3322  0.00196433  -0.000511244  0.00474005
511.358  331.703  0.00121815  3.33729e-05  0.00393008
516.95  391.454  0.0237893  0.00513253  0.0271696
517.835  394.497  0.00250178  0.000598717  0.00403199
517.433  474.232  0.0123944  -0.00674131  0.00632308
518.171  10.6133  0.00350196  -0.00336511  0.0569155
521.504  95.9739  0.0243728  0.000816918  0.0279693
524.248  197.422  0.0349584  -0.00056793  0.00374637
527.277  506.052  0.00153627  0.000662269  0.0092774
546.986  250.308  0.00175933  -0.00265161  0.0206689
549.414  529.958  0.00179774  -0.000190713  0.00394133
547.788  399.604  0.0198902  -0.000462348  0.0101782
545.652  409.259  0.0128259  -0.00336267  0.0375694
557.886  556.1  0.00221637  -0.000649094  0.0021465
561.176  14.8981  0.0250998  -0.00932297  0.0289856
557.328  337.32  0.00386251  -8.20197e-05  0.00456104
562.428  674.006  0.00601784  -0.00441077  0.0105364
571.766  163.158  0.00442559  -0.00219684  0.00411867
579.571  26.5596  0.00227971  0.003696  0.0160524
573.802  504.453  0.00351845  0.00204674  0.00525474
570.435  54.4302  0.00730414  0.00505649  0.00812583
578.044  157.794  0.0102595  0.00264113  0.0182759
579.954  274.202  0.0103228  -0.00668348  0.0192787
579.799  369.231  0.00188161  -0.000502597  0.00520097
594.008  252.534  0.00196552  0.000118183  0.00527343
571.129  381.392  0.00440748  -0.00347485  0.0311769
575.151  643.064  0.00575149  0.000822463  0.00217975
580.769  178.406  0.0116196  0.00284394  0.0299231
577.712  367.167  0.00666863  -0.00367906  0.00563386
583.298  434.16  0.00249202  -0.00484105  0.0484455
591.721  530.699  0.00252475  0.00136586  0.003301
601.616  171.234  0.00589131  -0.00230851  0.00455553
597.656  587.531  0.00582089  0.000546792  0.00492155
582.877  365.323  0.002108  0.00013178  0.00637441
607.407  291.72  0.00355856  -0.00163746  0.0469069
604.376  278.247  0.00367509  -0.000446064  0.00308744
614.338  44.4201  0.00176996  0.000482767  0.00101734
618.607  378.562  0.000850627  0.000849915  0.00410674
611.682  401.522  0.00264436  0.000940658  0.00277674
631.364  257.241  0.00184212  0.00220438  0.0345521
617.713  139.139  0.0233857  -0.00808313  0.0089591
622.882  64.6319  0.0132565  0.00124899  0.0342897
632.435  305.516  0.00130103  -0.000681226  0.00378406
641.792  641.272  0.00205268  -0.000489166  0.0108102
636.927  409.278  0.00202033  -0.00111651  0.0500312
636.348  322.006  0.00880285  -0.00265985  0.0383841
629.29  435.39  0.00557124  -0.00984915  0.0304332
640.119  65.1356  0.0231313  -0.000707769  0.0272903
646.519  532.948  0.00522863  0.000848741  0.00273227
634.236  596.059  0.00340774  0.00190638  0.00565056
655.312  148.672  0.00102835  -0.000196283  0.00188543
650.751  641.045  0.0100925  -0.003145  0.00726091
661.848  49.7479  0.00345253  -5.30439e-05  0.00471665
659.869  89.5923  0.0238582  -0.000446868  0.0202526
658.856  163.378  0.0118648  0.000498988  0.0159065
654.776  686.055  0.00490567  0.00214006  0.0532475
660.164  411.68  0.0244109  -0.00224454  0.0215701
663.647  431.954  0.00435483  -0.00353078  0.00859926
674.175  18.9677  0.00190018  0.000607947  0.00393684
678.687  76.338  0.0025622  0.00284245  0.00995661
673.609  168.975  0.00876323  -0.0048513  0.022896
666.64  264.866  0.00359887  0.00127989  0.0342984
670.575  446.629  0.0165455  0.00724745  0.00853846
671.871  91.0505  0.00229358  -0.0012744  0.036132
686.111  688.132  0.00320648  -0.00672842  0.0816484
690.432  51.8115  0.00513748  -0.00125442  0.00349577
679.954  123.008  0.00438385  0.000145992  0.0221989
682.724  107.901  0.00213832  0.00266024  0.00692528
680.573  134.229  0.00276507  -0.000841129  0.0102576
698.368  33.2917  0.0126656  -0.00410938  0.0354323
694.374  398.67  0.00894841  -0.00362462  0.00861272
701.888  373.699  0.0185533  -0.00528487  0.0035754
699.37  331.119  0.00613295  -0.00109319  0.0176538
707.494  171.46  0.0096129  -0.0012468  0.00134779
702.525  675.432  0.00974331  0.00499562  0.00621315
711.627  435.828  0.00297282  -0.00216222  0.0102291
715.644  255.43  0.00321532  -0.00206137  0.0062169
709.111  596.509  0.00341921  0.00194818  0.0104335
721.109  68.536  0.00303398  0.000700924  0.00393691
715.3  106.043  0.00800497  0.000970782  0.00464413
730.058  130.408  0.00272003  -3.43113e-05  0.00448907
733.392  672.946  0.00182459  -0.00281522  0.00860061
725.679  675.379  0.00862593  0.00612918  0.0305344
720.039  65.8986  0.00287989  0.00256297  0.0111523
734.861  467.283  0.0102233  -0.00956593  0.0272098
734.753  540.2  0.0018125  0.000487589  0.00851571
733.788  579.461  0.0095369  -0.00911757  0.0241738
742.795  180.5  0.0167227  4.63232e-05  0.0337951
741.824  378.021  0.0186658  0.00582661  0.00810901
746.229  22.0104  0.0341863  -0.00470028  0.00518655
751.156  395.546  0.00382605  -0.00113992  0.00838316
747.957  438.236  0.0228599  0.00116533  0.0131828
747.678  635.069  0.0150588  -0.0113001  0.0175054
765.812  242.65  0.00131141  9.75558e-05  0.0183755
755.416  423.894  0.0157589  0.0031701  0.00524112
764.407  35.6643  0.01598  0.0024732  0.0269539
768.673  624.253  0.0262271  -0.00818672  0.0149082
766.662  528.588  0.011012  -0.00126728  0.0257362
765.657  547.056  0.00330918  -0.000163232  0.00538007
772.113  654.995  0.0031373  0.000634687  0.00555072
771.827  617.191  0.035762  -0.00159359  0.0199555
762.622  682.416  0.00128738  -0.000492615  0.00567389
779.014  272.182  0.0225787  0.0114324  0.0250996
780.864  174.513  0.00811364  -0.00435202  0.010604
784.686  16.48  0.0105477  0.00343441  0.0232178
792  379.842  0.0237461  -0.00496885  0.00803422
804.836  218.194  0.00266441  0.000365343  0.00237524
796.19  64.1013  0.0192828  -0.00392875  0.0154606
799.93  338.884  0.00296682  0.000478498  0.00318312
802.619  249.404  0.00934877  -0.000271964  0.00268889
815.473  15.2052  0.00178191  -0.000875346  0.0114767
792.795  174.193  0.00182154  -8.99858e-05  0.00307277
801.575  545.58  0.00858667  -0.00516053  0.0216612
805.542  472.615  0.0123931  0.000894889  0.000812416
814.278  524.577  0.00160248  -0.000888331  0.00483216
818.725  191.256  0.0022546  -0.000488159  0.00197536
812.321  676.521  0.0257258  -0.00909827  0.0194294
821.847  426.404  0.00154949  -0.000356063  0.00179061
816.856  63.1959  0.00544106  -0.00380194  0.0381993
819.52  676.658  0.00943038  0.000635522  0.00316166
823.627  57.0149  0.00551773  0.00138001  0.0377626
817.325  425.704  0.00225618  0.0011544  0.00447323
834.839  639.969  0.014148  -0.00585463  0.0156716
831.55  648.882  0.00658118  -0.000231801  0.0207713
831.494  460.883  0.00738313  -0.00080693  0.00416664
842.563  539.783  0.00321543  0.00228922  0.00752564
845.033  55.7467  0.012674  6.00347e-05  0.0309825
846.369  28.4769  0.0110134  0.00778895  0.0490491
847.41  332.539  0.00902408  0.00265594  0.00200672
849.972  105.654  0.00673181  0.00537348  0.0122874
853.816  616.16  0.00358888  -0.00747435  0.0274857
875.551  163.499  0.00440261  -1.28374e-05  0.00264307
875.721  145.415  0.0039187  0.00294071  0.0298994
880.426  212.771  0.0042485  -0.00058939  0.00140491
880.791  427.748  0.00489379  -0.00148282  0.00992003
872.424  129.464  0.00329555  -0.000680598  0.00475248
882.684  318.309  0.0222441  -0.00735486  0.0186264
884.203  456.778  0.0060275  -0.00301206  0.0053681
885.829  393.311  0.00191018  -0.000801303  0.0101506
892.144  70.1737  0.0188684  0.00239811  0.00176304
900.133  338.138  0.00263364  -0.000550329  0.00323913
896.336  241.456  0.024094  -0.00290424  0.0201912
885.132  603.989  0.00424968  -0.00410466  0.00741381
891.931  217.978  0.00269297  0.0044642  0.0127875
899.03  340.956  0.00327959  0.000365811  0.00340228
897.16  153.32  0.00132361  -0.00117838  0.00978949
900.071  490.21  0.00701809  -0.00480836  0.00661357
906.734  581.214  0.00163702  -0.000489534  0.00626534
906.429  98.9449  0.00468983  -0.000221508  0.00298243
910.748  221.172  0.0151582  -4.40704e-05  0.00406008
903.616  618.81  0.00225886  -0.00452973  0.0546836
915.67  262.561  0.00222422  -0.000281922  0.00079362
921.633  497.771  0.0225812  0.00205452  0.0345386
917.561  69.5581  0.00137052  8.15476e-05  0.00406007
918.184  244.669  0.00161735  -0.000274545  0.00391242
929.996  209.034  0.00352883  -0.000258774  0.000751603
934.624  323.866  0.00531819  -0.0017467  0.0428021
918.547  186.467  0.00217562  -0.000490236  0.00265286
946.584  431.188  0.00118755  -0.000100099  0.0033728
940.136  38.6799  0.000651198  0.000174153  0.00333376
947.669  97.2629  0.00097228  0.000682186  0.00460379
958.694  126.972  0.00191958  0.000209335  0.00211183
953.148  160.176  0.00115512  -0.000696677  0.00345667
953.055  611.465  0.00110468  -0.000237164  0.00389342
946.305  276.112  0.000857579  0.000285663  0.00186672
950.29  204.456  0.00135924  0.000527172  0.00100615
953.375  496.468  0.00111953  -0.0001492  0.0017916
958.852  616.349  0.00138985  -0.000925194  0.00192203
964.853  66.3413  0.00156602  0.000274997  0.00159974
956.855  437.816  0.0025783  -0.00135717  0.0016704
957.794  82.2908  0.0136443  -0.00447159  0.0348121
969.152  673.874  0.0037192  0.000364182  0.00275261
961.344  387.623  0.0115677  0.00195376  0.0288452
955.721  33.5989  0.00497117  0.00396687  0.00550607
955.807  65.1611  0.00496542  -0.00169259  0.0055313
964.043  215.608  0.00400893  0.00264173  0.00353956
960.204  310.306  0.00112982  0.000497717  0.00583797
967.787  400.382  0.0126012  0.00216371  0.00362958
972.583  574.935  0.00615658  -0.000312268  0.000699569
962.396  284.911  0.00332663  0.00216704  0.00390445
956.954  249.689  0.00219522  0.000124463  0.00273754
967.53  268.017  0.0166594  -0.000760154  0.000685081
969.389  522.164  0.0158227  -0.00164648  0.00429318
980.9  44.025  0.0262168  0.006252  0.0212158
982.479  230.486  0.0316686  -0.00236018  0.0133628
984.357  163.181  0.00641375  -0.00382215  0.0240913
985.636  623.881  0.0255307  0.00356094  0.00384941
988.724  32.8828  0.0378482  -0.00309917  0.00283421
14.4763  55.8996  0.036588  -0.00225724  0.00238801
19.9763  24.4286  0.00449307  0.00079668  0.00198864
19.4482  316.458  0.0290917  0.00123671  0.0154432
24.9111  171.127  0.00762426  0.00199732  0.00252045
38.7124  664.219  0.00557608  -0.00280518  0.00709827
52.7623  649.98  0.00170069  -0.000187894  0.00570866
61.7943  79.6277  0.000841487  0.00100693  0.0079767
54.032  332.167  0.00408827  -0.00198038  0.0112774
57.427  368.695  0.0156929  0.000104822  0.0163652
74.708  447.494  0.00405549  0.00233643  0.00995024
71.6631  287.609  0.0030283  -0.000158124  0.015012
82.3127  116.181  0.00115723  -9.10772e-05  0.000939206
81.5439  231.652  0.00578514  0.0017865  0.00477265
88.3786  547.783  0.0200944  -0.0054232  0.00329779
88.5182  207.059  0.0149594  -0.00118223  0.00350438
99.8093  21.9091  0.000277927  -5.5711e-06  0.00644721
97.7023  55.3951  0.00277735  -0.00138443  0.0124541
95.4593  494.629  0.00492964  0.00340868  0.0212395
98.4494  643.675  0.0127033  -0.00374069  0.0151906
98.2824  241.323  0.00196528  -0.000544958  0.00117108
96.6978  385.483  0.00393075  -0.00193043  0.0039495
110.751  279.173  0.00320552  -0.00626198  0.0162488
108.327  359.009  0.00610871  -0.00102422  0.00293863
131.257  76.8418  0.00178682  0.000345801  0.000929169
121.521  291.345  0.00418566  -0.000568301  0.0159467
114.7  488.228  0.00653172  0.00268578  0.00383351
116.731  628.529  0.00300385  -0.00196393  0.00452018
128.019  330.001  0.0041284  0.000746878  0.00277712
123.496  242.359  0.0030359  -0.000258384  0.0197343
130.245  314.487  0.010168  -0.00280251  0.0113198
131.932  441.72  0.00217025  0.00107396  0.00740211
136.392  348.942  0.00736966  -0.000955015  0.0011157
138.93  197  0.00192512  0.00101678  0.00310171
147.338  395.826  0.00079262  -0.00110189  0.0192407
153.336  159.143  0.0163568  -0.000813913  0.0097409
156.056  488.05  0.0132904  -0.00339166  0.0105571
152.085  611.635  0.00177723  0.0016093  0.00274745
170.824  32.3259  0.00139416  0.00171579  0.0377889
151.233  672.383  0.0017115  -0.00183098  0.0372065
170.43  153.651  0.00898062  0.00812636  0.0121037
160.613  651.657  0.00344363  0.000255915  0.00143679
180.626  462.325  0.00142515  -0.000179061  0.00358445
178.986  565.488  0.00888289  -0.00279513  0.0116687
187.807  618.122  0.00194822  -0.000160139  0.0223156
187.231  602.305  0.0140323  0.00128916  0.0102038
198.92  229.191  0.00435086  -0.00145594  0.00497677
192.441  31.6991  0.0158612  0.000640991  0.0246849
195.512  298.77  0.00272596  0.00106817  0.00298509
211.468  112.42  0.00123377  -0.00169635  0.0152677
215.482  244.893  0.000890697  -0.000838795  0.00539836
200.823  162.531  0.00434197  -0.000704992  0.00170979
195.712  294.667  0.00219813  0.0010506  0.00192984
207.456  158.919  0.00526873  -0.00311923  0.0169152
212.392  304.824  0.00989994  -0.000795037  0.0112272
222.109  542.846  0.0116179  0.011329  0.0140679
216.285  228.677  0.0161674  -0.00215601  0.00439361
213.287  408.883  0.00744387  -0.00280335  0.00915387
219.155  609.745  0.00840648  0.000729512  0.0065689
229.024  428.343  0.00354225  0.00287296  0.0114074
226.324  454.295  0.0099086  0.00222324  0.00755911
225.677  41.1629  0.0131459  -0.00168925  0.00243181
221.787  174.987  0.0026005  0.00093743  0.00882297
241.656  681.972  0.000636577  -0.00124699  0.0115219
245.93  120.252  0.00118151  0.00219791  0.0134003
240.009  172.919  0.00996452  0.000624147  0.015065
239.916  516.961  0.0184207  -0.00238918  0.00537568
245.537  365.712  0.0121043  -0.00636806  0.0104678
255.651  468.469  0.00261384  -0.00210204  0.0092068
248.916  43.999  0.00245232  1.40484e-05  0.00547028
264.479  180.791  0.00259324  -0.00284246  0.00941341
255.754  306.722  0.00806673  0.00096289  0.0181473
260.491  205.011  0.0040424  0.00317714  0.0181439
261.079  330.605  0.000415496  -0.000118827  0.00284371
255.542  118.067  0.000648158  0.00036826  0.0129462
273.758  444.436  0.015104  -0.00484431  0.00326464
265.868  182.077  0.00237196  -0.00369525  0.0193714
285.916  638.88  0.00232845  -0.00320964  0.0112783
268.289  285.228  0.00188288  0.00035905  0.00922848
279.645  86.6871  0.0124996  0.00612686  0.014199
289.935  409.596  0.00334508  -0.000779909  0.00214908
289.014  448.29  0.00661244  -0.000930045  0.00810502
291.019  82.736  0.0160883  0.000871816  0.0147912
294.348  586.103  0.000891802  -0.000456437  0.00420553
297.053  517.321  0.00259355  -0.000900679  0.00278763
303.559  34.6991  0.00528021  -0.000336788  0.00295169
317.422  667.928  0.00129182  0.00105647  0.00324059
320.856  261.408  0.00117665  -0.00190674  0.0167193
306.052  580.376  0.00734907  0.000271277  0.000805901
317.017  162.266  0.00326072  -0.00606326  0.0221713
315.953  66.7828  0.00902806  0.00214412  0.00319616
320.069  271.853  0.00943585  0.00302555  0.00268882
315.955  423.3  0.0124531  -0.00229729  0.003606
314.457  493.782  0.0117338  -0.000150599  0.0178197
320.786  250.835  0.00408778  -0.00271382  0.00767292
318.567  169.749  0.00988542  0.0016659  0.0181138
336.487  641.034  0.000579767  -0.000379398  0.0180722
326.299  135.939  0.00220367  -0.000221257  0.0236285
341.491  607.256  0.00143269  0.00109743  0.0025802
332.989  517.448  0.00256573  -0.00156608  0.00423525
324.031  39.8499  0.00198674  0.000198612  0.0136901
328.826  457.481  0.00159373  -0.0047334  0.0266562
335.099  415.728  0.0157134  -0.00124365  0.00943087
344.878  119.435  0.00408692  -0.000362893  0.00412778
348.224  23.0251  0.00859397  0.00647655  0.0328277
346.378  41.2605  0.0200978  -0.0026016  0.00525616
351.175  175.541  0.00239474  -0.000769674  0.00559455
356.685  319.174  0.0014082  0.000181111  0.000819202
359.134  341.485  0.002317  -0.00124772  0.0142881
349.725  385.129  0.00423167  -0.000706624  0.00428546
363.097  292.618  0.00233638  -0.00150788  0.0190809
335.428  644.718  0.000928123  0.00184387  0.013537
361.598  578.514  0.0158976  -0.000270153  0.0157052
369.577  210.158  0.00711726  -0.00290742  0.0133226
376.772  509.793  0.00162091  -0.000413675  0.00103326
381.497  68.8504  0.00109737  -0.000408784  0.0109877
381.976  309.224  0.000950193  -0.000113585  0.00259703
382.846  469.114  0.00270521  -0.00171939  0.0154266
382.721  350.146  0.0093316  -0.00211106  0.00321635
386.185  242.159  0.00980003  5.22346e-05  0.0009567
381.94  200.781  0.00188818  -6.17607e-07  0.00950228
392.543  660.79  0.0119983  -0.00622253  0.0172423
406.308  604.795  0.00188496  -0.00180448  0.0136297
401.805  51.3452  0.0110201  0.00221803  0.00137519
395.653  445.907  0.00249417  -0.00117613  0.00656346
409.275  31.0284  0.00232318  0.00148366  0.0111054
406.558  104.247  0.00761749  -0.00363678  0.0173678
414.172  183.462  0.0165452  0.00101063  0.00239725
416.509  370.675  0.00249083  -0.000285119  0.0124702
428.849  664.753  0.0145932  0.00126297  0.0107854
432.034  381.266  0.00932834  0.00320832  0.00753807
439.202  656.449  0.00569133  -0.00206927  0.0101122
447.783  177.777  0.00109677  -0.000695824  0.00145961
439.538  486.196  0.00392679  -0.000914724  0.0115569
440.804  248.995  0.0174735  -0.00129745  0.00736244
455.91  408.675  0.00181882  -0.000976718  0.00162934
464.06  184.255  0.00047377  0.000117814  0.00207526
463.81  575.067  0.00284728  0.00167346  0.00619593
461.601  454.462  0.00507105  -0.000502894  0.00465716
463.549  673.897  0.0130513  -0.00174199  0.0297082
465.282  458.95  0.00173004  0.000164471  0.00111721
482.917  596.186  0.00106116  -0.00194643  0.0270209
482.673  165.805  0.00144901  0.000350518  0.0128073
478.121  389.99  0.00235525  -0.000813994  0.00392032
477.798  85.5484  0.019325  -0.0010341  0.00438222
479.272  224.886  0.00190935  0.000614317  0.00732829
497.605  378.67  0.00103318  -0.00187112  0.0229993
483.372  659.095  0.00540985  0.000958598  0.00498358
507.286  333.607  0.00081298  -0.000439141  0.0024223
494.021  88.1014  0.00240247  -0.00065334  0.00256129
488.924  19.9584  0.014464  0.00359999  0.0226226
491.302  595.75  0.00916143  -0.00239194  0.0180185
493.623  172.385  0.00924138  0.00422028  0.00586354
493.972  292.958  0.00596896  0.00195139  0.0188784
508.861  468.609  0.0049109  -0.00428689  0.00663356
498.845  57.9573  0.0240748  0.00120312  0.00205026
499.28  633.939  0.00770935  -0.00191323  0.00707738
508.513  377.341  0.0024096  -0.000938712  0.0211265
502.265  265.631  0.0162355  0.000240515  0.0160605
515.943  86.6577  0.00051906  0.000217733  0.00514277
493.616  211.415  0.0019295  -0.00297246  0.0209258
507.27  516.66  0.0127274  -0.00116018  0.016879
501.71  350.255  0.00103163  0.000190717  0.00107911
499.128  335.648  0.000702919  -0.00011009  0.0016007
510.733  375.883  0.00264816  0.00107021  0.0136374
521.308  400.552  0.0111401  0.00266401  0.00895157
516.827  97.4723  0.00423971  0.0024075  0.021218
521.755  478.14  0.0175818  -0.000395574  0.00550611
523.624  654.03  0.00797396  9.26722e-05  0.0155024
524.742  320.633  0.0155174  0.000811881  0.0165601
533.958  80.9011  0.00413311  -0.00316655  0.0125268
532.744  268.028  0.00516163  -0.00335711  0.00569567
529.937  505.533  0.0031098  0.00456715  0.0131849
540.277  145.639  0.00257455  -0.00210556  0.0109737
525.411  602.08  0.00373442  -6.20277e-06  0.0125392
539.351  659.067  0.000560894  -0.000279912  0.00444235
549.557  67.1188  0.00300922  -0.0015537  0.02293
547.707  409.06  0.000753979  9.79978e-05  0.00139218
547.803  224.648  0.0183497  0.00202817  0.00544116
552.149  145.296  0.00838926  -0.000386232  0.00941098
545.68  522.015  0.00321942  -0.00047657  0.0209732
555.418  215.318  0.0144261  -0.00502328  0.010885
565.817  471.29  0.00133993  -0.000792596  0.00179488
573.449  447.987  0.00418923  0.00406072  0.00858503
565.171  208.296  0.00874359  0.00213831  0.0188467
568.206  242.792  0.0207515  0.00115699  0.00476781
567.726  674.435  0.00104393  -0.00152319  0.00814477
575.048  507.824  0.00222055  -0.000818601  0.00578749
569.331  30.3052  0.0126118  -0.0052238  0.0116395
573.253  56.8839  0.0105129  0.000776785  0.00378731
571.557  369.48  0.00252389  9.00218e-05  0.00461285
583.936  304.383  0.0100272  -0.00218497  0.0155542
596.91  155.316  0.00132371  -0.00010007  0.00116885
589.214  603.113  0.00628488  0.00272779  0.00217101
601.012  52.5049  0.00302778  -0.000294809  0.00594129
609.632  215.362  0.00121292  -0.00185912  0.00829983
610.73  575.519  0.00293109  0.000161349  0.0233734
624.981  522.567  0.000936307  -0.00111973  0.0133888
607.833  637.41  0.0159546  -0.000105782  0.0159546
616.689  350.232  0.00573618  -0.00527492  0.0190858
627.526  309.018  0.00114211  -0.000182373  0.000792802
615.954  108.121  0.00209642  -0.00109091  0.00570385
617.19  492.326  0.00968696  -0.00413768  0.0156437
629.536  49.0933  0.000395805  -0.00011831  0.00303292
641.335  165.546  0.00462749  -0.00274247  0.0105696
628.356  34.2384  0.00180919  4.13869e-05  0.000973414
642.445  427.971  0.00362402  -0.000176519  0.0111738
637.337  576.096  0.0174538  -0.00091461  0.0118185
638.185  253.333  0.00253813  -0.000178324  0.00317906
656.259  110.482  0.00101082  -0.000718296  0.00349688
637.932  200.621  0.00423325  0.00393859  0.00822916
658.419  671.943  0.00170296  0.000312137  0.0047085
637.087  282.442  0.00106678  0.00138082  0.00862173
648.763  20.1735  0.00733729  -0.00134454  0.00265866
663.492  296.928  0.00378765  0.00550398  0.0148997
667.908  91.2814  0.00205904  -0.0010805  0.0225818
662.467  48.3164  0.00542852  -0.00140368  0.00458746
660.604  563.245  0.0014264  9.83586e-05  0.00310679
669.731  75.3447  0.00525174  0.0017978  0.00488353
673.108  166.906  0.00730119  0.000544459  0.0149777
672.835  216.283  0.00498497  -0.000205176  0.00249419
683.247  402.15  0.0119382  -0.00398798  0.00464443
686.497  550.917  0.00430825  7.12249e-05  0.0172859
689.606  99.5916  0.0153158  -0.000458753  0.0157553
700.674  45.8022  0.00240477  0.00110396  0.00337883
696.924  34.2237  0.0129159  -0.000244323  0.0236226
694.009  145.759  0.0030399  -0.000617495  0.0153686
698.693  335.382  0.00359053  0.00113811  0.00588458
718.031  501.016  0.00103178  0.000162971  0.00121551
707.531  667.218  0.00890455  0.000762355  0.0281625
699.634  408.689  0.00204234  -0.0028194  0.0150272
717.929  249.609  0.00687341  0.00302671  0.00502288
700.588  298.775  0.00214742  -0.000409078  0.00243655
724.638  625.854  0.00356795  0.00132113  0.0060388
720.053  369.641  0.00199062  0.00103467  0.0051789
731.69  577.373  0.00680251  -0.00561731  0.0119416
736.628  239.558  0.00516173  0.00081777  0.013715
731.783  123.79  0.00272422  0.00176221  0.00255942
754.075  337.88  0.000962611  0.000247985  0.00478616
742.274  673.361  0.00725578  -0.000377984  0.00558065
728.27  197.043  0.00146848  0.000927029  0.00821331
742.058  519.039  0.00431441  -0.00108458  0.00799512
730.309  423.601  0.000620101  -6.81233e-05  0.00918426
755.573  153.123  0.00480323  -0.00448037  0.0176664
761.784  622.821  0.00505626  -0.0042702  0.0143758
761.343  59.9828  0.00783952  0.000211809  0.000838505
769.913  29.9847  0.0164348  0.000626061  0.0217676
771.076  457.555  0.014664  -0.00368906  0.00839014
760.641  671.894  0.00322645  -0.00558617  0.0165776
774.803  114.865  0.00597542  -0.000196552  0.00089339
783.907  403.331  0.0189386  -0.000421253  0.00829735
783.206  590.852  0.0119818  -0.000966375  0.0173024
771.201  11.0518  0.000577528  -0.000761453  0.00972887
791.838  374.314  0.0220472  -0.000198502  0.00209005
792.085  415.208  0.00544015  -0.00409194  0.0165541
783.623  536.144  0.00503368  0.00291487  0.0103376
796.96  53.2758  0.00187015  0.000808394  0.00168398
799.208  317.065  0.014741  -0.00342917  0.0127241
802.307  342.54  0.00317067  0.00168991  0.00681604
802.443  366.344  0.0114921  0.00545428  0.00636705
812.32  308.053  0.0028637  -0.00140115  0.00694625
822.102  427.807  0.00136825  0.000223235  0.00442946
820.602  628.39  0.00302539  -0.00136268  0.0126895
811.667  668.521  0.00274983  -0.00540345  0.0286364
807.911  183.813  0.00190166  -0.00273118  0.0142763
820.31  128.053  0.00298559  0.00143459  0.00229993
822.268  249.616  0.00694662  -0.0019008  0.00714627
810.641  499.869  0.00161306  0.000333936  0.00122989
820.113  372.219  0.000708932  -0.000336178  0.0039809
830.459  27.4705  0.00902226  -0.00646141  0.0208293
818.767  652.588  0.00258965  0.00514638  0.0215856
834.079  537.709  0.00043654  0.000131442  0.0063254
845.708  45.2918  0.0166772  0.00106133  0.00244328
851.83  441.799  0.00228303  -0.000344419  0.00338917
854.057  470.07  0.00068865  -7.96907e-05  0.0025076
872.885  162.959  0.00966107  0.00225575  0.0036511
877.102  249.028  0.00455015  0.000683449  0.00624682
866.593  128.666  0.00176843  -0.000813993  0.00552567
880.206  472.044  0.00578887  0.00172282  0.00141221
890.123  394.075  0.00368603  0.000221377  0.00968166
879.926  213.167  0.00145348  0.000403611  0.00215991
903.155  154.82  0.0101757  0.00104804  0.00839812
926.17  371.154  0.000815963  -6.79815e-05  0.00305972
893.737  98.8568  0.00116943  0.000227421  0.0032405
912.443  651.933  0.00533267  -0.00241002  0.0190201
927.562  69.0275  0.000569712  -0.000241937  0.00652843
945.697  212.555  0.000967925  -0.000287295  0.00117015
933.412  333.474  0.000353894  -0.000349968  0.00160813
937.175  297.106  0.0133308  -0.00610882  0.00972856
958.069  112.484  0.00190911  8.84557e-05  0.00067807
956.083  492.308  0.00137488  0.000394145  0.00126103
957.545  633.429  0.000908512  -0.000176  0.000585671
957.297  67.3651  0.00352458  -0.000333778  0.00388897
963.54  81.5681  0.00276239  -0.00114057  0.0231952
974.275  662.177  0.00365319  0.00105257  0.00112543
951.565  111.94  0.00116404  -0.000294891  0.000632136
947.409  562.811  0.000893259  -1.02377e-05  0.000717267
30.814  591.109  0.00245816  0.00150206  0.00260932
85.8996  229.288  0.00293311  0.00160382  0.00417501
94.9917  62.5401  0.00345772  0.00140223  0.00167403
138.962  140.922  0.000674514  -0.00077292  0.00191614
158.382  484.965  0.000821922  0.000366917  0.00755817
160.08  319.609  0.00255244  0.000874956  0.000626631
189.308  616.312  0.00173393  -0.000471718  0.00832119
211.807  237.734  0.00392596  0.000633708  0.00174424
242.768  121.859  0.00126345  0.00199311  0.00856859
218.128  637.27  0.000290661  -0.000752249  0.00511671
243.336  531.969  0.00215571  -0.00106695  0.00202327
275.963  615.619  0.00555384  0.000782393  0.000688008
277.078  384.538  0.00832485  0.000582907  0.00463176
293.185  582.469  0.000532145  -0.000242012  0.00766066
356.153  499.63  0.00172983  -0.00119537  0.00133512
349.137  641.401  0.000661826  0.000294194  0.00369975
381.999  302.722  0.000798898  0.000110664  0.00168571
391.804  332.862  0.00397662  0.00120609  0.00409501
404.62  31.4794  0.00319293  0.00268956  0.00772384
398.497  60.9804  0.00442852  -0.000441487  0.0023156
417.904  371.206  0.00204048  0.00134021  0.00582399
438.14  654.381  0.00488293  -0.00230011  0.00685251
459.664  246.57  0.00199727  -0.000347412  0.00127224
481.536  224.679  0.00101421  0.000637985  0.00377135
462.269  414.359  0.000531352  -3.55028e-05  0.000667428
487.712  29.7789  0.00461004  -0.00106616  0.00384534
502.281  632.799  0.00291643  0.000129835  0.00498079
537.062  504.532  0.00062254  0.00110766  0.0080129
538.247  81.7021  0.00158407  -5.52758e-05  0.00555753
574.648  368.736  0.00409191  -0.000704799  0.00429079
617.294  107.182  0.00255147  0.000635409  0.00520916
655.807  530.33  0.000327045  -0.00057324  0.00410188
665.867  173.397  0.00277637  0.000288518  0.00099066
716.689  672.146  0.000775968  0.000472747  0.00421979
740.116  531.694  0.0020898  0.00097371  0.00145589
727.355  583.963  0.00380158  0.00043799  0.00133318
754.766  52.3285  0.00340607  0.000619333  0.0015882
777.983  400.273  0.0046305  -0.00181976  0.00495944
827.689  623.512  0.0013723  0.000611351  0.00550843
802.596  184.308  0.000535176  -0.00101512  0.00824998
845.409  430.422  0.000288743  0.00010359  0.00158265
932.728  156.052  0.000304959  -9.56969e-05  0.00589183
941.706  209.809  0.000612175  -0.000357465  0.000825266
929.938  154.147  0.000325207  -0.000346888  0.0012391
936.318  425.368  0.000488983  -6.38864e-05  0.000955712
933.095  495.829  0.000454951  5.45353e-05  0.000352692
961.541  69.523  0.0023718  -0.000916064  0.00238383
951.547  213.989  0.000800662  0.000350011  0.00228428
956.208  343.676  0.00126147  0.000394054  0.000472774
944.937  555.638  0.000948828  -0.000129845  0.000398628
90.6438  457.766  0.000320599  0.000323372  0.00148212
117.294  553.449  0.000494701  0.000256289  0.00101827
152.3  170.143  0.00101649  0.000238003  0.000419324
173.215  546.183  0.00109286  -0.000342058  0.00204659
250.226  109.644  0.000835901  0.000488937  0.0014067
260.039  347.381  0.000378113  0.000286894  0.000458839
281.007  385.289  0.00211579  0.000841831  0.00359709
291.527  68.2872  0.000480464  0.000290918  0.00394126
393.839  420.027  0.0022841  -0.000623423  0.000445147
426.382  119.316  0.00127167  0.00168741  0.00313726
435.325  643.833  0.00373094  -0.000305119  0.00140079
505.018  656.217  0.000194792  -0.000229217  0.00813671
510.627  64.3749  0.000595592  -0.00015766  0.00041984
588.659  317.632  0.00081238  0.000122971  0.000240141
635.306  49.8916  0.000311202  0.000383437  0.00369041
615.349  110.998  0.0020929  0.000404631  0.00239306
691.733  599.456  0.000219788  3.33271e-05  0.000213179
702.936  67.6736  0.000606888  0.000451225  0.000681241
712.167  427.461  0.000675564  0.000221803  0.000299218
714.444  165.649  0.00276786  0.00113334  0.000649488
754.643  367.001  0.00109531  0.000342124  0.000268318
761.833  63.1473  0.00336193  -0.000299567  0.000934601
839.078  424.569  0.000316341  -0.0002861  0.00276364
823.122  624.396  0.000968719  0.000818614  0.00469102
962.302  582.751  0.0012078  0.00011355  0.000209744
928.235  526.941  0.000252922  -6.06815e-05  0.000229275
953.633  162.198  0.00118378  0.00016187  0.000161949
942.646  240.369  0.000802243  0.0002249  0.000207654
939.241  343.521  0.000661145  -0.000140328  0.000537602
921.71  396.51  0.000453725  3.29769e-05  0.000466167
931.285  543.888  0.000564626  -0.000327598  0.000455681
