1.0
753
11.095  295.665  0.0145747  0.00278502  0.00289872
16.2857  230.523  0.00778409  -0.00199553  0.0066772
34.8222  347.082  0.00268723  -0.00241179  0.007582
22.0215  34.1398  0.0349128  0.000132036  0.0268115
29.5762  468.18  0.00201444  0.00217501  0.00753313
27.4046  462.098  0.0119114  0.0146369  0.041024
20.7519  448.233  0.00902714  0.0063087  0.0187868
27.8451  126.312  0.00879092  -0.00153029  0.0021445
22.7198  517.367  0.00355256  0.00252575  0.0153285
30.9867  187.526  0.00104316  -0.000230045  0.000847167
31.8611  322.266  0.0128549  0.00531038  0.0129095
42.2358  227.071  0.00146628  0.0018844  0.00903898
30.6834  264.863  0.0026381  0.000502904  0.000833813
36.9174  429.468  0.0344062  -0.00407157  0.0213929
29.2668  351.296  0.0174196  0.0111616  0.00899803
36.3744  473.289  0.00824202  0.00806414  0.0328976
43.426  462.189  0.00170903  5.69906e-05  0.00260176
43.8882  29.5137  0.00178426  -0.00105383  0.00270803
45.8729  348.264  0.0114736  0.00785018  0.0137061
49.5344  559.511  0.00253518  -0.000162419  0.00426644
48.8801  495.233  0.00537553  0.00262702  0.00464106
43.9939  132.816  0.00691956  -0.000591887  0.00484375
43.1191  533.948  0.00179872  0.000886662  0.00384333
64.7026  89.3234  0.00273994  -0.00335725  0.0238416
59.7524  347.305  0.0174551  0.00830458  0.0130966
61.6185  70.6907  0.0378512  0.0142597  0.00646948
66.4238  214.478  0.00341629  0.00203068  0.00817434
77.8124  470.265  0.00209984  0.000401729  0.00177036
64.6207  539.48  0.0321776  -0.00070652  0.00178327
74.5695  102.599  0.00845524  0.00467813  0.0086758
75.7883  211.308  0.00535018  0.00358765  0.00619325
78.7155  119.787  0.0168137  0.00559565  0.00885046
73.5162  163.716  0.00119914  0.00025364  0.000863323
80.2527  276.115  0.00171163  0.000350032  0.00123427
86.9458  57.5516  0.00246786  0.00150055  0.00186735
84.3217  268.678  0.00156837  0.00116584  0.00344757
76.0695  468.426  0.00242171  0.000173707  0.000808848
77.2539  489.189  0.00260411  -0.000479663  0.000994346
88.9802  247.531  0.0016277  -0.000697076  0.00110898
89.4662  118.209  0.0169909  0.00425084  0.0218909
86.9638  126.591  0.00245856  -0.000950044  0.0150398
90.7288  437.219  0.0230284  -0.00623837  0.0026498
101.533  280.726  0.01015  0.00484798  0.00366652
92.911  244.849  0.00537919  -0.00153371  0.00120169
105.082  177.046  0.00557575  0.000199453  0.00310153
111.985  495.091  0.00216512  -0.000622198  0.00217478
106.478  462.131  0.0104756  -0.00230247  0.00320329
112.232  442.338  0.0116128  -0.00572235  0.0040987
115.952  571.293  0.00249813  -0.00057293  0.0013879
118.127  82.1006  0.00518585  0.00340956  0.0047889
117.076  529.529  0.0036959  0.000322892  0.00388309
130.992  188.403  0.00114384  -9.23669e-05  0.00278016
128.956  138.462  0.000716377  -0.00020153  0.00181038
123.41  561.403  0.00476891  0.00200932  0.0119997
119.056  35.9889  0.0168517  0.00886947  0.00855357
122.658  57.2455  0.00123971  -0.000774491  0.00432816
120.302  545.797  0.00324132  0.00494304  0.0192751
131.422  587.402  0.00706273  0.0085076  0.0318939
124.353  573.977  0.00445628  0.00769614  0.025042
149.182  442.274  0.00139166  0.000395874  0.00323593
139.911  390.356  0.0071269  0.0088804  0.0320641
145.757  407.109  0.00667734  0.00483858  0.017
152.585  343.04  0.00540205  -0.000557157  0.00076785
145.701  598.271  0.00155333  9.04898e-05  0.00440568
163.78  10.6308  0.00137404  -0.000815173  0.0082111
160.365  104.433  0.00199872  0.000912045  0.00353671
139.622  250.846  0.00201177  0.000407933  0.0034772
145.323  65.3774  0.00551133  0.00162096  0.00984248
141.468  398.328  0.00555909  0.00986649  0.0334364
157.738  357.083  0.00778623  0.00280753  0.0024013
155.996  29.465  0.00478837  -0.00349345  0.00451301
155.278  341.933  0.00143614  -0.000255129  0.00156067
150.51  416.98  0.00416266  0.00495129  0.0184021
156.94  174.48  0.0126209  -0.00610858  0.00946511
163.427  69.8408  0.013644  0.00940236  0.00844089
185.406  611.948  0.00219139  0.00576096  0.065012
175.503  598.629  0.00995996  0.0125287  0.0455179
176.652  621.721  0.00114736  5.20468e-05  0.0134069
176.418  313.877  0.0138802  -0.000521599  0.0277177
172.048  81.1412  0.00356326  0.00347297  0.00649291
177.677  50.1979  0.0294186  -0.0113829  0.0124574
173.721  564.645  0.000798263  -0.000324133  0.00129804
160.749  346.716  0.00160501  0.000403904  0.00591002
188.974  294.274  0.00122511  0.000116435  0.00178678
178.855  375.862  0.0024886  -0.00017918  0.00153038
180.042  124.656  0.00120063  0.000993232  0.00261207
188.931  111.684  0.011713  0.00618487  0.0104773
192.184  270.349  0.0152952  0.0115534  0.0330779
195.574  255.178  0.00455038  0.00167136  0.00443748
192.093  95.0467  0.00666465  0.00107404  0.015717
194.295  30.2714  0.0456581  0.00870426  0.00532981
197.825  44.8392  0.0366121  -0.0107329  0.0146887
201.339  317.831  0.0138394  -0.0107377  0.0240758
199.931  599.454  0.0151415  0.00953937  0.0401406
199.837  154.993  0.00132911  0.000205479  0.00109417
200.451  34.4078  0.0161374  -0.00547505  0.00571428
209.445  365.605  0.00584828  0.000127481  0.00101465
208.816  122.199  0.000938102  -0.000201256  0.00146727
193.548  545.588  0.0173864  -0.0174024  0.0210661
208.377  27.05  0.00589438  -0.00248338  0.0188626
209.895  64.1127  0.00598808  -0.00608521  0.0164367
205.068  84.6653  0.0141772  0.00161233  0.00848815
206.452  204.239  0.0412656  0.0110885  0.00594187
208.684  40.8974  0.0370583  -5.07956e-05  0.0181817
216.076  90.0473  0.0135381  0.00214558  0.00507583
224.799  46.0258  0.0123944  -0.000688252  0.00829934
228.454  256.81  0.01756  0.00741802  0.00671074
223.005  361.438  0.00822267  -0.000755561  0.00119998
225.429  272.801  0.0514456  -0.00389532  0.00190715
229.933  288.527  0.00898759  0.00789406  0.0186779
224.85  599.202  0.00226268  0.00120088  0.00688759
239.791  263.684  0.0137594  -0.000382617  0.0226315
245.381  321.146  0.00106489  -0.000392042  0.00196715
244.859  237.966  0.0185928  0.000221029  0.00363701
258.883  400.721  0.00160451  -0.000387706  0.00125843
266.042  301.056  0.00196568  -0.0030393  0.0136423
260.753  282.687  0.00532159  -0.00162787  0.0115627
256.396  24.3537  0.00733314  0.00631435  0.0289262
254.879  245.854  0.0301435  0.0121688  0.00908856
265.424  375.606  0.0126317  -0.0136447  0.0261576
268.984  262.002  0.00345966  -0.000361355  0.00202081
280.386  96.8118  0.00164537  0.000291374  0.00220096
263.193  536.082  0.00682539  0.00687333  0.032144
268.459  624.518  0.0167669  0.00518206  0.0698805
270.653  231.295  0.0343512  0.0148209  0.0117685
277.857  539.261  0.00454487  0.006865  0.0186884
280.316  21.7033  0.00361151  0.00678359  0.0300687
269.774  219.234  0.0106483  0.0102406  0.0215092
273.872  598.817  0.00836548  0.0102975  0.0332222
286.074  74.9435  0.00271536  0.0040642  0.0456282
276.19  165.247  0.0308731  0.00357425  0.00117031
281.255  15.6275  0.00322485  0.0101114  0.0798317
277.256  150.266  0.0376432  0.00839965  0.0033743
280.044  366.009  0.0255374  -0.0040869  0.0278963
284.441  383.245  0.00552992  -0.0109657  0.0507416
294.089  184.533  0.00224995  -0.00025691  0.00246888
285.723  446.577  0.00212038  -9.88063e-05  0.00830108
287.495  115.742  0.0350526  0.0123831  0.0110928
290.799  312.805  0.00965474  0.0132063  0.0402097
285.665  549.309  0.0115558  0.0128718  0.035878
285.696  473.019  0.0203259  -0.0100718  0.00788595
292.993  99.8052  0.0377612  0.0127233  0.00542845
293.659  283  0.0134979  -0.00224965  0.0345364
287.772  22.7327  0.00139059  -0.0011869  0.0162003
295.547  553.578  0.00634047  0.00858097  0.0196362
295.074  253.154  0.0161979  -0.00110056  0.0147002
297.93  420.075  0.0107654  0.00192188  0.00310437
302.387  607.019  0.00820462  0.00119909  0.00227675
298.653  306.37  0.00557717  0.00257258  0.00449144
302.09  569.601  0.00870955  -0.00130169  0.0138135
303.928  495.866  0.00470797  -0.000359508  0.00217699
304.165  250.152  0.00876089  -0.00292759  0.00200543
302.339  285.911  0.0261552  0.00993667  0.0302624
297.724  447.115  0.00572116  -0.00380006  0.00776073
308.801  371.415  0.00750611  0.0107231  0.0407418
305.503  583.819  0.00641919  0.00301149  0.0324887
306.111  79.572  0.00477687  0.00420476  0.00754551
305.491  291.033  0.00702386  0.002958  0.00539019
302.154  601.008  0.0223526  0.0130123  0.0105526
310.389  19.4513  0.0123158  -0.00046336  0.0377857
321.308  396.522  0.00192068  -0.000283247  0.00184899
316.319  568.078  0.00793321  0.00877814  0.0313017
318.853  455.71  0.005564  -0.00265892  0.00346328
318.776  596.037  0.00659263  0.000972213  0.00229937
316.943  435.34  0.0268686  -0.0178134  0.0222959
309.542  535.225  0.00500934  0.00103332  0.0152502
325.939  516.695  0.00260593  0.000534337  0.00377139
323.367  475.253  0.0167055  -0.0241282  0.0404776
319.44  149.233  0.041229  -0.00782279  0.00564718
314.369  241.398  0.00844198  -0.00124241  0.00449645
316.516  396.578  0.00326395  -0.000343537  0.00161931
311.008  283.469  0.00595035  0.0039565  0.00528189
315.951  370.519  0.00468933  -0.000762232  0.028652
334.262  66.4077  0.00118959  -0.00114657  0.0257795
326.753  83.9866  0.00182825  0.00168366  0.00973004
339.829  289.847  0.00419086  0.00290752  0.00510672
339.645  23.9977  0.00253171  -0.00439167  0.0220751
326.031  559.031  0.0116635  -0.0124719  0.0221972
337.589  311.944  0.00224279  -0.00281688  0.011224
328.114  243.73  0.0132083  -0.00101174  0.00970739
336.748  96.7656  0.0053254  0.00563679  0.0106009
338.724  456.172  0.0117156  0.00324816  0.0126788
325.909  259.728  0.00312259  -0.000578629  0.0099948
325.62  398.414  0.00129785  -0.000789482  0.002379
330.02  83.0842  0.00184256  0.000810099  0.0127005
344.895  606.631  0.00961246  -0.00302143  0.00852265
341.09  283.709  0.00392067  0.00187211  0.00310291
343.938  418.869  0.00181243  0.000624184  0.00175907
342.988  362.504  0.00294107  7.75163e-05  0.00339572
349.641  571.508  0.0135084  0.00152403  0.0387265
347.559  22.436  0.00636234  -0.000319947  0.0120984
345.147  249.073  0.0149806  0.00650184  0.0096406
346.308  499.725  0.00247422  -0.00106272  0.00313262
350.725  395.741  0.01417  -0.00806807  0.015724
351.886  584.134  0.00975583  0.0130593  0.0400618
365.504  558.085  0.00373301  0.00670964  0.0191129
353.5  304.934  0.00389706  0.00472099  0.00812101
358.632  591.225  0.00427725  0.00511316  0.0126435
370.005  622.264  0.0107029  -0.0109504  0.0302062
360.688  401.541  0.00405695  -0.00555124  0.0116562
357.9  309.107  0.00542681  -0.00317656  0.00427357
374.865  535.246  0.0153534  -0.0224688  0.0410881
363.402  548.996  0.00206959  -0.000567626  0.0013199
370.307  417.3  0.0397665  -0.00604731  0.0105951
364.229  477.848  0.00251947  0.0010961  0.00468415
374.918  398.438  0.00696192  -0.000398178  0.0111131
363.651  385.12  0.00462283  -0.00868212  0.0403742
377.07  99.214  0.00838917  -0.00747218  0.0229543
374.83  602.333  0.0122178  0.012038  0.0406373
379.977  285.927  0.00912826  -0.00153179  0.0029137
380.111  321.856  0.00934368  0.00283316  0.00267024
382.107  369.981  0.0128931  0.00179009  0.016168
388.393  549.816  0.00463885  0.00344647  0.045798
397.234  481.402  0.0065778  -0.00641692  0.0128182
393.968  386.455  0.0119319  0.00534362  0.0117221
393.776  420.368  0.0335776  -0.0221626  0.0199464
400.966  460.749  0.00250678  -0.000536909  0.00226746
397.624  293.356  0.0337805  0.000540667  0.0279658
409.461  354.301  0.00163131  -0.000175758  0.00186079
412.654  238.267  0.00618579  0.00329213  0.00493735
404.788  269.42  0.0227104  -0.00583615  0.00349089
392.287  119.937  0.00168473  0.000644179  0.00417511
399.991  401.885  0.00141757  0.000208577  0.00595168
408.523  304.746  0.0077768  0.00284587  0.00789195
407.467  328.69  0.0260491  0.00113353  0.00269238
401.098  481.638  0.00960718  -0.0128908  0.0245884
411.774  359.403  0.00308159  -0.00115561  0.00217735
428.976  51.8483  0.00209005  -0.00192189  0.00904801
411.304  133.348  0.0206861  0.00779792  0.0113108
413.54  387.37  0.00992988  0.00706503  0.0130678
414.433  552.659  0.00158674  -0.00249862  0.0176112
422.535  534.795  0.00624543  0.0095122  0.0239148
416.646  288.646  0.0324809  0.00123091  0.0324809
418.623  294.229  0.00612125  0.00186024  0.00269947
428.763  429.195  0.00179452  0.000898193  0.00231352
423.594  245.493  0.0366783  -0.00438829  0.0121003
427.384  319.023  0.00446626  -0.000230521  0.00362179
410.538  354.48  0.0024644  0.000489968  0.00281207
416.51  271.84  0.0073246  -0.00364653  0.00499
423.802  547.25  0.00448708  -0.00351242  0.0390562
427.11  216.587  0.0269201  0.0136102  0.0187618
430.011  127.04  0.0121135  0.0138841  0.0191557
432.045  376.992  0.00444181  0.00236305  0.00247903
429.095  263.62  0.0171777  -0.0113247  0.0207458
434.95  260.881  0.0299231  -0.00328833  0.028275
430.593  94.1322  0.00569209  0.004848  0.00694502
429.899  346.57  0.00750445  -0.00961507  0.0159506
425.794  107.408  0.0033405  0.000954717  0.00259167
448.83  521.414  0.011528  0.00974253  0.0114261
445.11  338.157  0.00302342  0.000618254  0.00617814
430.877  52.2764  0.0025539  0.00098409  0.00333277
446.891  100.481  0.00961174  -0.00570907  0.0170957
449.237  560.324  0.00261663  -0.00134427  0.00786468
445.349  371.247  0.0195493  0.000151912  0.00470338
450.75  502.042  0.00613085  0.000600963  0.00190664
448.762  607.308  0.0115916  0.0001055  0.0023769
451.921  147.579  0.0313093  0.0168478  0.0109325
450.006  32.3829  0.0380137  -0.00749423  0.00729887
454.691  215.216  0.00910062  -0.00918098  0.0205207
447.792  263.282  0.0033724  -0.00549789  0.0156407
456.512  348.413  0.0127587  0.00297945  0.0183644
454.106  16.0115  0.00701377  -0.000330515  0.00487822
459.15  105.671  0.0111851  -0.0013849  0.0130888
459.188  245.129  0.012612  -0.00177329  0.00366734
469.511  279.918  0.00474898  0.0115053  0.0498365
460.151  380.836  0.0154506  -0.011273  0.0179471
464.86  504.039  0.0107738  -0.00072901  0.00475482
467.006  274.258  0.0115002  0.00838834  0.0324705
472.377  360.785  0.00621703  -0.000104587  0.00368317
473.6  596.307  0.00930277  -0.000422265  0.00265511
480.743  50.5227  0.00383303  -0.00161132  0.00347607
471.793  491.414  0.0138558  -0.0019743  0.00441208
472.806  590.766  0.00741776  -0.00059891  0.00168003
470.761  23.3509  0.00622748  0.00198113  0.0169237
460.635  166.311  0.00352784  -0.000479309  0.00225374
476.492  614.191  0.00470944  0.00886425  0.0326837
477.952  241.121  0.0280763  -0.0139174  0.00941885
481.892  535.41  0.00209031  0.000657471  0.00171584
478.444  267.801  0.015371  -0.00060036  0.00215854
485.351  559.692  0.00120681  -0.00342232  0.0197631
478.266  129.252  0.00191896  0.00146844  0.0429195
492.138  416.991  0.00174558  -0.0017197  0.00645448
492.652  590.218  0.00640952  0.000842169  0.00315684
491.484  591.553  0.0115949  -0.000435291  0.00317513
486.282  316.667  0.00298844  -4.37074e-05  0.000731068
490.456  487.924  0.00368925  0.000435433  0.00175858
490.887  34.541  0.0041565  0.00469111  0.00749635
499.098  398.095  0.00293303  -0.000530069  0.0115687
500.638  49.6005  0.0103859  -0.00370277  0.0041935
496.561  153.845  0.00137424  0.000798211  0.00692761
503.713  480.491  0.0314025  0.00891227  0.0124
512.554  135.022  0.0084248  0.00206404  0.00479654
525.944  555.753  0.00176579  -0.000616621  0.00939846
515.276  265.362  0.0020305  0.000360234  0.00104979
512.354  588.28  0.0544364  -0.00391148  0.0022465
516.801  95.3552  0.0276536  -0.00971324  0.00493691
502.267  113.599  0.00371225  0.00303737  0.00793744
522.471  104.907  0.00822846  -0.00347995  0.00308264
508.329  154.876  0.00873378  0.0100525  0.0160729
527.705  489.811  0.00551999  0.00554563  0.0110856
527.33  412.176  0.00618261  -0.00376496  0.00915584
525.249  577.845  0.00707408  0.00122317  0.00242006
521.024  344.281  0.000823878  0.000251935  0.00205772
523.853  320.629  0.0115559  0.00449064  0.0189261
537.804  222.225  0.00184992  0.000348724  0.00203914
527.912  475.285  0.0108578  -0.000586196  0.00267676
530.705  47.9424  0.0300251  -0.00658102  0.0149558
533.187  548.736  0.00824808  0.0072651  0.0327723
544.231  222.394  0.00352762  0.000537125  0.0019294
541.084  606.537  0.00128533  0.00117671  0.00331878
554.262  244.295  0.00362737  -0.00262422  0.00622581
542.869  509.923  0.00421628  -0.000773264  0.000847461
550.41  569.978  0.00786092  0.000273929  0.00236991
546.933  211.518  0.0233171  -0.0056832  0.0112562
549.424  327.064  0.0394834  -0.00567995  0.00671211
544.328  377.801  0.00456203  0.00251421  0.0023651
550.573  474.191  0.0279402  -0.0055461  0.0264935
541.116  103.087  0.00343592  -0.00204441  0.00389555
563.695  87.1781  0.00179948  0.000554726  0.00209448
552.23  498.697  0.0233221  -0.00395338  0.00493505
547.613  51.8396  0.00381997  -0.0024003  0.0046365
568.481  537.83  0.00352349  0.00593757  0.0180352
560.752  454.176  0.0309671  -0.00766041  0.0046639
561.857  511.353  0.00952465  -4.31303e-05  0.00200084
566.366  328.573  0.00303086  -0.000592803  0.00168054
563.88  487.665  0.00307007  -0.00147416  0.0023937
565.286  492.981  0.0354272  -0.0116681  0.00860877
557.132  70.4381  0.00775449  0.00643027  0.00813719
567.302  303.5  0.0209139  -0.00190175  0.016086
572.923  73.1082  0.0063816  0.00316706  0.00247855
575.424  377.197  0.0197898  0.00490732  0.0221975
575.298  462.547  0.0177544  -0.002786  0.0173354
572.484  562.771  0.0113638  -0.0006365  0.00241635
561.803  116.525  0.00177061  -0.00227644  0.00939986
579.777  484.697  0.00479696  -0.00144449  0.0117846
586.065  416.083  0.0227234  -0.00222501  0.0118032
579.806  17.6778  0.00134556  -0.00152065  0.0130526
595.517  440.668  0.0248367  -0.00154185  0.00300957
596.664  557.329  0.0116893  -0.00247577  0.00279782
589.505  69.7222  0.0128164  0.00984102  0.0108148
586.307  299.825  0.00292303  -0.000555348  0.00187263
603.847  526.94  0.0222395  -0.000545216  0.00190383
600.249  561.134  0.00411562  -0.000953157  0.0045525
610.255  97.0207  0.00133332  -5.80534e-05  0.00083947
627.617  505.062  0.00438191  0.00718293  0.0173874
625.463  323.062  0.0176777  -0.0132103  0.0177447
622.779  239.325  0.0207442  -0.00601028  0.0122842
624.882  67.0781  0.00232424  -0.00823393  0.04124
640.445  601.431  0.00286906  0.0011463  0.00240442
626.735  503.858  0.00646271  0.00993926  0.0203546
640.915  281.763  0.0142403  -0.00248444  0.00487423
638.932  253.63  0.0363173  -0.0036019  0.00706044
624.161  452.523  0.00501218  0.00800616  0.0215229
652.129  68.9612  0.00111803  0.000133884  0.0106388
651.326  187.492  0.00515398  -0.00706284  0.0326448
646.228  44.1202  0.00536728  0.000611374  0.00155232
645.006  218.161  0.00200159  0.000213166  0.000980709
653.23  294.537  0.00896482  -0.00825231  0.00915898
665.408  61.7592  0.0113828  0.000515732  0.018801
673.017  567.507  0.00177651  -0.000395971  0.00307376
665.717  233.778  0.030555  0.000276843  0.0310521
663.513  304.763  0.011829  -0.00790554  0.00989714
680.044  450.596  0.0136478  0.00933269  0.00909918
678.504  114.131  0.00877208  -0.00252376  0.0127109
675.009  319.302  0.0288981  -0.00592188  0.00246045
685.057  185.377  0.00669306  0.00417613  0.0326543
692.316  29.1118  0.0159581  0.0022313  0.0224166
696.375  424.636  0.00734253  0.00525873  0.0196036
696.07  52.9103  0.0101603  -0.00166497  0.0043688
699.659  376.913  0.0399914  0.0045864  0.0028046
703.086  70.5805  0.00721132  -0.00388814  0.0103934
702.533  107.039  0.00662005  -0.000534454  0.0113381
707.146  284.663  0.0405674  -0.00854778  0.00827306
707.377  311.915  0.0387599  -0.000152536  0.0139847
712.662  534.285  0.0181467  0.00236667  0.0277471
713.154  33.6946  0.00197617  -0.00181726  0.0035332
715.646  81.6458  0.0324809  0.00123091  0.0324809
720.524  279.41  0.00603365  0.00119063  0.00205438
715.628  312.427  0.023359  -0.00943531  0.0165992
717.743  28.1382  0.0124362  -0.00321748  0.0313276
718.735  170.729  0.0153477  0.00488021  0.0218869
717.444  11.5096  0.00986255  -0.00158572  0.01226
719.273  144.282  0.0278168  0.0203472  0.0205517
720.896  52.2815  0.0312372  -0.00291636  0.0165193
723.601  237.364  0.023034  0.0044627  0.00206587
724.839  233.391  0.0343775  0.00727391  0.00276788
727.406  495.718  0.00190654  0.000189653  0.00080018
727.093  420.022  0.0105484  0.00221437  0.00314612
726.63  475.469  0.00147294  -0.000653731  0.00106061
733.357  548.189  0.00231163  0.00474371  0.0356831
729.047  129.631  0.041695  0.0214917  0.0141308
734.32  16.3018  0.0265934  -3.16898e-05  0.0107027
731.058  179.41  0.0170085  0.00529609  0.00435936
734.577  526.558  0.0354305  0.0161678  0.0163878
729.064  45.7574  0.00234318  -0.00311897  0.00790887
737.529  29.626  0.00913708  0.00686318  0.00682471
739.331  319.704  0.0244909  -0.00279285  0.0168487
726.433  383.276  0.00149045  -9.99852e-05  0.00141429
739.025  414.409  0.00399383  0.00251839  0.00461856
752.605  46.1382  0.0116051  0.00595005  0.0338923
753.52  524.869  0.00588076  0.000917882  0.00138779
747.179  335.368  0.0104188  0.0125198  0.0290755
756.336  540.115  0.00189015  0.00272696  0.0144002
757.524  440.288  0.00192263  0.000227235  0.00141484
766.544  121.334  0.00339893  7.86918e-05  0.00164049
756.277  498.738  0.0159539  0.00727913  0.00739189
762.053  84.5421  0.00436298  0.000611662  0.00178182
771.794  251.809  0.00488963  -0.00190686  0.00580737
766.633  416.215  0.00750319  -0.00316464  0.00406296
771.791  393.472  0.00482631  0.00790576  0.0401672
770.007  306.592  0.0195952  -0.00892278  0.0229243
782.185  476.331  0.0199437  -0.0120399  0.0197284
763.658  342.935  0.00186183  -0.000126224  0.00401199
785.676  22.3103  0.0434745  0.00170666  0.00946541
33.8167  367.763  0.00312178  -0.000224102  0.00470348
29.7359  505.88  0.00421966  -0.00360644  0.0125887
25.0314  133.11  0.00616299  0.00189294  0.00191892
36.7674  472.831  0.00858169  0.00313606  0.0190352
41.3021  422.185  0.00631576  -0.00132084  0.00242669
47.8524  346.747  0.0120357  0.00511479  0.015046
70.7917  165.092  0.00112732  0.000188632  0.000558756
82.6243  345.426  0.000918436  -0.000550945  0.00253108
75.4517  437.265  0.0028736  -0.00102623  0.00204223
64.7685  214.071  0.00166842  0.00184199  0.00836823
51.2743  113.795  0.0018911  0.00187358  0.00423849
76.5258  121.643  0.0163656  0.00407035  0.00947103
68.3659  266.866  0.000910584  0.000115397  0.000358751
75.8375  558.443  0.0156991  -0.000632114  0.000725384
73.9701  465.643  0.00224284  -0.000166065  0.000381495
78.9809  488.271  0.00247511  -0.00043224  0.000648984
86.4586  242.265  0.00104551  -0.000270033  0.00070706
95.916  294.573  0.00987646  0.00185333  0.00328791
116.871  169.466  0.00188829  0.00170453  0.00263346
103.967  69.7291  0.00877996  0.00197619  0.00226764
113.84  549.505  0.00345198  0.00262937  0.00677509
107.125  434.401  0.0119757  -0.0062611  0.00388038
118.891  573.897  0.00220584  0.000267108  0.00444928
133.758  208.127  0.00104778  -9.59378e-05  0.000836078
144.753  33.2571  0.000983518  -0.00190684  0.014875
128.467  478.034  0.00867682  -0.00213948  0.00775672
120.934  546.008  0.00203535  0.000646004  0.011967
138.784  399.253  0.00421566  0.00465802  0.0190325
152.198  442.036  0.00275966  0.000610873  0.00193791
133.755  257.96  0.00202734  0.0010806  0.00234489
168.536  106.262  0.00150473  9.35348e-05  0.000743418
162.273  348.391  0.00256998  0.000807413  0.00162712
160.384  42.5066  0.00550012  -0.00235571  0.00179967
169.147  59.4617  0.0137907  0.00234225  0.00286832
164.45  325.727  0.000604158  0.000412771  0.00212758
165.606  87.4936  0.00464278  0.00413045  0.00511509
173.467  605.515  0.00428648  0.00669826  0.0317975
186.79  381.249  0.000920665  -0.000502224  0.00150231
186.317  125.349  0.000357334  -4.36059e-05  0.000570992
190.832  269.992  0.0109945  0.0015473  0.0181521
193.578  51.3839  0.00498009  -0.00297056  0.00284387
205.178  83.9571  0.0145058  0.000418397  0.0145376
205.472  206.823  0.0203241  0.00379501  0.00573681
222.622  45.1482  0.00426419  2.43694e-05  0.0179173
226.547  370.536  0.00791028  -0.00201329  0.00100264
226.275  263.965  0.0187698  -0.000180749  0.00395482
227.933  277.306  0.00810012  -0.000723252  0.0011122
232.238  613.099  0.00220865  0.00538007  0.0202715
255.971  248.751  0.00573158  0.00238554  0.00411776
264.888  375.749  0.00814989  -0.00761945  0.0142246
261.026  604.617  0.00163204  0.00440072  0.0171474
284.798  97.7567  0.00146461  0.00054291  0.00118867
275.984  337.985  0.00428682  0.0015065  0.00145713
255.042  155.208  0.00119857  -0.000507456  0.000812919
256.861  129.986  0.00120519  -3.13486e-05  0.00107125
293.152  435.5  0.00234277  0.000798628  0.00136693
278.195  95.1868  0.00126641  0.00105352  0.00242038
278.033  286.848  0.00164238  0.00167546  0.0147205
294.839  254.658  0.0156193  -0.00240831  0.00633718
291.162  429.078  0.0127895  0.00756416  0.00559525
299.088  244.936  0.00471534  -0.00270138  0.00268151
296.782  548.884  0.00368956  0.000923125  0.00410051
304.684  582.848  0.00497372  0.00103122  0.0223743
308.451  292.488  0.0155288  -0.00164491  0.0126893
301.249  85.921  0.0132822  0.0108263  0.010581
321.954  589.661  0.0055724  0.00114208  0.00133128
296.16  167.213  0.00218025  -5.69763e-05  0.000710046
308.671  536.243  0.00363672  -0.0018227  0.00772551
320.378  457.485  0.00656153  -0.00363403  0.00495874
320.745  152.455  0.0169324  -0.00151243  0.0124198
320.209  276.519  0.00434723  0.00193891  0.00179435
330.361  243.393  0.0179656  0.000909113  0.010126
337.688  97.494  0.00321833  0.00312349  0.00641277
351.276  475.342  0.00388693  -0.0022431  0.00267031
339.415  286.856  0.00664061  0.00330053  0.00348882
339.068  345.378  0.00367498  -0.000115637  0.000685572
329.849  401.459  0.00117717  -0.000895129  0.00191611
348.612  539.592  0.000530671  -0.00051115  0.00283145
359.142  594.34  0.00287288  0.00134453  0.00437511
355.787  390.279  0.00270042  0.00116747  0.00633457
357.518  304.183  0.00683946  0.00784933  0.0108154
359.098  480.097  0.000877047  0.00026812  0.00636695
366.788  303.381  0.00328337  0.00179694  0.00216938
368.183  61.8912  0.00289219  0.000808063  0.00179827
376.765  536.602  0.0086609  -0.00844812  0.0173009
380.451  330.726  0.00794917  0.00168797  0.00101463
368.593  556.487  0.00214763  0.00382259  0.0128958
394.346  56.1854  0.00324925  0.000485053  0.00113609
387.077  478.722  0.00246402  -0.00388671  0.0116587
388.356  123.807  0.00176155  0.00146023  0.00353253
409.233  247.362  0.00728227  -0.00265629  0.00138285
422.975  291.84  0.00778057  0.00538182  0.00518833
419.102  272.324  0.00306516  -0.00174842  0.00459843
422.767  547.183  0.00606974  -0.00139637  0.0196038
432.768  157.636  0.00271582  0.00121667  0.00107925
418.621  389.738  0.00561161  0.0037838  0.00342861
427.558  214.058  0.0147924  0.00284395  0.0146685
428.578  263.692  0.0130183  -0.00622888  0.0117127
429.397  371.377  0.0216649  0.00187068  0.00178452
425.883  170.72  0.00231893  0.000245292  0.000594338
427.791  101.942  0.00588883  0.00317129  0.00311806
445.466  162.616  0.0216401  0.00684613  0.0055053
452.355  559.553  0.0030236  -0.000256286  0.00881471
458.354  217.509  0.00890893  -0.00927253  0.0168698
445.418  259.325  0.00220535  -0.00276678  0.00642375
459.164  347.785  0.00284051  0.00617659  0.0203577
466.495  274.269  0.0119909  0.00220385  0.0172416
481.31  137.949  0.000551377  0.000724283  0.00353015
477.587  241.346  0.0195492  -0.00764724  0.00557004
494.036  417.892  0.00279471  -0.00302223  0.00779388
488.906  488.072  0.00461649  4.61683e-05  0.00211912
515.327  394.237  0.00096927  0.000636092  0.00318963
496.026  149.852  0.00108448  0.000121391  0.00326994
516.427  553.121  0.00301136  0.00537133  0.0258625
536.069  251.164  0.00083617  0.000551029  0.00321492
520.864  103.399  0.0118057  -0.00414074  0.0032104
529.523  480.847  0.00761203  -0.00176557  0.00269996
533.009  142.694  0.0126518  -0.00211986  0.00272213
530.136  386.909  0.00118123  0.00120988  0.00231924
548.279  242.731  0.00190486  -0.00268998  0.015962
546.055  211.21  0.0149345  -0.00428786  0.0107714
538.139  576.674  0.00177041  0.00144277  0.0036303
540.519  97.5282  0.00444294  -0.0060017  0.0135106
544.739  41.7281  0.00334272  -0.00129237  0.00144501
554.149  496.453  0.0109185  0.00218356  0.00327957
565.606  90.4476  0.00180675  -0.000158793  0.00150309
557.673  514.562  0.0163928  0.00517569  0.00332394
566.369  581.911  0.00602075  -0.00361032  0.0123379
576.296  94.3676  0.00129775  -0.000656144  0.00104403
574.91  462.171  0.0149688  -0.000996887  0.011091
560.93  113.959  0.00272502  -0.00586715  0.017781
579.341  484.27  0.00659004  0.00176242  0.00704638
598.394  172.919  0.0043461  -0.00628486  0.0151223
592.948  576.289  0.00609669  -0.00334351  0.0192953
593.629  434.584  0.014791  0.000100834  0.00437626
589.371  72.1264  0.0106201  0.00670948  0.00675781
599.33  556.921  0.0048061  -0.000775659  0.00257446
597.369  301.672  0.00295208  -0.00337961  0.00497383
609.778  469.998  0.00159334  0.000524494  0.00200126
629.496  503.633  0.00344862  0.00470925  0.0094004
630.038  67.5128  0.000960077  -0.00374938  0.0274823
610.186  274.224  0.00110434  1.1255e-05  0.00109363
627.263  209.188  0.00102698  -0.000702237  0.00146494
630.085  449.803  0.00488427  0.00408262  0.0185322
641.044  284.358  0.0135847  -0.00680037  0.00703292
639.54  268.769  0.0199472  -0.0007339  0.00102095
645.275  119.212  0.0016917  0.00261657  0.00541981
659.953  187.317  0.000888961  2.05491e-05  0.0250387
637.243  47.918  0.00154384  0.00115033  0.00372231
671.703  572.193  0.00124064  0.000713814  0.0017123
665.634  231.95  0.0166144  0.000274419  0.0164835
669.551  533.658  0.0012442  -0.000691518  0.000760254
670.928  462.403  0.0107839  0.00826162  0.0119317
679.756  112.184  0.00746664  0.0025892  0.00831004
686.862  28.1475  0.00794933  -0.00690709  0.0206638
676.737  278.857  0.00101295  -0.000307408  0.000470792
695.996  216.833  0.000744675  -1.88184e-05  0.000822025
704.4  424.816  0.00116031  0.000886875  0.0207042
680.968  21.68  0.000468698  -0.000201688  0.00285944
699.612  380.166  0.0256955  0.00189163  0.00186214
718.79  105.356  0.00149145  0.0016429  0.00565935
714.807  311.48  0.015859  -0.00298392  0.0119501
716.629  420.266  0.000428076  1.77097e-06  0.0048041
732.793  16.3035  0.014701  -0.00103122  0.0137051
749.666  148.318  0.0057362  0.00537979  0.00666382
737.972  337.436  0.0057389  -0.000993309  0.0201029
736.301  136.557  0.00696412  0.00377467  0.00316639
751.048  107.698  0.0117943  -0.00897658  0.00807108
739.404  319.849  0.010283  0.00226758  0.00312941
722.841  385.852  0.00132044  0.000236457  0.00112325
742.712  27.8128  0.0015059  0.000780972  0.00268278
762.42  373.841  0.00297917  -0.000852234  0.00123673
748.796  41.3201  0.0116129  -0.00605869  0.00845666
752.013  518.345  0.0062978  0.00240307  0.00141415
763.697  521.358  0.00277957  -0.000501354  0.00106574
757.477  113.601  0.00207658  -0.00101673  0.00150226
755.038  69.9334  0.00255921  -0.00102568  0.000970983
765.912  245.769  0.00283885  -0.00116941  0.00408096
768.097  424.561  0.00613997  -0.0011866  0.0014433
764.675  460.154  0.0236061  0.00947065  0.00985766
768.997  307.025  0.0230657  -0.00166207  0.0137443
780.986  476.939  0.0129134  -0.00743334  0.0126086
760.311  340.656  0.0020138  0.000367703  0.00106685
21.8439  448.141  0.00918712  0.00133759  0.00895025
46.6468  537.077  0.00353412  -0.0002788  0.00038141
47.802  542.142  0.00183897  -0.000411583  0.00112504
68.6101  76.1597  0.00144476  6.73679e-05  0.000725588
67.7767  164.358  0.00086752  9.72446e-05  0.000443309
111.797  128.279  0.000487507  -0.000849227  0.00599786
62.6473  266.476  0.000500638  6.99209e-05  0.000348944
81.4486  490.061  0.0022206  -0.000291215  0.000380104
105.473  230.094  0.000501614  0.000306585  0.000477721
98.7811  289.722  0.00606227  0.00151773  0.00137025
106.924  67.2307  0.00472654  0.00104143  0.00197475
116.147  548.198  0.00195989  0.0004691  0.00593551
125.921  124.229  0.00128858  0.000152235  0.000421978
122.948  319.654  0.00290563  -6.36625e-05  0.000190707
122.385  546.185  0.0017854  0.000235489  0.00603325
145.861  406.048  0.0065996  0.00118855  0.00860308
135.224  63.537  0.000910167  -0.000742001  0.00183308
141.482  263.221  0.000452836  0.000371937  0.00129104
168.25  331.141  0.000660694  4.57087e-05  0.000636084
153.928  49.3142  0.00145393  -0.000128411  0.000679025
153.561  416.648  0.00318529  0.000599142  0.00591907
172.124  334.852  0.000618425  0.000254976  0.00120321
155.672  329.3  0.00199552  0.000728869  0.00126292
191.543  130.239  0.000338248  -5.66538e-05  0.00033872
188.297  392.326  0.00096642  -0.000246478  0.00045513
194.601  254.207  0.00310234  0.000636412  0.00299
220.059  90.1587  0.00434425  0.000142974  0.00621249
241.338  375.595  0.00144568  -0.000544705  0.000405842
229.99  260.727  0.00679739  0.00103025  0.0023444
222.617  501.174  0.00101408  -0.0012156  0.00217568
256.098  609.156  0.000616219  0.00161644  0.00863326
255.463  394.462  0.00084157  -0.000628851  0.00100235
256.957  278.709  0.00363458  -0.00307224  0.00658875
261.998  373.015  0.00547889  -0.00189316  0.00745738
276.8  240.233  0.00850649  -0.00246103  0.00123838
254.154  149.894  0.000804009  0.000104165  0.000315265
299.496  168.748  0.00141041  -5.04274e-05  0.000696972
300.506  465.757  0.000748988  0.000377694  0.00429613
275.264  99.8724  0.00124908  0.0010709  0.00187238
292.838  251.934  0.00840259  -0.00198983  0.00497709
292.438  427.852  0.00635299  0.00349628  0.00312845
300.246  336.878  0.000306353  -0.000338261  0.00123153
299.455  148.95  0.00234524  0.000300751  0.000281069
309.969  535.718  0.0025093  -0.00125916  0.0049874
331.323  406.79  0.00132202  -0.000851046  0.00138552
337.93  25.0683  0.00173847  -0.00191523  0.0138124
358.803  594.424  0.0018377  0.000492338  0.00347097
361.464  387.272  0.000434767  -0.000249269  0.00595655
370.629  557.7  0.00257813  0.00354539  0.00869232
353.183  474.891  0.00104381  -0.000439393  0.00316476
361.338  298.142  0.00226045  0.00186248  0.00251267
361.553  349.2  0.00168886  0.00105902  0.00117765
369.031  553.87  0.001182  0.0010553  0.00397863
388.347  256.373  0.00464105  -0.000403425  0.00119473
367.731  477.025  0.000521067  -0.00107586  0.00714368
422.879  546.786  0.00647575  0.000184946  0.00881331
427.13  129.25  0.00629125  0.00575771  0.00789333
429.045  105  0.00271606  0.00129659  0.00192815
428.318  161.494  0.00273928  0.00073497  0.000879752
419.849  69.8456  0.00161901  0.00107756  0.00140649
459.6  143.508  0.00479586  0.00405945  0.00483837
478.777  559.837  0.000592456  -0.00038633  0.00103748
476.632  87.3355  0.00107217  -0.000537147  0.000843376
504.736  363.984  0.000516603  0.000202827  0.00162926
494.467  449.735  0.000740428  -1.49929e-05  0.000509582
488.769  591.811  0.00220493  0.000937076  0.00465535
485.363  307.179  0.00254151  -0.000309016  0.000510295
501.328  84.8117  0.00238277  0.000148474  0.000445189
507.541  356.219  0.000448511  0.000338515  0.00167771
528.589  480.877  0.0056651  -0.000717647  0.00208477
524.296  541.608  0.0027474  -0.000385768  0.000606878
513.564  253.817  0.000399987  1.10499e-06  0.00062225
513.677  207.085  0.000629914  -8.94236e-05  0.000311161
534.917  576.918  0.00130762  0.000632399  0.00245113
539.008  100.218  0.00241864  -0.00173941  0.00327494
552.335  569.053  0.000877635  0.000989681  0.00386188
553.348  112.158  0.00141363  -0.00135634  0.00237402
612.981  178.488  0.00171681  -0.00362496  0.0100635
607.419  71.1058  0.000462999  0.000198158  0.00355321
609.948  576.288  0.00493089  -0.00255727  0.00174638
576.462  314.368  0.00155395  0.000517369  0.000780979
610.491  97.8282  0.000277972  -1.63611e-06  0.00114273
597.114  311.881  0.00135054  -0.000962994  0.00169386
627.28  571.003  0.00142767  -0.000569501  0.000496121
640.925  283.107  0.00735173  -0.00323792  0.00415949
649.47  113.976  0.00103601  0.00184331  0.00389949
646.893  66.4897  0.00133922  0.00286857  0.0150648
654.545  296.035  0.00675534  -0.00566752  0.00605535
664.291  550.237  0.000331947  -2.15235e-06  0.000223465
671.6  461.574  0.00736508  0.00154674  0.00772341
696.427  100.67  0.000366627  0.000287014  0.00299671
705.065  427.065  0.00125907  3.52412e-05  0.00616926
722.923  106.634  0.000810639  0.000237642  0.00788388
717.939  38.2688  0.00176099  -0.0014717  0.00415844
695.769  321.271  0.00119394  -0.000141771  0.0012433
721.871  477.453  0.000579186  0.000289071  0.000431655
717.905  421.333  0.000569374  0.000477218  0.00307578
746.717  107.758  0.000916233  -0.000654111  0.00137366
753.522  32.0417  0.000885701  -5.84153e-05  0.00261798
764.974  378.536  0.00289953  -0.00124107  0.001077
749.628  524.584  0.00241198  0.000862821  0.000812967
760.625  71.1361  0.00426673  0.000229076  0.000550062
75.602  365.763  0.000309548  -1.61461e-05  0.000245543
47.4831  546.652  0.00277745  -0.000167215  0.00122047
50.0796  485.818  0.00501711  0.00114786  0.00102252
116.013  133.249  0.000466537  -0.000683794  0.00258492
83.7679  246.754  0.000351633  0.000223994  0.000323557
97.3905  290.528  0.00476571  -0.000364104  0.002068
119.628  137.988  0.00143236  0.000139665  0.000441976
126.732  309.911  0.00174417  8.82653e-05  0.000146959
142.694  266.8  0.000386268  0.000345309  0.000872877
142.307  451.264  0.00211194  0.00146569  0.00189701
134.993  74.4465  0.000293295  0.000112589  0.000555055
171.809  416.904  0.00025996  0.000240339  0.00466045
169.68  347.552  0.000792865  0.000281189  0.000452479
219.038  90.9292  0.00374409  -6.74645e-05  0.00410049
249.495  366.592  0.000668232  -0.000140023  0.000167079
224.785  596.457  0.00213526  0.000262205  0.00466263
248.326  163.752  0.000929715  0.000369238  0.00029105
215.166  494.721  0.000970582  -0.00104456  0.00157699
281.864  325.714  0.000279547  -0.000322359  0.0012492
255.272  272.962  0.00293773  -0.000767687  0.0013226
264.131  114.16  0.00134854  0.00111122  0.00129719
297.251  417.714  0.00425777  0.000261799  0.00279075
303.073  494.763  0.00309579  -0.000180186  0.00204905
344.247  106.339  0.000449428  0.000382442  0.00104805
343.381  281.443  0.00133327  0.000302636  0.00194248
367.092  526.768  0.00328368  0.000311833  0.00032757
359.578  474.131  0.000693724  -0.000115224  0.00289585
369.582  178.516  0.00059233  0.000263248  0.00032256
380.691  322.036  0.00385142  0.000822262  0.00192797
429.65  425.512  0.0017602  0.000775992  0.00142701
444.487  302.375  0.00138432  0.000911592  0.00158487
431.063  161.347  0.0019384  0.000525491  0.000629308
457.65  77.6669  0.000274707  -0.000158138  0.000513057
479.321  595.265  0.00101018  0.000644818  0.00326322
475.771  164.829  0.00102453  0.000873945  0.00160197
472.952  451.842  0.000368945  0.000230376  0.000628289
499.802  314.163  0.000398063  -0.000117243  0.000941979
495.245  78.4341  0.00106702  0.000518321  0.000629044
510.206  349.185  0.000700988  0.000712857  0.00195152
509.978  486.005  0.000482402  0.000210355  0.00269874
523.162  242.27  0.000518191  -0.000130391  0.000165313
541.995  102.63  0.00210406  -0.00128856  0.00198298
588.451  577.46  0.000237384  -0.000380981  0.00150674
615.91  393.34  0.000426256  -7.86294e-06  0.000151604
609.042  272.949  0.000827918  -0.000144928  0.00083832
643.908  466.577  0.00222058  0.00193632  0.00251937
702.828  97.9501  0.000374632  -2.8485e-05  0.00078086
683.945  234.425  0.00082121  0.000315194  0.000373356
723.908  93.9139  0.00130989  0.000496815  0.00114914
715.594  491.136  0.000529427  0.000221809  0.000248575
734.723  315.993  0.00355237  -0.000192816  0.00205404
728.577  458.141  0.000510089  0.000428532  0.000945312
763.261  85.5033  0.00232501  0.000118391  0.00209343
753.307  113.148  0.00363776  -0.00232206  0.00238445
