1.0
542
24.4036  448.392  0.00227752  0.000265748  0.00242297
39.6384  495.46  0.00666343  0.00197619  0.00927112
35.8164  544.689  0.00274615  -0.00149932  0.00176883
54.4729  514.192  0.0413472  0.00577676  0.00512936
47.1122  487.276  0.00847135  0.0108807  0.0173574
70.6378  498.086  0.00462211  0.00340987  0.00365306
62.6645  539.316  0.0185001  -0.0124569  0.028613
74.4668  389.907  0.00166262  -0.000520546  0.00337762
65.6667  528.976  0.0204644  -0.00613061  0.017727
63.8481  514.465  0.0126189  0.00478267  0.00398109
73.6916  562.706  0.0020233  -0.00519549  0.0266696
73.3743  551.204  0.00178137  -0.00350329  0.0116427
92.6406  478.594  0.00346526  -0.00201523  0.00425083
83.4308  542.944  0.000900768  -0.000482711  0.0123343
82.4683  493.868  0.02003  0.00322708  0.00291093
85.7231  272.492  0.00568799  -0.000557717  0.00878127
86.2197  516.364  0.0237772  -0.000515713  0.0207849
92.1282  379.443  0.0214831  0.0107872  0.00723309
92.4883  410.414  0.0152121  -0.000455042  0.00840039
106.882  515.86  0.00371395  -0.00176714  0.00589335
101.335  375.512  0.0019272  0.00126396  0.00286385
94.3315  391.569  0.019634  0.0134815  0.0114928
100.962  433.577  0.0238179  0.00426344  0.0124827
100.736  474.784  0.0159636  0.00625966  0.00378066
107.7  507.795  0.00489645  0.000121316  0.000780047
129.341  32.7834  0.00139782  0.000569391  0.00203571
120.808  523.023  0.010858  0.00236601  0.00131013
145.758  182.638  0.000795835  -0.00102315  0.00789018
119.099  421.799  0.00457905  -0.00528115  0.0103109
134.974  333.112  0.0112186  0.000139945  0.0118608
135.131  384.603  0.0122839  0.00347281  0.0143002
128.152  371.393  0.00299321  0.0035033  0.00823119
140.545  403.156  0.00517151  0.00287919  0.00314488
147.821  517.705  0.00241781  9.35246e-05  0.000995559
149.548  415.097  0.02403  -0.000552146  0.0250766
176.763  105.091  0.0160447  -0.002287  0.0167719
180.021  126.195  0.00889203  -0.00264725  0.0133499
183.843  148.648  0.00515186  -0.00439585  0.0108884
183.585  442.303  0.0244141  0.00604266  0.0068393
193.247  85.4376  0.00151468  -0.000504026  0.00181984
202.282  473.386  0.00452038  0.00355281  0.00690193
213.995  532.127  0.00168924  0.000251971  0.001532
217.694  99.694  0.0244464  -0.00104003  0.00717019
219.994  534.795  0.00328468  0.000838267  0.00196023
220.794  195.516  0.0168547  0.000361199  0.00389656
223.323  126.194  0.0209629  -0.000383564  0.00073871
226.6  415.68  0.014625  0.00329068  0.0251126
225.434  465.906  0.0105018  0.00450533  0.00932103
237.265  355.422  0.0158741  -3.6671e-05  0.0215643
237.036  519.461  0.0272876  0.00447696  0.00389949
253.478  37.9403  0.00159786  -0.00144768  0.0097699
244.846  447.284  0.0161152  -0.00377775  0.00198582
250.949  462.662  0.0034738  0.000478809  0.00271898
259.596  447.954  0.02598  0.00232936  0.0299977
264.604  526.936  0.0292407  -0.00596583  0.00481881
267.055  506.709  0.0128215  -0.0085344  0.0302046
277.904  557.424  0.00648909  -0.00617745  0.00959857
272.746  564.955  0.00205477  -0.0034856  0.00963919
280.297  501.617  0.00963587  -0.00237174  0.00245269
265.423  350.276  0.00149432  -0.000130436  0.00158996
279.669  295.875  0.0169231  0.00354148  0.00783055
276.194  551.649  0.00202972  -0.00212247  0.00585208
288.637  529.379  0.00109624  -0.000176996  0.00210997
301.965  407.411  0.00291294  0.000239395  0.00415773
288.448  483.848  0.012918  -0.00106856  0.0152984
288.054  390.755  0.00756625  0.00590001  0.00788563
292.737  523.632  0.0296275  0.00385217  0.0243997
305.813  442.247  0.00371268  -0.00440724  0.0163353
308.83  540.075  0.000834136  -0.000414049  0.00319571
316.405  529.394  0.00675636  -0.000740831  0.00208896
304.361  440.365  0.004438  -0.00586701  0.0179627
321.493  332.053  0.0054303  -0.000417672  0.00211532
319.634  293.526  0.0107003  0.00105604  0.00392064
318.935  493.174  0.0132041  -0.00265977  0.0358904
322.415  472.18  0.0158398  -0.0032788  0.0115221
338.262  509.137  0.00290384  0.0009139  0.00271103
333.245  308.411  0.0157692  -0.000237622  0.0135944
342.241  543.06  0.00363008  0.00228951  0.0033699
345.348  271.492  0.00573683  -0.000105104  0.00148747
344.951  291.068  0.00666675  -0.00326113  0.00620571
351.207  328.87  0.00542194  -0.000588296  0.00218453
363.916  550.121  0.0231642  0.00235794  0.00553537
372.151  568.436  0.00446339  0.000186713  0.00187798
374.616  513.406  0.00187136  0.00152981  0.00412379
391.512  456.947  0.00169052  -0.000829615  0.00645549
393.172  407.792  0.00366495  0.000628166  0.000789678
402.092  511.623  0.00234248  0.000556009  0.00395476
395.116  476.577  0.00698318  0.000910009  0.00228182
414.597  266.783  0.00348275  -0.000315682  0.000835477
421.484  470.532  0.0067139  0.00186464  0.00297419
424.535  409.563  0.00274392  0.00729654  0.0339382
419.742  328.535  0.00365503  0.000275008  0.0010915
418.431  471.278  0.00750793  0.00151846  0.00218221
417.604  351.682  0.0315413  -0.0182589  0.0133071
432.512  534.986  0.0201034  -0.00288197  0.00424687
440.369  356.566  0.033893  0.0209663  0.0152377
436.06  298.433  0.0218756  -0.000188523  0.0185828
429.471  409.633  0.00103933  0.00217025  0.0218501
445.664  386.928  0.000728097  -0.000270847  0.00235818
444.116  683.609  0.00317666  -0.00403554  0.0315648
438  428.791  0.00120122  0.000546734  0.00263409
447.124  275.787  0.00600221  -0.00158632  0.00253865
451.607  478.634  0.00973515  -0.000475019  0.000804006
455.67  321.147  0.00362207  -0.000148997  0.00171921
454.992  389.815  0.00164607  -0.000289799  0.0021033
456.41  436.496  0.0194376  0.00123955  0.0341204
458.443  349.076  0.01508  -0.00419041  0.0262424
459.207  521.54  0.014134  0.00439474  0.00315619
455.6  486.104  0.00209485  -0.00190269  0.00285892
466.819  294.224  0.0126304  0.00494402  0.0114384
473.351  68.9037  0.00324101  -0.000157223  0.0144257
463.677  350.077  0.0103149  -0.00699537  0.00798108
495.008  571.128  0.00185169  -0.001278  0.0106413
486.249  198.692  0.00321947  0.000149611  0.00888942
485.86  438.83  0.0219355  0.0071459  0.00780521
479.158  677.157  0.00147556  -5.5411e-05  0.0100462
489.675  289.678  0.00240692  0.000513373  0.00108771
487.582  525.571  0.00681666  -4.97829e-05  0.00365859
486.365  551.128  0.00639207  -0.00509718  0.0166591
497.287  349.977  0.00392294  -0.000669602  0.00229209
494.763  505.218  0.00131413  -0.00104494  0.00434978
493.76  584.018  0.000901899  0.00132833  0.00826966
491.937  376.411  0.00130552  0.000130694  0.00158623
494.271  566.687  0.00126101  0.00046209  0.00600557
521.449  191.241  0.00456668  3.06775e-05  0.000837052
522.37  545.067  0.0260751  -0.002778  0.020309
520.426  572.97  0.0247443  0.0075159  0.00382786
528.496  382.541  0.0215485  0.00589028  0.0227101
528.634  513.563  0.023695  0.00199156  0.0198357
529.924  527.954  0.00543864  -0.00110494  0.0140692
531.474  268.897  0.000760945  -0.000246971  0.0054636
540.285  531.789  0.00620435  0.00654979  0.0112465
556.198  522.995  0.00155149  -0.000137371  0.00155079
563.577  140.375  0.0174718  0.000387574  0.00153896
561.804  487.493  0.0241467  0.00232298  0.0182284
588.342  497.82  0.00353258  0.00213284  0.00419172
576.133  93.8127  0.00520539  0.00183177  0.00264836
580.364  178.79  0.0092511  -1.07824e-06  0.00127286
585.641  223.61  0.0140142  0.000270461  0.00797666
583.373  501.391  0.00319971  0.00143828  0.00286101
594.657  468.333  0.0156492  0.000781594  0.0141378
605.06  356.856  0.016405  -0.00939814  0.0170219
621.403  411.509  0.00484286  -0.00123923  0.00304946
615.938  184.023  0.0163205  0.00101551  0.00295823
621.65  501.032  0.00193455  0.000962885  0.00168866
616.282  210.736  0.0252375  0.00137891  0.0314912
621.95  239.067  0.00841193  0.00126189  0.00826372
626.397  271.628  0.015089  0.000435164  0.00343179
627.598  311.865  0.00909558  -0.000531907  0.00223183
630.353  158.767  0.000591099  -0.000241793  0.0243704
646.024  429.776  0.0026318  -0.000111507  0.00100458
639.939  177.961  0.00332074  -0.00113453  0.00275566
647.404  235.113  0.0075016  0.000377494  0.00550671
649  269.555  0.0077493  0.000370132  0.00211079
650.937  504.188  0.00887009  -0.000248217  0.010119
652.067  308.171  0.00704265  -0.000358254  0.00233808
659.5  319.456  0.0143914  0.00695593  0.0218194
669.081  287.771  0.0116851  0.00284587  0.0136314
672.079  234.183  0.0141618  0.00224363  0.0179586
674.407  266.054  0.0098602  0.000297046  0.0025607
682.051  171.35  0.00122829  0.000654773  0.0024737
669.159  339.364  0.00230149  0.000984261  0.00261935
679.441  304.688  0.0127749  -0.000483814  0.00368395
693.151  177.501  0.00180877  -0.000177648  0.000686196
691.361  286.788  0.0109953  0.000445204  0.00849252
688.711  168.251  0.0014697  -0.000523075  0.00240771
717.692  227.024  0.00136939  -0.000148735  0.00229492
715.647  258.401  0.00129577  0.000806866  0.00237797
717.173  310.43  0.00137346  -0.000441217  0.0025343
715.946  240.173  0.00063073  8.44444e-05  0.00212369
710.273  620.262  0.0197785  0.00392771  0.0161854
717.837  159.515  0.0170278  -0.00229677  0.00151033
732.692  161.657  0.0506853  -0.00355595  0.00174012
736.987  206.058  0.0533218  -0.00278361  0.00269839
744.861  291.994  0.042583  -0.0036523  0.00807432
747.366  309.447  0.0321246  -0.000737658  0.00116366
752.821  606.444  0.0011752  0.000787597  0.0109261
777.707  152.483  0.0016137  0.00109473  0.0226322
766.65  191.019  0.0332395  0.000932056  0.0274793
770.307  216.626  0.0299222  0.00232575  0.00426714
755.125  165.923  0.00137156  -0.000651666  0.00662826
771.418  255.873  0.0356529  -0.000559394  0.00226905
776.51  300.796  0.0422304  3.66481e-05  0.00140036
781.637  150.672  0.0122916  0.00113129  0.0108836
782.411  188.089  0.027703  0.00480721  0.0285815
786.595  533.494  0.0245292  -0.00337301  0.00179285
785.976  207.632  0.0205082  -0.00682726  0.0313406
787.357  493.827  0.023726  0.000448693  0.00998791
788.67  546.913  0.0295978  -0.000885304  0.0296169
811.401  154.75  0.0126701  0.00220539  0.0027509
803.396  518.984  0.0202574  0.0133582  0.010264
805.338  434.291  0.002181  0.00101496  0.00214945
821.645  470.477  0.0114373  0.00697691  0.00744042
816.832  206.042  0.013537  0.000389764  0.00174778
820.732  250.65  0.0159163  0.00193221  0.00231334
829.54  378.357  0.00199737  0.00105869  0.00441462
833.819  427.968  0.00186629  -0.0029903  0.0201289
821.589  339.6  0.0326052  -0.000922788  0.0329756
826.792  603.762  0.0110183  -0.0117759  0.0139487
810.39  427.511  0.00256366  0.000778601  0.00194722
839.345  492.544  0.00253786  0.000503923  0.00116223
824.71  408.636  0.00857038  0.00341834  0.0124655
835.908  422.681  0.0301325  -0.00554129  0.0159262
841.643  376.354  0.00679175  0.00251843  0.0109891
833.824  451.957  0.0053931  -0.00434674  0.0116699
845.446  482.647  0.0125552  -0.00365515  0.00420435
848.853  135.165  0.0056723  0.00283504  0.0355209
843.387  529.93  0.0102837  0.000499639  0.00452572
845.889  235.458  0.0137797  -1.82725e-05  0.00923623
845.797  442.082  0.0209775  0.00314039  0.016699
844.928  549.651  0.0123309  0.000599622  0.0272292
849.291  613.023  0.00270036  0.00358003  0.0213274
850.32  416.269  0.0133474  0.000497733  0.0133751
851.274  159.278  0.00886083  0.00244671  0.00808502
851.186  186.657  0.00494304  -0.00113171  0.00385765
858.729  360.172  0.00281364  0.00107993  0.01837
859.284  550.903  0.0107302  0.00812419  0.0127403
859.929  437.413  0.0302279  -0.0116262  0.0167127
864.482  170.426  0.0115548  0.00198291  0.014191
870.125  389.012  0.00121205  0.000398234  0.00312291
870.385  522.88  0.0242409  0.00251326  0.0287049
864.571  537.961  0.00345071  -0.000770826  0.0157911
869.527  574.432  0.0268085  0.00518783  0.00225595
874.943  157.335  0.0138002  -0.0038848  0.0138671
872.94  221.68  0.00141678  -0.000377137  0.00193867
878.361  181.643  0.0120936  0.00245729  0.00487693
883.763  480.239  0.0203699  -0.00430174  0.00262654
885.35  421.412  0.0015591  -0.000236891  0.00269935
893.807  227.501  0.00428949  -0.0007287  0.00119943
890.367  200.746  0.014438  -0.00115345  0.00177699
889.829  452.024  0.0148295  -0.0112886  0.0208227
888.676  519.616  0.00498392  -0.00239471  0.00227575
898.045  276.449  0.0351174  -0.00189286  0.00795583
908.107  384.95  0.0302965  -0.0242266  0.0218801
905.712  398.123  0.0102249  0.00171089  0.0164532
906.191  520.419  0.0306087  -0.00251695  0.0163581
899.534  533.959  0.00168169  -0.000581961  0.00370692
912.86  515.811  0.00591554  0.00783266  0.0204287
930.364  339.169  0.00559399  0.00788989  0.0167469
930.509  399.809  0.0150475  0.00872068  0.0162417
936.981  416.66  0.0144714  -0.00279333  0.00699828
940.541  465.717  0.00128002  -0.00149459  0.00357269
944.287  359.205  0.00191238  2.03135e-05  0.00736809
952.594  417.842  0.0122714  -0.00224256  0.00256089
954.43  438.814  0.0206218  0.000654722  0.0145084
956.16  26.9432  0.0108798  0.00052703  0.0129122
957.397  407.493  0.0201092  0.00136867  0.0215828
968.619  424.526  0.0141129  0.00200777  0.0174454
975.83  242.182  0.00748688  -0.000136035  0.00737322
979.569  302.441  0.027235  0.00337786  0.0312478
985.589  339.149  0.0178428  -0.00505692  0.00995921
33.1226  457.236  0.00283058  -0.00154011  0.00168783
46.6633  489.835  0.00462176  0.00464688  0.00706299
78.7559  564.42  0.000965275  -0.000929832  0.0205881
77.3172  550.554  0.00102035  -0.0018659  0.00791171
92.0077  481.276  0.00293279  -0.00108235  0.00247343
80.6394  496.641  0.0173922  0.00378549  0.00270516
82.4666  272.153  0.00252832  0.00125284  0.00851884
85.4073  516.292  0.0165423  0.000694409  0.0155067
109.604  373.49  0.00076831  0.000587885  0.00269478
106.863  518.106  0.00444025  0.000498222  0.00107232
101.036  384.201  0.0147898  0.00213678  0.0147037
100.777  433.172  0.0154663  0.00203973  0.00992809
102.041  468.734  0.0121016  0.00640451  0.00568556
144.557  182.375  0.000622058  -0.000558984  0.00400108
149.268  415.023  0.013918  0.000308193  0.0170855
176.575  104.299  0.0116576  -0.000328913  0.011709
185.74  139.146  0.00104188  0.000722591  0.00167184
209.971  474.678  0.00244353  -0.00112911  0.00300426
209.938  518.145  0.00105106  0.000249607  0.000533564
194.536  47.628  0.00223952  0.00384593  0.0161997
217.401  98.2553  0.0175373  -0.00303689  0.00586861
227.887  416.244  0.0127743  0.000438837  0.0169771
249.227  35.9109  0.00202324  0.000172818  0.0117559
260.142  447.336  0.0159723  0.00100445  0.016295
264.279  561.027  0.00418377  -0.00478292  0.00751855
266.637  505.747  0.0125427  -0.00244783  0.0151154
256.604  307.731  0.00153889  0.00174314  0.00425057
283.356  25.2275  0.00054047  0.0012393  0.00836645
291.122  387.961  0.00824542  0.00323051  0.00641123
292.502  522.683  0.016526  0.000277811  0.0135371
308.883  510.549  0.000797387  -0.000850278  0.00298461
304.981  532.5  0.000844873  -0.00012167  0.000624385
320.532  494.026  0.0117784  -0.000403116  0.0150966
333.69  507.425  0.000374024  -0.000114319  0.00144598
335.148  558.122  0.00340249  0.00157521  0.00135542
341.023  467.982  0.00278364  -0.000198744  0.000291602
346.28  272.953  0.00473364  -5.65035e-05  0.000795379
363.671  542.606  0.0238531  0.00175164  0.00178843
368.983  515.712  0.00270694  0.000479257  0.00369275
397.253  550.912  0.000769732  -0.000716676  0.002913
413.996  535.666  0.00065348  0.000148128  0.00244046
394.205  495.016  0.00653764  0.000551022  0.000646384
392.96  515.368  0.000923828  0.00107816  0.00414108
421.343  410.966  0.00182982  0.00351965  0.0249933
421.186  331.482  0.00434357  7.0089e-06  0.000884835
432.653  536.779  0.0143791  -0.00185318  0.00278245
436.109  298.067  0.0139535  -0.000292393  0.0166174
445.473  683.69  0.00245129  -0.0023983  0.0203359
458.385  485.049  0.00342166  -0.00119505  0.00106077
454.274  436.062  0.015604  0.00147058  0.0153977
457.96  348.621  0.0123101  -0.00109189  0.0131867
448.532  506.38  0.00255773  -0.00134077  0.00137775
497.129  568.289  0.00139272  1.80315e-05  0.00821484
480.15  192.888  0.00125149  1.75e-05  0.000492703
485.901  437.713  0.0140523  0.00355525  0.00527395
489.237  530.895  0.0067794  0.000563955  0.00743171
484.89  549.847  0.00570962  -0.00520024  0.0112981
480.518  580.732  0.000733687  -0.00093639  0.00420918
488.209  295.664  0.00406469  0.000972603  0.000779595
504.459  357.939  0.00278683  -0.00157167  0.00200983
506.142  556.749  0.0085856  0.00915849  0.0111182
527.987  382.54  0.0132147  0.00151635  0.0131829
529.252  512.459  0.0168417  -0.000264816  0.013467
522.908  267.573  0.00126418  0.000166425  0.00381596
561.671  485.97  0.0166994  -0.000759815  0.0135021
561.63  114.946  0.000848287  0.00321192  0.0228495
576.697  94.0092  0.00313416  0.000692472  0.00218276
575.174  467.99  0.00658047  0.00331692  0.00263803
573.184  488.942  0.00164474  -0.000676497  0.00101577
594.316  468.125  0.0120686  -0.000715147  0.00971643
604.021  356.61  0.012253  -0.00347617  0.0102593
614.446  183.578  0.0178795  -0.000435613  0.00345378
627.501  69.7101  0.00141333  -0.00115751  0.00274609
623.485  161.059  0.000565066  0.00132317  0.0138192
640.022  432.54  0.00111155  0.000346449  0.000968725
659.146  460.043  0.000911776  -0.000866099  0.00534328
646.886  230.716  0.00906623  0.000187837  0.00245064
641.51  235.939  0.000897808  0.000481153  0.00100539
660.909  318.399  0.0147672  0.00211859  0.0134996
671.423  230.954  0.0136588  -0.00157906  0.00509634
689.459  182.469  0.0010445  6.41347e-05  0.00113413
707.239  232.4  0.000521057  -0.00019854  0.00129199
703.682  613.364  0.000907712  -0.000319583  0.00082403
681.454  175.824  0.00126398  0.000415982  0.00146711
719.449  226.84  0.00143189  -0.000134691  0.00101348
706.043  261.71  0.000460107  7.98121e-05  0.00129442
722.064  303.677  0.00131776  0.000368369  0.00111718
711.099  618.996  0.0144196  0.00358175  0.012016
716.933  238.522  0.000708486  4.93985e-05  0.000628628
731.974  161.714  0.0220712  -0.00027051  0.00140164
737.324  213.766  0.0271827  -0.00190026  0.00113627
745.702  307.695  0.0270716  -0.00184791  0.000944999
757.33  241.602  0.00661328  -0.000406857  0.000425542
778.394  191.762  0.00148519  -0.00150682  0.0261804
768.232  605.175  0.000374155  0.000384953  0.00918346
774.698  218.922  0.00437695  -0.000933953  0.00586844
778.214  258.186  0.00514574  -0.00121392  0.00266713
755.461  157.778  0.00168568  0.000300077  0.000578897
785.491  304.1  0.00227909  -0.000854051  0.00228802
787.906  526.839  0.00790983  0.000777981  0.00122528
788.282  545.859  0.0149367  -9.48678e-05  0.0162694
791.406  580.784  0.00176828  0.000555407  0.00153883
791.693  130.414  0.000720438  6.15872e-05  0.00397233
803.216  575.238  0.00977281  -0.00425322  0.00297054
802.945  519.504  0.00844149  0.0046098  0.00392053
812.334  152.556  0.0081677  0.00203211  0.0023172
799.328  206.26  0.00120983  -0.000472941  0.00245343
819.238  250.367  0.0121643  0.000877643  0.00184047
822.036  338.938  0.0163736  0.000620499  0.0163736
828.328  144.142  0.00154254  0.000233962  0.000404977
836.287  421.485  0.015045  -0.00117167  0.0131586
812.468  446.166  0.000931495  -0.000729877  0.00335846
848.682  485.967  0.00576643  -0.0036192  0.00403412
844.533  548.732  0.0121553  0.000506942  0.0161707
855.637  236.708  0.00098365  0.000301199  0.00613792
846.09  440.751  0.0157348  -5.02359e-05  0.0137765
844.348  609.891  0.00104649  -0.000499964  0.00868763
846.909  422.005  0.00386781  -0.00280186  0.00318555
865.37  267.363  0.000414134  -0.000106088  0.000604496
858.183  422.329  0.00994168  -0.00103313  0.00160795
867.319  159.012  0.0201964  0.00344849  0.00172569
883.177  275.637  0.00142416  -8.39662e-05  0.000341157
874.061  173.462  0.0225576  0.00186119  0.000982749
889.492  523.158  0.00319338  -0.00166089  0.00200648
885.908  283.66  0.00185503  0.000336094  0.000422307
906.784  398.266  0.00796028  -0.000454123  0.0126444
921.123  475.376  0.0025354  0.000909534  0.00106677
940.522  517.059  0.000648322  -0.000130253  0.00273128
931.539  397.876  0.000885283  -0.00159272  0.010839
940.92  339.822  0.000696507  0.000703283  0.00784612
964.535  332.911  0.00167231  0.000418169  0.00120597
936.476  354.974  0.00126762  -0.00131658  0.00447393
941.814  438.324  0.0013458  -0.00110344  0.00148064
957.325  406.534  0.015938  0.000673684  0.016451
976.95  504.456  0.00479403  0.000403517  0.000666556
978.857  302.254  0.0211572  0.000669373  0.0158581
59.8719  457.157  0.000417779  6.10265e-05  0.000573818
31.0436  527.484  0.00267292  0.00105499  0.000706312
74.5418  563.522  0.000878287  -0.00101998  0.0107998
104.575  602.335  0.000758673  6.88268e-05  0.000475275
92.4583  409.835  0.00818429  0.000121244  0.00809607
99.8419  432.345  0.00829117  -0.00106743  0.00620282
100.812  471.6  0.00837728  0.00297181  0.00247682
134.191  332.565  0.00825394  0.000312794  0.00825394
129.596  53.8764  0.00151287  0.00270262  0.0102082
126.701  407.862  0.0011021  0.000424439  0.00103696
148.077  413.898  0.00825394  0.000312794  0.00825394
159.961  469.861  0.000288157  -3.29258e-05  0.000396954
193.805  646.547  0.000646479  -0.00194364  0.0122416
169.081  445.351  0.000456288  0.000209375  0.000468264
196.061  214.325  0.00201093  -0.000394132  0.000425938
182.804  496.579  0.000288718  -0.000326475  0.00328282
197.382  149.224  0.000704765  -0.000241913  0.000708742
227.018  452.764  0.00821253  0.000113112  0.000353019
229.032  461.345  0.00855695  0.00241326  0.00339406
231.958  549.638  0.00762974  0.00119404  0.00053263
267.147  511.051  0.00941198  -0.00205583  0.00298383
264.562  406.488  0.00339571  0.00388997  0.00534054
295.296  459.401  0.000234702  0.000171973  0.00200561
307.056  443.192  0.00271784  -0.00237294  0.00955677
318.679  493.247  0.00825394  0.000312794  0.00825394
314.891  620.451  0.000338248  0.000114424  0.00055363
333.085  293.814  0.000923666  -0.000420372  0.0052012
339.19  378.103  0.000313578  2.9652e-05  0.000558815
358.709  505.178  0.000326384  -0.000139598  0.00142621
349.096  470.017  0.000745507  4.13371e-05  0.000180684
364.417  241.922  0.000245776  5.15137e-05  0.000708296
374.307  516.15  0.00239648  0.000658754  0.00069162
360.924  423.545  0.000693457  0.000491011  0.000894521
391.456  558.074  0.000514073  0.000118812  0.000600792
418.235  539.017  0.00058466  -0.000226054  0.00163554
415.243  635.984  0.000317386  3.29136e-05  0.00043002
419.876  410.971  0.00160877  0.00161425  0.0111166
419.202  177.229  0.00270646  0.000470582  0.000526712
427.025  192.931  0.00130507  -0.000467469  0.000362525
454.623  483.744  0.00229082  -0.00100668  0.00105518
451.949  387.888  0.000979473  -2.73224e-05  0.000935967
457.54  348.435  0.00825394  0.000312794  0.00825394
472.506  68.5366  0.0030101  0.000168638  0.0097604
485.581  437.788  0.00896147  0.00148394  0.00468365
480.829  578.367  0.000616376  -0.000647496  0.00260967
484.671  296.377  0.0029721  0.00110566  0.000897722
490.503  531.959  0.00665559  -0.000139383  0.00453489
523.364  214.746  0.00265668  -0.000231369  0.000291438
517.65  470.261  0.000847301  0.000382124  0.000494507
526.971  382.158  0.00825394  0.000312794  0.00825394
558.302  117.257  0.000659395  0.00191857  0.0108247
580.247  113.163  0.0013188  0.00219983  0.011523
574.113  484.122  0.00184761  0.00025623  0.000577682
586.235  227.193  0.00947638  -0.00231797  0.00307189
567.294  489.262  0.00083672  -0.000339176  0.00115843
588.023  253.326  0.0118095  -0.000829434  0.000498343
604.168  356.202  0.00804272  -5.33249e-05  0.00804272
615.767  180.402  0.00713338  0.000322055  0.00282126
637.966  487.798  0.00073755  0.000663043  0.00109893
663.128  465.201  0.00111171  -0.00107244  0.00282037
654.982  376.399  0.0011548  -0.000413051  0.000593686
649.935  425.023  0.000584888  8.88567e-05  0.00019051
650.665  503.656  0.00719499  -0.000807243  0.00790068
670.553  156.345  0.000145828  -1.32336e-05  0.00447495
650.789  242.059  0.000144008  5.08207e-05  0.00100088
661.864  318.679  0.00825394  0.000312794  0.00825394
661.089  320.449  0.00502618  0.000769671  0.000563797
672.245  491.084  0.00197809  -0.000541125  0.000546845
718.724  228.818  0.0012613  -0.000149585  0.000683388
708.761  270.702  0.000553584  -1.54059e-05  0.000499026
725.388  296.262  0.00158766  0.000326763  0.000709677
718.188  159.494  0.00937315  -0.000873236  0.00122144
731.352  158.507  0.0116682  -0.000102533  0.00130989
746.777  310.032  0.0122804  -0.0005003  0.00094592
776.69  253.218  0.00393569  -0.000420042  0.00263596
781.125  150.055  0.00772009  0.000304574  0.00841966
778.771  171.518  0.00210558  0.000671726  0.00106154
787.996  522.638  0.00576054  0.000585321  0.00114225
788.823  546.808  0.00825394  0.000312794  0.00825394
782.649  131.945  0.000431874  0.000585824  0.00410451
812.053  209.539  0.00415113  -0.000434318  0.00176943
812.635  229.73  0.00493065  -0.000353784  0.000386936
825.657  408.129  0.00662411  0.00081484  0.00873371
811.626  444.93  0.000862  -0.00044373  0.00215762
841.51  374.943  0.00528329  0.000497016  0.00806508
819.101  573.672  0.00435036  0.00416212  0.00470867
878.87  243.193  0.000778381  -0.000611915  0.00208621
850.312  176.962  0.00702585  0.000327737  0.00091065
878.647  335.084  0.000723255  9.9373e-05  0.000783876
864.192  465.833  0.00387508  -0.000788272  0.000349076
882.241  262.565  0.000739878  -2.10647e-05  0.000190685
875.863  254.905  0.00156941  -0.000151183  0.000272304
877.89  181.118  0.00900317  0.00127943  0.00381108
883.213  479.85  0.0106061  -0.00164458  0.00194385
913.872  524.956  0.000340333  -0.000315983  0.00189331
922.004  398.007  0.000396408  7.89979e-05  0.0132609
940.543  514.468  0.000669651  -9.90518e-05  0.00125082
941.305  311.339  0.000424956  -5.39934e-05  0.000422406
955.953  442.982  0.0054313  -0.00354905  0.00284087
945.656  77.4928  0.000456542  -1.11185e-05  0.000459217
116.913  596.711  0.000329486  0.00012236  0.000511876
82.534  271.413  0.00262268  0.0010608  0.00453328
91.2122  409.727  0.00416081  0.000157679  0.00416081
103.226  462.178  0.00414564  0.00129474  0.00250208
171.598  453.348  0.000284736  4.85015e-05  0.000309751
140.852  243.959  0.000490252  0.000109372  0.000171823
160.601  474.832  0.000260998  -1.20522e-05  8.99543e-05
199.177  597.518  0.000511043  0.000112885  0.000271397
155.607  446.88  0.00024787  5.52771e-05  0.00030598
211.998  301.881  0.00121825  -0.000158312  0.000137386
161.436  489.763  0.000235528  -0.000233668  0.00111234
227.665  458.553  0.00416987  0.000299346  0.00239204
261.925  558.653  0.00199108  -0.00164488  0.00289083
242.252  395.01  0.000325174  -0.000105178  0.000514681
292.625  455.831  0.000211273  -0.000106642  0.00100954
308.672  612.451  0.000164685  -3.47569e-05  0.000425018
332.408  193.249  0.000104942  2.184e-05  0.000403521
362.173  248.067  0.000179545  4.72651e-05  0.000395659
351.85  330.269  0.0039809  -0.000547485  0.0018739
346.25  431.711  0.000381283  0.000385803  0.000814021
371.466  616.252  0.000192183  -2.85816e-05  0.000442361
350.062  467.07  0.00203618  -0.000719893  0.000443973
420.413  563.027  0.000658954  -0.000201426  0.000458187
427.615  621.77  0.000209081  -5.34736e-05  0.000372335
418.422  471.29  0.0043812  0.000816883  0.00225246
464.074  490.463  0.00120537  -0.000856162  0.00112024
462.318  350.58  0.00214231  -0.000851301  0.00353597
503.68  173.989  0.000183463  -2.30098e-06  0.000214862
484.977  437.04  0.00427649  0.00014306  0.00354434
488.757  530.256  0.00372037  -9.08319e-05  0.00389443
492.186  222.524  0.000241512  9.3924e-05  0.000421036
509.593  462.919  0.000238222  0.000184188  0.000402331
527.075  381.787  0.00416081  0.000157679  0.00416081
528.766  266.523  0.000910841  0.000527348  0.00314744
550.726  499.079  0.000320997  -0.000292814  0.000587412
580.036  175.531  0.00506776  -3.75809e-05  0.00122773
580.26  425.252  9.90442e-05  3.99471e-05  0.000222167
583.257  258.742  0.00226467  -1.63079e-05  0.000509837
621.413  379.319  0.000128385  2.25111e-05  0.000572539
645.51  409.176  0.000725263  9.6593e-05  0.000153264
650.01  501.929  0.00416081  0.000157679  0.00416081
651.746  255.597  0.000125728  -1.38627e-07  0.000190547
676.353  298.223  0.000131445  -7.73404e-06  0.000716729
776.162  150.96  0.00174301  0.000455756  0.00468007
811.523  128.137  0.000251167  0.00075799  0.00458476
829.348  248.875  0.000168773  -0.000136289  0.000311335
839.86  273.07  0.000122404  -1.73476e-05  0.000123649
852.076  97.5306  0.000155665  0.000157205  0.00240936
842.357  484.899  0.0011948  -0.000253455  0.00203581
842.502  373.625  0.00398986  0.000344246  0.00410794
839.461  531.546  0.00250785  0.000187346  0.00364478
844.135  609.866  0.00110729  -6.10832e-05  0.00471443
856.196  187.501  0.00160504  -0.000599186  0.00415779
839.677  261.923  0.000194682  -4.18516e-05  0.000230961
885.236  465.137  0.00220124  0.000397833  0.000479924
