1.0
1457
11.124  192.38  0.0398169  -0.0126019  0.0181869
8.59763  357.349  0.0192006  -0.00331476  0.013397
11.1053  548.095  0.0399511  0.000897788  0.025499
12.8889  348.111  0.0238992  0.000382828  0.0198369
20.2  132.042  0.0148481  0.0111511  0.0099939
14.4727  223.715  0.0244959  0.0014254  0.00928722
14.6789  494.945  0.0384884  0.00300576  0.0172695
25.3794  422.388  0.00422422  -0.000697942  0.00164759
17.1279  148.756  0.0394261  0.0031567  0.0325412
15.1457  531.935  0.0210835  -0.00444212  0.0104919
20.475  118.7  0.0489457  0.00220584  0.0305501
26.0027  332.941  0.00714933  -0.0013226  0.00201222
20.9866  378.04  0.0221699  0.0094256  0.0160789
28.5586  420.446  0.00634479  -0.00119143  0.00193827
24.4938  232.598  0.0173616  0.0114781  0.0156368
38.3216  106.662  0.00278071  0.000351042  0.00201135
24.9709  363.691  0.0165205  -0.00384996  0.00610999
28.1102  395.517  0.0226672  -0.00220196  0.027695
30.1229  39.2478  0.00539718  0.0041025  0.00419538
29.7053  369.689  0.0345154  -0.00487388  0.00445728
30.2037  309.046  0.0293335  0.00432156  0.0284497
41.2393  128.472  0.00711388  0.0117347  0.0277509
33.1554  390.093  0.0210171  -0.0164764  0.0218713
24.3942  427.731  0.00200308  0.000151597  0.00821735
43.5705  98.4374  0.00296463  -0.00353661  0.00657077
35.0952  409.222  0.0330763  0.000554352  0.0172245
37.966  235.119  0.00410476  -0.00121179  0.00657094
36.7895  30.6842  0.0315563  0.00390134  0.0329931
30.6099  520.176  0.00582354  0.00312525  0.00291847
37.4783  322.113  0.0286926  -0.0018008  0.0242417
39.375  449.74  0.00456673  0.00010649  0.00530219
55.8008  469.795  0.0031642  0.002567  0.00764866
47.9338  80.3974  0.0169827  0.00667532  0.0227019
58.9415  207.581  0.00155436  -0.000229765  0.00328093
56.8651  305.438  0.00216478  6.04279e-06  0.0210829
47.035  392.952  0.00688107  0.00225617  0.011025
54.1717  560.547  0.000709641  -6.04185e-05  0.00244412
51.0537  443.287  0.0054897  0.00155271  0.00333464
54.8497  60.0694  0.0147748  0.00258927  0.0203373
50.5837  334.571  0.00580615  -0.00151888  0.00172815
57.6417  499.524  0.0029779  -0.00492109  0.0111703
52.2479  380.38  0.00929842  -0.00854731  0.0207961
57.1333  227.672  0.00960931  -0.0035653  0.015343
46.7124  341.303  0.00147586  0.000757331  0.00247354
55.5438  412.725  0.0128436  -0.0047632  0.0270845
50.7045  252.131  0.0103328  -0.00914512  0.016954
58.9778  14.9333  0.0302908  0.00632111  0.0373999
60.7698  205.422  0.00171826  -0.000165178  0.00192013
61.7596  482.712  0.0321278  -0.0024919  0.027523
60.6087  367.909  0.0170129  0.00795914  0.0111132
62.7169  244.443  0.016804  0.00361199  0.00877372
65.8601  472.902  0.00979245  -0.000302997  0.023579
59.9458  386.932  0.00825524  -0.00582407  0.00769316
67.4739  37.0215  0.00682544  -0.00316068  0.00389611
59.722  135.559  0.00510356  0.00500549  0.0128915
68.2381  284.503  0.0277066  -0.00691147  0.0171474
68.7233  371.218  0.0269734  0.00339359  0.00572249
75.6349  325.886  0.00487881  -0.00126584  0.00506045
67.2141  303.332  0.00921935  0.00256607  0.00308331
63.4689  450.826  0.00594423  -0.00621022  0.00933824
84.223  243.548  0.0301926  0.0232319  0.0201547
73.9168  539.457  0.0030622  -8.75396e-05  0.00224311
77.1383  161.869  0.0107877  0.00772037  0.00693759
75.6218  236.987  0.0155462  0.00200169  0.0204443
75.2319  360.652  0.0165582  0.0110468  0.0324188
78.7958  287.799  0.0151806  -0.00222887  0.0071257
87.2604  26.1302  0.00588093  -0.00631769  0.0141866
80.6458  77.6458  0.0324809  0.00123091  0.0324809
92.0909  264.614  0.00734829  -0.00308504  0.00335578
76.7321  398.182  0.00353933  -0.0032218  0.00861665
76.9796  325.731  0.0116135  -0.00985652  0.0160773
83.1356  475.536  0.0230719  0.00411817  0.0048715
92.1126  390.268  0.00808656  0.00699495  0.0197182
95.6818  283.775  0.0118498  0.00360628  0.00273088
90.8701  521.537  0.0193042  -0.00935267  0.0123465
87.32  36.7689  0.0207146  -0.0078735  0.0107066
89.1567  450.709  0.0254894  -0.00226008  0.0172605
89.6587  460.833  0.0265053  -0.00794829  0.0205548
95.598  128.98  0.0339373  0.00197623  0.0277137
105.34  173.666  0.00251925  0.00148897  0.00263103
89.5449  233.878  0.00839613  0.00510151  0.0106043
94.902  369.597  0.00749292  -0.000590091  0.00386041
99.3455  497.909  0.00849329  -0.00378803  0.0336752
111.332  328.107  0.0012511  -0.0010555  0.031325
100.88  104.815  0.0246368  0.0055136  0.00921839
102.155  150.414  0.0164975  -0.00106397  0.018072
104.194  306.188  0.0174951  0.0122203  0.0207521
104.569  92.951  0.0098522  0.000853323  0.00650072
101.865  343.642  0.00334923  -0.000786475  0.0136775
101.063  13.1013  0.0132769  0.000898998  0.00695396
110.287  67.4684  0.0213358  -0.0184612  0.0214012
100.828  471.497  0.00734758  0.00294773  0.0056262
101.763  74.75  0.0154008  0.0109971  0.0250588
107.24  275.88  0.0167586  0.0108184  0.0232567
112.848  35.2525  0.00260595  0.000523059  0.00278423
97.088  257.638  0.00446392  0.00188854  0.00223816
106.626  377.225  0.0217326  0.00498079  0.0133998
108.526  432.108  0.0152866  0.00048966  0.0105034
110.031  533.599  0.00690675  -0.00164903  0.00274678
110.422  283.207  0.0352772  0.00469569  0.0202059
108.929  389.533  0.0110103  -0.00824577  0.00935072
113.974  238.537  0.0230503  -0.00687331  0.0117331
114.495  17.6129  0.0255166  -0.00354932  0.0377495
120.659  167.384  0.00705808  0.0021494  0.0144066
114.276  348.436  0.0345587  -0.00389956  0.0110889
122.098  151.148  0.00335348  -0.00294722  0.0210355
115.646  191.646  0.0324809  0.00123091  0.0324809
115.677  260.465  0.0333946  0.00182393  0.0294025
117.392  557.699  0.0238035  -0.00587233  0.00960783
117.357  263.637  0.00211415  -0.000330684  0.00716392
112.499  538.029  0.00703618  -0.00280348  0.0050676
129.13  91.3827  0.00254587  -0.00117141  0.0083732
117.562  219.142  0.00476314  -0.00109315  0.0103935
123.161  69.9741  0.00288301  0.000776937  0.019024
121.996  360.247  0.00780386  0.000594374  0.00424002
122.235  142.252  0.0221745  -0.00405061  0.0301245
123.527  356.798  0.0131046  0.000724578  0.00280765
124.555  24.2938  0.0211258  -0.0043202  0.00946101
121.724  126.171  0.0111346  -0.0131868  0.0326195
121.323  573.429  0.0062176  0.00154356  0.00436141
133.451  116.725  0.0037737  -0.00256584  0.0130307
126.034  380.006  0.00716801  0.00104078  0.00844557
128.574  400.198  0.0173305  -8.8606e-05  0.00804943
126.722  52.1805  0.0288927  -0.00917075  0.0191806
127  445.036  0.0257374  -0.00931985  0.0275157
127.914  422.113  0.0208871  -0.00273252  0.0086731
131.66  206.76  0.0177088  0.00124031  0.0228782
130.761  164.711  0.0401094  0.0114699  0.0130619
129.993  266.931  0.0380264  0.00382885  0.00944599
130.768  321.992  0.0396168  0.00181006  0.00280697
130.341  250.948  0.00379216  0.00229646  0.00363215
132.626  293.717  0.0327741  5.78287e-05  0.0298165
133.184  498.632  0.0226588  0.00665719  0.0153785
139.331  171.438  0.00956529  -0.00704923  0.0250718
140.061  448.449  0.00270854  0.00110452  0.0028362
145.609  633.231  0.00130371  0.000361676  0.00171995
137.764  30.0236  0.0185777  0.00896389  0.0348855
151.142  571.333  0.00118642  -0.000228928  0.00157452
143.391  152.323  0.0375636  0.00790253  0.0134822
138.382  636.235  0.0044581  0.00027958  0.00115182
138.844  106.41  0.0093283  -0.00454105  0.0124745
146.896  73.8312  0.0158729  0.00576242  0.018312
145.876  99.0762  0.0337045  0.00540813  0.0245294
134.521  252.898  0.00315468  0.000668531  0.00258985
157.184  170.191  0.011618  -0.0108932  0.0130696
148.024  414.697  0.00242703  -0.00176784  0.00373735
153.898  532.778  0.0226843  0.00695669  0.0135881
146.916  383.843  0.00282232  -0.000145225  0.00320865
151.315  30.7785  0.00827793  -0.00305308  0.00260406
156.39  161.71  0.0282666  0.0027831  0.0332299
156.132  176.5  0.0261838  -0.00132453  0.0327629
163.15  200.993  0.00431509  -0.00227379  0.0114525
160.579  113.931  0.0189788  0.00793847  0.0104495
158.282  631.949  0.000873371  -0.000877223  0.00383889
158.346  69.4019  0.023753  -0.00264398  0.0333304
163.115  602.543  0.00195087  -0.00182737  0.00352656
165.74  273.916  0.00180089  -2.76986e-05  0.0146675
156.906  352.734  0.00192889  0.000324997  0.00428835
160.577  49.2202  0.0370847  0.000353065  0.00844582
161.398  588.746  0.000681805  6.36776e-06  0.00132205
159.693  651.416  0.000694502  -3.09232e-05  0.00138361
161.236  107.329  0.0180945  0.00403908  0.00592011
150.203  566.109  0.00145668  8.51815e-05  0.00438761
154.929  238.491  0.00238505  -0.00176404  0.00426678
153.003  309.047  0.00204448  -0.000755171  0.00326502
189.428  47.9167  0.00192815  0.000774444  0.00387566
169.031  264.007  0.00676868  -0.00713491  0.0201852
175.714  474.795  0.0319145  -0.00594896  0.0234682
187.093  573.697  0.00329731  0.000503755  0.0016263
176.971  185.903  0.0291144  -0.00291164  0.0306916
176.822  290.743  0.0310955  0.000942961  0.0298994
187.476  251.606  0.00785481  -0.00378947  0.00464672
181.465  153.606  0.029304  0.00019174  0.0331944
180.459  275.893  0.00184827  -0.00062309  0.00157795
180.937  95.8067  0.0136545  0.00284022  0.0112061
186.125  164.617  0.021841  0.00875052  0.00584249
184.514  29.1331  0.00115741  -0.000154094  0.00131216
195.07  350.739  0.0157388  -0.00261111  0.0202936
200.17  188.687  0.0339831  -0.0119816  0.0139169
197.755  271.378  0.046237  -0.00122102  0.00329064
198.059  338  0.0327811  0.00170118  0.0153184
197.623  492.651  0.0298755  0.00171419  0.00872459
204.101  311.911  0.00708764  -0.00070751  0.0117492
200.224  117.127  0.0381681  0.00302329  0.00786096
207.386  486.617  0.00648159  -0.00124673  0.0027444
199.721  624.667  0.0158943  -0.00321833  0.0134644
201.707  361.19  0.0197531  0.00326439  0.0126884
208.686  172.464  0.00224547  0.000302116  0.00410821
201.677  255.955  0.00890513  0.00108322  0.00679459
208.705  67.4393  0.00507541  -0.0015763  0.00306372
211.902  570.824  0.00420875  0.000825964  0.00564943
203.589  605.976  0.0033621  -0.00111944  0.00412735
206.057  508.848  0.00800498  -0.00320641  0.00900279
208.562  208.727  0.0362451  -0.00677327  0.0169882
209.339  435.432  0.0264254  0.00184389  0.0237106
213.667  416.81  0.00558381  0.000214987  0.0173341
210.646  541.646  0.0324809  0.00123091  0.0324809
209.611  485.636  0.00678052  -0.00352052  0.00749782
214.554  47.9256  0.0243144  -0.00645891  0.025491
216.294  87.3119  0.0247757  0.00497535  0.0326339
212.701  239.299  0.0111267  -0.00743531  0.0227942
212.419  394.257  0.0210542  0.0156132  0.0134834
219.466  257.642  0.00314188  0.00147106  0.0035939
222.51  425.72  0.0315696  0.00291754  0.0303843
224.298  343.801  0.0370269  0.00657594  0.0104658
222.952  417.637  0.0182567  -0.0048188  0.0297994
233.838  502.15  0.00443253  -0.00339422  0.00941669
230.005  177.028  0.00537547  0.00209837  0.0172852
225.854  562.844  0.00699544  0.000351183  0.0239103
229.386  573.545  0.00256751  -0.000539127  0.0146585
221.237  59.9201  0.00859753  0.00346929  0.00356252
227.167  628.91  0.0098171  -0.00101781  0.017136
227.293  479.1  0.00848589  0.00200293  0.00991851
231.632  443.636  0.00528696  -0.00076875  0.00357418
237.425  141.264  0.00515377  0.00119861  0.00185583
230.194  188.25  0.0235188  -0.0122357  0.0284887
226.439  214.385  0.0101319  0.00669572  0.0058514
232.532  467.38  0.0126793  -0.00366798  0.0250119
222.844  268.239  0.00466569  -0.00140719  0.00163113
232.316  299.331  0.0317674  0.00745383  0.0172027
230.663  233.527  0.0110811  -0.00354513  0.00944633
240.061  189.155  0.00786362  -0.00170598  0.00299431
234.152  512.035  0.00363546  -0.00125627  0.00190246
236.286  213.114  0.0190272  0.000741379  0.0171675
240.502  621.675  0.00852723  -0.000794193  0.00794162
239.526  53.8756  0.0121136  0.00200025  0.0141942
238.911  285.978  0.012146  0.00136514  0.00891663
238.176  251.722  0.0284136  0.00378365  0.0280081
238.58  603.114  0.0153006  0.00752482  0.0110689
243.462  642.197  0.00539996  -0.00207468  0.0114875
245.159  235.682  0.029974  0.00338383  0.0124216
248.477  465.42  0.00708058  0.000683075  0.00445705
244.678  535.044  0.00744861  0.0010166  0.00306228
248.309  658.113  0.0179195  0.00458168  0.00863356
264.458  220.801  0.00218089  -8.51647e-05  0.00181507
250.939  356.279  0.0106147  -0.00226716  0.0142978
250.539  478.506  0.0073041  -0.00124156  0.03131
256.607  583.969  0.00625049  -0.00123241  0.0032517
254.312  264.056  0.0227239  -0.00744002  0.028683
251.982  339.837  0.0118355  0.0037456  0.0250003
251.212  411.771  0.0094626  0.00415296  0.00887792
259.822  380.207  0.00219967  -0.000384021  0.00223871
260.474  608.428  0.0165302  -0.00562148  0.0174116
263.246  159.994  0.00127877  -0.000646903  0.00338653
257.229  486.583  0.0259546  0.0152187  0.0191062
274.21  553.033  0.00301716  -0.00318465  0.00961818
260.611  66.9815  0.0350153  0.00418201  0.023736
260.085  236.465  0.0185713  -0.00308226  0.0286998
257.526  565.498  0.0104151  0.00618803  0.0182447
264.068  409.444  0.0345586  -0.00673811  0.0189461
264.359  107.438  0.0355254  0.00320577  0.0158876
276.191  224.014  0.00299267  -0.000866472  0.0011019
268.712  280.504  0.0408085  0.00205787  0.00109771
270.457  208.893  0.00407746  0.000492384  0.0046233
268.032  357.783  0.0344314  0.00518083  0.00732196
267.124  419.851  0.0389913  0.011312  0.00655971
267.352  590.59  0.00164359  -0.000583667  0.003123
264.003  209.068  0.00253866  0.00131141  0.00386381
282.944  644.663  0.0027408  -0.00304418  0.0124727
272.473  113.562  0.0235546  -0.00585078  0.0121182
274.352  94.2132  0.0014068  -7.71207e-05  0.0019575
269.674  321.038  0.00515235  -0.00202836  0.00433939
272.548  445.335  0.0144343  -0.00368704  0.00680763
274.117  564.343  0.0254304  0.00134578  0.0181082
270.12  666.019  0.0102884  -0.0098173  0.016832
276.007  124.349  0.0279345  0.00289213  0.0109427
276.636  188.271  0.0341004  0.000592033  0.0239126
277.286  265.514  0.017809  0.00751887  0.0268716
278.946  37.9195  0.00747339  0.00221725  0.015007
273.973  394.516  0.0048057  -0.000311731  0.00201034
279.097  634.563  0.0250935  0.00272635  0.0345683
286.344  420.972  0.00262869  -0.00039854  0.0153349
277.34  479.452  0.00235121  -0.00144219  0.00472785
280.387  493.292  0.0286957  -0.00826528  0.0192002
277.487  417.212  0.00618569  0.00606984  0.0103847
283.962  65.1415  0.0306326  0.00553082  0.02737
278.882  625.147  0.0136572  0.00794254  0.0134919
283.938  197.219  0.0106041  -0.00837385  0.012694
283.836  223.906  0.0200131  0.00394345  0.0243954
289.644  13.98  0.00499512  0.00346742  0.0174567
287.257  434.56  0.0204751  -0.00723735  0.0153091
281.92  228.222  0.00463775  -0.00664122  0.0174451
290.017  647.471  0.0103292  -0.00280788  0.00469288
292.195  117.809  0.0125297  -0.001196  0.00249324
289.645  379.394  0.0164295  0.0010746  0.00750692
301.509  677.952  0.00259781  -0.00138592  0.00353741
292.613  37.1946  0.015173  0.00205958  0.0163677
286.515  94.6714  0.00285545  7.98181e-05  0.00399649
294.98  186.576  0.0168734  -0.00655815  0.00887319
295.078  597.873  0.0152392  0.000926257  0.000724831
297.982  213.229  0.00312688  0.00125109  0.0103563
297.543  542.882  0.0272805  -0.0128887  0.0119131
296.964  489.203  0.0140081  -0.0040693  0.0101405
297.189  506.497  0.00839298  0.000888954  0.0164009
302.919  72.3372  0.0200815  -0.00774285  0.00596481
296.746  423.106  0.00762935  -0.00170971  0.00603825
297.211  577.444  0.00831008  0.00125078  0.00687792
298.861  51.8148  0.0257667  0.00197931  0.0316832
293.022  331.371  0.000874897  -0.000135294  0.0251551
299.688  611.616  0.0204465  -0.00497458  0.0228724
301.321  225.84  0.0191833  0.000750839  0.0151762
299.649  147.851  0.0216548  0.00399256  0.0331791
302.151  306.111  0.00122058  -0.000382194  0.00153849
307.618  72.8511  0.00270766  -0.00274145  0.00647469
302.663  102.765  0.0330432  0.000766952  0.0303545
301.859  447.182  0.00311781  0.000827864  0.00820376
303.602  457.275  0.00272208  0.00142744  0.00931819
309.093  611.968  0.00539188  0.0069315  0.0123341
297.645  13.3687  0.00242759  -8.07639e-05  0.0081003
307.441  556.469  0.0145399  0.00375691  0.0279395
309.54  170.381  0.0238834  0.00408298  0.00986818
305.032  253.341  0.00836821  0.0011189  0.00284706
309.469  395.097  0.0274703  -0.00243151  0.00901565
312.46  541.275  0.0232836  -0.00846821  0.00585889
311.275  365.111  0.0109178  -0.00188995  0.00410726
309.688  521.521  0.033059  0.000960695  0.0311984
306.347  412.452  0.00217252  -0.00215622  0.00794204
311.649  493.611  0.0283699  -0.0058059  0.0104161
315.91  91.7074  0.0262113  -0.0135945  0.0150509
319.184  285.711  0.0130638  0.00024716  0.010648
326.678  604.704  0.00312395  -0.00123106  0.00537385
318.179  157.98  0.0152734  -0.00118676  0.0182505
322.365  107.432  0.00162286  -0.000183073  0.00519721
326.122  589.391  0.0070465  -0.00432771  0.0167553
321.928  518  0.0342331  -0.00518684  0.0124862
323.433  77.0688  0.0072166  -0.00103838  0.00721971
327.671  547.441  0.023108  -0.00666059  0.00830739
325.025  333.857  0.0197616  0.00540093  0.0354152
327.993  158.734  0.0286839  0.00292882  0.0157082
318.108  242.411  0.00429747  -0.00139231  0.01379
327.893  371.087  0.0214198  -0.000953116  0.0133503
332.375  51.4203  0.00341789  -0.000128509  0.00626
329.598  35.6082  0.0318597  0.000477119  0.0322068
330.946  480.323  0.00133913  1.78139e-05  0.00158671
331.04  116.91  0.00731848  0.00158213  0.00404335
330.421  353.315  0.00410422  0.0022416  0.00613088
331.58  423.87  0.0334366  0.00246356  0.0292071
327.305  177.706  0.00499472  0.00167794  0.00689986
331.682  281.305  0.0189333  -0.0113894  0.0270437
336.008  530.662  0.0160397  -0.00041751  0.0288457
326.718  80.9577  0.0077821  -0.00606289  0.00766174
334.796  101.142  0.0244574  -0.00574381  0.02955
345.558  538.459  0.00941311  0.00131213  0.00427199
343.156  582.665  0.00491722  -9.32409e-05  0.00801928
341.209  359.018  0.0290143  -0.00393396  0.0280344
342.894  404.172  0.0151057  0.00218129  0.0117995
343.352  300.316  0.00856956  0.00138459  0.0150414
346.538  74.5513  0.0133371  9.38188e-05  0.00320498
345.498  512.169  0.00341945  -0.00110754  0.00679773
345.707  598.641  0.0227424  0.00421506  0.0122685
345.23  72.768  0.00739856  0.00141168  0.00399935
349.297  558.214  0.00609051  0.0021496  0.0208203
347.264  286.589  0.0203214  -0.000113466  0.0225969
348.137  439.732  0.0399305  -0.00390952  0.00950292
346.746  611.02  0.00599393  -0.00173894  0.0135294
358.541  36.1495  0.00472973  -0.00540902  0.0180312
350.429  103.729  0.0337705  -0.0032694  0.0159103
342.545  243.015  0.00235671  0.00106964  0.00548343
352  14.4737  0.0303305  0.00832564  0.0476371
349.437  352.295  0.0129745  0.00159002  0.0148486
342.556  142.068  0.00361219  -0.00408412  0.0172916
352.866  424.374  0.023002  0.00324258  0.00912126
353.774  684.132  0.0173589  -0.003904  0.0427984
359.642  487.824  0.00164598  -0.00100209  0.00323622
345.31  164.075  0.00226929  -0.00239645  0.0150243
358.068  621.77  0.00796603  -0.0015301  0.019334
357.671  516.212  0.0175768  0.00418684  0.0222131
357.223  59.9337  0.0103541  -0.00748191  0.0320044
362.078  384.978  0.00729807  -0.00288423  0.00500393
353.35  588.947  0.00156103  -8.38393e-05  0.00220265
360.978  102.848  0.0176745  0.00131743  0.0276145
366.014  158.995  0.0188187  -0.0110349  0.0140114
363.865  314.658  0.0233325  -0.00447816  0.0331648
368.827  467.458  0.0152444  -0.00735144  0.0063486
364.283  86.0467  0.0114305  0.0017435  0.00783933
368.053  418.69  0.00888781  0.004176  0.00438086
367.403  189.23  0.014643  -0.00140902  0.0109147
365.978  269.346  0.0124967  -0.00620413  0.0222403
368.182  38.1061  0.0228834  -0.00612192  0.0231991
367.183  356.757  0.0120812  0.000686688  0.00364524
365.203  602.724  0.00223547  0.000701024  0.00245064
368.475  53.4892  0.028474  0.00470074  0.0150721
370.101  206.362  0.00263305  0.000353223  0.0064822
370.626  256.944  0.0290758  0.00601889  0.0291785
370.771  682.343  0.0291504  -0.000151552  0.0612385
370.153  502.141  0.00523557  2.87048e-05  0.0166935
369.944  600.919  0.00525393  -0.000182282  0.00182896
380.147  446.306  0.00837142  0.00500554  0.00611617
376.848  547.504  0.0194087  4.23367e-05  0.0281216
377.995  283.175  0.0148727  -0.0024347  0.0128984
387.301  495.01  0.00485002  -0.00323221  0.00894057
385.026  48.9078  0.00200488  0.000252303  0.00175446
388.663  181.049  0.00204798  0.000947761  0.00928161
379.636  243.944  0.0306655  0.0043836  0.0273322
379.86  519.413  0.0164364  -0.00353083  0.0116907
383.253  76.1354  0.00468971  0.00152516  0.00706032
379.673  382.405  0.0207131  0.00257301  0.00665508
389.248  593.64  0.00690008  -0.00553435  0.00804721
387.652  86.3969  0.00841309  0.00111913  0.00164283
382.315  411.913  0.00142745  0.000190671  0.00287567
385.462  427.172  0.0162038  0.00278888  0.00869505
377.037  319.827  0.00432492  -0.00279684  0.00708322
389.89  381  0.0169548  0.00475374  0.00441535
387.304  531.529  0.0024175  -0.000923228  0.0271968
388.309  59.8652  0.0127998  -0.00592224  0.0222854
389.549  450.729  0.00841798  -0.00317791  0.00547079
389.446  399.188  0.024026  0.00301883  0.0110876
386.505  478.816  0.0106413  -0.00256191  0.00751282
394.925  568.787  0.00283504  0.00126945  0.00621405
391.646  109.646  0.0324809  0.00123091  0.0324809
393.656  548.805  0.00901681  0.00678285  0.0220807
385.599  81.2265  0.00439005  0.000574726  0.00212136
398.426  40.2273  0.0152473  -0.000835301  0.0181758
404.259  583.022  0.0153181  0.00111026  0.00851697
402.311  178.378  0.0214784  0.00339785  0.0112327
395.222  125.708  0.0153072  -0.0163467  0.0202935
397.061  113.428  0.00904684  0.00513584  0.00638909
409.605  671.175  0.0117714  0.00624606  0.00875799
413.088  355.84  0.000771875  0.000449855  0.00308456
414.13  118.037  0.0141194  0.0014186  0.00794859
414.169  235.329  0.0147342  0.00126118  0.0123953
402.972  407.225  0.00536523  0.000919113  0.00329619
412.682  418.302  0.0222817  -0.000466863  0.0238068
417.649  467.329  0.00128176  0.000887935  0.00340562
414.383  559.734  0.0156015  -0.0025482  0.0343516
419.069  178.958  0.00439221  0.00334772  0.0249698
416.467  136.71  0.0116493  -0.00401498  0.0146591
420.905  319.588  0.00948107  -0.000529193  0.0157027
416.936  380.395  0.00301229  0.000712851  0.00424066
423.512  22.5984  0.0285488  0.00388103  0.0170081
437.431  36.7977  0.00326204  -0.00445684  0.0204298
424.207  471.665  0.000766559  2.86727e-05  0.00259635
434.133  212.497  0.00731837  0.0106649  0.0402786
429.315  156.455  0.0127636  -0.00172957  0.0141946
429.613  258.581  0.0142906  0.000632754  0.0238048
429.552  407.583  0.0126786  -0.00172143  0.0198852
433.468  65.6374  0.0324764  0.0116496  0.0125358
440.373  346.316  0.0052535  0.00093004  0.00313711
415.385  433.431  0.00207765  0.000803029  0.00485234
436.981  118.569  0.00864423  0.00373077  0.0115203
433.264  584.582  0.03808  0.0130434  0.00894406
439.325  85.2982  0.0114777  -0.00664669  0.00645098
434.744  92.6923  0.0342664  -0.00194671  0.0201872
427.431  673.009  0.00862549  0.00284419  0.00427754
439.722  364.766  0.0163522  0.000876014  0.0183991
437.715  243.485  0.0151793  -0.000103846  0.00771268
443.117  585.913  0.0389646  -0.00821578  0.00498416
436.988  39.3412  0.0185659  -0.0163986  0.0175057
450.072  75.1346  0.0165478  -0.00821243  0.0136659
455.122  292.396  0.00350622  0.00216749  0.00478579
449.547  405.635  0.0303667  -0.0100673  0.0180387
450.646  314.646  0.0324809  0.00123091  0.0324809
465.358  163.87  0.00258595  -0.00240058  0.0188305
452.288  436.468  0.0233937  0.00521203  0.0320756
456.66  228.516  0.00688862  -0.00135114  0.00670098
457.289  626.599  0.00883405  -0.00320388  0.00455507
456.75  20.1603  0.023754  -0.0115789  0.0203667
440.413  125.065  0.00135242  -0.000706857  0.0045267
449.307  637.021  0.001052  -0.000101354  0.00163706
454.914  378.58  0.00354293  0.0030889  0.00535253
458.415  407.797  0.0227299  -0.00479355  0.0268097
459.286  511.96  0.0290948  0.00797048  0.0191848
453.264  188.084  0.00986762  0.0123265  0.02038
460.646  141.646  0.0324809  0.00123091  0.0324809
461.128  73.6429  0.0140565  -0.00766629  0.00822389
462.415  540.977  0.0056762  -0.000422241  0.00115266
464.431  208.486  0.0222015  0.00384218  0.0356354
465.031  353.26  0.0225056  0.00770323  0.0241096
468.56  512.661  0.013768  -0.00147287  0.00720225
466.926  303.949  0.00355378  -0.000531797  0.00114659
461.602  161.693  0.00866317  -0.0109059  0.0278891
466.24  467.413  0.0275872  -0.0028105  0.0319465
467.574  230.121  0.0337229  -0.00367233  0.00252719
468.4  104.181  0.0322255  -0.00300905  0.0268079
469.924  438.253  0.00480999  -0.0043615  0.0111538
468.41  478.672  0.0205809  -0.00850234  0.025443
480.836  37.8043  0.00179298  -0.000551151  0.00233524
470.382  67.4214  0.00583996  -0.000323126  0.00432656
480.009  354.022  0.0100481  -0.00401827  0.0151532
478.62  249.864  0.00487385  0.0023983  0.0104529
482.287  332.64  0.00351912  -0.00318017  0.00659567
475.571  113.657  0.00479634  0.00132917  0.0118184
480.335  509.708  0.0266034  0.00877468  0.00713694
490.186  131.876  0.00864837  0.00586899  0.00879318
485.351  408.3  0.00277557  0.0032039  0.00831827
486.975  464.166  0.0157823  0.00717611  0.0131663
478.084  30.1744  0.00276434  -0.00136604  0.00426771
491.644  567.992  0.00425141  -0.000236869  0.00950139
491.404  133.579  0.00081214  -0.000195039  0.0019694
493.591  253.499  0.0141926  -8.44032e-05  0.00183245
487.329  431.06  0.00730637  0.0023297  0.00355521
485.591  469.036  0.00945002  -0.00656628  0.00691974
489.508  131.581  0.0149247  0.0102286  0.0117026
494.401  503.736  0.0253091  -0.00509609  0.00366942
510.372  85.7623  0.00430816  -0.000919176  0.00278917
497.605  89.6228  0.0363585  -0.00291276  0.0197435
491.338  671.057  0.00152852  -0.00285361  0.0142884
502.753  371.716  0.00517402  -0.000266938  0.00404461
492.882  512.439  0.00541209  -0.00540867  0.00959167
507.796  19.9367  0.00914915  -0.00436304  0.0164561
509.264  300.486  0.00687979  -0.00100212  0.0226651
508.329  41.0286  0.0438786  -0.00292323  0.00688194
509.027  339.31  0.0289263  -0.00177461  0.0248427
509.342  234.958  0.0209046  -0.00826088  0.0321999
511.913  655.319  0.00065322  0.000368642  0.0056814
504.399  83.9324  0.00395107  4.10123e-05  0.00180968
516.292  141.395  0.00920668  -0.000456049  0.0106375
506.007  279.272  0.00545016  -0.000516175  0.00213772
515.008  211.707  0.00234024  -0.000119949  0.00158901
519.66  240.846  0.0197342  -0.0109824  0.0169866
517.203  508.68  0.0269893  -0.00498415  0.0176931
511.031  537.248  0.0167366  -0.0113263  0.0117925
522.492  168.359  0.0160747  -0.0109211  0.0219618
519.879  105.456  0.0156172  0.00440758  0.0243094
516.151  20.4615  0.00355234  -0.00447169  0.0116592
529.209  110.221  0.0116517  0.00372346  0.00603385
522.705  484.422  0.0139969  -0.00536401  0.0218696
522.021  193.298  0.00123489  0.000851042  0.00701389
537.232  361.733  0.00259342  -0.00121525  0.00438501
533.582  127.227  0.00794676  -0.00463846  0.00484396
529.269  503.992  0.00606828  -0.000284173  0.00805692
536.268  74.6076  0.00138736  0.00124055  0.00761298
532.362  306.658  0.0150032  -0.000733406  0.00249008
527.342  225.024  0.00225859  0.00111619  0.00235953
531.014  339.268  0.00561174  -0.000219519  0.0175585
536.248  492.483  0.00325775  0.00179461  0.00412138
548.162  52.015  0.00171591  -0.000475776  0.00332444
534.964  523.686  0.0176586  -0.00621685  0.0124082
537.689  31.9705  0.0214874  0.00874423  0.00631865
541.426  530.557  0.0255356  0.0121373  0.0250471
551.618  140.337  0.00230571  -0.00121144  0.00283977
545.716  357.395  0.00235958  -0.000398971  0.00215508
531.899  277.261  0.0019753  0.00074133  0.00577612
546.546  103.723  0.00950479  0.00124547  0.0380204
548.29  504.931  0.0202817  0.00823693  0.0218845
549.225  258.641  0.0144389  -0.00015966  0.0270869
547.591  130.38  0.0147945  -0.00834083  0.0118034
549.877  169.424  0.018931  0.0074748  0.00415322
545.311  360.353  0.00317708  -0.00116352  0.00333305
558.843  203.788  0.00299241  -0.00150552  0.0106445
554.021  399.003  0.00573638  0.00632941  0.0108682
559.237  46.8071  0.00275736  0.00168872  0.00266742
573.088  616.621  0.00254993  0.0026368  0.00683252
563.808  118.596  0.0302009  0.00216192  0.0331619
562.867  153.182  0.0133386  -0.00223102  0.020086
574.046  330.797  0.0070706  0.00383693  0.00850546
574.488  79.5885  0.00215682  2.79903e-05  0.00559659
575.092  564.742  0.0032318  -0.000619418  0.00149727
565.084  420.844  0.00385736  0.00125431  0.0015918
563.84  358.252  0.000904352  -0.00128586  0.0184943
573.217  314.071  0.00873986  -0.00325084  0.0179209
564.817  486.188  0.00193579  -0.000490356  0.00170212
579.678  169.658  0.015026  -0.00463442  0.0167363
572.992  230.561  0.00746127  0.0099202  0.0188742
593.933  207.639  0.00644249  -0.00787683  0.024733
584.623  675.758  0.00231874  0.00109183  0.00340482
588.762  512.04  0.01334  -0.00410695  0.00919993
580.125  15.3412  0.00333355  -0.00217315  0.0137407
588.319  193.24  0.0177392  0.00518402  0.00909401
586.933  119.142  0.00827431  0.000667969  0.00169145
601.435  534.321  0.00255377  0.001695  0.00292018
597.638  39.9322  0.00269036  0.000963421  0.00885133
598.374  274.054  0.00342976  0.00350504  0.0105427
593.672  152.759  0.0231191  0.00862823  0.0057305
596.891  678.145  0.00397635  0.00505426  0.00914541
602.29  427.433  0.00537321  0.0030029  0.00484388
604.249  503.558  0.0159686  -0.000746834  0.0162035
606.16  609.191  0.0158445  0.00887602  0.0368232
604.707  353.854  0.0234627  -0.0102874  0.0278881
602.399  132.919  0.01019  0.00369152  0.00209428
612.568  230.55  0.0017136  0.000474324  0.00994982
602.727  294.688  0.0052129  0.00365766  0.00510692
613.003  658.323  0.00125365  0.00218366  0.0224192
610.578  30.4266  0.00266454  -0.00230887  0.00540816
618.199  621.791  0.00379294  0.00541906  0.0497847
612.896  128.188  0.0216863  0.00195762  0.00307058
602.796  95.4202  0.00279758  0.00120133  0.00354576
630.297  203.772  0.00397149  -0.00302761  0.00686902
613.423  276.591  0.0154127  -0.00851537  0.0331726
622.722  445.913  0.0157183  0.00576711  0.0037576
617.773  59.7849  0.0183113  -0.00163363  0.00218326
616.284  241.246  0.00146489  -2.59699e-05  0.00154776
617.989  523.244  0.00475991  0.00012004  0.0139133
623.643  546.979  0.0285053  0.0097203  0.0187132
639.682  507.387  0.00286477  -0.0023608  0.00622012
627.487  125.14  0.00541782  0.000330385  0.00351964
633.646  273.646  0.0324809  0.00123091  0.0324809
632.25  574.233  0.0209827  0.00228474  0.00205908
634.57  180.503  0.0146636  0.000538678  0.00416471
623.959  620.38  0.00202434  0.00336762  0.0539782
641.934  19.8113  0.0039799  0.000458854  0.00497423
634.293  463.34  0.00115106  0.00060598  0.00216476
644.945  531.014  0.0128729  -0.0100785  0.011235
647.103  44.6766  0.00401076  -0.00337131  0.0134764
647.187  55.2145  0.00298865  -0.000588757  0.00387806
645.333  131.032  0.00602048  0.00254916  0.00888822
648.164  232.707  0.00837692  -0.00149329  0.00508355
645.889  27.3638  0.00696568  -0.00641781  0.00934514
648.59  297.157  0.00170927  0.000852544  0.00308186
650.362  341.695  0.0131581  -0.00264915  0.020048
653.43  594.828  0.00175723  -0.00177541  0.00930297
646.883  80.0503  0.00270059  -0.000403537  0.00340651
661.533  149.432  0.00200793  -0.000123068  0.00122108
651.94  316.682  0.0022964  0.000664957  0.00442583
650.805  495.527  0.00418142  0.0019446  0.00218324
644.518  502.404  0.00136725  0.000897011  0.00188877
646.495  583.295  0.00460516  -0.000331884  0.00116694
667.402  143.376  0.0025732  -0.00306104  0.0172587
662.739  133.575  0.00356031  0.000708241  0.00324061
664.646  261.646  0.0324809  0.00123091  0.0324809
671.83  564.263  0.00548093  0.00113521  0.00137528
666.738  654.801  0.00270419  0.00352803  0.0348081
668.313  295.057  0.00403499  -0.00121129  0.0156493
677.44  160.422  0.00560922  0.00564962  0.0106065
666.435  443.178  0.000696179  0.000121556  0.00339052
672.213  119.114  0.0190348  -0.019944  0.0285849
673.359  145.608  0.00217004  -0.000108647  0.00119015
688.867  30.9105  0.00162191  0.000338397  0.00207086
681.29  628.527  0.00348843  0.0004474  0.000904603
682.611  639.908  0.00334093  -0.000255487  0.00320134
679.428  508.27  0.0159286  -0.0110333  0.017006
695.094  576.585  0.00406333  0.00161346  0.00335438
695.829  522.884  0.00289242  -0.000206951  0.00345747
695.812  654.255  0.00190009  0.000212027  0.0326214
697.982  515.572  0.00775629  -0.00185948  0.00289557
692.148  443.537  0.00652133  -0.000430691  0.0207192
703.393  180.778  0.00242586  -0.00360333  0.0167216
687.909  608.996  0.00263384  0.000227204  0.0149917
695.119  687.901  0.0159233  0.00756802  0.0569785
697.613  339.755  0.0238358  -0.00380248  0.0321684
706.756  636.384  0.00174722  0.000220377  0.0279608
702.356  594.786  0.000885307  -0.000946014  0.0261879
707.216  473.181  0.00486363  0.000405421  0.00147865
707.89  190.606  0.0013276  -0.000739849  0.00293227
701.73  393.141  0.00243181  0.000986205  0.00391326
712.706  575.756  0.00471276  0.00603022  0.0133521
721.246  204.322  0.00241497  -0.00197115  0.00451001
705.901  16.1712  0.0192019  -0.00367069  0.0386246
706.041  304.668  0.00432036  -0.00132503  0.00483424
700.581  653.494  0.00154752  0.00425274  0.0433979
709.085  509.589  0.0245784  0.000855888  0.0202718
709.793  550.195  0.0162726  0.00229399  0.00138021
711.985  42.2083  0.0140867  -0.00109511  0.00226865
712.251  345.702  0.0176023  0.00240339  0.00404174
712.537  469.184  0.00220224  0.00105969  0.00236741
709.354  564.649  0.0218323  0.00402824  0.00452701
711.418  95.0342  0.0257421  -0.000818686  0.00423143
721.894  154.717  0.00486657  0.000937739  0.00197597
713.304  73.8957  0.0337212  0.0012087  0.0209259
713.652  191.611  0.00887606  -0.00481714  0.00503265
711.619  652.432  0.00471421  0.0120818  0.0514578
723.437  237.374  0.00844637  0.00270037  0.00317059
715.573  357.936  0.00184444  -0.000320533  0.00198532
718.518  464.789  0.00695941  -0.0017097  0.00206419
721.978  511.44  0.0149727  0.00188785  0.00190548
720.843  512.948  0.0108726  -0.00118343  0.00267519
725.824  543.814  0.00332449  0.000159238  0.00082385
724.11  561.214  0.00690169  -7.34518e-05  0.00135221
727.621  334.809  0.00165385  0.000746477  0.00255477
745.56  432.547  0.0031685  -0.000598757  0.00468467
736.145  552.398  0.0287195  0.00515808  0.00626499
727.48  347.562  0.00176397  -0.000107088  0.00236466
739.971  153.329  0.0127646  -0.00188539  0.00419061
737.88  39.2127  0.00119527  0.00055845  0.00184359
736.195  517.97  0.018829  0.00782498  0.0263121
744.127  58.6667  0.00685062  0.00910841  0.0367559
740.486  676.232  0.000785528  0.000143969  0.00408233
739.961  94.1024  0.0406242  -0.00279648  0.00346876
740.949  156.423  0.0177999  -0.00527222  0.00372573
743.442  329.657  0.00467237  -0.00313525  0.00371771
750.996  645.013  0.00353745  0.00451975  0.0466396
745.814  240.923  0.0107779  0.00489351  0.00775837
746.05  479.721  0.0212916  -0.00479783  0.00870195
752.254  379.63  0.0297704  -0.0164087  0.0117201
745.008  443.685  0.0142307  0.00220405  0.00235486
747.852  539.357  0.0167863  -0.000112911  0.000612056
757.799  621.627  0.00346809  0.000916041  0.00173206
757.798  553.13  0.00159316  -0.000312424  0.00423773
759.069  292.284  0.00216975  0.000505572  0.0012733
758.703  537.345  0.0307926  0.00188892  0.00232203
762.079  126.379  0.0128963  0.00457255  0.0174322
759.854  687.656  0.0156146  -0.00329797  0.0639116
750.7  111.578  0.00306413  0.000152478  0.00197233
757.498  263.992  0.0133187  0.0035717  0.00662008
759.385  341.586  0.00106269  0.000219253  0.00458155
769.679  364.278  0.00121859  -0.000523831  0.00395727
765.296  567.621  0.0164214  -0.00216108  0.0137494
761.407  509.1  0.00292276  -0.000365907  0.00618675
771.677  218.3  0.00985514  -0.000980453  0.00315749
765.864  44.8688  0.00330072  0.00147878  0.00281921
775.905  403.407  0.0104998  0.0109026  0.0142319
771.823  124.985  0.0267398  -0.00960599  0.0236627
768.264  587.396  0.0157343  0.0106035  0.0135105
772.228  144.708  0.0307131  0.00124999  0.00439094
760.269  604.978  0.00152493  0.00177418  0.0107446
775.71  196.523  0.0120423  -0.00373746  0.0104835
775.932  534.717  0.00501368  0.00163901  0.00173387
775.689  441.189  0.016948  -0.00893411  0.0169526
775.639  470.224  0.0167572  -0.00192682  0.00758447
775.295  218.26  0.00310364  -0.000669825  0.00451722
782.809  39.4393  0.00918084  -0.00170996  0.0191178
781.647  96.3025  0.0233355  -0.00915609  0.0284441
788.388  585.056  0.00211256  -0.000887533  0.00885669
784.215  685.443  0.0217713  -0.000539301  0.0655205
775.493  541.541  0.00334371  -0.000912115  0.00251353
785.646  204.646  0.0324809  0.00123091  0.0324809
779.916  594.146  0.00231226  0.00364256  0.0574227
783.278  149.5  0.00981577  -0.00850065  0.0380413
787.266  188.78  0.0202894  0.000118601  0.0127076
793.011  304.349  0.0122725  0.00252217  0.00270939
791.114  242.003  0.00341712  -0.000159382  0.00889255
793.255  260.774  0.00136714  0.000160719  0.00229955
798.531  403.442  0.00386696  0.00124943  0.00221727
795.978  479.106  0.00465491  0.00102979  0.00360202
802.815  572.129  0.00451327  0.00050026  0.00607413
804.093  81.814  0.0150391  -0.00413674  0.0357582
792.855  187.472  0.0112099  0.00739885  0.00838691
789.708  248.968  0.00213145  -0.000536852  0.00287261
806.681  405.449  0.00108097  0.000162338  0.00318699
814.517  421.389  0.0019032  0.000102192  0.00236336
800.032  638.148  0.0043672  0.00241106  0.0112425
815.337  301.764  0.00704066  -0.00612178  0.00760711
811.19  598.182  0.00233439  0.0030149  0.0201012
810.505  126.535  0.0307731  -0.000758158  0.031724
821.695  354.191  0.00138169  0.000405886  0.00263069
818.075  134.47  0.00893275  0.00306706  0.0028839
822.844  290.567  0.00831969  -0.00168309  0.0022046
818.577  75.4065  0.0206681  -0.00547731  0.0290629
817.828  139.31  0.0024034  0.000900669  0.00252831
818.149  106.756  0.0181055  0.00810269  0.00687831
822.549  308.188  0.00317674  0.00194747  0.00283917
829.65  444.295  0.00109161  0.000591086  0.00233294
833.934  198.75  0.00445619  -0.000697627  0.0010163
810.457  414.706  0.0022437  0.000530286  0.00203575
826.261  115.739  0.0124314  -0.00691393  0.0188374
838.794  68.4635  0.00946858  0.000145256  0.00572418
832.7  177.8  0.0244395  0.000703779  0.0130124
838.151  206.8  0.00169209  -0.000311132  0.00264745
836.522  440.074  0.00171449  -0.00116646  0.00266273
832.97  600.634  0.000957564  -0.00158328  0.0117377
834.52  36.4565  0.00332403  -7.32373e-05  0.00288443
836.894  446.809  0.016038  -0.00691688  0.0315527
827.519  360.744  0.00271507  -0.000130611  0.00139096
839.574  53.0741  0.00648375  -0.0036289  0.0218781
826.668  285.475  0.00245622  0.000513543  0.00110616
826.946  531.29  0.0025799  -0.00119107  0.00325734
838.312  158.97  0.0138319  -0.001109  0.0124005
840.874  185.946  0.0284047  -0.00587599  0.0253109
841.828  251.298  0.00658156  -0.00210415  0.00625819
847.056  150.524  0.0172467  -0.00406387  0.0195612
851.575  98.5748  0.0286288  8.57051e-05  0.0191609
852.04  116.2  0.0157942  0.001935  0.0207289
845.386  135.918  0.00382094  -0.00210991  0.00796001
854.018  47.25  0.0282414  0.00682205  0.0286489
851.768  382.839  0.00776476  0.000472037  0.00757228
846.394  399.999  0.00201782  0.000381015  0.00218381
850.507  445.191  0.00125773  -0.00132189  0.00460736
860.961  205.357  0.00311693  -0.000118062  0.00255929
858.62  32.99  0.0176252  0.00759051  0.0110209
858.923  289.823  0.014197  -0.00493534  0.0367776
849.42  661.454  0.00167731  0.000621149  0.0015928
851.134  408.874  0.00531088  -0.00355789  0.00484907
865.967  214.435  0.00248717  -0.00259622  0.00758113
869.984  274.147  0.00328323  -0.00375133  0.0115237
859.49  179.608  0.00604385  0.000700305  0.0183736
865.017  366.374  0.00295632  0.000863106  0.0015153
867.721  448.983  0.00901994  0.000565643  0.0109684
872.406  296.904  0.00861086  -0.000425609  0.00336383
866.514  205.7  0.00631763  0.00482476  0.00643242
875.707  101.465  0.0331003  0.00248951  0.0294901
880.791  181.8  0.0240706  -0.000131939  0.00544814
878.235  89.7765  0.00843237  0.00247228  0.012244
887.364  22.6108  0.00517289  -0.000732878  0.00347087
884.963  217.251  0.00758511  -0.00390901  0.0305348
886.935  234.905  0.0140308  0.00105114  0.0115914
895.703  257.524  0.00163703  0.00030354  0.00236242
883.697  326.482  0.00406851  -0.000447286  0.00180154
898.549  194.516  0.00270624  -0.000915022  0.00670257
887.288  405.926  0.0105206  -0.00577336  0.00552877
891.191  212.418  0.0263924  -0.00503148  0.0279527
887.808  594.782  0.00674354  -0.00342694  0.00534637
888.788  313.392  0.0013737  9.2458e-05  0.00142775
887.893  78.8493  0.00425687  0.00395898  0.010469
909.635  106.279  0.0020195  -0.0039158  0.0181895
898.358  448.28  0.0081637  -0.000378699  0.025835
899.192  23.6566  0.0189788  -0.0147086  0.0218806
917.54  86.3493  0.00317571  0.00194863  0.00588419
908.52  215.905  0.00131963  3.20436e-05  0.00633807
898.407  282.678  0.010837  -0.00548029  0.0225494
892.634  255.948  0.00380952  -0.00116996  0.00296924
908.176  135.007  0.0209335  -0.0111011  0.0239039
916.134  356.967  0.00153452  0.000109219  0.00219788
908.782  278.945  0.0318003  0.00414679  0.0239316
920.779  312.315  0.00189277  -0.000511665  0.00266671
916.339  111.351  0.018262  -0.00992404  0.00959645
929.107  139.78  0.00218139  -0.00152742  0.0115306
918.69  644.466  0.019369  0.00250156  0.0359119
918.513  39.6957  0.0330855  0.00273813  0.020383
925.967  589.693  0.00321561  -0.00353028  0.0371422
920.19  199.018  0.030206  -0.00543969  0.00529789
927.992  677.869  0.00305864  -0.000455929  0.00485189
926.645  450.067  0.00117102  0.000256983  0.00428528
922.294  14.3647  0.0321401  0.0073155  0.040323
912.447  501.786  0.00434207  0.00362501  0.0168619
915.82  510.564  0.00557184  -0.00417342  0.00668181
928.045  359.955  0.00218234  -0.00198909  0.00346531
924.806  72.1343  0.0207595  -0.0037383  0.00818734
926.104  444.095  0.0267438  0.002258  0.00436243
930.794  262.894  0.00893047  -0.00187314  0.0162835
932.425  511.075  0.0332325  -0.00294892  0.024858
933.565  218.527  0.0310071  -0.00731059  0.018582
944.791  92.1351  0.00645824  -0.00210224  0.00483415
929.693  309.59  0.00154832  1.51065e-05  0.00289289
945.905  367.692  0.0104097  0.00776664  0.010459
945.21  495.886  0.00406641  -0.000512088  0.00754131
950.626  665.314  0.00656613  -0.000486954  0.00149357
946.431  644.664  0.0293644  -0.00197872  0.00141637
948.746  319.418  0.0165133  0.00118609  0.0082501
946.205  441.948  0.0175354  -0.0133879  0.0165577
936.929  362.004  0.00285518  -0.000361012  0.00167662
949.168  155.282  0.0232407  -0.00680586  0.0162533
940.662  114.121  0.00160244  -0.000521508  0.00377033
949.387  406.079  0.00665938  -0.00210794  0.00186087
953.554  170.015  0.0245019  -0.00192097  0.00207399
954.022  267.294  0.0153102  -0.000200527  0.0294594
943.582  229.302  0.0055991  0.00528657  0.0100171
956.342  47.3156  0.00511304  -0.00352945  0.0117647
964.326  320.116  0.00736074  0.000166506  0.00155757
963.697  475.066  0.00220937  0.00321631  0.011617
947.343  528.77  0.00252116  0.000251645  0.00454301
954.826  551.794  0.00786619  -0.00189244  0.0105036
963.708  434.641  0.00585839  0.00106609  0.0082817
958.83  669.196  0.00434549  0.0018221  0.00341827
967.464  181.594  0.00553962  0.00292144  0.00968184
966.011  120.238  0.0225794  0.00262389  0.0100667
966.716  527.49  0.0306329  0.00258711  0.0290161
957.247  68.2401  0.00221766  -0.00238425  0.0243932
967.735  257.765  0.027772  0.00336512  0.0333555
974.143  391.755  0.0056529  0.000977695  0.00491631
973.697  389.894  0.00212553  0.000941601  0.00302218
979.782  554.676  0.00574361  0.00213986  0.00201144
971.921  563.297  0.0152223  0.00110844  0.00312661
972.976  418.399  0.0116387  -0.00375934  0.0170299
972.927  656.595  0.00313151  0.00197852  0.0110806
975.767  643.931  0.0153726  0.003544  0.0411257
976.557  165.875  0.0150906  -0.00241126  0.00493827
982.396  442.248  0.0332725  0.0033572  0.0280613
975.577  461.963  0.00466844  0.00277011  0.0126172
972.853  194.611  0.00376836  -0.000594144  0.00231396
986.326  233.326  0.0349348  -0.0103018  0.00921363
982.636  323.927  0.0144448  -0.00540925  0.0257053
38.6343  160.072  0.00141958  7.85156e-05  0.000922335
23.3134  425.142  0.00237232  -5.55527e-05  0.000795081
31.673  338.538  0.00458202  -0.00225857  0.00232699
22.7855  108.835  0.00469962  0.000778  0.000603944
21.9518  415.727  0.0030492  -0.000542764  0.0011357
35.3779  408.405  0.0207937  0.000162009  0.0137429
47.0123  450.279  0.00138614  0.000741092  0.0127077
25.8459  530.542  0.00613193  0.00288089  0.00201049
55.813  502.001  0.000753297  -0.000421521  0.00250756
46.831  80.0553  0.0119923  0.000980341  0.0157788
47.8478  567.664  0.000521336  0.000135863  0.00128715
48.901  391.315  0.0126466  -0.00199381  0.0108541
44.5457  334.014  0.000765471  7.29865e-06  0.00181005
57.739  418.64  0.012798  -0.00304155  0.00583597
67.4586  33.537  0.00661196  0.000852531  0.00244613
61.8257  245.429  0.0167537  -0.00190135  0.0120783
64.839  52.6157  0.0155822  -0.00145287  0.0123697
65.652  471.899  0.0117712  0.00113732  0.0124175
67.4814  155.651  0.0052933  -0.000420092  0.000862618
66.0888  304.538  0.00766986  0.00454351  0.00757249
61.2896  447.527  0.00324949  -0.00343942  0.00531889
62.2708  544.075  0.00109158  0.00081682  0.00259811
77.1284  232.531  0.0200382  0.00120498  0.00533703
85.4372  25.8127  0.00664282  -0.00889679  0.0221757
81.2897  416.584  0.0135459  0.000647104  0.0163892
90.7174  417.096  0.00532169  -0.0040486  0.00380761
79.6963  488.588  0.0213299  0.00490232  0.00201537
91.2099  267.934  0.00686305  -0.00326383  0.00541935
91.4745  229.864  0.00602965  0.000826692  0.00635571
102.397  499.145  0.0054699  -0.00500755  0.0140403
120.973  108.922  0.00168025  -0.00228893  0.00643882
105.947  295.272  0.0114033  0.000662086  0.00139047
100.43  72.2695  0.00971374  -0.00261187  0.00759407
105.765  341.972  0.00997861  0.00444239  0.0118654
105.691  466.234  0.00397202  0.000804498  0.00316226
108.496  275.29  0.0088651  0.00309006  0.0169092
117.999  377.843  0.00200187  -0.00127203  0.0167045
95.6804  538.384  0.00194176  7.79187e-05  0.00102754
112.882  419.791  0.00909354  -0.00591975  0.00744189
113.258  240.182  0.0154842  0.000976606  0.00935894
124.401  336.457  0.0133899  0.00849291  0.00695016
114.383  199.9  0.00189197  0.00107391  0.00139608
126.813  354.392  0.00904288  0.00383595  0.00430558
118.318  65.356  0.00258534  -0.00210505  0.00642325
122.036  141.755  0.0163736  0.000620499  0.0163736
122.932  127.018  0.00742931  -0.00453604  0.0159548
130.271  115.396  0.00690743  -0.00335793  0.00937554
122.842  333.535  0.00623281  0.00287107  0.00329232
140.608  36.9078  0.00443405  0.000573456  0.00573498
141.243  311.89  0.0151837  -0.000629132  0.00578952
167.388  427.128  0.00106214  -0.0011203  0.00555805
152.411  532.526  0.0148379  0.000930912  0.0107418
160.521  446.67  0.000426938  -3.57482e-05  0.00190371
151.123  399.048  0.000998669  0.000181406  0.000748844
166.673  210.402  0.00131777  -0.00059499  0.00310375
160.774  513.527  0.000665783  -6.60734e-05  0.000779964
158.16  68.0416  0.0151259  0.00196273  0.00722862
168.131  278.403  0.000670013  4.60843e-05  0.00789197
165.462  601.763  0.00159307  -0.00074632  0.000875705
157.481  641.629  0.000607817  -0.000212275  0.0011606
170.509  356.535  0.00100801  -0.000570468  0.00369788
149.22  572.751  0.00174173  -0.000273991  0.000532759
176.48  104.08  0.00187743  0.00328738  0.0088522
169.37  313.595  0.00092177  -0.000595018  0.00244022
176.966  186.825  0.0163736  0.000620499  0.0163736
184  266.991  0.00607335  -0.00123807  0.0015762
202.39  174.017  0.00176662  -0.00104289  0.00357768
197.005  491.207  0.0177743  0.00236558  0.0109898
204.173  342.595  0.0104035  -0.00997487  0.0138055
205.727  112.534  0.00753748  0.00205641  0.00372108
208.532  360.845  0.00263783  -0.000188719  0.0137401
205.056  604.918  0.00215994  -0.000211472  0.00270915
211.791  65.5292  0.00265383  -0.000632816  0.0033558
206.872  487.733  0.0110868  0.000568941  0.00294303
211.871  397.475  0.00851419  0.00616005  0.00649367
213.626  51.003  0.0161731  0.00380824  0.0081927
232.027  333.373  0.00112633  0.000773589  0.0163575
227.724  98.1097  0.0101719  0.000170232  0.0180594
226.165  563.569  0.00644619  -0.000310409  0.0165779
228.709  482.078  0.00567623  0.00136866  0.00768114
230.905  676.848  0.00920524  0.00738671  0.0268041
233.463  580.482  0.00998931  -0.00357527  0.00429622
246.483  138.407  0.00111111  -0.000792033  0.00151057
232.377  202.18  0.00835019  0.00570274  0.0075879
220.868  539.309  0.00810913  -0.00273079  0.00216503
241.432  347.61  0.00343912  0.00119783  0.00111663
239.768  212.943  0.00829696  0.00492241  0.0140178
235.637  77.0387  0.0119293  0.00662387  0.0147942
236.138  250.09  0.0135944  -0.00542474  0.012661
240.025  285.578  0.00588226  0.001066  0.0110766
239.344  311.215  0.0141092  -0.00120474  0.0145427
251.791  134.154  0.000587645  -2.18898e-05  0.00278642
219.776  643.553  0.000778991  0.000295145  0.00915571
266.29  215.054  0.0022829  0.000628296  0.00209031
249.372  410.632  0.00587308  5.49766e-05  0.00798421
251.187  83.1461  0.0112101  -0.00188666  0.00556881
256.921  489.6  0.00632022  -0.00105237  0.00574157
263.077  535.945  0.00702367  -0.00487728  0.0140719
262.777  549.582  0.00854973  -0.00327319  0.00669414
266.813  105.887  0.00807973  0.00384015  0.0169453
267.679  281.12  0.0170711  0.00108103  0.00108928
278.984  259.406  0.00307825  0.0017401  0.00164253
266.641  353.162  0.00724014  0.00148316  0.00471338
268.473  500.367  0.00750815  0.00246494  0.0145617
268.777  211.352  0.0101627  0.00168886  0.00211567
265.533  592.577  0.00414636  -0.00158813  0.0121477
277.194  641.951  0.00132166  -0.000470259  0.00211053
282.729  521.451  0.0017513  0.00184242  0.0102591
262.932  149.77  0.0025952  8.25986e-05  0.00134677
270.509  309.314  0.00438421  -0.000496701  0.00125754
265.786  80.9001  0.00192443  -0.00164121  0.0026819
266.717  33.2016  0.00247833  -0.00209707  0.0082859
291.224  623.072  0.000978019  0.000712375  0.0113299
292.859  14.1832  0.00257415  0.00049284  0.0228832
282.473  302.51  0.00114961  0.000142884  0.00059721
268.554  216.637  0.000961504  0.00186096  0.0128393
291.168  379.166  0.00887075  -0.000132028  0.00906011
302.129  538.277  0.00217154  -0.0014816  0.023546
293.375  489.515  0.0062662  0.000595747  0.0118442
273.696  581.499  0.00135242  0.00112561  0.00395292
295.006  191.485  0.00978136  -0.00132141  0.00579306
305.986  52.6709  0.00368555  -0.0026043  0.0206425
299.612  610.908  0.0160504  -0.000165524  0.0157023
307.103  678.494  0.00102526  -0.000551216  0.00356263
295.182  14.8151  0.00239027  -0.000281238  0.00414365
294.52  448.641  0.00170686  0.00262853  0.0095809
306.467  169.59  0.0133002  -0.00111094  0.0125459
311.1  319.452  0.000886177  0.00142835  0.00480828
311.282  374.204  0.0126196  0.00241875  0.00146974
311.105  489.834  0.0204732  0.000121019  0.00410201
326.366  519.533  0.00187982  0.00133987  0.00346499
312.391  419.305  0.00132992  0.00115029  0.00588215
310.388  600.171  0.00191785  -0.000678246  0.000701672
319.172  283.317  0.0111321  0.00371008  0.0168016
326.049  586.861  0.00605914  0.000264286  0.00820698
324.863  74.6379  0.0111724  -0.00105235  0.00911464
327.708  174.688  0.00374054  0.00202315  0.00658138
328.865  547.071  0.00986704  -0.000454472  0.00528271
327.7  158.714  0.0168374  0.000574771  0.0145391
339.848  242.167  0.00117096  0.000581004  0.0121883
330.647  23.3189  0.0113976  0.00526458  0.00580638
357.752  33.8432  0.00128291  0.000113257  0.00212636
328.326  113.113  0.00896322  -0.00115322  0.00313919
333.829  195.894  0.000902207  0.000589269  0.00117366
328.062  414.907  0.00232659  0.00111784  0.0108565
347.31  579.146  0.00610065  0.00627821  0.0129906
339.655  399.541  0.00716097  -0.00465405  0.00877951
343.858  472.019  0.0178002  -0.000357328  0.000909507
345.431  597.656  0.0166463  -0.00118242  0.00848168
349.575  285.149  0.00816373  -0.000101319  0.0144803
350.796  105.476  0.0136755  -0.00335657  0.0134186
331.146  237.391  0.00113433  -0.00198363  0.011033
370.159  493.203  0.00126861  0.00135717  0.0262175
356.959  519.159  0.0157256  0.00508277  0.0091781
361.258  61.2391  0.00400434  -0.00191999  0.0216231
355.746  82.0251  0.00232071  -0.00235732  0.00813025
386.489  153.87  0.00129693  0.00216513  0.00850819
357.509  33.308  0.00272777  -0.00155068  0.00918324
367.488  189.359  0.00905259  -0.00072145  0.00886335
366.867  231.586  0.0156047  -0.000660137  0.0151684
356.213  588.655  0.00179398  -0.000831152  0.0010695
375.529  469.906  0.00606027  -0.00595162  0.00694604
378.169  672.526  0.00841427  0.0103741  0.0233504
381.655  492.665  0.0118798  -0.00109073  0.00681045
387.862  78.2737  0.00326777  -0.00143406  0.00718257
391.359  386.667  0.00557359  0.00430473  0.0133558
388.052  60.3366  0.00907069  0.000756061  0.0172362
399.17  636.399  0.00141217  0.000138677  0.000574659
395.775  45.3665  0.0149399  0.00543642  0.00705929
403.259  591.674  0.0184823  0.00110176  0.00268254
413.714  233.538  0.0159559  0.00415696  0.00749931
412.177  417.811  0.0163736  0.000620499  0.0163736
433.847  502.448  0.00123017  0.000789708  0.00227022
425.798  574.849  0.00067338  -0.00172585  0.00870774
419.198  140.701  0.00774575  -0.00221292  0.00641733
421.345  295.325  0.00444649  0.00147256  0.00590642
415.099  381.17  0.00344738  -0.000874415  0.00807194
428.068  406.053  0.0127565  -0.00169845  0.0149637
409.029  158.146  0.000860836  0.0019361  0.0229873
431.408  257.964  0.012716  0.00423394  0.0157846
422.28  358.379  0.00287921  0.00219359  0.00247692
416.441  585.234  0.00216139  -0.000536886  0.00205811
432.86  399.283  0.0131304  -0.0035389  0.0148464
428.758  90.8749  0.00438697  -0.00524987  0.0186073
445.982  123.573  0.00376322  -0.00177041  0.00253362
419.574  454.484  0.00282093  0.000997697  0.000900022
450.967  657.75  0.00133848  0.00111507  0.00219853
433.466  236.753  0.0134799  -0.00545728  0.00557551
424.242  280.58  0.000709019  4.99001e-05  0.00209085
426.394  507.525  0.00128574  0.00103426  0.00384752
444.242  586.953  0.0203944  -0.00452579  0.00580563
464.249  299.23  0.00136342  -0.000777401  0.00197848
457.645  40.2898  0.00955664  -0.000904442  0.00339297
452.139  186.691  0.00657831  0.00764471  0.0132248
475.152  96.2322  0.0037015  -0.00257117  0.00363697
466.302  352.673  0.0139328  0.00358211  0.0153104
463.44  161.979  0.003676  -0.00124774  0.00979656
468.455  228.708  0.0228716  -0.000123437  0.00180529
470.788  380.178  0.00386863  -0.00244281  0.00308985
473.811  480.045  0.00336566  -0.00137541  0.0230337
484.904  74.2564  0.00556384  0.00347187  0.00668274
474.971  115.874  0.00643809  0.00174087  0.00555367
476.945  318.952  0.00340609  -0.00102107  0.000842341
488.054  347.856  0.00450266  0.0046347  0.0101561
478.203  514.811  0.0180633  0.00557303  0.00901852
484.665  551.464  0.00371917  0.00444139  0.0187669
492.216  363.683  0.00992568  0.00401355  0.00771868
494.465  261.591  0.0123972  0.00351477  0.00639029
473.125  432.921  0.00175944  0.000663124  0.00221816
499.058  470.564  0.0168544  -0.00448359  0.00689393
506.716  283.425  0.00479546  -0.00066803  0.00381084
501.427  374.143  0.00694286  0.00160835  0.0051284
500.309  520.325  0.0148711  0.00459113  0.0110925
511.8  396.015  0.00316689  0.00117109  0.00180288
507.802  233.313  0.0163651  0.000756396  0.0104309
513.195  341.769  0.0075316  -0.00194219  0.012474
505.697  82.0637  0.00561797  -0.00138852  0.00273942
495.681  133.918  0.00170206  -0.00156598  0.00559855
510.414  542.914  0.00365128  0.0011116  0.00153118
522.58  480.593  0.012268  8.73308e-06  0.00512438
524.619  17.3757  0.012371  0.00389195  0.0202871
526.871  286.177  0.00131972  -0.000520051  0.000908514
526.957  81.923  0.000942435  -0.000218163  0.00159083
528.803  300.058  0.00674743  0.001636  0.000901476
536.118  338.603  0.00282864  -0.000457057  0.0196413
539.568  27.0107  0.0156314  0.00555746  0.0150471
544.087  109.982  0.00906341  0.00515999  0.00649083
547.75  164.796  0.00126861  0.000496202  0.00114219
547.987  505.068  0.00908373  -0.000168889  0.0137708
548.522  130.44  0.00890298  -0.00160891  0.0112987
552.009  254.145  0.0163909  0.0087646  0.00909999
553.834  418.473  0.00280982  -0.000661485  0.000946529
567.699  208.189  0.00260832  -0.00367805  0.0118792
567.597  39.0887  0.00268888  0.00246009  0.004843
577.041  615.802  0.00152981  0.00111046  0.00409558
571.577  471.196  0.0012267  0.00033012  0.00110913
566.986  257.085  0.0165356  0.000396282  0.0146141
567.046  346.844  0.0084958  0.00210454  0.00911678
570.741  535.288  0.0123366  -0.00483606  0.00237406
546.925  357.548  0.00174665  -0.00158637  0.0041978
590.165  659.668  0.000939243  -0.00191449  0.0283939
568.938  58.72  0.00373586  0.00298205  0.0114471
585.372  367.577  0.00180114  0.00371302  0.0228119
581.606  223.65  0.0159639  0.0069481  0.00746482
562.489  303.791  0.000988065  0.000381837  0.00206557
593.531  207.615  0.00457184  -0.00272318  0.0134085
595.947  109.283  0.00565619  0.00296089  0.00242714
592.798  191.398  0.00662947  0.00228616  0.0102823
598.849  59.7632  0.00171504  -2.95153e-05  0.00110841
601.138  143.147  0.00944438  0.00671449  0.00614554
595.628  61.5612  0.000677375  1.7787e-05  0.00128859
609.159  577.57  0.00134516  5.37056e-05  0.000806948
605.875  96.1196  0.00482595  0.00401118  0.0064184
592.18  275.308  0.00182267  0.00122303  0.00777887
599.5  313.653  0.0072451  -0.00442354  0.0102781
589.599  148.653  0.00343099  0.00318164  0.00582157
607.726  76.111  0.0168746  0.00207349  0.0137784
598.306  499.361  0.00381009  0.0012412  0.00149605
608.511  32.5956  0.0078279  -0.00494242  0.0161019
606.299  134.901  0.0109795  0.00503314  0.00376124
616.131  443.662  0.0105684  -0.000875093  0.00937048
609.382  461.154  0.00487194  -0.00185824  0.0130506
609.887  657.791  0.00234763  0.00171788  0.0149522
618.4  194.824  0.0177234  0.0027705  0.00486896
618.84  60.6518  0.00897644  -0.00166219  0.00270442
627.596  354.199  0.00549945  0.00302638  0.00506269
637.378  242.7  0.0025243  0.00226214  0.00455058
626.736  110.584  0.00847941  -6.77012e-05  0.000697793
641.192  121.248  0.00502827  -0.000547841  0.0013068
638.046  466.984  0.000653556  -9.88855e-05  0.00090696
644.641  29.346  0.0128318  -0.00757613  0.00751199
655.43  55.2762  0.00151681  -0.000832731  0.00182573
643.572  132.269  0.00651879  0.00294002  0.0133703
660.326  355.491  0.00141872  -7.07181e-05  0.00191539
644.31  387.756  0.0113513  0.00354957  0.0114664
658.072  343.834  0.00128165  0.000981218  0.0140732
651.676  585.082  0.00237927  -0.000114486  0.00130659
650.79  304.458  0.0144972  0.00538509  0.0133065
672.53  151.599  0.00160889  -0.000313328  0.00238962
670.226  560.747  0.00306525  0.000287495  0.00141433
675.221  654.205  0.000782766  0.00013867  0.0321564
668.143  164.038  0.00580177  -0.000236153  0.0147467
666.731  70.9645  0.00211102  -0.00249359  0.00510952
688.509  36.0092  0.00152181  2.51539e-05  0.0011379
708.779  355.392  0.00106102  -0.000399231  0.00236283
685.068  606.609  0.000829599  -0.00218531  0.0167955
717.104  628.157  0.0016114  0.000820978  0.00203862
690.371  576.402  0.00342064  0.000513307  0.00368219
708.245  16.1734  0.00997032  0.00397865  0.0303307
706.543  444.572  0.0163736  0.000620499  0.0163736
712.887  468.883  0.00175195  -0.000169015  0.00179866
708.959  510.224  0.0170804  0.00242988  0.0117954
712.778  50.0137  0.0194029  -0.000984185  0.000766906
723.179  149.483  0.00424197  0.00105538  0.00148732
709.228  187.978  0.00423939  -0.00115613  0.00176264
723.026  611.969  0.00166048  -0.00110151  0.00200607
731.939  218.45  0.00698728  0.00133805  0.00210842
726.299  409.54  0.0134749  -0.00538997  0.0126224
724.249  561.404  0.00334313  -0.000669343  0.00164865
728.097  162.509  0.0204249  -0.00169942  0.000852003
735.919  618.438  0.00438372  0.00168687  0.00177849
736.609  325.559  0.00822222  0.00479553  0.00617349
737.509  149.446  0.0196341  0.000871479  0.00608396
734.751  516.317  0.0104202  -0.00301772  0.0093888
742.509  101.252  0.0116286  6.99458e-05  0.00488169
748.986  645.64  0.00458279  0.00106532  0.0217095
752.511  137.678  0.00498912  -0.00471616  0.0132988
746.942  479.559  0.0191241  0.00179206  0.00544214
741.141  535.485  0.00246511  0.000359277  0.000857857
754.123  53.4507  0.00479447  0.00585841  0.0116663
760.779  555.244  0.000882874  0.000638014  0.0078086
760.808  487.896  0.00834853  0.00343888  0.00440048
764.318  619.524  0.00115864  0.000298131  0.00137087
746.801  118.975  0.00404224  -0.00705991  0.0175761
780.01  341.385  0.00191674  -0.00304479  0.0101957
755.007  308.026  0.00068438  0.000564336  0.00214357
771.816  350.727  0.0112738  0.00157093  0.00618027
790.505  268.097  0.00203113  0.000160834  0.000509452
773.896  539.18  0.00200194  0.000758001  0.00152376
780.237  353.802  0.00588698  0.00318827  0.00256864
788.677  347.548  0.00389188  0.00115966  0.0010186
785.454  24.2092  0.00766076  0.00793555  0.0202634
773.652  618.144  0.000916895  6.48953e-05  0.00108891
772.795  302.271  0.000677592  -0.000128762  0.00342251
815.943  139.408  0.00181517  0.0019753  0.00578805
802.234  421.879  0.00117968  -0.000511231  0.00139213
801.883  81.0766  0.013746  -0.000377996  0.0168286
792.846  183.771  0.00712728  0.00625201  0.0075647
791.812  617.962  0.00145376  -0.000226208  0.00121159
807.096  579.554  0.00512406  0.00180279  0.00248095
791.17  227.467  0.00534798  -0.00657288  0.00974199
808.337  202.779  0.00449548  0.00120467  0.000645911
816.158  166.084  0.0034527  -0.000478203  0.00215445
818.847  536.681  0.000883487  0.000461572  0.00183193
837.337  296.742  0.00160422  -0.000516136  0.00202623
816.691  54.211  0.0105546  -0.00319091  0.0113215
809.443  142.264  0.00253708  0.00117233  0.00278368
825.374  296.131  0.00176128  0.000582688  0.00085612
819.163  440.45  0.00130601  -0.000326228  0.000890565
835.766  168.654  0.018358  0.00809598  0.00609901
838.299  72.7451  0.0132782  0.00556237  0.00946168
825.85  363.62  0.00185035  -0.000120832  0.00341925
830.591  284.825  0.00260239  0.000890059  0.000797633
822.645  529.246  0.00159005  -0.0010964  0.0037942
851.925  208.871  0.00324755  -0.00225901  0.00535634
842.372  132.557  0.00199298  -0.00281556  0.00869037
856.085  176.868  0.00556053  -0.00340199  0.0103911
854.304  277.352  0.000572224  0.00101868  0.00948514
854.272  245.551  0.00829939  -0.00844749  0.0102228
869.285  374.781  0.000926927  0.000205739  0.00261965
881.698  141.573  0.0167486  -0.000960273  0.00325873
886.198  317.899  0.00459244  0.00248705  0.00221557
885.963  233.636  0.010922  0.00324463  0.00758201
890.4  595.616  0.00298876  -0.00284608  0.00591935
887.109  23.9034  0.0101769  -0.00306812  0.00551022
893.549  193.73  0.00702248  0.000496384  0.00550873
890.293  416.295  0.00999229  -0.000920592  0.00213275
900.446  311.469  0.000566799  -4.74378e-05  0.00150106
902.301  310.177  0.00767638  -0.000611522  0.000897037
912.683  644.099  0.0017391  0.00202411  0.021577
890.825  74.742  0.000843694  0.000934491  0.00336496
915.955  351.854  0.00111496  0.000509401  0.00616292
913.909  593.949  0.00975745  0.000816138  0.00191743
915.728  110.625  0.0135608  -0.00165074  0.0131876
926.335  128.781  0.00276123  -0.000725478  0.00126367
923.33  673.918  0.00209377  -0.0016432  0.00742306
907.742  401.518  0.000615561  0.000197989  0.00499674
929.968  70.1866  0.00605193  0.00176834  0.00845394
930.412  182.134  0.0175104  0.000867537  0.0120528
916.334  227.201  0.00121695  -0.00104028  0.00493496
929.916  509.386  0.00927524  -0.00360541  0.0145963
924.59  307.618  0.00153772  -0.000802972  0.00260116
942.367  573.687  0.00253456  -0.00115394  0.00157869
944.811  186.595  0.0135451  -7.74096e-05  0.00356482
942.839  371.071  0.0191375  -0.00110205  0.00894139
958.59  407.023  0.00122057  -7.04764e-05  0.000874133
946.82  68.9481  0.00866481  0.00296  0.0164667
944.003  141.14  0.0154351  0.00171035  0.00879216
942.589  446.777  0.00326574  -0.00163594  0.00458166
950.565  409.753  0.00737894  -0.00279527  0.0017598
956.352  212.471  0.00629431  0.00538355  0.00547949
956.324  243.308  0.0122118  0.00438779  0.00322706
959.224  47.6509  0.00863889  0.00114179  0.0129688
959.413  382.097  0.0129128  -0.00448847  0.00883136
949.731  192.339  0.00324271  0.00429879  0.00786306
966.335  620.317  0.00504814  -0.001909  0.0126231
961.208  144.299  0.0101662  0.00261369  0.00613248
972.62  137.349  0.018774  -0.00636131  0.00326137
965.758  527.712  0.025808  0.000746778  0.0158033
966.139  308.768  0.0032249  0.0001829  0.00367105
955.638  394.639  0.000925584  0.000610811  0.00356698
980.683  459.545  0.0116114  -0.000705329  0.0110086
30.8554  303.049  0.00569154  0.000919694  0.000420036
46.043  134.566  0.000576342  -0.000120055  0.000227784
48.2444  448.354  0.00101212  9.7554e-05  0.00663063
55.2974  221.449  0.00283454  0.00293794  0.00418996
51.7211  572.596  0.000514365  0.000127211  0.000825302
49.0503  44.2073  0.0135939  -0.00369078  0.00186352
53.7617  384.857  0.00558716  -0.00283147  0.00401332
56.1967  417.1  0.00732404  -0.0012621  0.00375752
64.9474  473.378  0.00832947  0.000206681  0.00729636
47.6315  153.566  0.000519382  7.78003e-05  0.00102488
87.0914  25.9401  0.00311797  -0.00226465  0.00873561
80.3996  285.741  0.00610317  0.000167452  0.00599132
95.0112  262.549  0.00267196  0.000804759  0.00233569
96.137  282.693  0.0102997  0.00211764  0.000801597
100.468  150.061  0.00825394  0.000312794  0.00825394
102.134  465.46  0.00352773  -0.000421898  0.0016208
101.46  543.577  0.0015454  0.000327906  0.0011479
119.038  128.51  0.00369858  -0.000438441  0.00801955
128.537  114.561  0.00476175  -0.00222701  0.00763032
126.553  384.713  0.0078703  -0.00179086  0.00245196
169.607  317.508  0.000712619  -0.00102732  0.0051894
150.541  406.385  0.00625695  -0.000243874  0.000537772
160.001  403.546  0.000661769  -7.03109e-05  0.000710841
157.68  205.937  0.00391046  0.000985393  0.00291649
148.791  520.726  0.00157173  0.00061159  0.000552037
151.305  273.425  0.000650272  -7.6628e-05  0.000495476
181.589  94.7136  0.00851037  0.000556432  0.00710001
204.63  312.48  0.00537372  -3.23356e-05  0.0079652
191.528  55.7821  0.000837634  -0.00090263  0.00239819
211.629  605.683  0.00067146  -2.97176e-06  0.00397529
224.955  211.375  0.00343312  0.00201412  0.00512792
221.456  261.787  0.00377446  -0.000147486  0.00205979
240.854  517.809  0.0014179  0.000527679  0.00079312
227.984  82.5217  0.00340181  0.000999032  0.000792818
213.454  576.546  0.00586409  0.00576708  0.00684248
228.83  580.015  0.00186925  0.000387224  0.00240275
232.325  443.216  0.00317156  2.18174e-05  0.0033912
235.162  525.599  0.000755436  -0.000134599  0.000457001
246.449  299.179  0.000698629  6.0214e-05  0.000221223
241.431  615.746  0.00851409  0.000841299  0.00186133
247.518  410.343  0.00493981  0.0012247  0.0058718
245.273  86.6425  0.00381854  0.00147386  0.00427527
271.309  258.93  0.00452046  0.00256167  0.00528273
266.525  293.104  0.0124537  0.00102099  0.000628224
263.125  508.464  0.00171677  0.0014561  0.00333397
265.852  203.372  0.00519955  6.66137e-05  0.000892298
287.145  119.138  0.00331305  -0.00133094  0.00354318
280.339  479.957  0.00328162  -0.0032885  0.00509994
278.396  585.901  0.00117704  0.000183305  0.00179123
324.905  585.873  0.00693911  0.00178559  0.00502459
329.389  46.1329  0.0023873  -0.000326507  0.00301441
322.032  175.851  0.00166475  0.00102616  0.00569391
338.206  125.329  0.000636881  -9.87342e-05  0.000963576
325.306  438.115  0.00192099  -0.000664009  0.000607725
356.213  588.445  0.0025204  -0.00200606  0.00297024
357.546  560.118  0.00161126  -0.000610515  0.0091704
344.067  601.92  0.00065994  0.000242512  0.00382294
359.399  652.737  0.000242826  -7.192e-06  0.00140645
355.478  166.467  0.00624308  0.000680445  0.00810687
354.227  487.645  0.00153054  -0.000871864  0.00218187
361.816  534.865  0.00151217  -0.000213136  0.000421773
358.273  42.689  0.00284345  -0.000817186  0.00302452
367.567  226.68  0.00248195  0.0006212  0.00345018
371.95  466.915  0.00330822  -0.00249756  0.00347389
355.395  482.795  0.000871864  -0.00127423  0.00391807
401.032  79.2595  0.000689639  -0.000404089  0.00702385
391.738  94.8004  0.00268058  -0.000637214  0.00124898
386.808  60.365  0.00658297  0.00202305  0.00920083
388.703  384.2  0.00268827  0.000261363  0.00402867
421.56  574.27  0.000489966  -0.000760638  0.00532688
384.288  32.6026  0.00364177  -0.00288952  0.00402595
395.329  175.087  0.000652109  -0.000726874  0.00542681
411.969  234.566  0.00877369  0.00154731  0.00306794
425.435  365.102  0.00355111  0.00172313  0.00165569
421.429  508.452  0.000462461  -1.93267e-05  0.000332995
431.856  352.571  0.00207367  0.00150698  0.00149682
421.985  450.58  0.00142965  0.000752  0.00162917
446.126  586.215  0.00500057  -0.000634056  0.00524829
459.603  47.0617  0.0056176  0.00135377  0.00820185
440.521  645.103  0.001046  0.000560032  0.000966182
454.148  187.539  0.00277412  0.00144111  0.00370868
471.256  33.6177  0.00404032  -0.00140719  0.0017237
460.708  395.304  0.000583308  -0.000314868  0.000635025
453.435  549.763  0.000316442  -0.000147853  0.00345609
496.135  637.377  0.000651905  -0.00046858  0.000752621
514.613  596.313  0.000393672  0.000195477  0.000410236
499.497  520.804  0.00843063  0.00048364  0.00616006
504.142  651.074  0.000553113  -0.000428081  0.00346866
539.085  28.3964  0.00857995  0.00253886  0.00879189
541.735  223.691  0.000870767  0.000787587  0.00169055
560.7  47.1702  0.000165857  -0.000119697  0.00129246
577.521  615.424  0.00113759  0.000228625  0.00145442
569.037  345.821  0.0047832  0.000576308  0.00739388
573.106  586.363  0.00349699  -0.000105187  0.000264703
597.663  58.5165  0.000808054  0.00064514  0.00086938
598.419  105.169  0.00254237  0.00118542  0.00140319
591.915  255.355  0.00369074  -0.000155962  0.000282199
604.466  657.74  0.00132428  0.00122958  0.0127135
624.034  199.702  0.00361781  -0.0010211  0.00291108
633.588  240.785  0.000584701  -0.000409225  0.00182572
641.068  181.724  0.00113587  -0.000251578  0.00337246
642.828  38.1075  0.00368481  0.000504219  0.00128616
624.249  110.876  0.000818835  0.000446813  0.000695637
645.52  388.61  0.00539999  8.58669e-05  0.00788589
651.072  500.004  0.000464124  8.15699e-05  0.00119153
662.152  245.717  0.00292498  -0.000996497  0.00274509
648.199  456.374  0.00171275  0.00123535  0.00163758
666.452  561.879  0.00482987  -0.00025465  0.00085492
662.602  66.915  0.00154759  -0.00162449  0.00318424
702.304  594.65  0.0011933  -2.86732e-05  0.0118771
710.456  508.58  0.0107001  -0.000659021  0.00128258
709.168  564.954  0.00951456  0.00101956  0.00469496
710.81  41.4194  0.0111606  -0.000439765  0.00180549
708.514  473.197  0.0016479  0.000387772  0.00156486
705.936  191.129  0.00246355  -0.00148574  0.00308154
725.636  159.409  0.00934979  -0.00137699  0.00074202
733.735  529.776  0.0122795  0.000796585  0.000786284
735.786  552.854  0.00908829  0.00135563  0.00523347
739.249  153.664  0.00758986  -0.00135768  0.00347955
743.099  109.045  0.000930064  0.000616392  0.00208654
750.613  556.787  0.000879821  0.000686285  0.00204793
758.413  478.669  0.00685711  -0.000166084  0.00109825
758.186  530.932  0.00943724  0.000311442  0.00176568
771.269  217.09  0.00655316  -0.000585546  0.00279258
795.512  473.548  0.00074541  -0.00030525  0.0037897
776.773  33.2215  0.00450091  0.0054954  0.00806398
762.906  551.179  0.000949712  0.00082604  0.00185522
784.949  294.03  0.00374461  -0.000982722  0.00113974
824.688  605.693  0.000632729  0.000427964  0.00176793
814.408  142.086  0.00181841  0.000829736  0.00210378
816.657  53.6209  0.00768792  -0.00134251  0.00837173
806.542  535.59  0.000446245  0.000153298  0.00187115
817.329  275.304  0.00172195  -0.00144268  0.00157618
820.834  416.428  0.000866518  -0.000157058  0.000263953
824.636  351.05  0.00158778  -8.41359e-05  0.000917223
845.134  157.988  0.00183763  -0.000872076  0.00754899
846.281  207.559  0.000986791  -0.000976038  0.00345326
875.984  370.759  0.000678293  0.000197661  0.00186943
872.483  590.645  0.0010922  -0.00043791  0.00630093
869.768  42.4872  0.00271807  0.00247666  0.00320929
895.19  250.055  0.00276892  0.00174304  0.0015466
884.254  203.065  0.000990032  0.000401991  0.00220045
915.654  409.341  0.000390806  -0.000203454  0.00393603
888.116  363.023  0.000566772  0.000599732  0.00189953
925.664  671.357  0.000724802  -0.000168464  0.00189491
929.089  99.6314  0.00352317  -0.00266548  0.00276059
925.262  134.653  0.0011842  -0.000638393  0.00279893
963.618  225.295  0.0116908  0.00482157  0.00238174
965.255  42.7968  0.00155116  0.00209114  0.00808567
947.362  383.311  0.00139653  -0.000716931  0.00581492
47.9514  444.934  0.00153805  0.000578442  0.00267045
54.1474  534.277  0.000684649  6.28799e-05  0.00013152
48.2978  140.819  0.000513946  6.9464e-05  0.000414183
91.5582  266.293  0.00313102  0.000624238  0.00151019
118.701  356.94  0.00019407  -0.000168394  0.00141921
101.032  538.576  0.00125135  0.000136066  0.000868467
131.34  196.729  0.000371733  -0.000226998  0.000556361
115.612  69.3498  0.00165672  -3.36846e-05  0.00129095
121.337  391.977  0.00273704  -0.000245077  0.000745198
128.275  113.973  0.00369453  -0.000216649  0.00412457
131.928  331.233  0.00122645  -2.24741e-05  0.00262465
180.107  308.877  0.000501749  9.64461e-05  0.000547841
165.009  406.036  0.000822757  -5.5084e-05  0.00024495
166.848  396.743  0.000788267  0.00017781  0.000416281
161.945  212.485  0.000880968  -9.98034e-05  0.00109451
158.791  257.811  0.000653085  6.72353e-05  0.000222645
204.516  319.847  0.002697  0.000855176  0.00155398
237.955  448.819  0.00190695  -0.000906186  0.00184866
225.246  602.596  0.000901988  -0.000476855  0.0015526
286.625  266.676  0.000241489  -0.000106275  0.00108465
306.378  362.615  0.00263929  -0.000831346  0.0032378
329.914  57.668  0.0026684  -0.000391912  0.000942606
317.472  440.018  0.000277428  -3.21068e-05  0.000279119
336.229  604.863  0.000485035  0.000349591  0.000644159
357.645  39.1013  0.00224519  -0.000723545  0.00192102
345.495  462.354  0.00152616  -0.00066995  0.000571753
354.811  84.3811  0.00199556  -0.000949349  0.0019167
369.904  68.3756  0.00118931  -0.00142989  0.00229672
396.415  635.845  0.00110013  0.00026537  0.000432279
398.363  156.365  0.000563135  -0.000267447  0.000324673
381.831  321.448  0.00100597  0.00111156  0.00176822
418.037  479.927  0.000705944  6.52981e-05  0.000189821
442.944  636.72  0.00120842  -0.000656392  0.00083803
420.97  162.5  0.000248573  -0.000331075  0.00122557
443.622  410.896  0.000768593  -0.000385958  0.00199949
471.68  407.774  0.00181482  -0.000126299  0.000287419
478.493  315.138  0.00119318  0.000259094  0.00018205
495.569  616.049  0.000618447  -0.000130987  0.000267056
521.293  181.563  0.000539539  0.000314137  0.000371776
519.47  173.814  0.000365743  2.72959e-05  0.000334544
535.828  429.684  0.000115105  1.69496e-05  0.000448887
582.517  239.664  0.000842137  0.00013097  0.000549169
611.438  541.113  0.00213714  -0.00109149  0.000827455
645.502  194.121  0.000612326  0.000480946  0.000621711
661.414  472.483  0.000644506  8.23732e-05  0.00021449
632.936  392.191  0.00123024  -0.000157626  0.00056411
710.94  44.4419  0.00472798  -0.000246963  0.00168001
698.803  487.545  0.0015277  0.000549332  0.000552111
714.668  196.199  0.00201507  -0.00100299  0.00109891
720.368  155.006  0.00292548  -3.52342e-05  0.000764346
772.663  102.615  0.000196438  3.25436e-05  0.00154869
772.865  213.869  0.00286651  -9.55365e-05  0.00245069
794.152  471.386  0.000767914  -6.226e-05  0.00201417
802.671  286.145  0.000162829  7.04792e-05  0.000532956
810.649  414.717  0.000348191  -0.000199177  0.000362163
832.19  608.197  0.000333426  0.000121064  0.000538361
859.223  357.019  0.0002618  -4.79476e-05  0.000696132
862.665  506.358  0.000388336  -0.000140241  0.000368092
844.329  206.459  0.00110956  0.000174137  0.00248958
868.094  365.466  0.000372504  -0.000484948  0.00189231
885.079  271.865  0.000140638  0.000131358  0.000767026
872.558  197.874  0.000452403  0.000607397  0.00255801
911.92  345.64  0.000165641  2.22767e-05  0.000159727
954.342  47.993  0.00356056  -0.00114141  0.00591996
