1.0
705
13.7634  308.243  0.0088364  -0.000309471  0.00250083
14.8421  490.749  0.00991068  -5.33217e-05  0.00943578
20.2866  332.427  0.00843226  -0.00220866  0.00662497
22.8377  447.081  0.00321094  0.000130549  0.00160105
17.2917  592.035  0.0190682  0.00944543  0.0257213
21.2165  286.742  0.038439  -0.00773912  0.0231222
25.8804  411.345  0.00255858  0.00119838  0.00442081
24.9497  580.055  0.0169617  0.00575866  0.014094
30.0826  455.85  0.00435747  0.00137647  0.00148983
33.4203  535.926  0.00847799  -0.00193151  0.00291423
38.5172  461.085  0.0204286  0.00463361  0.0023012
28.398  588.296  0.00346982  0.00365054  0.0118097
41.1655  485.315  0.00393095  0.000996689  0.00212136
45.6589  369.858  0.00373311  -0.00053074  0.00161085
54.4766  419.269  0.00308767  0.00184725  0.00632803
43.4113  493.054  0.00459079  0.00113243  0.0023967
57.9789  415.461  0.00218455  0.00162132  0.00362618
69.4921  586.774  0.00625415  0.000583037  0.0231812
62.0292  338.339  0.00735948  -0.00178582  0.00123739
62.6069  420.555  0.0224356  -0.0013236  0.00147085
67.914  354.551  0.00267742  -0.000927719  0.00191965
67.3836  327.622  0.00187425  0.000229056  0.00147122
71.6366  383.568  0.00219004  -0.000253304  0.00181324
77.2816  410.229  0.00172366  -0.00055444  0.00241956
74.6898  289.606  0.00201782  -0.000908104  0.00261148
77.7386  307.871  0.00135579  9.22576e-06  0.00139499
81.149  354.6  0.00154626  0.000815447  0.00734251
98.7615  223.057  0.0146278  -0.00122152  0.0115314
88.2302  316.108  0.00295514  -0.00352597  0.00775393
102.273  213.515  0.00123325  0.000823565  0.00759058
92.3232  401.998  0.00502483  0.000651475  0.0017336
95.3357  310.089  0.00237354  -0.00480569  0.0449632
106.122  252.623  0.0014485  -0.00127218  0.00304604
115.397  377.581  0.0172512  -0.00029896  0.0165942
115.834  447.366  0.0211757  0.000630458  0.00400251
118.828  260.575  0.00981751  -0.00238234  0.00210715
135.058  386.364  0.0034286  0.00483034  0.0126753
127.279  333.76  0.00316061  0.00541588  0.0414591
131.196  357.059  0.00729899  -0.00514587  0.013719
137.538  309.196  0.00271131  0.000124332  0.00122667
144.346  374.121  0.00142469  3.87427e-06  0.00292212
133.402  456.394  0.00630275  0.000309925  0.0023585
142.646  571.095  0.00383207  -0.00185117  0.0239724
141.887  291.986  0.00331093  -0.000343693  0.00231357
155.627  412.009  0.00221669  0.00014674  0.00621875
138.254  528.995  0.0104452  -0.0034912  0.00520483
142.004  306.449  0.00320492  0.000402282  0.00133209
148.504  583.858  0.0337473  -0.000714538  0.0152689
147.63  367.574  0.00234061  -2.29861e-06  0.000853199
151.763  409.536  0.00427102  0.00399881  0.011658
160.592  475.844  0.00463903  0.00196177  0.0145268
155.081  573.73  0.0103552  0.00176265  0.00365347
160.5  293.08  0.00559341  -0.00112112  0.00607144
174.396  439.212  0.0145564  0.0208791  0.0343084
164.629  510.095  0.00299331  0.000796395  0.00225976
163.863  251.792  0.028483  -0.00551112  0.0126887
174.026  488.319  0.00265618  -0.0016698  0.0260653
176.002  595.292  0.00281149  -0.00265168  0.0105278
169.411  304.469  0.00395247  0.000912717  0.0474786
169.322  535.255  0.0116196  -0.00224692  0.00349557
177.165  394.384  0.0030823  0.000165497  0.00130641
171.968  224.303  0.00543801  -0.00055881  0.00171963
175.994  489.006  0.0134637  -0.00764389  0.0201693
189.229  564.284  0.00431039  -0.00331579  0.0127811
184.278  249.123  0.0341823  0.00308007  0.0106581
193.971  301.883  0.003077  0.000600194  0.0487153
203.867  307.008  0.00169092  0.00360438  0.03572
192.802  433.314  0.00450907  0.000547256  0.00646002
199.083  205.902  0.00306119  -0.000991787  0.0396407
185.693  382.977  0.0013946  0.000104966  0.00139961
191.112  417.773  0.0057739  0.000278152  0.0139186
196.868  615.637  0.00283245  -0.00205158  0.0222616
197.313  348.914  0.0304714  -0.00385487  0.00459784
187.25  371.475  0.00169511  0.0012107  0.00454809
193.799  231.679  0.00457729  0.00718194  0.0356013
205.736  602.758  0.00362317  -0.00182166  0.00383584
207.248  186.322  0.0107179  0.0043833  0.0401735
206.353  455.466  0.0262799  0.00904219  0.0194334
217.574  416.935  0.00154917  0.000537768  0.0196595
201.95  247.339  0.00347196  -0.00073591  0.00467531
211.51  407.912  0.00705153  0.000985187  0.0420969
217.933  320.96  0.0298728  0.00502987  0.00575633
226.335  145.764  0.0104803  0.00725514  0.0096697
226.662  181.739  0.00446707  -0.000252388  0.00157695
216.944  428.294  0.0284246  -0.00539831  0.0211642
219.344  226.043  0.0139128  0.000226409  0.00101338
215.732  349.015  0.00657133  0.00136806  0.00541336
218.705  139.538  0.021787  0.0108677  0.0140935
224.271  316.243  0.0334417  0.000856115  0.0028829
227.471  473.256  0.00415503  0.000997849  0.0197611
224.02  598.968  0.00194115  0.00146516  0.00277675
224.569  385.645  0.00731173  0.00197039  0.0020461
228.837  598.514  0.00615613  0.0010776  0.00259904
225.723  147.016  0.007635  0.00430357  0.00627441
240.057  297.715  0.00364264  0.000582925  0.0208557
234.319  418.685  0.0152947  -0.00245628  0.00475588
240.435  377.091  0.0190564  -0.00118665  0.00183731
243.046  555.046  0.0190952  -0.00100463  0.0190952
247.359  454.217  0.0119791  0.00570053  0.0235338
255.47  547.024  0.0060717  -0.000660705  0.0235223
236.944  292.957  0.00301975  -0.00313345  0.0130327
260.917  181.702  0.0018063  -9.11032e-05  0.00382918
272.725  306.044  0.00181603  -0.000408721  0.00158594
266.874  146.021  0.00370812  0.00138202  0.0139928
266.157  524.91  0.0267823  0.00353019  0.00988817
267.298  538.971  0.0270482  0.00233234  0.00724693
273.357  600.204  0.00552787  -0.000464405  0.002557
266.882  371.164  0.0304384  2.3445e-05  0.0242707
274.786  272.645  0.00639867  0.000685864  0.00405682
270.352  609.668  0.00869567  -0.00213665  0.0247212
259.061  128.167  0.00142043  -0.000254433  0.00335851
278.083  432.466  0.000713458  -0.000717956  0.00560244
276.573  230.024  0.0349689  -0.00320402  0.00634921
286.653  587.056  0.00582423  -0.000374257  0.00392597
280.379  142.927  0.00859899  0.00118246  0.0126057
264.9  385.961  0.00144048  0.000859482  0.00542072
289.185  576.438  0.00142459  2.12527e-05  0.0022377
292.059  450.354  0.00194095  0.001617  0.0105407
295.013  307.651  0.00864819  -0.00256044  0.00232796
287.571  436.026  0.00205292  0.00246476  0.0202217
314.988  555.014  0.00282726  0.00104075  0.00230096
309.533  417.073  0.0368377  0.00252268  0.0131794
314.761  372.407  0.00646173  -0.000946696  0.0021282
320.934  313.992  0.00667279  0.000381247  0.00275198
325.883  554.353  0.00762028  0.00435804  0.0119152
328.509  140.522  0.0184574  0.00290207  0.0186097
327.553  582.105  0.00175165  3.66668e-05  0.00213203
319.726  596.457  0.00472542  -0.00349013  0.00568776
340.385  257.916  0.00964149  0.00204977  0.00541755
335.286  160.255  0.00200253  0.000527207  0.00183075
339.584  243.212  0.0202453  0.000994176  0.0234299
337.687  294.816  0.0228701  0.00478944  0.00569129
347.116  344.239  0.0054188  2.01613e-05  0.00156327
349.21  612.261  0.0214481  -0.00416756  0.00495615
349.212  328.754  0.0144043  0.00432585  0.0141025
364.477  365.721  0.0044672  0.00300418  0.0266497
365.664  403.251  0.00374375  -0.000598307  0.00108664
362.805  217.779  0.0302916  -0.0018562  0.00596931
374.503  582.197  0.00201966  -0.000100142  0.00838465
376.034  135.69  0.0063628  0.00668532  0.0111612
367.473  262.737  0.0284985  -0.00334036  0.00942751
372.737  410.194  0.00185859  -0.000720368  0.00175185
387.986  183.523  0.00488313  -0.000547828  0.00209303
375.702  257.939  0.0125769  -0.00211928  0.00936877
375.998  292.957  0.00159086  0.000415736  0.00100124
386.345  519.041  0.00197655  -0.00121031  0.00186168
383.994  547.119  0.00968522  -0.00717549  0.00782009
391.382  595.907  0.00558686  0.00147442  0.00166318
387.283  219.118  0.0290479  0.000449539  0.0139782
389.614  236.661  0.0346352  0.00110498  0.00701561
381.895  418.011  0.0021175  0.000830173  0.00427592
392.435  262.421  0.036669  -0.00451653  0.00612017
397.503  446.918  0.00563718  0.00125842  0.00890846
381.957  569.894  0.00248661  0.00156788  0.00259841
393.606  74.8182  0.032962  0.00189903  0.0297598
396.536  99.4108  0.0155876  -6.51011e-05  0.0162541
392.211  148.159  0.0102693  -0.00136863  0.000782872
410.353  571.59  0.00255365  0.00228271  0.0283911
399.817  212.843  0.0322891  -0.00462274  0.00596553
398.508  126.646  0.0119338  -0.00370694  0.0202948
408.52  231.605  0.00382464  -0.00122543  0.00198679
406.117  261.228  0.0355041  0.00122027  0.00639947
413.604  332.347  0.0338405  0.000116095  0.0275999
417.267  234.793  0.00647649  -0.00164031  0.00912661
419  621.562  0.0117291  -0.00552979  0.026429
419.73  208.308  0.0323215  -0.00354524  0.00447524
413.781  553.429  0.00914272  -0.000800456  0.00183716
415.535  92.1859  0.00537341  -0.00445276  0.0162044
411.333  252.95  0.00376074  -0.00109459  0.00230237
421.639  452.107  0.00672037  -0.000654263  0.00136588
424.188  585.487  0.00249944  -0.000441374  0.00309876
435.542  581.705  0.00568238  0.00291224  0.00361526
424.847  118.709  0.00193294  -0.0022504  0.0103386
453.744  475.182  0.00286775  -0.000775123  0.00283501
450.058  421.686  0.00125577  0.00122733  0.00716273
450.661  103.713  0.00177667  -0.00405143  0.0302014
427.256  442.039  0.00207699  -0.000447973  0.00413537
444.389  622.822  0.0264486  -0.00529953  0.044738
444.466  228.807  0.0204126  0.00301586  0.0172653
459.768  314.486  0.00162851  0.000151352  0.00181807
451.077  357.277  0.00177079  -0.000829117  0.00233739
459.916  543.127  0.00240448  -0.00345306  0.0375069
448.424  320.607  0.00214258  -0.0010884  0.00297007
454.855  519.047  0.003483  0.00227184  0.0046964
455.335  569.751  0.00840118  -0.00232971  0.0132622
461.662  268.459  0.0138481  0.000383044  0.0348996
461.115  455.443  0.0189359  0.00588768  0.0251515
459.709  277.362  0.00261514  -0.000355221  0.00272718
467.887  164.646  0.0212594  -0.00435672  0.0112112
453.593  421.725  0.00239003  -0.000355188  0.00148095
466.795  205.551  0.00877337  -0.000852753  0.00354852
469.072  204.252  0.0223633  -0.00196175  0.0038287
474.406  141.059  0.0213194  0.00256793  0.00230263
483.988  283.869  0.00237366  -0.000500092  0.00293267
482.351  426.34  0.00377016  -0.00082071  0.00124408
486.295  466.853  0.00263745  -0.00488804  0.0295705
473.024  562.177  0.000778719  0.000679175  0.0134943
481.741  455.765  0.00345344  0.000463934  0.00231262
473.311  263.895  0.00377232  0.00288079  0.0456625
481.536  276.571  0.0218974  0.00173193  0.0340588
485.619  320.912  0.0157582  0.00458883  0.00290823
484.627  542.19  0.010498  -0.000140185  0.0323212
483.112  388.668  0.0333761  0.0106205  0.00615244
486.133  280.517  0.0103679  -0.000270223  0.00155285
495.704  142.277  0.00348313  -0.000151096  0.00093387
490.104  109.454  0.00570857  0.00294042  0.0104878
491.471  490.081  0.00409934  0.000219876  0.00211823
495.589  189.906  0.00132501  0.000346815  0.00143669
508.173  260.686  0.00227112  0.000695896  0.0463794
507.952  281.671  0.0369691  -0.00511437  0.00417461
522.553  265.168  0.00189018  0.00324666  0.0281953
512.104  284.44  0.00913842  -0.00357888  0.00504162
514.973  522.396  0.0220179  -0.00181249  0.0128039
515.089  191.916  0.0284929  1.06724e-05  0.0101022
519.342  280.853  0.0296271  -0.0025714  0.00429061
518.119  307.207  0.00665344  -0.00230752  0.00550296
513.554  259.225  0.00283428  0.00336315  0.0517228
531.064  517.224  0.0043987  -0.00351578  0.00573398
527.321  477.953  0.0021005  -0.00115752  0.00289477
534.394  475.75  0.00349792  0.000276299  0.00219366
530.961  283.572  0.00875802  0.00157582  0.00592392
538.018  282.842  0.00493836  -0.000385011  0.00246395
535.138  572.237  0.0230439  -0.000833873  0.00367837
525.106  295.696  0.00515906  -0.000699933  0.00161679
537.196  264.015  0.00926405  0.00175577  0.0174529
543.491  362.928  0.0037283  0.000963011  0.0312392
538.53  312.617  0.0154602  -0.00466018  0.00600857
550.566  452.372  0.00331972  0.0065554  0.0423348
544.103  515.083  0.00794588  0.00100015  0.00646602
552.782  264.537  0.00443753  0.000158344  0.00208563
549.756  613.802  0.00584148  0.00644044  0.0147286
551.472  394.635  0.00901619  -0.00181419  0.00183655
560.657  293.148  0.00582679  0.00432573  0.00485002
563.716  460.213  0.010164  -0.00296893  0.0218837
561.546  222.283  0.00476474  0.003088  0.00512845
554.058  308.133  0.00675024  0.00582755  0.0162675
556.653  257.24  0.00197995  0.000125053  0.00187149
571.838  571.642  0.00527014  -0.00174078  0.0186813
573.173  619.261  0.00257947  0.000684145  0.00525068
561.87  337.324  0.00193232  -0.0002111  0.00315265
571.83  316.445  0.00121078  -0.0014371  0.00420086
572.19  525.769  0.00983113  0.00512519  0.00773667
578.895  77.5065  0.00229414  0.000197261  0.00250331
561.403  213.755  0.0018552  -7.54124e-05  0.00230075
578.088  414.39  0.0110472  -0.010154  0.0372116
577.943  459.443  0.024993  0.00560999  0.022527
576.498  303.639  0.00160686  0.00163635  0.00340696
565.383  197.259  0.00185232  2.33341e-05  0.00223467
581.994  589.581  0.0255707  0.00186541  0.0115161
574.843  166.49  0.00222888  0.000513282  0.00285496
589.823  373.951  0.000741441  -0.000720315  0.00966519
593.222  388.523  0.0054361  0.00477499  0.0128704
587.585  272.098  0.00108704  0.00175257  0.00753486
605.007  627.182  0.00197123  -0.00621762  0.0565413
595.961  257.118  0.0126026  0.00416779  0.0245337
588.95  318.035  0.00207645  0.00247648  0.0136457
579.737  334.826  0.00279335  0.00535304  0.0224709
597.784  495.397  0.00777307  -0.0045011  0.0223674
606.355  463.559  0.00233283  0.000177772  0.00596684
581.864  588.518  0.00252784  0.00326831  0.0166118
594.735  231.441  0.00472968  -0.00613138  0.0243738
608.279  290.637  0.00184139  -0.000805369  0.0163748
605.44  411.295  0.00351157  -0.0019532  0.0388351
606.479  307.737  0.00398214  0.00158841  0.00311281
595.251  376.297  0.00463256  0.00401992  0.0125355
604.068  205.916  0.0101216  -0.0118219  0.0210819
607.343  516.927  0.00658222  0.00693196  0.0199087
600.946  268.173  0.00180901  -0.0008937  0.00945737
603.847  90.4346  0.00148223  0.00136013  0.0107903
609.675  341.818  0.00199568  -0.0024706  0.0396798
612.726  71.5617  0.00285974  0.00140994  0.00355222
611.129  218.773  0.0184825  0.00250978  0.0288584
610.417  460.478  0.00383431  -0.00344532  0.0132265
611.87  125.079  0.00727353  0.00111825  0.023464
612.972  558.037  0.0250756  0.00704176  0.0323196
626.46  178.766  0.00395778  0.0025975  0.00470107
618.123  255.735  0.0146447  0.0109628  0.0272782
624.454  246.638  0.00629959  0.00565677  0.0402577
622.981  584.29  0.0123496  -0.00212865  0.0220552
622.501  281.664  0.00225104  -0.00106215  0.00234172
613.571  460.729  0.0018281  -0.00251034  0.0104045
625.148  540.491  0.0251074  0.00178261  0.0321554
635.605  557.445  0.00151533  -0.000207411  0.00438491
634.481  575.267  0.00883639  0.00619397  0.0197594
627.131  76.1649  0.0114903  0.0063333  0.0076366
640.165  104.324  0.0066765  0.000694234  0.00247475
631.914  320.971  0.00403008  -0.00746094  0.0254672
639.765  96.4417  0.0067867  -0.00064863  0.00171462
633.699  308.037  0.0258416  -0.0131147  0.0215758
628.783  600.135  0.00403196  -0.00226948  0.00910161
652.385  223.707  0.00158384  -0.000831851  0.00452813
642.622  541.818  0.0136538  -0.00402171  0.0255495
652.746  558.254  0.00230904  0.00187715  0.0167447
643.692  447.478  0.0108009  0.000274309  0.00685137
655.657  125.206  0.00136633  -0.000704263  0.0032851
661.941  259.243  0.00515802  0.00732553  0.0156439
653.389  612.916  0.00781222  0.00671381  0.0119608
640.903  482.295  0.00159321  0.000971743  0.00611383
663.6  156.781  0.00247057  -0.00061868  0.00232979
665.617  537.269  0.0193318  -0.00763693  0.0134788
667.378  189.615  0.0284441  -0.0021699  0.00368732
669.646  267.646  0.0324809  0.00123091  0.0324809
674.691  299.898  0.0182084  -4.81712e-05  0.00124246
674.047  253.64  0.018296  -0.00256948  0.00173466
674.375  289.329  0.0231731  -0.000847788  0.00619055
676.664  263.739  0.0337377  0.000780608  0.00316102
678.842  189.915  0.0242982  -0.000571317  0.00315945
675.835  494.105  0.00836349  0.00575845  0.0162818
676.985  381.854  0.0223096  -0.0150635  0.0175622
691.378  579.359  0.00359864  0.00181514  0.00220429
680.472  594.618  0.00406294  -0.0012287  0.0118719
681.893  625.587  0.0315616  -0.00296351  0.0541287
683.529  281.641  0.0253005  -0.00165502  0.00552441
683.341  283.576  0.0370089  0.00252102  0.00493009
685.38  120.516  0.00155963  0.000482049  0.0069342
687.448  256.975  0.0264748  -0.00361519  0.00460414
696.747  257.389  0.0203084  -0.00782217  0.0133274
698.587  292.317  0.00669471  -0.000623567  0.00937512
702.703  502.603  0.00243552  0.000715575  0.00121656
704.098  506.279  0.00176259  0.000283993  0.00264963
702.833  500.841  0.00315839  0.000734509  0.00249168
706.51  612.03  0.0238195  0.00213627  0.0372336
713.457  159.372  0.00225385  -0.000740181  0.00117945
705.506  475.487  0.00178443  0.000824077  0.00604174
703.952  267.162  0.00241951  0.00020142  0.00304016
716.368  293.647  0.000756235  -0.000411781  0.00323908
718.289  404.31  0.034267  0.000616577  0.00715503
706.333  149.315  0.00176804  0.000291454  0.00244367
723.077  527.036  0.0115835  0.00216445  0.00250483
725.242  237.614  0.00230742  0.00148028  0.00943846
730.275  451.8  0.00187625  0.000159528  0.00388229
728.988  564.46  0.0168802  0.00380306  0.0203872
730.106  119.938  0.00308141  0.000336509  0.0071712
729.059  523.156  0.0155309  0.00581799  0.0136422
750.079  187.556  0.0022793  0.000793057  0.00163278
735.146  462.348  0.00307088  0.000788173  0.00496359
746.899  389.722  0.00334901  0.00454095  0.028753
746.053  265.88  0.00197442  -0.00267881  0.00627252
745.742  148.427  0.00146122  0.000212138  0.00170437
745.039  155.602  0.00180053  -0.000286227  0.000956467
740.508  452.456  0.00159125  0.000644669  0.00897438
745.724  619.753  0.00859272  0.00341354  0.0110551
748.685  416.981  0.0198027  0.00267139  0.0151687
751.259  434.452  0.0199635  0.00838384  0.0179551
756.738  589.76  0.00261075  -0.000156701  0.0212013
757.257  274.063  0.00287701  0.000295712  0.00197472
753.276  313.372  0.00605013  -0.00440651  0.0158918
764.772  457.156  0.00425336  -0.000141717  0.00789027
758.005  470.62  0.00661247  0.00572654  0.029773
760.047  112.985  0.00271892  0.00100174  0.00485506
766.411  603.848  0.0125907  -0.00308651  0.0225083
753.061  183.353  0.0020336  0.000209129  0.00123178
768.161  284.96  0.0174863  -0.00210121  0.00186339
770.765  350.775  0.0296631  -0.000844353  0.0295443
770.017  490.126  0.00625302  0.000527372  0.00359949
766.779  421.004  0.00131074  -0.00075931  0.00298406
774.219  478.614  0.0354046  -0.0142741  0.0193586
762.521  244.461  0.00208323  -0.000411686  0.00148718
775.936  515.55  0.00823484  0.0028509  0.00604042
773.905  176.252  0.0253324  -0.00293955  0.00407117
778.893  614.322  0.0183008  -0.002271  0.0320427
781.344  229.246  0.0383418  -0.00567717  0.00476251
784.163  601.355  0.023001  0.00410581  0.00495236
776.1  460.998  0.0107296  -0.00517145  0.00542474
18.3218  275.448  0.0413046  0.00632192  0.00366898
20.8465  479.567  0.00911919  0.00396477  0.00259623
17.7105  591.759  0.0162144  0.00520717  0.0172613
26.883  330.447  0.0311784  -0.00333971  0.0049395
35.9116  465.531  0.016792  0.00464347  0.00208848
32.471  319.187  0.00503596  -0.00293808  0.00267209
49.0427  248.343  0.000671643  0.000207989  0.00113261
42.3862  372.795  0.00284247  0.000352057  0.00146216
38.1014  375.103  0.00176292  0.000788357  0.00224629
69.3074  546.444  0.00137404  -0.000117888  0.00102054
66.7176  349.602  0.00290308  -0.000807257  0.000861127
66.3408  404.438  0.00123144  7.50893e-05  0.00100209
72.1716  292.922  0.00176023  0.000294613  0.000974848
76.2792  356.191  0.00240659  -0.00232248  0.00466213
83.8525  321.055  0.000321204  8.23861e-06  0.00102375
91.0905  430.073  0.000729625  -0.000466688  0.00227101
85.743  369.593  0.00104909  0.00132647  0.00496197
99.2699  263.125  0.000842917  -0.000158759  0.00117647
100.787  254.89  0.0010167  -8.33531e-06  0.00125158
148.191  382.757  0.00140629  0.000508212  0.0019776
107.391  436.291  0.000930388  0.00161397  0.011266
142.225  319.711  0.00168216  -0.000543684  0.00193806
147.926  341.591  0.00272282  0.00164061  0.00240307
121.866  538.618  0.00230982  0.00112127  0.0017654
140.975  297.3  0.00443271  0.000287494  0.000626738
146.699  362.35  0.0023427  -0.000455165  0.000860803
142.178  372.474  0.0014538  0.000322171  0.000898216
137.894  409.098  0.000999781  0.00121433  0.0120104
166.376  459.661  0.00590928  0.00168512  0.00149829
169.566  516.084  0.00315183  0.0011307  0.0155032
155.056  227.569  0.000834931  0.00042013  0.00176769
183.146  605.567  0.00165292  -0.000589366  0.00144802
199.485  384.937  0.000528267  8.76262e-05  0.00132882
205.121  181.225  0.00150193  0.000903361  0.0010769
193.302  231.498  0.00318108  0.00307486  0.0214447
211.863  250.312  0.001128  -0.000534374  0.0057374
229.744  460.024  0.00124507  0.000601662  0.00190738
207.428  184.723  0.00993404  0.00290812  0.0161407
206.826  602.598  0.00260303  -0.00101131  0.00267419
206.688  262.886  0.00641325  0.000482806  0.015063
214.694  287.933  0.00627872  0.0032629  0.00647971
231.914  170.268  0.00431287  0.0022199  0.00295627
223.18  312.648  0.0199069  -0.00263314  0.00535533
238.876  607.115  0.000853501  -0.000449861  0.0018761
232.851  297.482  0.00925338  -0.00127325  0.00233811
243.408  225.028  0.0013385  -0.000635746  0.00225744
236.134  347.936  0.0208614  0.000781357  0.0053649
243.148  412.573  0.0208904  -0.000441075  0.00291054
227.159  437.097  0.00252646  -0.00200115  0.00342267
271.087  181.788  0.000772186  0.000268053  0.00360509
249.05  145.545  0.000562749  0.00057682  0.0106902
271.592  497.092  0.0124969  0.00205674  0.000999393
277.632  519.053  0.0140102  0.00740634  0.00499083
271.117  603.582  0.00396051  0.000780187  0.00179755
268.677  610.939  0.00750603  0.003994  0.0102154
265.336  183.237  0.000674265  -0.000238563  0.00483995
271.51  228.672  0.0048654  -0.000509373  0.00755038
262.285  333.036  0.000999183  0.000175963  0.000511733
267.702  352.874  0.00052235  -0.000331549  0.00408979
309.969  276.592  0.00227628  -0.0023509  0.00558265
299.469  288.67  0.00305439  0.000250591  0.000610344
314.299  543.771  0.0022581  0.000229139  0.000793409
323.288  394.136  0.0017885  -0.00095145  0.000969704
306.931  530.187  0.00363141  -0.000851371  0.000775568
313.48  228.298  0.00055733  -7.88064e-05  0.000560359
309.181  417.971  0.0171001  0.00113703  0.0120596
305.462  352.052  0.00222821  0.00318855  0.0118504
310.103  272.301  0.000754879  -0.000355067  0.0103672
325.289  552.996  0.00898224  0.00245081  0.0150123
319.946  315.26  0.00754069  0.00384469  0.00495459
326.814  406.021  0.00245577  0.000873644  0.00152087
343.108  571.791  0.00130197  0.0010212  0.00177824
338.938  243.163  0.0163736  0.000620499  0.0163736
340.161  133.682  0.0143025  0.00175228  0.0154556
331.245  427.463  0.00214122  -0.000300317  0.00116199
355.704  598.97  0.00955538  0.00369052  0.00259175
353.183  301.876  0.00280383  0.00058727  0.00105697
349.801  529.69  0.00122326  -0.00020624  0.000500473
371.721  124.044  0.0118343  0.0129155  0.0155951
356.379  237.939  0.00503176  0.000113302  0.000690037
365.305  406.672  0.00594811  -0.00110217  0.00125115
361.755  592.838  0.00172422  0.00190638  0.0034929
360.327  261.962  0.00607103  -0.00158139  0.00404463
376.095  237.033  0.0117321  8.94362e-05  0.0152196
367.607  517.642  0.000322259  4.13973e-05  0.00176764
363.984  597.228  0.00121004  7.17402e-05  0.00138269
403.172  238.124  0.00103143  -0.000377235  0.0132664
393.867  75.5575  0.0163736  0.000620499  0.0163736
392.074  480.867  0.00936472  -0.00154054  0.0159624
389.703  552.066  0.00918191  -0.00382197  0.00405149
410.537  217.208  0.00514362  -0.00507385  0.00808084
399.313  125.596  0.00683028  0.000201453  0.0124611
421.829  115.303  0.00166683  -0.00356607  0.0161126
408.073  581.269  0.00217701  -0.00350252  0.00802972
403.055  428.688  0.00884464  -0.00319323  0.0094534
402.68  385.479  0.00386296  3.42128e-05  0.0117528
418.85  235.576  0.00550562  -0.00116767  0.00595761
406.459  542.286  0.0010328  0.000515161  0.00108448
435.892  491.353  0.000634395  0.000303502  0.00199268
420.583  621.216  0.00589079  0.00196672  0.0211368
418.301  113.237  0.000577839  -0.000942139  0.00713105
426.252  104.566  0.0030194  -0.00663452  0.0233561
425.488  563.513  0.00232428  -0.00112968  0.00119023
431.646  521.829  0.00149623  -0.000868295  0.00384758
446.456  239.028  0.00158812  0.000374339  0.00120694
434.919  99.315  0.00128716  -0.00314766  0.0121424
427.444  113.512  0.0080936  -0.0118129  0.0198309
465.068  622.064  0.00101665  0.000869224  0.0231849
461.592  247.165  0.00369613  -0.00260533  0.00343463
463.608  206.095  0.00609834  -0.00397375  0.0097786
437.537  519.541  0.000885993  0.000741335  0.00346876
456.346  566.37  0.01191  -0.00227047  0.00424796
473.15  307.543  0.00108321  0.00051834  0.0010966
480.546  263.146  0.00159141  0.0033827  0.0269934
462.073  106.103  0.00270306  0.000924268  0.020339
467.507  169.723  0.0233446  -0.00042253  0.002435
465.398  130.465  0.00293817  -6.39792e-05  0.00120226
490.632  290.367  0.00269628  -0.00222812  0.00374243
481.191  338.938  0.0163736  0.000620499  0.0163736
468.5  243.989  0.00203808  -0.00177996  0.00326205
499.22  109.846  0.000944404  0.000191054  0.0146095
491.195  580.394  0.00343801  0.00427801  0.0086131
494.602  359.004  0.00270699  0.00134891  0.0021012
511.833  599.649  0.008935  0.00868254  0.0103681
505.142  149.42  0.00116186  -0.00023081  0.000650038
535.411  204.408  0.00286058  -0.00184587  0.00278982
525.773  521.65  0.00144713  -0.000817186  0.0218838
528.136  122.426  0.000713759  -0.000173157  0.00597818
526.77  364.242  0.00126741  0.000249959  0.024172
506.63  278.482  0.00127091  -0.0014584  0.00760078
499.304  477.598  0.00203053  -0.00144311  0.00333271
516.38  585.973  0.00538984  -0.00343722  0.00906209
531.419  350.179  0.00161731  -0.000113089  0.00113705
530.55  482.663  0.0161143  0.00019706  0.0161143
533.63  284.19  0.00604988  -0.00322285  0.00741847
529.477  272.998  0.00223672  -0.000193118  0.00160337
545.23  362.718  0.00361968  0.000476763  0.0208637
545.339  385.371  0.00484069  -0.00171441  0.00162968
557.326  251.165  0.00373021  -0.00144974  0.00253602
561.19  555.465  0.0111492  -0.00305424  0.00363193
570.961  617.163  0.00366802  0.00366052  0.0176481
563.237  346.965  0.00479648  -0.00272499  0.00284929
561.261  328.638  0.00237291  -0.000771387  0.00169464
574.639  523.677  0.0116365  0.00635638  0.0107552
597.483  148.787  0.00145191  -0.00227205  0.00979726
560.171  209.07  0.00188317  -0.000223698  0.000975095
586.061  588.306  0.00492549  0.00445356  0.0170488
582.328  169.805  0.000557669  0.000301177  0.000777448
570.84  265.415  0.000515093  -0.000203422  0.00149796
562.304  283.729  0.000779965  2.27409e-05  0.0021011
570.309  378.238  0.00540436  -0.00644857  0.00969585
599.81  377.098  0.00145843  -1.28099e-06  0.0125576
569.091  316.1  0.0006618  -0.000103307  0.00179238
601.883  493.353  0.00375383  0.00135722  0.0144337
581.408  228.844  0.00196108  -0.00523166  0.0226536
609.207  209.295  0.00462177  -0.00678852  0.0176997
603.45  91.2863  0.00201554  0.00127966  0.0119927
591.644  149.222  0.000808778  0.000324859  0.00143766
579.566  345.209  0.000802531  0.000690483  0.00816085
607.335  522.524  0.00575728  0.000369023  0.00236613
633.507  184.057  0.0011835  0.000104827  0.00139439
648.816  240.653  0.00115215  0.0016872  0.00787398
618.681  113.111  0.0060847  0.00237911  0.0077971
639.177  184.727  0.00171158  -9.953e-05  0.00064509
620.323  487.996  0.00722682  -0.00347048  0.00265072
630.869  602.479  0.00505077  0.000784245  0.0122872
657.579  259.634  0.000997669  6.73996e-05  0.00175829
635.044  286.028  0.000311404  0.000489441  0.00844029
634.895  324.123  0.00363234  -0.00330707  0.00738641
641.512  111.034  0.00576286  -0.00130408  0.00104452
655.43  229.781  0.00186475  -0.00059415  0.00103878
622.443  526.543  0.0037294  -0.00313844  0.0043371
634.507  457.945  0.00577496  0.0046356  0.00535586
665.202  272.652  0.00244705  -0.000539871  0.00124601
657.668  121.678  0.0014291  -0.00112304  0.00223124
648.699  478.92  0.000750284  -0.00103465  0.0151935
667.645  567.897  0.00436377  0.00127489  0.00828397
674.143  155.294  0.00147189  0.00100501  0.00214714
677.388  455.336  0.00307799  0.00126585  0.00146643
673.118  257.251  0.0100072  -0.000648239  0.0111426
675.788  187.127  0.00501903  -0.00033317  0.00460598
685.355  408.332  0.000981527  -0.000410536  0.0103112
688.866  197.754  0.00202954  -0.000280933  0.000393278
700.784  345.332  0.00337671  -0.000340572  0.00253882
691.196  445.906  0.0017926  -0.000813175  0.00493581
715.059  296.508  0.00114026  -0.0013311  0.00450837
702.538  622.092  0.00788317  -0.00181597  0.00529928
701.438  553.223  0.000996992  -3.98867e-05  0.00128134
712.901  519.837  0.00871475  0.00349685  0.018045
716.22  401.363  0.0135974  -0.000443053  0.00979439
733.544  257.288  0.0013759  -0.000408645  0.000690613
719.78  325.393  0.0127378  0.00551318  0.0114643
724.13  535.45  0.0164267  0.00748105  0.00661288
725.96  528.892  0.0126909  0.00616272  0.00620751
729.727  563.792  0.0144171  0.00260394  0.0137626
732.531  333.846  0.00819823  0.00222214  0.00551736
730.179  257.543  0.000947814  -0.000759685  0.00180853
750.723  151.274  0.000963727  0.000124956  0.000661592
749.142  416.494  0.0131117  -0.00311826  0.0115802
747.4  434.788  0.00629013  0.00257105  0.0184027
750.807  591.378  0.0158174  0.00451349  0.0091598
764.835  110.448  0.00461727  0.000129359  0.00614215
771.019  452.107  0.00477404  0.00510068  0.00911734
766.769  507.656  0.0180846  0.00614216  0.0142685
762.887  586.188  0.00368428  -0.000137159  0.00816883
769.081  299.463  0.0214402  0.00121097  0.0164604
775.909  342.478  0.010301  0.00626624  0.00839838
772.703  492.36  0.00427969  0.000903607  0.00632698
775.316  519.232  0.00891303  0.000173566  0.00558554
776.546  378.506  0.0112916  -0.00105982  0.0149766
39.3573  329.042  0.00615339  -0.000417781  0.00211793
42.434  365.045  0.00313335  -0.000406044  0.000674127
47.7964  260.214  0.000998534  0.000271469  0.000489707
39.8025  259.772  0.00140789  -2.21671e-05  0.000459693
79.6007  574.583  0.00209404  0.0019835  0.00399967
69.8183  350.933  0.00153431  -0.000233784  0.000466938
101.319  287.195  0.000285402  4.25791e-05  0.000317
98.5855  223.781  0.0080954  -2.38357e-06  0.00763875
90.6461  267.159  0.000756372  0.000256972  0.000623171
124.992  377.507  0.000190521  9.33618e-05  0.00067827
145.213  235.561  0.00131605  0.000333411  0.000955362
123.126  541.581  0.00181765  0.000801438  0.00124011
152.351  374.024  0.00441025  9.13689e-05  0.000388932
167.449  460.942  0.00236392  0.000967424  0.000680074
164.959  263.123  0.000633041  -0.000406249  0.00058486
163.663  251.459  0.000653918  -0.000343177  0.000458323
166.802  515.042  0.00201838  0.00135033  0.00866299
197.207  602.086  0.000519387  -0.000320583  0.00212471
196.585  339.475  0.0011203  -0.000255298  0.00116499
217.393  253.191  0.000833825  0.000959561  0.00157471
234.33  606.179  0.000484695  -0.000513304  0.00264767
231.694  147.934  0.00193283  0.000401337  0.00533262
235.739  188.193  0.00183002  -0.000515813  0.000653776
204.142  376.509  0.000487257  8.94115e-05  0.000354869
250.064  602.484  0.000395048  0.000101658  0.00169926
231.822  221.513  0.000908453  0.000100869  0.000188201
235.253  305.604  0.00452471  -5.33799e-05  0.00100781
257.991  521.919  0.00284082  0.000494554  0.000332615
262.797  142.602  0.000431282  0.00126896  0.0112769
287.603  525.736  0.000665658  -0.00015515  0.000242979
270.176  230.734  0.00472082  0.00088846  0.00354313
297.805  569.149  0.00161969  0.00117714  0.00130406
310.538  294.048  0.00087277  4.10634e-05  0.000658769
310.169  527.79  0.00170306  0.000248585  0.000270032
290.455  350.278  0.000280907  -3.48377e-05  0.00109775
306.362  137.911  0.00174159  0.00118442  0.0087812
324.807  473.85  0.00368372  -0.000482108  0.000693005
304.304  524.287  0.00296056  -0.00188401  0.00185203
311.478  221.255  0.000528889  2.40842e-05  0.000286739
338.112  475.531  0.000524261  -0.000204535  0.000755936
316.313  242.239  0.000932025  -0.000911906  0.00199059
327.422  267.01  0.000469088  0.000536136  0.00128553
363.187  527.622  0.000401312  6.73373e-05  0.000597422
374.168  125.444  0.00248588  0.00253589  0.00456491
357.568  168.233  0.000786271  -0.000156325  0.000477626
375.449  238.842  0.00580119  0.000955678  0.00562655
369.835  336.611  0.000314655  -6.43885e-06  0.000769582
389.835  557.201  0.00371355  -0.000607074  0.0017845
399.311  125.874  0.00637765  -4.76349e-05  0.00843628
414.466  257.77  0.0024781  -0.000260941  0.00453525
407.5  340.812  0.00209556  0.000583632  0.000299534
429.221  527.229  0.0016806  -0.000606008  0.00312347
437.339  136.86  0.00144556  -0.000804837  0.000781321
453.408  542.347  0.00624858  -0.000713935  0.000530363
483.1  508.55  0.000627583  -0.000214293  0.000670023
508.051  162.277  0.000429549  -2.27642e-05  0.000203076
522.636  151.041  0.000319235  -5.3988e-05  0.000351784
524.109  518.037  0.000721609  0.000781377  0.00243265
534.598  587.822  0.000628816  -0.000989226  0.00806803
526.319  103.709  0.000558816  0.00175288  0.0119423
541.588  490.068  0.0021824  -0.000126728  0.000684154
535.132  280.864  0.00390756  0.000269005  0.00202608
539.592  499.917  0.000292039  -0.000290709  0.00186759
589.961  116.098  0.000622921  0.000206855  0.00478082
564.351  232.339  0.00104459  -7.62222e-06  0.000228346
574.311  261.526  0.000337328  -8.13034e-05  0.000682994
580.821  362.766  0.0015467  -0.00172308  0.00287873
609.973  461.282  0.00274416  -0.0012296  0.0091476
631.108  601.196  0.00478486  0.000574158  0.00768403
654.985  305.634  0.00128613  0.0011125  0.00193206
652.877  234.696  0.00166267  -0.000165552  0.000281755
651.627  455.153  0.000226565  0.000430138  0.00281136
663.17  280.897  0.00172824  0.00110348  0.00119566
636.62  517.182  0.00034105  0.000139343  0.00071759
631.78  468.903  0.000915547  -0.000728886  0.00177496
661.266  149.695  0.00044112  -0.000146553  0.00130421
679.802  593.854  0.00374425  -0.00123213  0.00764948
705.583  500.352  0.00181828  0.000484079  0.00203063
729.318  289.103  0.000823915  0.000862178  0.00182769
739.483  496.891  0.00259175  0.00229915  0.00272023
729.07  267.818  0.000770138  -0.000229046  0.000538364
727.025  119.325  0.001678  0.00110475  0.00549559
733.625  551.892  0.000880328  0.000268574  0.000466284
725.268  270.384  0.000569057  4.83766e-05  0.000443537
768.378  490.446  0.00325055  -0.00177426  0.00476602
773.975  518.507  0.00633229  -9.74199e-06  0.00505354
773.069  174.69  0.0163948  -0.00202654  0.00381703
38.8421  369.636  0.00293698  0.0002688  0.000241602
55.5549  417.518  0.00256117  0.00109775  0.00388563
105.054  351.241  0.000216346  -0.000105789  0.000232174
101.931  308.801  0.000248809  -3.62944e-05  0.000161012
117.528  206.367  0.000394166  0.00102873  0.00631365
144.307  247.374  0.00114147  -0.000400057  0.000544047
107.396  367.302  0.000193118  -2.32973e-05  0.000961498
194.08  517.606  0.000403508  0.000135258  0.000148849
234.759  255.692  0.000329194  -2.76734e-05  0.000194073
240.126  509.039  0.00027174  0.000125898  0.000606106
240.999  595.274  0.000188148  -4.56148e-05  0.00125331
234.573  307.108  0.00384333  8.18484e-05  0.000734468
229.245  222.413  0.000715631  0.000296016  0.000247953
232.577  443.424  0.00156791  -0.00108923  0.0027836
256.587  510.678  0.000553427  8.48108e-05  0.000277332
268.074  198.932  0.000324232  4.86777e-05  0.000186649
328.093  474.816  0.00214346  -0.000449078  0.000678179
370.895  407.12  0.00140526  -0.00058526  0.0014468
352.265  169.585  0.000269404  8.06843e-05  0.000274028
412.854  249.928  0.00245047  -0.000357711  0.00157499
423.755  453.975  0.00237018  -7.83071e-05  0.00167625
432.555  150.885  0.000124742  -2.4325e-05  0.000470338
462.96  542.986  0.00103174  -0.000233924  0.000479745
467.02  349.363  0.000138397  2.44397e-05  0.000157014
523.664  407.773  0.000280459  9.32882e-05  0.000534402
503.108  157.092  0.000144461  1.97896e-05  0.000238177
527.631  316.652  0.00323251  0.000461472  0.000245707
505.943  499.027  0.000238475  2.5154e-05  0.000598417
572.728  353.735  0.00042787  8.12946e-05  0.000246363
557.943  365.247  0.000235193  9.21987e-05  0.000725388
569.784  304.557  0.000570126  -0.000157375  0.000603441
607.46  460.846  0.00239907  -0.000230073  0.00382479
630.727  516.379  0.00037083  0.000275953  0.0013033
629.193  594.765  0.0031365  -0.000585033  0.00298703
606.987  230.632  0.000160576  -4.84453e-05  0.000174675
613.735  310.664  0.000197776  0.000207729  0.000487321
642.912  468.642  0.000389901  3.95102e-05  0.000943274
658.427  367.403  0.00319683  -0.000534407  0.000992313
699.471  158.37  0.00024539  -0.000195208  0.00115524
678.249  590.824  0.00320324  -0.000950566  0.00537222
695.164  195.954  0.0017403  0.000248255  0.000206326
702.592  549.871  0.000234758  -7.19102e-05  0.000263896
699.054  120.99  0.000191522  0.000328557  0.00498887
750.719  165.734  0.00114826  -5.6359e-05  0.000325943
