1.0
754
11.1789  32.6421  0.0315158  0.00585546  0.0321812
19.4487  169.578  0.0056236  0.00142569  0.0186347
11.9223  238.67  0.0218088  -0.00215787  0.038038
12.2581  133.69  0.0222007  -0.000956696  0.0170135
17.6609  207.704  0.0229556  0.00267745  0.0295908
23.3123  358.01  0.0114181  -0.000926347  0.00778285
19.7651  292.826  0.0143359  0.0023838  0.00678132
16.7147  312.271  0.00656875  -0.00176055  0.00972147
22.2134  378.723  0.00727567  -0.000177419  0.0120597
29.6753  29.4675  0.00403564  -0.00380482  0.0349134
18.6007  153.623  0.013448  0.00302484  0.00228782
24.8864  177.646  0.0255031  0.00108433  0.0019913
25.8346  235.549  0.031137  -0.00838541  0.0144069
32.1429  610.19  0.0034316  0.00835832  0.0515906
24.451  251.152  0.0282985  0.0103851  0.00875865
24.2901  268.949  0.0176266  0.00318894  0.0035049
25.4888  653.438  0.00777981  0.00149206  0.0340029
28.2294  294.465  0.0327646  0.00573925  0.00655632
30.5399  300.924  0.0297748  0.00212681  0.00347053
32.6298  364.683  0.0317437  -0.00323123  0.00159853
22.3512  642.132  0.00295319  -0.00314569  0.0169541
32.75  87.6462  0.0271161  -0.00323484  0.0078397
36.2419  596.688  0.0116644  -0.00140795  0.0160248
21.9754  434.728  0.00261959  -0.00128242  0.00231035
38.5665  477.168  0.0301973  0.010325  0.0112589
38.0252  456.434  0.0241624  0.00127288  0.0126261
49.5795  63.2726  0.00308968  0.00234076  0.00696766
45.4941  605.851  0.0421191  0.00347405  0.00309958
46.3153  451.119  0.03031  -0.0121035  0.00764093
47.62  368.08  0.00726456  -0.00668275  0.0230696
46.3308  73.6241  0.00216558  0.00499003  0.0557606
48.6111  41.4766  0.0102077  0.00258442  0.00571371
55.1408  85.3634  0.00681608  0.00407792  0.0108743
47.9782  306.394  0.0019504  0.00130332  0.00567797
53.9003  224.966  0.00077368  0.000111983  0.00715869
60.0044  24.2666  0.000907393  0.00142007  0.0216607
55.4208  72.3614  0.00584067  0.00456855  0.0387255
66.256  257.417  0.00501598  0.00151754  0.00198812
71.1912  131.784  0.00814769  0.00435596  0.00747227
73.3351  38.5177  0.00631674  -0.000622699  0.00697984
62.8566  609.107  0.00341235  0.0037793  0.038703
75.5429  190.257  0.0141603  0.00576709  0.0221592
85.6361  19.6417  0.00246669  0.00258733  0.0179351
84.8627  227.611  0.00293605  -0.000573039  0.00928029
79.3914  292.614  0.00776458  0.00932291  0.0149965
73.3508  462.629  0.0023074  0.000559079  0.00519343
94.8571  468.497  0.0180193  -0.00436806  0.0213319
94.976  67.8  0.0161526  0.00231062  0.0353642
99.6608  268.029  0.00996266  0.00450913  0.0071049
104.124  414.861  0.004515  -0.00050774  0.00279429
95.5508  80.9519  0.000764762  -3.80758e-05  0.00633306
102.251  611.278  0.00323832  0.000386641  0.000906734
107.829  104.346  0.00615864  0.000724729  0.00659517
106.911  26.6962  0.0130032  0.00773067  0.0271492
108.466  14.6692  0.018187  0.0105051  0.0319344
108.586  65.6379  0.0208064  0.00203069  0.0333489
116.506  301.307  0.00842451  -0.00781854  0.0411245
112.177  408.894  0.0133  -0.00997693  0.0121937
119.052  40.319  0.0229446  0.00583497  0.0318441
121.375  663.58  0.0139216  -0.00152908  0.0485041
117.073  95.7759  0.00564194  -0.00191417  0.01068
128.306  128.457  0.00301505  0.000610863  0.00160425
125.818  63.2657  0.0102736  0.000407154  0.0382146
138.401  147.457  0.00290776  0.00111974  0.00524329
120.638  74.3388  0.00436961  0.00222976  0.00803459
133.218  463.004  0.00509473  -0.00509203  0.0164025
120.116  513.176  0.00209279  -0.00103182  0.00429662
129.005  323.906  0.00933872  -0.00450791  0.0265376
144.69  388.132  0.00390379  0.000259741  0.00519157
147.122  54.8907  0.00508809  -0.00189576  0.00339755
137.979  93.6562  0.00411864  0.00155991  0.0263883
150.299  157.376  0.0102461  0.00440843  0.0323981
155.469  83.9774  0.00453693  0.00735071  0.0490349
155.062  174.183  0.00352548  0.000206162  0.001168
149.634  305.097  0.00605774  0.00304914  0.00279975
161.102  193.355  0.00640413  0.000953926  0.00399793
149.223  565.117  0.00542845  -0.00581339  0.0216295
159.772  362.095  0.00883435  -0.000845009  0.00459463
163.009  412.996  0.0202196  0.00164607  0.00833311
156.127  343.973  0.00155625  -0.00259104  0.0272774
175.156  31.1211  0.00244197  0.00283426  0.0303013
172.296  287.075  0.00882121  -0.00312324  0.00594954
183.489  478.281  0.00298783  0.000982849  0.00331171
159.85  82.7575  0.00172073  0.00394165  0.0537331
173.629  427.156  0.0192308  -0.000357225  0.00148256
175.526  169.471  0.00874099  -0.00102544  0.00468195
180.169  264.742  0.00357564  -0.000964408  0.00879039
174.353  120.069  0.0058721  -0.00237836  0.00836422
187.683  626.863  0.0034718  -0.00351349  0.0274452
179.286  98.2488  0.0178766  0.00252527  0.00870986
187.99  316.754  0.0253593  -0.00255779  0.00187331
180.816  263.417  0.00586138  -0.000285617  0.0141231
189.809  340.512  0.0156922  0.00286072  0.00329248
180.295  29.3149  0.00158796  0.00342655  0.0560526
195.059  266.327  0.01746  0.00140419  0.00674028
199.707  637.707  0.00926436  -0.00159869  0.0204933
199.887  434.803  0.00584011  0.00297383  0.0150502
201.782  355.851  0.0321572  -6.18558e-05  0.0280316
200.938  215.319  0.00837613  0.00167412  0.0114107
207.394  129.175  0.00898552  -0.00586331  0.0404862
214.415  163.932  0.0038374  0.00462571  0.0117706
207.823  319.562  0.00617962  -0.00588335  0.0370715
206.727  620.36  0.0141598  0.00272276  0.00921643
211.561  478.364  0.00695996  0.0036269  0.0144688
215.257  17.0891  0.00757352  0.00255103  0.0142887
217.019  261.951  0.00427697  -0.0051986  0.0182314
218.403  163.597  0.00114046  0.00154076  0.0140234
226.758  202.95  0.0241713  -0.00809885  0.0288528
226.6  339.155  0.0131118  0.000669675  0.0262825
228.559  25.5763  0.0173968  0.0019968  0.0344197
214.251  249.12  0.00334481  0.00669641  0.0230098
231.834  202.162  0.0123647  -0.00141011  0.00133077
231.679  525.973  0.00556318  0.00312151  0.00403881
230.402  489.721  0.0041622  -0.00221572  0.00762573
241.353  130.647  0.0287432  0.00203519  0.0311172
234.123  224.646  0.00375335  -0.0052232  0.0420012
253.404  40.7367  0.0105959  6.43327e-05  0.0019453
254.323  651.986  0.00273141  -0.000330916  0.00145774
253.761  508.405  0.00729048  -0.00229468  0.00221716
258.466  21.5608  0.00721434  -0.000640632  0.0474653
264.48  124.45  0.0310931  -0.00184007  0.030058
266.548  203.21  0.00333739  -0.00564268  0.0306496
260.861  114.43  0.00285778  0.00103398  0.00442676
270.492  209.929  0.0102208  -0.00134879  0.0253974
272.719  323.187  0.00890343  -0.000616888  0.0228304
271.567  365.403  0.0241725  -0.00524762  0.00862094
276.071  11.3118  0.0105683  0.00458825  0.0280261
273.508  634.849  0.0217518  -0.0100874  0.0287582
275.476  517.637  0.0157035  -0.00121798  0.0386196
276.828  543.784  0.0283787  -0.000967139  0.0150505
274.058  83.6307  0.00336777  2.93651e-05  0.00618185
281.964  210.299  0.00326871  0.000657616  0.00268372
282.272  450.568  0.0140191  -0.00141102  0.0181709
284.598  661.003  0.00841867  0.000987869  0.00465278
286.121  160.41  0.00828151  9.55167e-05  0.00443995
274.52  284.47  0.00623896  -0.00587016  0.0103309
290.401  484.732  0.00154448  -0.00342108  0.0320968
289.243  442.843  0.0216686  -0.000802687  0.00834441
290.556  83.6543  0.0406978  -0.00180302  0.00740007
301.323  212.468  0.00237571  0.00101755  0.00420454
291.522  618.409  0.00548618  0.00160965  0.0042759
305.356  470.822  0.00230038  0.000946546  0.00671774
304.349  371.913  0.00197977  0.00176989  0.00780155
299.521  432.157  0.0122493  -0.0056126  0.0376227
290.244  496.371  0.00381658  -0.00155996  0.00779214
306.925  546.247  0.00118079  -0.00202419  0.0107761
308.908  318.675  0.00930697  -0.00373026  0.00829156
312.605  64.2229  0.00694762  0.00357789  0.0421735
324.469  111.628  0.00185781  8.25253e-05  0.00997195
311.32  248.626  0.0126834  -0.00163395  0.0138992
313.778  600.798  0.032037  -0.000844267  0.0302805
314.581  534.88  0.00380883  0.000283352  0.00127378
312.175  13.5519  0.00352538  0.00579722  0.0624047
320.243  661.714  0.0107883  -0.0125697  0.0305598
316.41  533.518  0.0014928  6.61188e-08  0.00158424
319.793  28.2283  0.0304609  -0.000112956  0.0364964
327.48  498.016  0.00421994  -0.00321514  0.0196952
322.656  76.542  0.0394825  -0.000192392  0.0128819
326.738  446.206  0.0230291  -0.0105806  0.0266962
331.904  367.797  0.00883921  -0.00068826  0.0041717
335.015  103.47  0.0107398  0.000323592  0.0049286
339.149  75.3907  0.00362774  0.00108053  0.0103215
340.061  315.313  0.0111726  -0.00302893  0.00659493
347.282  88.4205  0.00581485  0.00788435  0.0349017
341.56  420.138  0.0116933  -0.000415437  0.00392953
344.132  226.236  0.00739799  0.00283383  0.0313615
340.657  477.139  0.00562936  -0.00496075  0.0135837
342.253  73.9122  0.00265699  -0.00213561  0.0128683
351.554  387.874  0.00275632  -0.00180973  0.00227999
355.751  243.006  0.0196581  -0.0050426  0.0141007
351.884  405.818  0.00408552  -0.000264325  0.00730988
358.166  154.531  0.00840175  -0.000138267  0.00521857
363.221  204.766  0.00679286  -0.0016614  0.00906155
366.221  414.573  0.0133428  0.00620399  0.0118973
370.53  70.3383  0.0015973  -4.50077e-05  0.00536158
377.353  623.214  0.0116436  0.00627649  0.0217495
385.955  323.878  0.00545153  0.00814408  0.0274615
385.887  32.9739  0.0205797  -0.00175116  0.0320608
395.391  291.284  0.00710492  0.0047921  0.00701571
388.262  304.369  0.0116212  0.00350726  0.038055
384.207  226.444  0.00719562  0.00651589  0.0154059
393.072  209.466  0.00293279  0.00487966  0.0113694
377.027  28.0112  0.00126813  0.000237508  0.0295934
399.263  261.997  0.0029252  0.000817688  0.00567793
393.643  492.434  0.013295  0.002017  0.0376458
403.66  431.276  0.00358713  -0.00114118  0.00307808
388.598  509.671  0.00332471  -6.34211e-05  0.00701343
397.164  605.454  0.00205251  0.00192942  0.00822335
400.466  624.973  0.00977021  -0.00623405  0.0394874
404.112  251.305  0.00289544  0.00172662  0.0342416
403.264  59.232  0.0211084  0.00649124  0.0294019
409.307  210.971  0.0125222  0.00312123  0.00401916
413.213  507.677  0.0157313  0.000180681  0.00279233
428.383  192.581  0.00300721  0.00645261  0.0365845
425.715  497.916  0.0055241  -0.00439266  0.0313053
420.442  124.337  0.00120341  4.33245e-05  0.0044313
414.947  295.301  0.0307937  -0.0189528  0.0145369
427.82  413.414  0.00316236  0.000117957  0.0258463
420.148  627.838  0.0151864  -0.00703562  0.0314503
423.272  178.841  0.0161845  -0.000761549  0.00595621
416.305  255.146  0.00326998  -0.00275018  0.00504609
426.151  666.526  0.0131272  -0.0107945  0.027254
441.921  543.744  0.00232478  -0.00345755  0.0266992
429.102  550.511  0.0158182  -0.00848572  0.0337699
435.658  136.265  0.0051205  -0.000164829  0.0319732
426.43  377.351  0.00214022  -0.000155327  0.000993216
432.86  503.56  0.0296485  0.0028053  0.0330463
433.359  427.874  0.0293886  0.00344285  0.0310815
426.957  119.366  0.000851525  -0.00016162  0.0141683
439.788  432.806  0.021515  0.00709695  0.00576412
439.287  357.946  0.0223424  -0.000586961  0.0235449
439.826  510.628  0.0279082  -0.00166151  0.00342219
448.935  23.2764  0.0066695  -0.0039723  0.0288315
451.941  274.422  0.027749  0.00215439  0.0329069
457.681  287.409  0.00190351  -0.000354531  0.00498447
457.985  32.2074  0.0304441  -0.00313814  0.0170962
460.458  563.793  0.00376538  0.000753767  0.00493184
462.585  664.113  0.0172564  0.0019073  0.0403233
464.782  52.5378  0.025301  -0.00311661  0.0248176
468.61  373.997  0.0100468  -0.00261057  0.00451872
480.174  207.397  0.00421717  -0.0013471  0.0104311
477.879  65.5242  0.00635698  0.00801412  0.0210576
467.377  513.535  0.00376299  0.00101864  0.00275558
474.302  283.935  0.0289251  0.000281591  0.00323898
482.64  179.251  0.00434398  -0.00258411  0.00791477
480.952  195.533  0.00878076  0.00104004  0.0366578
480.325  666.958  0.00902688  -0.00266601  0.0542832
485.303  313.469  0.0144124  -0.00644933  0.012549
478.34  407.87  0.000923255  -0.000609409  0.00636633
491.599  23.4904  0.0134869  0.00837066  0.0111151
483.408  217.232  0.0156365  0.00529618  0.0317433
486.137  101.589  0.00902368  -0.000730554  0.0166657
493.975  306.497  0.0223444  0.00512578  0.0144753
489.936  31.0887  0.00419417  0.00201229  0.00294749
499.114  205.164  0.0160428  0.000736523  0.00386192
499.397  289.045  0.0014094  0.000734681  0.00504913
510.737  330.842  0.0079683  0.00177311  0.0426069
505.965  320.395  0.00483623  -8.56086e-05  0.00281445
503.663  565.824  0.00210108  0.00359585  0.0124492
515.95  542.911  0.000765684  -0.000530449  0.013454
523.509  175.671  0.00343091  0.00144188  0.00953782
517.323  100.714  0.0147703  0.00237943  0.0364016
518.649  25.5439  0.0254677  0.0053706  0.00649747
524.445  260.372  0.0191773  -0.00621323  0.00564599
522.305  13.4221  0.0101726  0.00368493  0.029405
534.879  205.595  0.0120127  -0.00994209  0.0166046
531.164  437.328  0.0330037  0.00129957  0.0183708
531.376  450.385  0.0187475  -0.00556792  0.0350558
533.727  647.46  0.00521254  -0.00643916  0.0574081
535.56  361.893  0.0119193  -0.00244721  0.0342773
532.031  476.068  0.00569663  -0.00910555  0.0246703
533.613  421.618  0.0147842  -0.00088209  0.00728672
540.553  506.821  0.0239047  -0.00961594  0.0275572
533.471  291.585  0.00305982  -0.00017427  0.0034649
535.129  636.78  0.00314334  0.00234245  0.00746364
552.32  83.552  0.00391506  -0.000935031  0.00525284
552.901  25.7432  0.00657638  0.00126697  0.00375551
551.771  201.212  0.0171284  0.00156326  0.0156742
554.947  82.6582  0.00626829  -0.000731429  0.00470409
563.209  52.2301  0.00208925  0.000982171  0.00403524
547.391  447.803  0.0105549  -0.0124953  0.0213977
563.611  204.551  0.0118404  0.00403897  0.0275481
561.85  97.4977  0.0058453  0.00395819  0.0298314
568.152  479.667  0.0024587  -0.000813107  0.0542442
564.298  304.39  0.0045205  0.0025522  0.0344038
573.266  466.267  0.00228958  0.000131395  0.00389331
566.456  658.534  0.00438845  -0.00806832  0.03182
580.321  86.5247  0.00324188  -0.00118072  0.00416717
576.398  617.231  0.0310462  -0.0049465  0.0250859
567.991  168.479  0.0037404  -0.00244309  0.00969775
576.727  347.333  0.0131166  -0.00953912  0.030414
589.817  79.3707  0.00730256  0.00380109  0.00455386
583.52  259.864  0.00254722  0.000100449  0.00189217
582.41  422.352  0.0043431  7.51582e-05  0.00140069
589.975  614.092  0.006368  0.00467342  0.00675655
584.619  66.0672  0.0153551  -0.00164137  0.032313
586  440.316  0.0113947  -0.0010442  0.00824782
601.75  194.324  0.00397046  0.00428337  0.0117278
592.507  376.937  0.00534423  0.000580173  0.00496595
604.807  100.41  0.00218585  0.000321034  0.00974463
612.522  482.505  0.00156319  -0.00189677  0.0274229
602.317  142.321  0.00285287  0.000371951  0.0044469
603.542  444.319  0.00200551  0.00174138  0.00401174
606.656  246.549  0.00369487  -0.00200017  0.0464323
613.447  166.691  0.00365215  0.000202159  0.00530293
607.393  642.089  0.00836701  -0.00370596  0.00951726
610.717  26.6449  0.00554243  -0.00324995  0.015808
612.805  312.428  0.00909698  -0.00386581  0.00795716
620.927  261.34  0.0227346  -0.00260766  0.00398042
618.122  563.314  0.021662  -0.00730509  0.0043513
608.39  413.708  0.00157319  -0.000553948  0.00721023
612.181  468.649  0.00153388  -0.00101565  0.0159822
626.759  561.933  0.00413403  -0.00379684  0.0072938
626.579  217.825  0.0103326  0.00127195  0.0396224
627.935  52.0606  0.0329881  -0.0053102  0.00495021
618.46  235.769  0.00165247  -0.00106441  0.00689675
629.887  417.492  0.0225574  0.00270638  0.00259201
628.339  201.928  0.0195226  0.00595733  0.00723623
625.12  627.011  0.0131827  -0.0119023  0.0180468
638.721  440.358  0.00424977  -0.00264992  0.00898622
651.212  281.095  0.00163537  -0.00182393  0.0263112
636.73  485.27  0.0233749  0.000687933  0.0126281
643.493  471.38  0.0245244  0.00293143  0.00454448
643.222  67.1349  0.0262676  0.0126761  0.0260198
649.348  58.0833  0.0182681  0.00516518  0.0296635
662.838  287.211  0.00234154  -0.000729014  0.0129591
649.097  21.1458  0.00847273  -0.00225914  0.0434627
658.372  508.046  0.0133256  0.00173267  0.00586109
657.828  518.828  0.00690474  -0.0025342  0.0348396
662.335  314.503  0.0279672  0.0132424  0.0171597
648.711  37.0509  0.00130064  8.65126e-05  0.0066457
659.908  221.807  0.00224632  -0.00307774  0.02387
673.117  29.7573  0.0305741  0.00844433  0.029468
676  23.1575  0.00902486  0.00544729  0.0635517
683.978  256.038  0.00266725  0.000712859  0.00191038
675.978  424.173  0.0278408  -0.000328432  0.00946105
686.734  41.1111  0.0017019  0.000851269  0.0077842
687.766  391.418  0.0066178  0.00805189  0.0250775
670.802  207.645  0.00133388  -0.000532192  0.00821373
672.576  322.54  0.00241245  -0.000307107  0.00223023
686.226  9.39041  0.0255188  0.00421814  0.0146994
688.024  489.735  0.0101181  -0.0056632  0.0227632
693.432  105.48  0.00282504  -0.00151229  0.00676578
697.466  222.263  0.0017891  -0.00138849  0.00615035
696.288  92.7  0.00787574  -0.00256736  0.0389296
696.957  86.2734  0.0137321  -0.0035454  0.0334647
702.511  475.724  0.00209618  0.000595192  0.00389106
709.539  411.817  0.00264164  0.00326092  0.0113752
708.142  661.587  0.00243212  -8.5615e-05  0.00406159
712.588  273.387  0.0157729  0.0058904  0.0383824
713.045  553.112  0.0148134  -0.00554084  0.0172719
713.497  18.3526  0.00823684  0.00411548  0.0387246
720.657  569.782  0.0106432  0.00366675  0.00309914
716.022  70.0633  0.00674666  0.00607637  0.00786933
719.385  132.835  0.0179286  -0.00164417  0.00363607
730.02  322.612  0.00348819  0.0013209  0.00306164
715.69  514.229  0.00866792  -0.00235507  0.00400493
720.991  298.528  0.0301185  -0.0019083  0.0240376
721.689  83.4238  0.014188  0.00210452  0.0282985
734.904  157.122  0.00312464  0.00320676  0.010599
728.801  34.1826  0.00315042  0.000793198  0.00326824
722.091  257.429  0.00192751  0.000293903  0.00266973
735.817  20.5183  0.00673398  0.00115516  0.0319578
739.743  15.4455  0.0183926  0.00828326  0.0518302
742.561  71.374  0.0300495  0.00893617  0.0216765
737.553  543.129  0.00810905  -0.00189697  0.00314922
739.622  487.787  0.00341287  -0.00406461  0.0399326
749.102  198.065  0.00876557  0.00253291  0.0029665
736.964  33.0406  0.00157201  0.000730446  0.00537385
761.472  248.347  0.00593049  -0.00194587  0.00177805
763.059  28.4379  0.0361764  0.00566734  0.00351243
762.6  364.077  0.0292228  -0.00842119  0.0196113
766.438  217.236  0.0177937  0.00569918  0.010476
768.459  109.094  0.0290465  0.00635116  0.00980356
767.984  514.541  0.00863432  -0.0027042  0.00397603
765.292  443.894  0.00245887  -0.00194532  0.0104298
781.644  279.576  0.00371019  0.00723987  0.039836
761.801  9.37383  0.00332627  -0.00791122  0.0407475
775.907  187.413  0.00591401  -0.00267992  0.00994649
794.266  555.889  0.00210024  -0.00382485  0.0227795
781.668  128.038  0.00374086  0.000330839  0.00257913
786.921  57.4618  0.00115158  -0.000391132  0.00181483
787.713  259.579  0.0119415  0.00194957  0.00289524
790.701  423.177  0.00243352  -0.00074172  0.00325931
804.154  94.3793  0.000924467  -0.000593624  0.00504512
815.933  503.844  0.00163928  -0.00387407  0.0540276
810.368  522.296  0.00129664  5.77902e-05  0.00221234
801.8  557.513  0.0115981  -0.0032252  0.0359609
815.893  256.987  0.00147755  0.000524911  0.00332932
810.866  328.388  0.000976774  -0.00110062  0.00734655
816.67  189.336  0.002272  0.000529277  0.00572742
814.528  371.544  0.00560053  -0.00560352  0.0434648
821.34  386.906  0.00110772  -8.03892e-05  0.00213308
828.138  362.681  0.00166708  -0.000789203  0.00273674
821.674  476.108  0.00125543  0.000234724  0.000922722
826.381  27.8633  0.00504045  3.60649e-05  0.00198268
817.513  124.669  0.00189634  0.000734376  0.00178657
826.727  157.372  0.00462327  0.0002128  0.00174586
831.592  425.012  0.00487505  -0.000246795  0.00112774
818.739  318.2  0.00118984  -3.06547e-05  0.00114476
814.17  59.6615  0.00136846  0.000192962  0.00255728
824.058  240.024  0.00301116  0.000183072  0.000678681
830.054  490.186  0.00289937  -0.00067569  0.00252322
831.207  42  0.023788  0.00272977  0.0080645
826.501  91.5202  0.00981906  0.000839482  0.00347115
836.777  554.01  0.00509008  -0.000590274  0.00174914
831.083  458.692  0.00807822  -0.000103026  0.00346146
832.51  369.793  0.00407399  0.000378123  0.00120165
839.453  497.365  0.0321639  0.0146803  0.0151027
838.817  180.606  0.0300797  0.00580809  0.0275769
854.255  339.478  0.0128441  -0.00208859  0.0172786
855.737  28.5038  0.0311544  0.00043779  0.0125097
860.772  137.722  0.0494199  0.000995682  0.0305988
858.713  535.622  0.0199376  -0.0113013  0.0216331
864.22  116.797  0.0597369  -0.00627846  0.00218662
864.711  310.697  0.046847  0.000466615  0.033453
865.224  64.431  0.0122365  -0.00209403  0.0385943
15.1773  66.181  0.0133289  0.00709102  0.00814589
23.0722  192.544  0.0173226  0.00145201  0.00408851
35.4434  613.976  0.00260414  -0.0035285  0.0226593
31.8116  367.347  0.0244325  -0.000491995  0.0127138
24.998  438.563  0.00297254  -0.00246287  0.00455986
37.7127  288.045  0.0158348  -0.0031677  0.00883318
37.3588  445.405  0.0265151  0.00163965  0.00141195
41.9659  563.43  0.0176996  -2.36702e-05  0.00595168
37.9294  206.621  0.00793733  -0.00482196  0.00888173
54.4569  360.245  0.0185788  0.0008103  0.00568367
40.5511  25.0713  0.000969036  0.00196685  0.0227971
62.4025  275.987  0.0102919  -0.00378441  0.0161149
62.0093  301.84  0.000680459  6.64047e-05  0.00838296
80.9164  130.043  0.00214916  0.00258026  0.00855566
60.4949  455.311  0.0110688  -0.00725294  0.00585601
75.1323  659.274  0.0103527  -0.00312224  0.00598087
74.9185  357.4  0.00321664  -0.00315929  0.0161046
63.3702  556.429  0.00125545  -8.82488e-05  0.000750215
92.2089  334.249  0.00455019  -0.00294811  0.00636202
81.7346  45.6985  0.00139647  0.00202601  0.0315214
92.3318  320.11  0.00656259  0.00116235  0.0143518
89.4134  484.129  0.00861999  0.00184077  0.00176249
96.5098  269.811  0.00538525  0.00331445  0.00711835
95.8975  293.007  0.00494639  0.000156612  0.0150811
107.129  107.294  0.00586746  -0.00101631  0.0104848
98.2065  601.466  0.00120191  -0.000144112  0.00107799
120.766  11.8725  0.00245323  0.00756067  0.0380586
126.083  27.6221  0.000887454  0.00116514  0.00637339
112.84  52.6531  0.0108398  0.00125495  0.00706471
135.02  120.427  0.00167062  0.00126414  0.00465454
150.197  195.804  0.00105039  -0.000609846  0.00524915
133.38  345.739  0.00873825  -0.00162593  0.0174503
137.414  238.513  0.00476327  0.000670053  0.00291747
137.455  461.554  0.00358861  0.00128297  0.010954
143.627  92.1546  0.00722532  -0.00165221  0.0183252
150.851  155.922  0.0102546  0.00185786  0.0176737
153.924  75.6799  0.010481  0.00313171  0.00445877
155.888  200.813  0.0163484  0.00107155  0.0157492
159.685  255.747  0.00368413  0.00109273  0.00135787
178.179  479.308  0.000863412  0.000365551  0.00331619
167.188  556.052  0.00314356  -0.000298304  0.00252954
164.153  75.0656  0.000951783  0.000776051  0.00539267
190.483  184.329  0.00175665  0.00147172  0.0109868
185.239  624.99  0.00314499  -0.000769051  0.020432
177.412  30.3191  0.00191347  0.00219074  0.0262753
181.553  211.79  0.00832805  -0.000577338  0.00571829
200.36  285.67  0.00149863  -0.00173017  0.00577111
182.29  611.685  0.0173731  0.00179412  0.0113735
180.976  265.531  0.00876786  0.00028598  0.00554607
193.229  195.531  0.0061079  0.0039436  0.00829605
193.772  406.625  0.0127181  0.00807779  0.0132316
195.321  266.386  0.0203582  -0.00358158  0.00538719
197.162  433.792  0.0128842  -0.00639319  0.0117056
207.339  619.003  0.0087228  0.000813066  0.00663551
206.631  660.651  0.00934134  -0.000342341  0.0236596
186.486  118.465  0.00126194  0.00114347  0.00679605
208.355  129.076  0.00917468  0.000247751  0.0183874
218.977  164.04  0.00174459  0.00255262  0.0122516
204.581  187.619  0.00665492  -0.00266428  0.00395057
208.582  462.349  0.00696768  0.00174212  0.00164024
216.615  395.145  0.00287574  -0.00412818  0.0105974
218.331  93.6381  0.00527439  -2.10235e-05  0.005531
216.067  403.892  0.00120247  0.000475107  0.00133093
232.837  478.532  0.0049477  0.000667263  0.00132742
238.476  22.6312  0.00248015  0.00697645  0.0369818
232.945  362.454  0.000514955  -0.000560915  0.00338694
232.63  222.936  0.00432481  -0.00571649  0.0199318
225.378  310.421  0.0036137  -0.00332009  0.00481691
244.809  476.548  0.0131146  -0.0032501  0.00167882
245.521  413.87  0.0161979  0.00340401  0.00822359
247.766  647.742  0.00913039  -0.00264501  0.0199321
242.118  365.378  0.000481837  0.000611799  0.00613888
256.087  22.323  0.0140387  0.0022023  0.0310789
255.399  111.258  0.000919854  -0.000559653  0.00563051
266.967  601.154  0.00299514  0.000279682  0.0150894
264.167  590.411  0.0116203  -0.00407151  0.0141287
276.829  204.108  0.00104925  -0.00084186  0.0125366
254.199  191.034  0.00129239  -0.00023211  0.0139086
251.955  416.987  0.00127212  0.000797158  0.00818503
271.937  41.1455  0.00289699  -0.00203696  0.0107299
274.598  178.024  0.00379338  8.83054e-05  0.0206701
274.515  287.433  0.00664251  -0.00342333  0.00717536
258.477  316.026  0.00062725  0.000530119  0.00416353
274.149  96.6843  0.0163736  0.000620499  0.0163736
273.491  265.665  0.00425439  6.44181e-05  0.00736545
279.874  573.337  0.00458014  0.00138501  0.000920045
274.754  125.915  0.0054068  0.00308873  0.0131155
279.612  331.104  0.00344935  0.000920109  0.0156882
307.09  659.326  0.00169207  -0.00440076  0.0212857
293.515  545.265  0.00411818  -0.00345267  0.00920079
294.194  532.211  0.0104033  -0.00204799  0.0150004
295.53  216.429  0.00358186  -0.00010974  0.00384196
309.587  431.954  0.00097304  -2.38095e-05  0.0280128
300.922  229.915  0.00605817  -0.00135812  0.0189873
308.641  389.801  0.00718708  -0.00621379  0.0119369
308.773  328.048  0.00522092  -0.00136545  0.0207078
312.637  59.5427  0.00793482  -0.00148213  0.0072793
308.854  82.6032  0.00455859  -0.000545457  0.00473636
308.293  372.932  0.0037784  0.00292179  0.011003
315.365  658.734  0.0162099  -0.00159144  0.0252875
323.114  343.3  0.00158807  0.00030451  0.00351631
327.946  497.741  0.00373192  -0.00241725  0.0140795
312.645  403.256  0.00209273  -0.00114776  0.00958971
337.889  574.231  0.00332085  0.00131725  0.00488526
334.502  75.7917  0.010126  0.00169535  0.00750955
334.46  96.0161  0.0158437  0.00247478  0.00128938
329.367  537.284  0.0013047  0.000392787  0.00192212
355.06  628.028  0.0010009  -0.000355205  0.0191469
341.039  315.465  0.00748967  0.00101103  0.00608614
342.422  419.173  0.0155638  -0.00298459  0.0073466
327.724  47.6852  0.00168908  0.00164102  0.00848815
352.859  500.591  0.00318042  0.000296489  0.00780641
343.084  396.322  0.00319825  0.00590097  0.0214497
353.215  403.4  0.00292353  0.000267705  0.0121062
361.375  49.8298  0.00674236  0.000742641  0.0048827
348.659  39.4907  0.00092928  -0.000640859  0.00221962
369.765  285.717  0.00982  0.00147463  0.00912745
371.408  657.332  0.00606649  5.27431e-05  0.0124182
381.327  432.873  0.00119701  -0.00150933  0.00563407
385.402  434.371  0.000893299  8.77147e-05  0.00143064
401.535  290.91  0.00133894  0.00347806  0.0156187
372.561  223.781  0.0010451  -0.000402796  0.0190688
379.459  211.781  0.000577453  0.00047305  0.00332269
394.42  486.911  0.00196223  1.58903e-06  0.00120866
396.309  356.69  0.00967445  0.00288067  0.0178614
397.613  187.817  0.0122806  0.000293286  0.0037858
404.265  625.104  0.00397756  -0.000915758  0.0223973
398.721  424.487  0.00210931  -0.00147139  0.00450793
403.645  60.0697  0.01587  0.000643747  0.0165438
419.865  375.787  0.000867364  -0.000117119  0.00131902
394.273  209.67  0.000825206  0.000300896  0.00620544
406.276  626.618  0.00122049  -0.00181052  0.0270212
413.051  250.165  0.00250551  -0.00262083  0.0219659
418.797  398.758  0.00273337  -0.000829925  0.00665458
426.517  41.7434  0.00200034  -5.12023e-05  0.00489653
417.69  373.923  0.00123118  -0.000361011  0.00154841
429.039  136.734  0.00765976  0.00468458  0.0159875
446.621  118.983  0.00281312  -0.00150993  0.0128688
438.938  358.656  0.0163736  0.000620499  0.0163736
437.938  464.109  0.00845775  -0.000392896  0.0028701
440.156  514.183  0.0189085  -0.000270066  0.00573719
445.136  307.4  0.00542127  -0.00206595  0.00961732
452.895  61.5565  0.00101555  -0.000354052  0.00113913
460.192  424.835  0.0011228  -0.000703932  0.00183273
446.861  542.397  0.00233672  0.00151579  0.0116819
456.47  31.0386  0.0180501  -0.00344708  0.00859116
458.278  265.61  0.0170599  -0.00214184  0.00403338
470.941  583.164  0.00558942  -0.000180232  0.00112001
448.066  647.579  0.00158617  0.00103403  0.00286526
471.29  68.3454  0.0155342  0.000277246  0.0158645
469.244  281.971  0.00464459  -0.000970262  0.00347588
474.627  94.2205  0.0159276  0.00365726  0.00375461
479.162  477.403  0.00254146  -0.000909508  0.00170771
471.52  13.8744  0.00271253  -0.000853674  0.00993016
480.649  160.173  0.00577613  -7.55607e-05  0.000836523
478.61  407.334  0.00286239  0.000546267  0.00433534
487.297  543.304  0.00285279  0.000430671  0.00513367
481.682  36.4037  0.0105481  0.00647595  0.0110565
491.05  344.572  0.0163736  0.000620499  0.0163736
492.577  230.796  0.00741687  0.000387001  0.00293484
496.257  183.413  0.00303357  0.00213781  0.00239126
498.854  88.9289  0.00498263  0.000347663  0.00482953
507.82  124.678  0.0213114  -0.000192758  0.00412444
498.659  650.208  0.0028965  0.003147  0.00895311
526.331  319.996  0.00124065  -0.00140544  0.00491169
509.302  322.98  0.0048186  0.00162405  0.00336463
513.397  143.561  0.00391273  0.00143641  0.00940154
519.242  22.4162  0.0150477  0.000995955  0.0311894
532.561  25.5719  0.0018949  -3.52821e-05  0.00176335
519.792  273.235  0.0173775  0.00129144  0.000975155
523.205  70.9657  0.00244569  9.20215e-05  0.00101634
535.838  203.292  0.00590418  -0.00150747  0.00694268
530.487  437.529  0.0163736  0.000620499  0.0163736
544.975  23.7783  0.00202194  0.00139839  0.00296881
541.464  469.811  0.00417218  -0.00122344  0.0151498
519.764  215.818  0.00101756  -0.000935959  0.0072503
550.276  147.07  0.00151907  -0.00122629  0.00457025
540.161  618.27  0.017604  -0.000850077  0.0115574
536.528  237.31  0.00759599  0.00474011  0.00775528
547.498  319.664  0.0103582  0.00102138  0.00564165
552.555  68.8881  0.00702459  0.0016433  0.00110977
567.455  114.719  0.0013598  -7.92193e-05  0.00494496
563.83  205.634  0.00590511  0.00153779  0.01059
560.365  305.185  0.00631391  0.000675309  0.0200573
565.636  159.919  0.00633518  -0.000219876  0.0194904
565.982  248.188  0.00593787  -0.00334644  0.0157802
564.796  658.61  0.00306388  -0.0015486  0.0147216
583.933  424.919  0.00137822  -0.000154357  0.000832776
586.704  451.634  0.00256149  -0.0031963  0.0087548
576.809  624.04  0.00164505  6.05792e-05  0.000707061
578.902  140.302  0.00378208  0.00315797  0.00498581
595.406  78.5201  0.00117063  0.000693811  0.00393958
582.014  596.808  0.00667488  0.00112474  0.0166355
583.078  637.188  0.00169448  0.000909215  0.00187078
584.177  67.1026  0.0153146  0.000604193  0.0167024
588.361  28.8537  0.00515898  -0.00252851  0.0067553
589.264  377.459  0.00624367  0.000773195  0.00567708
613.534  549.075  0.00103575  -6.15845e-06  0.00122438
603.036  150.181  0.00876429  -0.00201948  0.00150073
613.931  229.099  0.0021552  0.00106357  0.00498015
603.177  445.941  0.00101753  0.00110612  0.00424644
596.351  344.145  0.00281064  0.00016097  0.00237571
604.211  205.873  0.00652794  0.00204301  0.00989546
611.034  412.561  0.00221553  0.00144084  0.00591681
622.228  264.649  0.0158321  -0.000597966  0.0146697
618.947  304.112  0.00550995  0.00127296  0.0201367
635.269  568.264  0.00412549  -0.00212709  0.0068729
627.532  629.376  0.0109943  -0.00359563  0.0132291
629.048  54.9657  0.0174108  -0.00211128  0.00986231
629.447  424.041  0.0127642  0.00189886  0.00998603
630.713  114.108  0.00851046  0.000767702  0.00251145
646.86  40.8202  0.00169901  0.000201842  0.00311835
636.56  484.758  0.0134132  0.000929657  0.0117622
637.604  188.146  0.00652059  -0.00260051  0.0129818
645.628  92.3632  0.00324407  9.98772e-05  0.0012157
643.258  382.684  0.00110174  -0.00028262  0.00414778
618.663  471.272  0.000788642  0.000355839  0.00668182
643.163  67.1068  0.0163736  0.000620499  0.0163736
649.184  58.8342  0.0143745  -0.000705606  0.0164002
652.422  165.792  0.0174818  -0.010445  0.00798576
662.791  312.331  0.0163546  0.00125395  0.0156094
655.105  415.148  0.00162966  -0.000693463  0.00385299
669.563  50.435  0.0103541  -0.00173645  0.00938359
676.64  454.513  0.00335149  -0.0043507  0.0223971
674.598  23.2562  0.0110929  0.0030712  0.0273827
675.781  462.36  0.00727436  -0.0046908  0.0171237
669.71  611.593  0.00265888  -0.00117485  0.0216456
686.806  645.432  0.000993984  -0.000559375  0.0312047
678.706  75.661  0.00175192  0.000107632  0.00321712
675.109  417.84  0.00981403  0.000552895  0.000834691
674.23  429.811  0.0114583  0.00271513  0.00477532
674.462  587.235  0.00458274  -0.00178599  0.0115859
682.533  361.353  0.0136825  -0.000676374  0.0151448
690.093  526.745  0.00156013  0.000587263  0.0114304
688.978  491.091  0.00716229  -0.000901355  0.0192991
690.44  236.495  0.014871  -0.00161703  0.0128556
669.06  225.863  0.000833516  0.000679662  0.00364096
686.985  387.132  0.00416257  0.00208696  0.00498962
698.204  85.4695  0.00488613  0.000160254  0.0194945
706.568  346.789  0.00120981  0.00114902  0.00445552
697.053  125.904  0.00858723  -0.00280556  0.0059366
712.86  44.5051  0.00697799  0.00146599  0.00210507
706.472  418.379  0.000888296  -0.000699235  0.00383103
710.978  16.3111  0.00626912  -0.005279  0.0231337
724.793  69.6355  0.0125917  0.00285293  0.00259129
724.569  544.769  0.013564  -0.00392303  0.00369249
731.594  134.151  0.00136621  0.000228986  0.00404256
727.957  346.837  0.00803804  -0.00156874  0.00402504
736.805  494.6  0.00211712  -0.000222208  0.00264923
757.144  525.89  0.00109157  -0.00112059  0.00660145
730.759  529.986  0.00241402  -0.005499  0.023583
761.395  327.918  0.000960441  -0.000313023  0.00502308
755.971  289.527  0.00455945  0.000883139  0.00559699
743.567  160.875  0.00189503  -0.00071779  0.0051767
767.107  82.5998  0.0163736  0.000620499  0.0163736
775.781  445.672  0.00191088  0.00175319  0.0118177
793.448  294.727  0.00115527  3.3619e-05  0.00399486
779.504  187.955  0.0106635  0.00117131  0.00743821
773.966  129.525  0.000728048  0.000270348  0.00340319
809.85  420.283  0.000739041  3.09673e-05  0.00262662
813.277  94.1879  0.000668119  -5.27319e-05  0.00130828
818.522  249.957  0.00144093  -0.000623446  0.000868302
819.683  527.072  0.000719603  -1.43422e-05  0.000898057
807.898  188.902  0.00125121  -0.00133093  0.00237747
814.994  230.487  0.0163736  0.000620499  0.0163736
806.045  62.4014  0.000715188  -0.000223027  0.00284752
817.899  343.765  0.0169553  -0.00567504  0.00758773
827.241  142.026  0.00468297  7.20344e-05  0.000563444
825.876  46.3236  0.00446162  -0.000317189  0.000734419
820.91  323.694  0.000975584  -7.3695e-05  0.000449808
828.504  363.176  0.00138811  0.000320324  0.00406206
822.391  246.094  0.00181854  0.00018507  0.000654177
830.276  554.776  0.00229267  0.000363689  0.00122101
839.39  184.319  0.0213568  -0.00539279  0.00826133
816.296  189.297  0.00140991  -0.0018427  0.00817238
841.241  207.659  0.013569  0.0044833  0.0125331
855.552  623.398  0.007705  0.0021981  0.0176215
24.142  189.486  0.0130341  0.000714024  0.00409341
27.1619  651.86  0.00545583  0.000187479  0.0161643
33.4216  370.441  0.0148724  -0.00175126  0.00449829
42.0316  563.282  0.0115589  -0.000183111  0.00510037
55.7829  27.4568  0.000602573  0.000100506  0.00243007
63.1892  315.909  0.000584301  -0.000272753  0.000816501
50.9366  323.406  0.00177881  -0.000161652  0.000321357
102.423  116.869  0.00571447  0.00227362  0.00217637
106.243  53.0377  0.00248143  0.000194859  0.00579585
136.253  231.338  0.0018022  -0.000361186  0.00185012
168.402  559.238  0.00180277  -0.000830391  0.00238072
180.531  43.9881  0.00259753  0.00119783  0.00553558
215.489  165.259  0.00183663  0.00221556  0.00776213
226.99  112.899  0.00174337  -0.00032834  0.000751743
237.003  319.72  0.00244473  -0.00194562  0.00719845
245.096  21.5055  0.00105541  0.000569493  0.0231161
267.78  607.191  0.00199279  -0.00207445  0.00404448
305.771  54.3802  0.00358538  0.00106023  0.00269647
344.452  473.623  0.00181629  0.000511621  0.00506856
362.199  154.308  0.00309592  -0.000109783  0.00454402
360.833  605.094  0.00503702  -0.00073739  0.00537192
374.657  70.2062  0.00132411  0.000685249  0.00294892
399.417  437.591  0.00367801  0.000135933  0.000954155
402.71  68.6686  0.00648259  -0.000872087  0.00316839
407.063  587.9  0.000588506  1.96972e-05  0.000167521
450.802  150.486  0.000687509  -0.000136432  0.000575676
434.088  120.197  0.000713094  0.000863301  0.00635755
512.559  193.137  0.000829155  -0.000280552  0.00103672
520.593  76.294  0.00100524  8.20728e-05  0.000832623
513.224  143.466  0.00348921  0.000640297  0.00558802
582.561  102.282  0.000783088  0.000176645  0.000816833
556.708  602.563  0.00053595  -6.37474e-05  0.000283793
587.251  578.861  0.0011817  0.000212057  0.0038892
615.028  445.229  0.000688184  0.000734437  0.00377895
607.962  78.3835  0.000507645  0.00048373  0.0035972
619.307  155.013  0.00392743  0.00227212  0.00225022
627.852  627.366  0.00705187  -0.00246728  0.00745408
635.73  443.757  0.00289966  0.000473018  0.00333296
646.39  95.9456  0.00279931  -0.000525367  0.00102455
634.691  82.3663  0.00269341  0.000872322  0.00183124
696.211  142.099  0.00195742  3.82713e-05  0.000399715
714.46  480.976  0.000683258  0.000171834  0.000999163
801.288  127.977  0.000287545  2.795e-05  0.000712233
815.994  91.3179  0.000691056  8.87841e-05  0.000495122
798.726  189.236  0.000466254  -0.000531854  0.00195515
793.673  62.6268  0.000314581  -1.31287e-05  0.00265011
811.303  127.727  0.000514871  -8.49769e-05  0.000508149
817.184  121.662  0.00179996  -0.00035588  0.000377254
815.111  424.832  0.000510749  -6.7382e-05  0.00161645
815.239  321.328  0.000886652  -0.000172967  0.000338134
813.445  481.254  0.00056035  -5.05728e-05  0.000673363
816.582  557.476  0.00079981  0.000386755  0.00064956
819.818  595.133  0.000600293  -5.38996e-05  0.000210836
843.103  208.492  0.00611903  0.00224474  0.0056796
147.461  407.21  0.00153032  -0.000676195  0.00394163
206.554  49.0573  0.000364743  0.000136403  0.000741273
196.997  365.165  0.000786646  -0.000159067  0.000177831
171.606  306.631  0.0012702  -0.000692114  0.000737982
224.491  58.201  0.000291182  7.8152e-05  0.000618877
227.941  143.324  0.00201016  0.00147338  0.00149188
230.671  128.633  0.000358343  -0.00023736  0.000660204
267.688  287.46  0.000559183  7.47564e-05  0.000263384
335.134  332.424  0.00108541  0.00020255  0.0008224
342.986  164.974  0.0010688  0.000958531  0.00223861
365.495  101.294  0.00169671  0.000327483  0.00034447
332.652  180.016  0.000230223  8.17855e-05  0.00106376
406.512  299.125  0.000561588  0.000152437  0.000328515
452.565  384.513  0.000767333  -0.000842043  0.00141893
510.242  146.579  0.00286423  -0.000224089  0.00284174
591.978  587.292  0.000587327  -0.000529663  0.00147543
611.65  166.72  0.00246568  0.00123303  0.00283836
644.489  350.152  0.00178754  0.000332933  0.000195542
708.661  351.527  0.000713396  -0.000177795  0.000769672
818.744  226.242  0.000931752  1.31109e-05  0.00027939
823.763  272.973  0.00179808  -5.86729e-05  8.47974e-05
816.603  307.205  0.000682877  -3.61453e-05  0.000242939
810.855  470.974  0.000495497  0.000189213  0.00037176
819.176  390.157  0.00191317  -0.000745679  0.000549301
803.96  586.809  0.00029515  -8.66606e-05  0.000237319
812.36  586.507  0.000632818  -1.88153e-05  0.000163901
