1.0
637
15.2452  590.659  0.0181874  -0.00346395  0.00625068
19.9817  434.091  0.00637545  -0.00496334  0.0171781
17.0691  331.826  0.0109539  0.00161517  0.00441488
19.8366  357.693  0.0470109  -0.00485205  0.00541851
21.3846  287.173  0.0321304  -0.00491407  0.0267286
44.2134  371.021  0.0036604  0.000234989  0.00153814
35.0068  417.588  0.0249751  0.00951082  0.0180645
38.2002  333.265  0.0071883  5.61675e-06  0.00141356
46.6115  347.309  0.0154165  0.00377634  0.0320715
45.2518  370.225  0.00408629  -0.000530458  0.00171626
54.2454  420.759  0.00270455  0.000407934  0.0059467
47.6809  535.362  0.018285  -0.0111301  0.0202908
54.0674  484.404  0.0215013  0.00422525  0.00914573
56.6062  323.955  0.0118065  0.000703188  0.00249536
36.5824  403.596  0.00211538  0.00130797  0.0069531
65.4592  428.24  0.0177734  0.00563883  0.00337092
57.838  413.232  0.00418049  0.00256935  0.00371298
60.98  326.612  0.00836544  5.66066e-05  0.00190323
58.9071  610.296  0.00243195  0.00142627  0.00296201
61.6656  398.133  0.0118452  0.000196304  0.00110348
71.3197  357.599  0.00158337  -0.00123619  0.00292643
68.3034  473.259  0.00195971  5.19239e-05  0.00221543
74.2143  586.207  0.016145  0.0025328  0.0275503
70.7044  319.786  0.001523  0.000608918  0.00367014
80.4461  276.403  0.00211436  0.000858854  0.00130714
76.4382  394.881  0.00129318  -0.000518794  0.00169548
99.1012  243.556  0.00156164  -0.000144772  0.00489671
90.8545  410.648  0.00498063  -4.93053e-05  0.00959438
80.361  361.941  0.0011811  -0.000103212  0.00377466
77.4689  297.676  0.00134355  -0.00103031  0.00502291
91.5937  308.97  0.000971687  -0.00276884  0.0226912
101.787  391.939  0.00100214  8.11806e-06  0.00331037
99.5305  223.165  0.0159622  -0.00148779  0.0112056
96.1856  320.391  0.00665625  -0.00914429  0.0190408
105.009  487.43  0.0253806  0.000903868  0.00513429
117.527  454.882  0.00777783  0.00157367  0.0188561
120.437  571.457  0.00394319  -0.000750034  0.00142298
115.168  262.054  0.00412355  -0.00099587  0.00148845
122.149  226.704  0.00881399  0.000638665  0.00216803
122.294  277.458  0.00441773  0.00141084  0.00426864
127.927  496  0.00789302  -0.00233677  0.0112407
135.196  308.217  0.00206479  0.000729632  0.00155842
133.57  462.43  0.024972  0.012632  0.0109667
143.817  346.283  0.00133133  -0.00019411  0.00616157
135.726  294.161  0.0018107  -0.000561659  0.00329204
149.145  375.518  0.00164618  -0.000637309  0.00228568
144.845  485.466  0.00937793  -6.22512e-05  0.0015444
149.761  323.233  0.00471058  -0.00149317  0.00185258
146.31  602.775  0.0121798  -0.00108109  0.0126042
161.141  586.718  0.00174171  -0.00191771  0.0125757
148.886  366.257  0.00234282  1.28111e-05  0.000855592
155.735  414.036  0.00352247  -0.00175482  0.00288233
170.759  241.701  0.00394672  0.00533878  0.0422409
164.44  252.358  0.0251948  -0.00311251  0.0143389
169.672  522.387  0.00485993  -0.000947887  0.00176084
178.31  273.05  0.00260453  0.000242395  0.00376919
176.82  489.158  0.00497764  -0.00172485  0.0220306
181.108  561.038  0.00476961  0.00112753  0.0187225
186.48  348.246  0.028166  -0.0017063  0.00242789
180.48  313.909  0.00137699  -0.000464052  0.00273434
192.933  437.247  0.0186034  0.00337446  0.00580518
197.085  617.251  0.00404627  0.00709472  0.0266547
188.888  561.441  0.00381339  -0.000405383  0.0152585
198.044  175.658  0.0114524  -0.00406087  0.00619255
198.818  409.276  0.00629209  0.0057221  0.0389029
197.478  602.005  0.00512736  0.00182261  0.0026052
199.233  449.122  0.0239786  0.0149808  0.012007
201.823  418.108  0.00528358  0.000355819  0.017777
194.13  216.631  0.00435878  -0.000161509  0.0067614
194.934  301.197  0.00224024  0.00549416  0.0538914
203.55  469.029  0.0189781  0.00226072  0.0224228
215.794  439.941  0.00541998  0.00267352  0.00370482
204.408  349.44  0.00642043  0.000661955  0.00496733
209.995  408.205  0.0066877  0.00236151  0.0319536
204.914  607.607  0.00140697  0.000446343  0.0022438
223.485  176.936  0.00150929  -0.000131763  0.00125262
217.376  427.564  0.0258267  -0.00193431  0.0239105
226.612  443.525  0.000982867  -0.000114195  0.00108424
221.358  289.35  0.0312079  0.000738616  0.0184974
223.365  315.418  0.0345427  -0.00274205  0.00267989
225.234  146.909  0.011935  0.00590759  0.00676889
226.12  331.056  0.0411144  -0.00377823  0.00179356
225.324  367.729  0.0103782  0.000273052  0.000580877
228.663  598.384  0.00227198  0.00129318  0.00310705
235.836  294.773  0.0044305  -0.00166047  0.0045042
234.244  417.074  0.0221781  -0.0049872  0.00507224
230.978  596.896  0.00455184  0.000246519  0.00237753
234.689  166.853  0.00182882  0.000422861  0.00553413
243.027  387.727  0.0163071  -0.00051888  0.00497059
245.74  185.878  0.00369103  0.00215182  0.00396729
248.415  320.755  0.0124874  0.00214657  0.00151853
242.677  429.678  0.0200239  0.000383243  0.000734498
246.39  454.268  0.00918896  0.0068496  0.01987
254.305  182.105  0.00216547  0.00260459  0.00650639
262.789  557.431  0.0169463  0.00436905  0.0321193
264.21  521.76  0.00636044  0.00150054  0.0010837
254.105  378.875  0.00525183  0.000403185  0.00204497
268.71  600.109  0.00335587  -0.000350926  0.00122907
274.39  272.729  0.00915925  -0.00136837  0.00404859
276.692  228.816  0.0348472  -0.000709751  0.00478487
256.359  338.546  0.00183726  5.65647e-05  0.00412606
277.2  496.131  0.0206288  0.00416109  0.0256338
267.373  317.238  0.00117323  -0.00096248  0.00298607
285.541  588.619  0.00479871  0.00142658  0.00249456
299.312  561.825  0.00137859  0.000562406  0.00208644
301.602  138.547  0.00190236  0.00216057  0.0158419
307.715  274.332  0.00171748  -0.000988661  0.00564919
304.512  354.31  0.00233588  0.00272526  0.0236324
292.925  542.245  0.00594679  -0.0046482  0.0125589
307.351  312.858  0.00124651  0.00033291  0.00364428
289.121  579.713  0.00329213  0.00153755  0.0241518
298.331  244.823  0.00248237  -0.00136781  0.00196922
295.644  313.581  0.00821358  -0.00112155  0.00269141
317.465  498.56  0.00133582  0.00311068  0.0241951
310.093  521.034  0.00267985  -0.000434612  0.00347701
325.858  475.54  0.00449612  -0.000540592  0.000754884
325.82  553.19  0.00931283  0.00334497  0.0125947
327.887  336.356  0.0276259  0.000775764  0.00877969
331.742  155.184  0.0360807  -0.00779848  0.01141
339.367  242.943  0.01792  0.00385019  0.0201286
331.738  490.994  0.00127084  -0.00103378  0.00628018
341.305  272.574  0.00647626  0.000703985  0.0144076
351.188  612.116  0.012242  -0.00131086  0.00387123
351.355  321.701  0.00221892  -0.000386061  0.00362375
348.582  135.227  0.0017826  0.000951553  0.0120538
362.57  218.119  0.0306691  -0.00118114  0.00549708
365.144  241.437  0.0306538  -0.00102283  0.00573192
363.726  267.323  0.00670823  0.00122043  0.00966965
373.669  132.643  0.00259111  0.000554972  0.00454982
363.535  405.827  0.00536455  -0.00169644  0.001734
368.399  391.063  0.00113464  0.000497135  0.00395916
382.416  447.598  0.00294815  0.000507981  0.00327463
372.66  139.574  0.00121938  0.000136069  0.00119814
378.406  189.698  0.0020599  0.00101653  0.00315903
376.659  261.526  0.0158081  -0.00219446  0.00267722
387.894  218.831  0.0307985  -0.00184273  0.0146122
390.332  237.625  0.0345926  -0.00478599  0.00669831
383.888  414.383  0.0026262  -0.000239887  0.0038672
396.432  99.2919  0.0153175  -0.00111928  0.0155384
393.063  261.387  0.0325026  -0.00246639  0.005739
390.872  549.76  0.00395787  -0.00152516  0.00429297
393.942  604.593  0.00573319  -0.00114932  0.00271334
399.833  211.513  0.0258327  -0.00338772  0.00531094
398.689  126.522  0.00753921  -0.00111201  0.0218792
401.08  479.778  0.011453  0.00322299  0.0226112
394.932  580.264  0.00710006  -0.00971212  0.020804
405.582  260.369  0.0306784  -0.00326156  0.00596367
407.216  387.721  0.00209105  -0.00103004  0.00454077
405.324  425.753  0.0158131  -0.010464  0.0122663
415.229  235.594  0.00893015  -0.00157874  0.00691246
417.851  620.665  0.00908224  0.000454824  0.0190165
407.453  401.006  0.00241753  -0.000173909  0.00181178
421.62  284.352  0.00447283  -0.000810702  0.00171032
409.434  550.464  0.00222787  0.000233553  0.00200874
419.967  209.357  0.0323312  -0.00240706  0.00494037
417.74  93.1133  0.00503604  -0.00597243  0.0194898
416.267  112.8  0.00496627  -0.00460032  0.00836068
426.631  193.227  0.00228772  -0.00456613  0.0205487
424.802  256.729  0.0355833  -0.000600056  0.00579298
421.551  453.711  0.00582151  -0.000766295  0.00142778
438.174  606.593  0.00435434  0.00370033  0.0103075
418.69  333.724  0.00283772  -0.000711988  0.00227112
420.699  461.924  0.0070769  -0.00283224  0.00409386
433.13  212.675  0.0288688  -0.00185363  0.0135911
424.18  557.094  0.00510165  0.00786487  0.0211568
443.26  609.456  0.00466198  0.000909615  0.00193286
444.487  254.969  0.0020135  -0.00105881  0.00529997
442.776  122.632  0.012141  0.00141528  0.00782521
445.084  542.919  0.00444275  0.000743834  0.0132079
438.325  522.438  0.00106199  0.000229249  0.00486391
453.021  476.095  0.00415854  -0.000822773  0.00134167
460.813  381.941  0.00109686  -0.000284174  0.00117513
456.5  570.877  0.0106572  0.00342718  0.029354
458.745  106.317  0.00243345  -0.00348464  0.0209283
451.54  507.376  0.00286133  -0.0033717  0.0321511
466.259  517.199  0.00974501  -0.00272186  0.00151225
464.856  175.187  0.012243  0.000861231  0.00164547
470.19  256.058  0.0288666  0.000480545  0.0165257
469.811  212.238  0.0196491  -0.00715477  0.0219933
477.101  282.934  0.00411695  -6.49371e-05  0.00230767
472.721  371.752  0.00491055  -0.00175379  0.00147639
474.549  181.969  0.028945  0.00755821  0.00760697
494.309  543.602  0.00185533  -0.00214323  0.0254576
488.823  373.643  0.00560556  0.00102236  0.00266416
486.305  277.781  0.00492435  -0.000232544  0.00175105
489.469  109.979  0.00383618  0.00124784  0.0109591
481.209  427.787  0.00549902  -0.00236771  0.0029068
480.148  262.966  0.00165289  0.00281014  0.0417899
494.151  308.538  0.00344705  -0.000134847  0.00130811
493.306  275.355  0.0226197  0.00313764  0.0234941
494.9  583.485  0.0193584  0.0038163  0.00833794
492.07  487.087  0.00199207  -0.000913772  0.00183256
508.684  281.914  0.035154  -0.00563975  0.00447722
510.298  296.543  0.0390955  -0.00467556  0.0015601
529.447  517.396  0.00251287  0.000819551  0.00248519
507.319  382.464  0.00221568  0.00109559  0.0055347
522.267  308.725  0.0291196  -0.00062457  0.00409036
531.233  428.76  0.0105272  0.00425711  0.00689793
525.211  257.793  0.00402876  0.00289227  0.0412922
531.225  284.119  0.0101373  0.00360131  0.00641215
541.541  471.442  0.00406734  0.00130472  0.00299104
544.601  362.341  0.00313063  0.00156679  0.0285454
543.835  515.288  0.00445466  0.00147164  0.00755169
546.067  403.925  0.00350898  -9.55141e-06  0.00119028
547  387.26  0.0064008  -0.0021598  0.00211959
550.576  616.019  0.00846427  0.00533293  0.00602972
548.769  424.312  0.0147931  0.00887945  0.0221381
551.51  177.494  0.00774835  -0.000941696  0.0110274
558.07  612.67  0.00197141  0.0020306  0.00714324
552.928  534.557  0.00600828  -0.00236444  0.0094547
548.369  396.598  0.00219608  -0.000642205  0.00177678
551.262  478.02  0.00373596  -0.000955375  0.00772777
550.499  149.701  0.00613649  -0.00134741  0.00244475
553.89  506.899  0.00476853  0.00407206  0.0052399
553.419  242.454  0.00258041  0.000887846  0.00327916
561.145  563.384  0.0135294  -0.00197399  0.021526
564.268  198.201  0.00222764  0.000176172  0.00199143
553.979  312.881  0.00250869  -0.000298094  0.00227897
560.735  348.147  0.00367162  -0.00175177  0.00729592
574.625  524.775  0.00484089  -4.40513e-05  0.0132399
575.534  151.59  0.00611077  0.00328553  0.00318523
587.413  271.531  0.00170649  0.00229127  0.00673569
565.98  334.488  0.00138106  -0.000211036  0.00550965
569.053  180.411  0.00239255  0.000621303  0.00876113
581.67  587.735  0.0181403  0.00098534  0.00679695
566.431  211.379  0.00253763  -0.00130632  0.00482269
580.688  226.601  0.00298346  -0.00667364  0.0189482
581.784  251.364  0.00390325  0.00299336  0.0062306
568.442  303.396  0.00133919  -0.00133006  0.00872848
603.531  91.563  0.00186555  0.00165301  0.010466
595.452  494.296  0.0112468  -0.00472518  0.017183
607.379  282.515  0.00285954  0.000197332  0.00166111
594.175  374.813  0.00403545  0.00387575  0.00952247
597.173  231.563  0.00798219  -0.00973519  0.0215957
604.189  518.542  0.00471726  0.00427231  0.0124128
606.033  269.722  0.00359862  0.000310222  0.00818494
617.762  155.872  0.00225112  -0.000646453  0.00310891
606.2  136.121  0.00903972  0.00456609  0.00469086
615.333  174.186  0.00381381  0.0037222  0.0111425
606.556  344.737  0.00471321  0.00586814  0.0256689
610.389  531.27  0.0137249  0.00607976  0.0134869
613.668  320.602  0.00830923  0.00270431  0.0115968
604.531  352.707  0.00224468  -0.000690049  0.0212202
610.281  91.1389  0.00477138  -2.24303e-05  0.0098458
626.502  171.776  0.00534766  0.00314829  0.00465329
612.002  280.405  0.0019622  -0.000279866  0.00197739
609.016  461.159  0.00259401  -0.00309632  0.0112935
625.946  601.952  0.00438199  -0.00222508  0.00803879
629.631  247.822  0.00230033  0.00105258  0.011386
622.447  621.138  0.0105288  -0.002908  0.0126518
628.805  287.49  0.00397145  0.00563718  0.0173893
627.751  565.053  0.00307196  0.00319821  0.00546982
630.882  270.882  0.0249502  0.00795895  0.0269571
639.085  99.5892  0.00885472  -0.000810808  0.00169269
646.443  220.996  0.00132121  0.000258271  0.00849834
620.204  605.701  0.00228464  0.000304119  0.00261554
634.576  321.664  0.0027971  -0.00252212  0.0112626
630.654  471.933  0.00270181  0.00156413  0.0190971
635.014  550.954  0.00765023  0.001659  0.00195931
645.39  304.668  0.00473162  -4.87034e-06  0.00960262
638.631  101.559  0.00703455  -0.000831882  0.00214918
649.9  351.571  0.00865728  0.00125679  0.00968929
648.819  241.876  0.00995805  0.00326075  0.00599383
664.686  258.681  0.0036681  0.00379981  0.00901319
649.989  423.08  0.0170308  0.00530369  0.0177784
650.351  620.337  0.00495827  0.000387432  0.00314493
662.187  596.428  0.00165901  -0.00137129  0.00320311
662.444  224.228  0.0112679  -0.00483441  0.00463018
663.458  404.199  0.0138151  -0.00434695  0.00453413
671.446  162.492  0.00342559  -0.000710128  0.00194927
667.526  190.187  0.026873  -0.00273559  0.00390656
676.562  595.693  0.00354746  0.0010067  0.0027885
671.486  291.281  0.0101025  0.00285046  0.00852181
673.582  258.271  0.0129614  -0.00407174  0.00409169
668.557  337.012  0.00690749  0.00598208  0.0144135
682.922  445.963  0.00364696  0.00265221  0.00427259
674.605  269.489  0.0231677  0.00251594  0.00142006
675.974  380.031  0.0238517  -0.00483854  0.00939653
679.259  188.885  0.0272352  -0.00306351  0.004043
682.924  158.744  0.00383517  0.000667052  0.00118191
683.635  286.372  0.0445564  0.00947838  0.00767505
681.748  625.185  0.0181133  0.00824996  0.0328691
694.196  540.784  0.00214089  -3.80895e-05  0.00410913
694.215  242.683  0.00307304  -0.00270336  0.0176614
687.239  258.18  0.0282691  -0.00100691  0.00346143
689.548  226.398  0.00123261  -0.000349863  0.00112157
698.444  251.766  0.0108865  0.00146828  0.00521379
701.68  449.946  0.00526662  -0.00131593  0.00500045
696.164  370.914  0.0315353  0.000642767  0.0162398
698.826  501.264  0.00341894  2.30372e-05  0.00310105
699.889  541.504  0.00242672  0.0040655  0.0138773
694.696  342.064  0.0036288  0.00100153  0.004069
697.773  295.025  0.010153  -0.00569043  0.00560332
700.399  320.629  0.00477344  -0.00569074  0.0130877
706.161  627.945  0.0117937  -0.00353138  0.0136114
714.241  478.983  0.00577269  -0.00355815  0.00479198
703.825  270.203  0.00433214  -0.000596684  0.00285708
711.103  585.003  0.00432513  -0.000209013  0.00511336
716.002  538.854  0.00318993  0.00238191  0.00623745
718.085  402.435  0.030292  -0.00270757  0.0084738
726.407  247.683  0.00321595  -0.000246817  0.00257763
716.285  469.398  0.00175007  0.0010444  0.00253078
734.476  420.715  0.00331435  -0.0056524  0.016536
738.357  562.581  0.00174834  0.00134697  0.00402837
731.611  527.67  0.00325047  0.00130254  0.00536263
719.132  587.33  0.00206064  -0.00271851  0.0109057
736.601  606.013  0.0156535  -0.00891837  0.0172164
744.86  577.501  0.00108067  0.00173094  0.0104951
755.978  346.551  0.00209208  -0.000179174  0.00185499
740.988  550.589  0.0048074  0.00840743  0.0217488
753.963  421.48  0.0101457  0.000535716  0.00122786
765.507  496.072  0.00170912  0.000168497  0.0068609
763.726  455.515  0.00380855  -0.00166764  0.00734102
763.545  604.15  0.00634498  -0.00196213  0.013047
769.691  289.73  0.018978  -0.0010303  0.00166097
771.237  350.128  0.0172342  -0.00983266  0.0156431
766.058  390.988  0.0037735  0.00129994  0.00308225
760.82  243.418  0.00199053  -0.000227459  0.00182514
766.211  490.672  0.00225357  0.000632857  0.00683157
780.806  487.218  0.00679154  0.00379443  0.00501652
774.112  175.96  0.026339  -0.0012482  0.00345031
766.057  244.601  0.00204541  -0.000331348  0.00121141
776.528  527.765  0.00952531  -0.000422455  0.00182045
777.336  615.236  0.010685  0.00481082  0.0117074
782.917  446.395  0.00493895  -0.00201162  0.00428022
782.488  468.554  0.0102111  -0.00294638  0.00604819
24.5139  358.406  0.00712007  -0.00118556  0.00593212
20.0704  280.597  0.0347802  -0.0107098  0.0063282
35.0869  461.586  0.00165761  -0.000363959  0.00078213
27.4401  396.947  0.00172738  -0.000254383  0.000797785
34.7862  321.546  0.00627375  -0.00250969  0.00195957
50.0829  467.775  0.0103359  -0.00109185  0.0008473
57.8412  416.633  0.00290901  0.000743473  0.00209995
62.9139  324.91  0.00543997  0.000526676  0.00172867
70.6498  348.419  0.00207317  -0.000868046  0.00103241
69.6059  579.598  0.00310601  0.000907174  0.00529306
94.6324  261.808  0.000825278  0.000362624  0.000871162
65.8997  406.189  0.00131635  9.14885e-05  0.00094397
82.4389  288.683  0.000559912  0.000262656  0.00096245
79.7822  361.283  0.00159336  -0.00101601  0.00471681
98.3192  571.804  0.00749479  0.00213358  0.00642316
97.2877  540.74  0.00949276  -0.000151953  0.00751917
94.3838  484.481  0.00450266  0.000768101  0.00204376
100.889  318.101  0.000266449  0.000203506  0.00213737
85.2286  438.859  0.00287933  -0.00319898  0.0058658
106.763  357.284  0.000560098  9.87005e-05  0.00127242
125.701  544.758  0.00419463  0.00183775  0.00183484
137.813  314.981  0.00107329  -8.24754e-06  0.000805395
120.741  546.995  0.00310906  0.00113325  0.00152998
124.957  581.135  0.00235506  8.58695e-05  0.00671174
147.846  346.678  0.0020843  -0.000243582  0.000636917
144.198  397.725  0.000688046  0.000250942  0.00260608
135.439  309.066  0.00136806  0.000410793  0.000923171
145.564  603.02  0.0148815  0.00139213  0.0162579
139.819  409.589  0.00104911  0.00140334  0.00948674
170.561  448.777  0.0024216  -0.000358021  0.00956701
144.732  234.447  0.000914562  0.00021985  0.000935348
176.928  251.15  0.00191519  0.00050848  0.0144575
170.358  525.442  0.0030689  0.000572137  0.000739283
167.693  514.35  0.00226487  0.000817562  0.00783408
185.428  602.666  0.00197793  -0.00157263  0.00337384
177.638  561.959  0.0137357  0.00321289  0.015711
191.611  441.466  0.0190984  0.00571331  0.00439549
192.854  231.893  0.0045356  0.00306488  0.0229782
195.923  210.251  0.00796725  0.00305589  0.00254075
201.1  382.536  0.000539813  1.66992e-06  0.00134199
210.718  434.781  0.00266176  0.0016501  0.00295616
205.087  439.774  0.00170162  0.000144372  0.00118254
211.887  550.438  0.00239756  0.000114875  0.000917734
212.012  345.573  0.00324364  -0.000539009  0.00471134
208.602  184.972  0.0106909  0.000907629  0.0158517
212.218  596.232  0.00147181  0.000528239  0.00151704
226.176  525.877  0.000730791  7.73833e-05  0.000857414
223.173  316.16  0.0210348  -0.00106452  0.00275115
225.736  147.682  0.00688427  0.00353783  0.00677211
228.163  351.51  0.0300779  -0.00241383  0.000473433
220.333  386.352  0.00259793  0.000669119  0.00124188
237.828  607.086  0.000356034  -0.000109348  0.00243358
239.527  164.927  0.00155475  0.00110745  0.00350619
233.599  299.776  0.00438859  0.000445375  0.00203605
243.509  411.142  0.0222244  -0.00161132  0.00328017
239.385  442.375  0.00775094  -0.00346879  0.00329534
269.852  181.901  0.000653902  7.59606e-05  0.00480709
264.452  142.836  0.000391574  0.000926751  0.0139913
275.716  596.565  0.00122993  0.000273199  0.00150547
271.161  230.49  0.00532199  -6.98562e-05  0.00575754
265.078  324.892  0.000879476  -8.8613e-05  0.000796715
284.268  332.943  0.00802167  -0.000151235  0.000567172
270.713  433.505  0.000831383  -0.000236293  0.00302223
315.029  278.43  0.000828874  -0.00031092  0.00264156
295.554  543.834  0.00815974  0.000356886  0.0117274
315.836  228.538  0.00060158  3.51236e-06  0.000538453
284.249  358.061  0.00148446  0.00479477  0.0232812
306.644  290.834  0.000993483  0.000125669  0.000580336
310.542  541.832  0.00399169  -0.000394994  0.000984352
309.124  418.509  0.0175776  7.46339e-05  0.0107098
337.531  426.812  0.00177887  -0.000592487  0.000899937
325.857  474.415  0.00256978  -0.000495541  0.000726399
334.781  395.645  0.0039899  -0.00220941  0.00701702
329.851  487.048  0.00158093  -0.000871268  0.00257885
356.353  596.947  0.0124948  0.00469582  0.00285325
352.555  301.027  0.00287121  0.000448152  0.00105861
375.506  123.521  0.00253845  0.00241238  0.00475602
359.983  336.082  0.0158497  0.000281343  0.0163722
355.356  220.805  0.0043516  0.00103989  0.00506566
378.379  104.181  0.00307675  -0.000128615  0.00296768
373.298  234.687  0.0159032  -0.0052169  0.00960314
358.884  595.3  0.00188583  0.000926183  0.00206105
374.818  399.487  0.00284952  -0.00185074  0.00245034
399.585  125.516  0.00781443  0.00177483  0.0120116
410.463  216.18  0.00484847  -0.00486225  0.00850834
381.179  290.52  0.000553761  0.000305877  0.00160965
381.871  484.106  0.00194572  0.00536053  0.0256406
386.195  597.394  0.000722638  0.000189387  0.00122656
392.316  148.584  0.00206965  -0.000932329  0.000935321
391.652  152.255  0.00156248  -0.000429252  0.00132341
415.326  258.198  0.00237089  -0.000358697  0.00452313
401.79  386.311  0.00636112  0.00197872  0.00815548
402.572  424.135  0.00913686  -0.00344337  0.00496829
419.52  239.337  0.00675216  -0.00276139  0.00431397
409.938  542.912  0.00162417  0.00085294  0.00116189
418.267  619.426  0.0111407  0.00127331  0.0093321
411.521  213.768  0.00182189  0.000516735  0.00422974
427.814  97.2381  0.00489141  -0.00812628  0.0173203
440.093  109.44  0.000524409  0.000461448  0.00640166
421.082  339.786  0.0024573  0.00193489  0.0206421
436.569  416.585  0.000920008  -0.00193193  0.00789153
421.099  362.341  0.000857064  0.000345604  0.000683995
431.047  526.547  0.00240113  -0.0012448  0.00472878
451.019  252.636  0.00100415  -5.92237e-05  0.00194389
431.539  289.034  0.00101257  -0.000654071  0.00144395
420.006  120.399  0.00392903  -0.00384875  0.00574905
464.599  620.046  0.00115508  -0.0011886  0.00650458
428.191  113.611  0.0063726  -0.00939208  0.0165292
444.803  227.282  0.0159749  0.00239054  0.0141263
437.976  416.722  0.000573213  -0.000365018  0.00525459
436.319  98.393  0.00163838  -0.00394271  0.0134755
457.325  563.734  0.00926651  0.00194445  0.00539829
462.543  201.765  0.00482394  0.000896243  0.00694733
459.512  115.503  0.00564288  -0.00182235  0.0192306
462.133  603.867  0.0088827  -0.00306646  0.0169235
464.373  266.962  0.0129829  0.00177009  0.0170755
465.157  156.192  0.0155582  -0.00176334  0.00236273
445.999  245.115  0.00141978  -0.000767807  0.00287213
487.591  289.513  0.00173971  -0.000646556  0.00276124
491.833  320.494  0.00320972  0.00147403  0.00281701
469.398  517.613  0.00243198  -0.00123984  0.00163639
483.749  419.695  0.0046607  0.000266265  0.0011787
496.063  109.95  0.00170604  -9.93562e-05  0.0127221
493.285  557.861  0.00249437  0.00342543  0.0147095
512.533  622.161  0.00863052  -0.000425841  0.0151681
507.652  107.892  0.000715341  0.00110753  0.0120317
523.863  121.161  0.000723487  0.000228325  0.00605192
498.861  404.415  0.00138427  0.000538588  0.000877811
513.755  279.793  0.00521981  -0.0027426  0.00693118
504.362  476.841  0.00648294  -0.00544658  0.0059311
533.703  284.763  0.00680607  -0.00380151  0.00922139
541.401  476.115  0.00161058  -0.000990658  0.00551179
548.472  144.863  0.00157448  -3.78134e-05  0.000579353
526.633  567.098  0.000905969  0.00091498  0.00327928
529.848  273.052  0.00236832  -0.000178084  0.00160876
537.483  308.482  0.00532409  0.00120817  0.00638428
544.956  515.256  0.00275978  0.00252028  0.00832864
536.135  341.296  0.00336917  -0.00152492  0.00179777
543.828  389.366  0.00288836  -0.000208382  0.00104625
560.987  468.503  0.0174468  0.00316876  0.010894
561.237  558.703  0.0114959  0.0014733  0.00544448
579.64  618.23  0.00117286  0.000580088  0.00753533
559.363  350.855  0.00664221  -0.00130397  0.00121619
561.079  195.251  0.00270491  0.00109523  0.00313483
585.691  120.103  0.00123259  0.00120923  0.00777844
591.497  149.708  0.000707869  0.000465613  0.00275622
563.516  330.79  0.00141842  -0.000692715  0.00298518
566.468  300.733  0.00148855  6.36582e-06  0.000779174
562.062  202.745  0.00199222  -0.000126691  0.000855788
586.047  587.514  0.00380785  0.00232903  0.0128733
582  357.774  0.000534051  -5.31866e-05  0.00352946
596.027  92.9797  0.00119857  0.00152378  0.0143785
595.172  477.587  0.00280034  -0.00162169  0.0210947
595.676  492.557  0.0115155  -0.00542966  0.00844556
578.41  316.014  0.000799632  -0.000788259  0.00569693
612.279  290.633  0.00101056  -0.00128635  0.0157729
587.36  368.863  0.000560872  -0.000263086  0.0041691
590.052  270.532  0.000929452  0.00116634  0.00737627
607.042  461.273  0.00182108  -0.00101333  0.0148403
606.593  173.183  0.000321912  -0.000473561  0.00262245
612.521  534.966  0.00720842  -2.57621e-05  0.00583883
611.705  321.609  0.0108796  0.0090721  0.0113002
604.037  478.138  0.00173408  0.000370816  0.0124072
652.365  243.121  0.00104813  0.000137537  0.0015027
629.948  71.0367  0.0199557  0.00355295  0.00682052
637.698  147.263  0.00494165  -0.00461768  0.00539688
652.403  237.238  0.00196719  -0.000273678  0.000999577
655.378  313.54  0.00238666  0.00362001  0.00840503
637.184  472.341  0.00101883  -0.00197327  0.00615688
649.595  301.294  0.00333779  0.0048337  0.00992734
628.624  550.095  0.00201598  -0.00267523  0.00644031
665.038  266.599  0.00229659  -0.00030956  0.00218479
644.018  419.922  0.00532002  -0.00458861  0.0142047
652.004  150.979  0.00171439  -0.000768039  0.00149352
658.397  238.203  0.00187533  -0.000968311  0.00135966
663.504  611.245  0.00310357  0.00333804  0.00509461
660.087  370.924  0.00400768  -6.60052e-05  0.00100788
657.584  535.442  0.00162835  2.47716e-06  0.00597524
672.225  193.126  0.00525973  -0.00157349  0.00605147
672.242  307.427  0.00628847  0.00112952  0.00227318
673.868  289.745  0.0174338  -0.000766435  0.00919531
671.098  336.344  0.0125806  0.00732837  0.0112826
690.928  439.316  0.00326461  0.00240124  0.00246705
668.224  604.716  0.00297414  0.00329242  0.00574381
684.143  413.394  0.00212337  -0.00225772  0.00329031
691.926  443.492  0.00103413  0.000894014  0.00250191
715.95  298.655  0.00107893  -0.00121422  0.00610966
702.365  501.94  0.00284342  0.000164416  0.00261281
713.554  474.633  0.0041835  -0.00289839  0.00795693
722.683  450.704  0.00126128  0.00214133  0.0204578
713.604  290.262  0.00111154  -0.000463612  0.00134931
718.61  516.239  0.00741537  0.00587111  0.00633411
733.728  247.688  0.00205324  -0.00107735  0.00171106
722.811  583.991  0.00322852  -0.00257514  0.00612464
726.424  318.169  0.00659251  0.00591067  0.00834109
719.109  335.66  0.00185118  0.00383365  0.0138837
739.22  558.008  0.00187166  -0.00101327  0.00134
737.616  450.866  0.008636  -0.00230912  0.00971885
735.688  261.139  0.00257948  -0.00327399  0.00545567
746.224  425.652  0.00307498  -0.00381774  0.00805806
736.043  555.097  0.00198662  -0.00045354  0.00102942
759.994  422.653  0.00365685  -6.28896e-05  0.00170662
758.25  212.47  0.00490567  0.000957928  0.0207637
766.099  457.36  0.0053041  -0.000185643  0.0104663
751.515  607.862  0.00495145  -0.00624833  0.0115562
766.411  507.725  0.0184228  0.00544505  0.014357
770.291  299.751  0.0135294  -0.00174612  0.0171228
768.868  348.592  0.0200393  -0.00200166  0.0102705
767.915  492.396  0.00652146  0.000603273  0.00469425
761.344  248.479  0.00200016  -0.00158024  0.00359615
777.151  382.863  0.00501455  -0.0014972  0.00158629
775.896  516.005  0.0190023  0.00306197  0.00667627
773.778  548.134  0.00241057  0.000326705  0.0212726
25.2051  356.445  0.00678192  0.000419349  0.00402332
43.422  261.268  0.0010271  0.000281815  0.000453729
55.9675  417.279  0.00318918  0.00201606  0.00526679
100.829  257.922  0.00102265  7.35588e-05  0.000869352
97.9231  289.847  0.000294487  5.78122e-05  0.000268685
98.5974  223.867  0.00793807  -0.000241177  0.00763894
109.66  363.464  0.000201396  3.70855e-05  0.000365575
130.143  477.961  0.000411109  -6.03425e-05  0.000810383
103.444  315.008  0.000236182  -4.31857e-05  0.000362651
99.0344  278.731  0.000440933  -9.9407e-05  0.000572321
131.225  372.955  0.000329119  -0.000377077  0.00196135
139.55  319.316  0.000898194  -0.000206895  0.000440422
186.084  601.43  0.00152038  -0.00126637  0.00242991
218.996  449.438  0.000641085  -0.000181094  0.00102539
207.355  265.2  0.000598346  0.000573417  0.00103352
204.235  336.871  0.00244318  -0.000688626  0.00133943
203.152  386.081  0.000508448  -0.000178661  0.000801573
243.511  410.633  0.0102392  -0.000439406  0.00276629
256.312  179.964  0.000427875  0.000327789  0.00144769
310.983  237.429  0.000624548  -0.000258583  0.000843657
300.247  138.495  0.00141664  0.00125539  0.0110798
305.369  524.029  0.00340152  -0.00214476  0.00195633
326.711  409.142  0.00326791  0.000637538  0.000792468
311.762  229.869  0.000967927  -0.000604316  0.000995374
361.65  534.983  0.00045097  0.000149652  0.000408461
366.842  305.691  0.000840254  0.000317333  0.000398592
375.422  236.142  0.00540892  -0.001274  0.00634685
368.692  338.512  0.000296169  1.13126e-05  0.000671074
398.543  127.502  0.00716585  0.000872813  0.00761311
366.45  515.733  0.000324883  5.48549e-06  0.00193302
397.426  158.59  0.000207966  -5.26036e-07  0.000323815
404.629  360.506  0.00396685  -0.000188687  0.000327522
408.686  231.149  0.00235175  -0.000685655  0.00211101
446.981  414.035  0.000443435  9.40982e-05  0.00127898
452.397  552.403  0.00714687  -0.00180123  0.00113773
445.813  187.291  0.0017183  0.00111795  0.0012381
511.534  344.795  0.000531339  5.82145e-05  0.00056259
507.452  413.803  0.000625502  2.90874e-05  0.000495801
506.219  237.794  0.000397705  3.43373e-05  0.00151785
534.647  282.283  0.00394837  -9.46151e-05  0.00236302
537.728  495.393  0.00257604  7.37384e-05  0.000394478
517.349  489.321  0.000842925  -0.000477827  0.000886112
541.183  100.942  0.000340508  0.00135241  0.0104155
586.414  169.525  0.000666641  0.000383351  0.000770173
596.947  109.318  0.000889  0.00118015  0.00454663
563.12  324.656  0.00139908  -0.000510215  0.00128509
565.813  308.43  0.000692341  -0.000193079  0.000793868
579.901  354.866  0.00149895  -0.0013063  0.00186757
587.96  259.083  0.000154669  -2.83202e-05  0.000977189
626.099  470.193  0.0012769  -0.00267381  0.00814108
603.987  511.287  0.00367486  -0.000704665  0.000877481
597.016  156.46  0.000564898  -9.46623e-05  0.000755959
642.357  111.053  0.00495751  -0.00106983  0.000928206
671.437  519.495  0.000649371  0.000168705  0.000784505
673.668  289.225  0.00776352  1.20407e-05  0.00692012
669.218  589.862  0.0017098  -0.000921967  0.00250883
736.528  552.463  0.000969195  0.000110215  0.000337205
737.256  316.981  0.000455045  4.0637e-05  0.000252602
737.895  457.091  0.000769126  0.000904254  0.00399015
746.729  309.842  0.00135073  0.000722686  0.00135647
772.291  492.244  0.00395219  -0.000679418  0.00502792
772.091  172.84  0.0147058  -0.00235549  0.00359179
33.8422  471.751  0.00131959  -0.000130817  0.000432084
34.0184  286.993  0.00589804  -0.000582034  0.000241646
61.0574  407.812  0.0036876  0.00254026  0.00265586
111.113  339.004  0.000208694  -5.31354e-05  0.000224954
105.932  361.42  0.000234324  7.48818e-05  0.000226367
188.74  538.184  0.000288523  5.89581e-05  0.000355724
207.757  212.703  0.000482917  -0.000252124  0.00064644
204.789  240.682  0.000189541  -9.46834e-06  0.000211475
237.149  596.117  0.000181089  8.64387e-06  0.00131389
230.739  442.012  0.00196801  -0.00144628  0.00264622
228.089  208.17  0.000389136  0.000144659  0.000309908
370.531  406.595  0.00130111  -0.000493646  0.0013815
360.749  161.847  0.000391031  -5.22258e-05  0.000308097
410.026  243.717  0.00176025  -0.000131558  0.00082995
423.791  453.143  0.00220547  -8.18392e-05  0.00129763
429.003  525.914  0.00213588  -0.000925242  0.00236272
417.77  543.924  0.000299575  -0.0001503  0.000961996
466.14  329.659  0.00013607  -2.78441e-05  0.000226234
517.993  172.936  0.000521128  6.34897e-05  0.000149368
527.792  316.402  0.00317113  0.000460972  0.000246827
513.745  446.892  0.000330669  -6.76809e-06  0.000124823
503.173  499.432  0.00017512  -9.30685e-05  0.00105373
586.963  116.035  0.000670267  0.000352258  0.00256548
595.824  190.671  0.000208314  7.56583e-05  0.00024402
576.586  346.957  0.00101293  -0.000471994  0.000614935
602.253  253.643  0.00013228  3.07954e-05  0.000168838
620.601  468.223  0.00117556  -0.00134333  0.00277467
607.698  509.858  0.00207505  -8.61655e-06  0.000771343
637.858  598.336  0.000499122  -0.000272647  0.00393714
614.996  298.897  0.000175988  8.06675e-05  0.000242273
610.142  225.5  0.000243711  -0.000272208  0.000961536
672.075  527.323  0.000167344  -9.08518e-05  0.000179353
698.946  158.293  0.000238634  -0.000177536  0.00116078
698.146  197.371  0.00119866  0.000307215  0.000282444
719.956  294.283  0.00067595  0.000329419  0.000393965
727.03  540.645  0.000479609  -1.61993e-05  0.000265374
