1.0
682
667.267 106.43 0.0186947 -0.00633928 0.0152995
668.1 106.689 0.0135532 -0.00922345 0.00942092
583.445 6.56593 0.00473859 0.0113803 0.0363133
508.02 593.312 0.000313689 -0.000469952 0.00103671
524.185 601.24 0.000285668 -0.000528414 0.00114009
506.757 606.313 3.22038e-005 -1.66413e-005 0.000162364
776.391 391.936 0.0123778 0.00952847 0.0139442
193.189 607.99 0.00100252 -0.000821234 0.000822064
593.843 469.999 0.000196177 0.000142312 0.000150265
591.217 469.63 0.000187582 0.000132593 0.000146618
587.239 470.305 0.000179229 0.00012784 0.000153696
574.661 481.432 0.000182318 0.000143226 0.000177167
404.295 629.517 0.00458709 0.00906918 0.0193079
767.674 369.34 0.000317163 -7.73605e-005 0.000128839
583.758 459.212 0.0181189 -0.0192205 0.0245099
582.181 460.839 0.00302982 -0.00123625 0.00229901
568.777 474.536 0.0137659 -0.00730177 0.00547917
570.824 471.303 0.00257533 -0.000983271 0.0016186
346.969 505.926 0.000330131 -0.000481156 0.00077452
299.807 565.088 9.75039e-005 -8.53587e-005 0.000107549
281.639 536.024 0.00010675 -8.19588e-005 7.78518e-005
588.144 632.647 0.001165 -0.000787579 0.00284913
731.685 212.75 0.0131625 0.0141397 0.0172888
408.109 420.935 0.159957 -0.0612791 0.0245897
414.797 454.143 5.45018e-005 -3.36587e-007 3.73203e-005
509.116 529.26 0.000767375 -0.00173735 0.0377221
741.987 541.782 0.0218189 0.00964726 0.0158096
550.63 449.333 0.0477744 -0.0381673 0.0334841
505.917 470.625 0.0149302 0.00929236 0.0205436
464.157 558.586 0.0120852 0.00474059 0.0362221
540.514 302.212 0.000623348 -0.00051666 0.000448979
549.061 406.695 0.046137 -0.00355858 0.00411138
740.727 271.189 0.00258621 -0.000177493 0.00168824
789.095 271.405 0.00161109 0.000305145 0.000465748
670.704 329.276 0.024696 0.000179391 0.00467963
776.778 287.972 0.023304 -0.00658988 0.0172774
544.437 452.04 0.016356 -0.0108818 0.0102435
574.592 468.238 0.0491497 -0.036193 0.0282834
46.1496 415.069 0.13287 -0.0335882 0.00861075
580.371 465.113 0.0391652 -0.0276981 0.0218441
479.261 616.674 0.000249212 -0.00034474 0.000817857
566.167 441.472 0.0205831 -0.0100857 0.0219911
554.39 429.272 0.0174933 -0.015684 0.0144274
490.75 465.778 0.0386407 0.0462889 0.0636561
189.072 339.589 0.00119514 -0.000592075 0.00040723
376.875 428.661 0.0341751 -0.0421521 0.0553753
74.2885 434.76 0.0452886 0.0436735 0.0428982
513.838 487.697 0.00764635 0.00144166 0.00359539
32.5451 552.949 0.000794523 0.000145277 7.25523e-005
32.743 551.908 0.000784801 0.000138122 6.64582e-005
32.2189 555.257 0.000784212 0.000131877 5.98843e-005
318.853 373.095 0.00423985 -0.00918769 0.0228964
245.598 418.348 0.00140441 -0.000231174 0.00315187
6.26609 333.897 0.00278139 -0.000117572 0.00028359
514.223 383.188 0.00019568 -0.000140877 0.000293669
321.465 418.553 0.0252406 -0.0418478 0.0743742
75.708 588.285 0.00135767 -0.00023734 0.000188891
33.1493 627.888 0.0259643 0.00177642 0.000953466
776.563 246.34 0.00316042 -5.85471e-005 0.00290683
780.999 243.89 0.00117417 0.000960282 0.00233812
292.191 278.264 0.00394517 -0.00331014 0.0188022
303.339 271.358 0.000675919 8.59018e-006 0.000367069
216.266 279.13 0.000732569 -0.000266941 0.000177703
216 254.468 0.000312091 -7.27017e-005 3.58236e-005
404.043 337.433 0.00146436 -0.000758724 0.000602536
525.889 345.031 0.0127334 -0.00276116 0.000864913
227.121 398.846 0.00443524 0.00464192 0.00967467
213.265 522.088 0.154201 -0.0713157 0.0354108
581.346 287.389 0.0363173 -0.0247328 0.0172969
248.19 568.933 0.00339349 -0.00190105 0.00115806
151.148 542.115 0.000389099 -0.000393771 0.000481507
165.962 564.824 0.000333638 -0.000257078 0.000236742
355.2 626.877 0.000565161 0.000433628 0.00278574
354.442 626.899 0.000507766 0.000384073 0.00242399
69.5197 164.295 0.000503522 -0.000148766 0.000373431
64.6393 159.157 0.000355946 -0.000193772 0.000281497
237.955 221.455 0.0389099 0.00762917 0.0081452
443.088 294.36 0.000319564 -0.000146197 0.000187448
343.534 364.822 0.00472215 0.00489264 0.0154333
424.244 375.782 0.0296714 0.00271416 0.00218411
247.431 285.833 0.00341346 0.000345741 0.0040551
29.3873 362.496 0.0154324 -0.00500089 0.00164513
233.593 258.88 0.0107913 -0.00317423 0.00173504
268.606 277.997 0.00319635 -0.0035861 0.00626013
260.142 261.349 0.000854951 -0.000377533 0.000314377
351.801 288.669 0.00230026 0.000564332 0.00058203
345.768 295.645 0.000205745 5.44717e-005 0.000287067
543.414 384.243 0.0388899 -0.0242458 0.019512
780.16 209.253 0.00539912 -0.00367637 0.0100801
779.962 208.815 0.00442558 -0.0023127 0.00595752
12.6855 252.227 0.000910295 2.69919e-005 0.00163904
437.146 336.333 0.00798329 0.00471316 0.0108761
240.521 142.604 0.000964641 -0.000237841 0.000113663
273.924 188.993 0.00907459 0.00114628 0.00106901
281.56 251.47 0.0106344 -0.00556949 0.00686446
281.301 251.441 0.00844872 -0.00453154 0.00546098
278.926 249.942 0.00433644 -0.0028956 0.00322276
711.599 38.5864 0.00690806 0.00162648 0.0115549
231.847 214.193 0.00836523 0.00481185 0.00363072
491.121 481.947 0.00319841 -0.000633379 0.000453334
783.194 97.0956 0.0234155 -0.0196784 0.0170596
757.77 76.7811 0.00109632 -0.00108917 0.00115243
745.132 143.595 0.00397283 0.000269775 0.00090636
249.245 248.5 0.0220741 -0.00432968 0.00150863
307.568 259.455 0.00438994 -0.00677845 0.0426018
560.344 573.941 0.00656945 -0.00344526 0.002748
674.322 25.5 0.0163297 -0.00921078 0.0163672
629.734 247.862 0.00645342 -0.00143858 0.0114153
383.667 272.926 0.00581876 0.00238219 0.0055379
509.889 450.639 0.0327856 0.0381881 0.0518026
506.852 462.156 0.00662011 0.00162522 0.00108056
47.1 465.6 0.0570834 0.0600491 0.0684775
625.6 527.709 0.00325671 -0.001881 0.00211155
769.965 40.2541 0.000186307 -5.98961e-005 0.000112399
716.388 147.305 0.00309568 -0.00318138 0.00372115
736.659 149.884 0.000200224 -0.00022816 0.000674613
525.515 460.799 0.0310288 -0.00804335 0.00522498
361.157 309.783 0.0368555 0.00462925 0.00131716
525.628 448.141 0.00509453 0.00251842 0.016458
570.805 566.136 0.00337198 -0.00127929 0.00156014
565.593 568.448 0.0010317 -0.000123995 0.000679141
770.141 130.442 0.00208283 -0.00112584 0.00101441
689.689 157.122 0.00467075 0.00744576 0.0252415
523.081 157.929 0.000620547 0.000279205 0.000325903
405.314 262.568 0.0040517 0.00242607 0.0149776
650.926 276.13 0.0145639 0.000451195 0.00166105
410.747 589.438 0.03342 0.0348616 0.0385863
701.147 164.558 0.00435163 -0.00244062 0.00531812
696.765 161.609 0.00144309 -0.00105743 0.00298219
408.04 275.36 0.00279385 0.00198889 0.023394
729.079 507.737 0.0253587 -0.0029567 0.0119849
611.218 533.415 0.00468282 -0.00214651 0.00181516
529.703 102.945 0.000784594 -4.73369e-005 0.00142898
702.603 114.397 0.0212228 -0.0229769 0.0282021
745.272 187.035 0.00361467 -0.00135062 0.00356668
588.979 558.043 0.0026002 -0.00115274 0.00228282
593.352 548.515 0.000870574 4.27342e-005 0.000563249
598.433 543.481 0.000546427 0.000170996 0.000460389
765.38 162.9 0.00222183 -0.00440674 0.0643782
767.044 163.576 0.0018648 -0.00463734 0.0232287
255.709 231.093 0.00960009 -0.00106043 0.00084983
795.413 235.413 0.0367025 0.0269889 0.0265714
305.121 306.479 0.00211737 0.00258204 0.0119597
728.667 494.333 0.000911104 -0.000671318 0.00424464
676.186 38.5192 0.00380563 -0.00117737 0.00116347
743.496 80.7686 0.00813636 -0.00277324 0.00170498
743.943 81.3213 0.00294876 -0.00163862 0.00146173
721.17 84.8048 0.00712074 -0.00202061 0.00071773
599.984 544.336 0.00459085 -0.00182399 0.00172558
433.783 35.8841 0.00242995 -0.00130288 0.000846168
628.253 362.896 0.00185371 -0.000646107 0.000876032
626.682 362.993 0.00134786 -0.000498656 0.000653896
625.726 361.767 0.0011505 -0.000424115 0.000523043
625.469 361.272 0.000991561 -0.000362023 0.000466699
693.904 23.6667 0.00354591 -0.00263639 0.00561526
369.218 51.5348 0.00161448 -0.00104515 0.000907879
33.9834 55.7068 0.00111096 5.92865e-005 0.000301451
735 506.094 0.049816 -0.0259898 0.0217431
725.538 23.4367 0.00550491 -0.000660569 0.00840183
797.411 94.0696 0.0249421 -0.00190629 0.00276652
792.182 92 0.00331722 -0.00191242 0.00254175
26.229 441.205 0.000524623 0.000101664 0.000227245
21.2096 431.9 0.000390988 -1.96568e-005 9.02829e-005
311.845 36.8034 0.00361511 -0.000568153 0.00597888
272.166 65.3894 0.00149236 -0.000503266 0.000510998
272.277 64.6954 0.00130358 -0.000450707 0.000471616
422.051 104.278 0.00022795 -0.000218464 0.000397323
5.56507 63.339 0.00583491 -0.000663474 0.00100307
6.32 66.98 0.00485931 -0.000586334 0.000622567
6.59569 72.5909 0.00400358 -0.000250083 0.000353602
309.899 111.638 0.000456694 -1.82121e-005 0.000332877
706.808 83.2115 0.030975 -0.00177633 0.000839665
41.8776 98.6122 0.00550992 -0.00284822 0.0101982
42.3114 98.9457 0.00322333 0.00026664 0.0025057
370.543 216.239 0.00140903 -0.000731128 0.00360475
302.985 12.6588 0.00775618 -0.00139742 0.00168389
706.474 14.4737 0.0308068 -0.00215416 0.0112415
330.466 59.2958 0.00168514 -0.000520265 0.000877078
329.127 41.2723 0.00155614 -0.000279991 0.00016275
313.134 237.134 0.00278333 -0.00185321 0.0214224
553.547 253.154 0.000757962 -0.000361186 0.000232806
8.01531 398.079 0.00239844 0.000227165 0.00125913
782.329 200.443 0.0717704 -0.0479239 0.0371501
281.616 2.88947 0.00232437 -0.000127301 0.0149815
71.0465 80.5493 0.00240192 0.000335411 0.000846163
68.7834 90.2748 0.00229897 0.00046626 0.000343515
354.556 332.306 0.0784447 -0.00895127 0.00574198
245.156 8.0387 0.00211293 -0.00154697 0.00348733
385.227 238.182 0.0981114 -0.01379 0.00328416
793.42 6.19333 0.019298 -0.0149215 0.0156414
128.39 349.801 0.00713675 0.000879346 0.00358731
161.467 25.6739 0.00459468 0.0077572 0.0172425
375.85 21.3732 0.000677972 -0.000323968 0.000538645
734.43 94.0349 0.192647 -0.0324094 0.0063125
196.626 9.94749 0.00121461 -0.001787 0.00391928
659.443 3.3 0.0290145 -0.0252336 0.0355734
166.662 107.946 0.0134746 -0.0052701 0.00855289
62.5476 115.036 0.0130151 -0.00205352 0.00508853
62.8082 112.37 0.0106215 -0.00110011 0.0019897
63.4721 111.3 0.0061595 -0.000434619 0.00178392
643.759 332.154 0.00206653 0.00298811 0.0162867
326.934 571.086 0.000340083 -0.000311867 0.00068128
596.981 191.019 0.119107 0.0210939 0.00489075
320.769 348.635 0.0420929 -0.0754673 0.138929
627.084 6.56742 0.0170812 -0.016072 0.0187134
761.841 236.818 0.22396 -0.0699094 0.0226563
632.864 312.136 0.0685233 -0.061735 0.0590233
441.367 536.644 0.00108496 -0.000475413 0.00224257
753.658 157.5 0.010026 0.0057012 0.0131722
763.077 632.385 0.00124541 0.000287281 0.00348389
98.3919 111.824 0.0348677 -0.00887446 0.0127135
729.261 152.011 0.0133589 -0.0202038 0.0342545
795.149 512.325 0.0276935 0.0198983 0.0182689
638.174 2.80435 0.0124299 -0.0113907 0.0289184
756.518 89.2193 0.0156105 -0.0129407 0.017575
774.837 560.163 0.00649448 0.0133441 0.0345188
125.833 45.1667 0.0383897 -0.0222229 0.0159279
82.839 19.748 0.00081744 -0.000752645 0.00104433
91.3259 22.1406 0.000318662 -0.000367645 0.000766534
137.551 41.141 0.0448096 -0.0403432 0.0431647
120.019 48.4712 0.0277246 -0.022551 0.0197011
141.582 59.9694 0.0577325 -0.0334507 0.0231242
138.17 54.034 0.0396897 -0.0228936 0.0141419
9.47426 617.971 0.0037248 -0.000771529 0.000582571
118.612 30.4592 0.00394683 -0.00340676 0.0132174
151.412 92.0882 0.0476914 -0.023474 0.0209125
780.354 186.168 0.00171228 -0.00439382 0.0152532
773.081 219.626 0.00254471 -0.0024506 0.00304461
529.337 621.547 0.00686677 -0.0171473 0.0513646
785 114.732 0.00564532 -0.0016011 0.00704979
767.68 146.154 0.0134507 -0.00847576 0.00577097
40.9242 225.749 0.000350713 0.00126317 0.00778103
60.505 209.647 0.000199336 0.000200061 0.000302887
714.933 111.396 0.0433771 -0.00856133 0.00249136
8.33667 131.192 0.00228341 -1.04686e-005 0.000661844
731.011 167.789 0.0247987 -0.057936 0.143276
772.959 262.014 0.0150061 0.00067984 0.0281201
775 260.283 0.0098531 0.0106339 0.0145778
625.69 398.665 0.00613365 0.00210058 0.0104113
480.167 535.128 0.00538613 0.0078999 0.027176
471.306 542.947 0.00429152 0.00468438 0.00645307
517.451 500.129 0.00676574 0.00750632 0.00852548
529.029 473.946 0.000174656 0.000171211 0.000265059
363.144 351.108 0.00508063 -0.00194449 0.0014216
499.295 484.429 0.00355482 -0.00127946 0.00101308
142.162 281.929 0.0334613 -0.00151362 0.000562388
143.166 300.62 0.00588547 0.000107437 0.000100334
302.009 385.316 0.00110313 -0.000989396 0.000971717
414.406 419.284 0.0536005 -0.0363533 0.0250967
26.3663 223.987 0.000295626 0.000830882 0.0318268
170.055 336.036 0.0831464 -0.0415983 0.0210702
45.8605 353.977 0.00356896 -0.0020581 0.00125128
46.2807 355.726 0.00261621 -0.00149822 0.000925773
46.9606 358.326 0.00198483 -0.00112418 0.00070333
51.1846 377.975 0.000631191 -0.000252082 0.000141436
421.821 380.801 0.000614695 0.000104635 0.000312902
424.112 378.404 0.000408713 0.000123566 0.000285742
425.816 379.408 0.00032719 7.22163e-005 0.000216209
251.848 447.61 0.00644318 -0.00499245 0.00504544
253.424 448.442 0.0027939 -0.0019963 0.00230788
204.974 381.532 0.000332149 -0.000240521 0.00018684
508.911 480.705 0.0225049 -0.00924507 0.00852098
138.296 465.672 0.0221422 -0.0235886 0.0252567
125.287 466.106 0.00047334 -0.000545936 0.000840667
364.192 226.538 0.020404 -0.00732729 0.00300708
745.91 287.418 0.0164426 0.0154455 0.0225577
39.1774 615.21 0.0481056 -0.000539119 0.000331273
396.72 614.277 0.0039908 0.00412901 0.00455461
470.509 337.442 0.000601465 0.000304361 0.000642625
472.052 340.01 0.00044113 0.000139382 0.000418007
473.289 341.33 0.00036783 7.38967e-005 0.00034009
482.637 338.166 0.00017464 5.58613e-005 0.000195434
67.652 89.6691 0.000499934 0.000144262 0.000168458
79.6776 139.722 9.81119e-005 1.01384e-005 1.66969e-005
85.7214 179.198 0.00108772 0.000217031 0.000128376
405.031 235.394 0.0350317 -0.0309615 0.0285967
393.838 226.44 0.00654734 -0.00710059 0.00806117
411.259 268.724 0.00679664 0.00446052 0.0166108
33.4285 483.413 0.000857419 0.00078077 0.000823995
33.4604 483.657 0.00066921 0.000588563 0.000617056
38.398 506.176 0.000123514 2.76492e-005 2.56875e-005
146.654 514.606 0.0779873 -0.074996 0.0724557
322.846 635.824 0.00182745 -0.000157104 0.00868516
318.138 626.936 0.000797718 -0.000580365 0.00101276
13.9 131.789 0.00130453 -3.63891e-005 0.000276805
10.4723 131.379 0.00143831 -4.0634e-005 0.000429226
384.337 260.36 0.0244019 -0.0242786 0.0320429
382.883 249.13 0.000763349 -0.000621371 0.000659882
387.899 238.473 0.00028009 -0.000134989 0.000212159
282.882 483.118 0.0395473 -0.0615533 0.106077
302.309 495.493 0.0380273 -0.0594121 0.0933659
159.266 573.436 0.150721 -0.0738186 0.037457
173.636 599.016 0.0675204 -0.0386426 0.0222403
435.537 575.268 0.00368997 0.00498964 0.0236373
764.844 198.576 0.000172086 -8.1902e-005 0.000118086
741.413 178.582 0.000127098 -0.000108454 0.000129072
383.529 282.441 0.031754 -0.0160308 0.022777
371.975 287.05 0.0349691 -0.0102127 0.0119357
502.508 316.606 0.00234658 -0.00142342 0.00140771
438.922 359.649 0.0128371 -0.0057587 0.00440958
667.277 358.514 0.00753515 0.00799869 0.00937483
374.76 399.866 0.000689462 -0.000614807 0.000784078
378.352 406.224 0.000642391 -0.000506264 0.000553091
381.392 416.568 0.000445872 -0.000249202 0.000235833
248.26 594.953 0.059992 -0.0854022 0.122684
80.3133 559.973 0.0591905 -0.0507606 0.0438083
97.5 593.04 0.000931659 -0.000728334 0.000666147
84.8353 608.582 0.00011969 -3.48124e-005 0.00011657
651.405 28.4022 0.00635917 -0.0036725 0.00248579
651.667 28.2063 0.00463516 -0.00269584 0.00184865
644.011 24.1036 0.000705868 -0.000575788 0.000688663
642.608 23.8304 0.000465942 -0.000408871 0.000575104
669.835 120.223 0.0036385 -0.0032978 0.00599748
354.5 615.707 0.0125652 0.0294239 0.0795528
696.709 147.942 0.0223361 -0.0136148 0.0217237
376.171 211.657 0.00855264 -0.0103144 0.0229787
581.092 577.224 0.023147 -0.0093113 0.00523675
654.543 103.905 0.00527161 0.00142079 0.00778373
654.704 99.8042 0.00352644 0.000885182 0.00196784
131.225 428.975 0.0332925 0.0108289 0.00594404
134.34 431.224 0.00422894 0.000325588 0.00205355
443.217 353.933 0.079472 -0.048954 0.0318059
154.328 24.9583 0.00010001 -0.000315045 0.00159287
42.1627 65.6651 0.00102855 0.000367021 0.000266815
33.6132 56.2312 0.000295181 1.51141e-005 0.000136358
250.691 105.78 0.000522124 0.000118218 0.000633759
252.596 113.922 0.000505365 -4.86716e-006 0.000177902
253.884 117.918 0.000520192 -2.59375e-005 0.000139514
255.13 121.063 0.000525519 -4.27691e-005 0.000121584
256.169 123.921 0.000565683 -6.4163e-005 0.000119158
261.868 128.643 0.000578426 -0.000109723 0.000148543
141.72 417.51 0.0212048 -0.0140212 0.0117403
667.201 95.8433 0.0135343 -0.0104238 0.0175736
701.704 373.759 0.0258788 -0.0152588 0.0126541
700.343 375.814 0.00655162 -0.00257476 0.00353823
386.071 448.352 0.00469041 -0.00421302 0.00474333
386.901 447.979 0.00282977 -0.00240748 0.0027482
684.277 148.271 0.00339742 -0.000633967 0.00477946
419.051 436.125 0.0235306 -0.012654 0.00757654
430.828 434.638 0.000881939 -0.000633325 0.000684299
682.038 5.86552 0.00433597 -0.00534204 0.0104917
697.06 17.0214 0.00220286 -0.00278626 0.00400123
698.726 22.892 0.000296589 -0.000251124 0.000450691
708.794 21.8904 0.000112739 -8.60962e-005 0.000287223
699.949 4.80841 0.00665149 -0.00281089 0.00716024
330.095 268.365 0.0128923 -0.0230815 0.0645864
143.509 383.491 0.0645219 0.00936923 0.00199435
568.084 592.611 0.00213002 0.00116666 0.00217083
695.866 121.739 0.000844524 -0.000668555 0.00114798
688.416 121.415 0.000353446 -0.000338633 0.00102083
715.457 120.765 0.00874527 -0.00389583 0.00227651
791.474 141.872 0.00454221 -0.00676429 0.0183824
350.318 161.773 0.0411453 -0.0102297 0.00384162
361.127 153.573 0.000500345 6.59501e-005 0.000144577
361.827 153.664 0.000487646 6.45006e-005 0.000149518
362.64 154.187 0.000488804 6.46964e-005 0.000155878
693.417 139.611 0.0113805 -0.0195768 0.0590838
209.012 268.598 0.00646826 0.00457335 0.0158551
208 269.402 0.00542928 0.00382736 0.010902
711.93 27.4037 0.00257254 -0.00296756 0.00507668
154.658 91.1986 0.00293338 -0.00147607 0.00280718
329.123 282.67 0.0129991 -0.00368135 0.00272356
328.01 281.072 0.00291605 -1.3053e-005 0.000776297
328.274 279.814 0.00133473 -5.01808e-005 0.000667376
326.886 270.733 0.000872352 -0.00016118 0.000280286
292.46 515.242 0.00473896 -0.00572526 0.00700776
106.64 47.66 0.0620831 -0.0557579 0.0522428
130.76 91.917 0.00197056 -0.00166051 0.00345496
745.069 113.357 0.000149952 -5.82301e-005 0.000113465
543.195 284.091 0.00771417 -0.00855964 0.0100003
546.404 286.275 0.00407841 -0.00358855 0.00328376
562.689 306.142 0.00260161 -0.00208118 0.0017039
629.482 544.161 0.00578042 -0.00587282 0.0222291
244.279 260.529 0.0158113 -0.00800625 0.0114892
242.897 260.338 0.00803777 -0.004515 0.00448761
574.62 506.487 0.000156088 0.00015883 0.000211967
313.815 617.652 0.0021465 -0.00523574 0.0163658
254.753 618.293 0.00199927 -0.0016477 0.00156252
271.091 610.933 0.000105653 -0.000137663 0.000249859
678.5 111.5 0.0492478 -0.0368936 0.0353704
795.038 155.348 0.00923936 -0.00318228 0.00335914
791.895 151.188 0.00275159 -0.000701049 0.00115311
789.431 143.567 0.00122018 -0.000294941 0.000410583
302.862 238.949 0.0385315 -0.0137425 0.0074917
300.198 235.612 0.015144 -0.00732716 0.004785
290.774 226.924 0.00254277 -0.0023601 0.00262279
449.69 563.186 0.00639584 0.00600789 0.0106401
556.814 632.662 0.0066594 -0.00335681 0.00687164
654.192 4.03846 0.0266804 -0.0257842 0.0375515
794.353 130.776 0.00282924 -0.00047393 0.00284146
793.087 130.554 0.00219848 -0.000112477 0.00231185
298.73 283.352 0.0171064 0.00892992 0.0119269
456.927 598.736 0.003238 -0.00746268 0.0378424
456.301 595.476 0.00242554 -0.000920441 0.00413378
455.404 592.196 0.00265349 -0.000819652 0.0019301
143.245 591.394 0.00693114 -0.00342039 0.00175814
123.138 563.826 0.00138212 -0.000899204 0.000637401
621.322 11.15 0.00509794 -0.00392356 0.00500386
431.831 81.8307 0.000208208 -1.7924e-005 0.00406865
432.07 82.8015 0.00020541 6.0751e-005 0.00294499
431.727 83.6053 0.000206662 7.6283e-005 0.00234301
432.026 84.4925 0.0002059 5.9448e-005 0.00200761
731.088 148.618 0.0225594 -0.0347547 0.0676751
481.955 182.859 0.000221696 -0.000548246 0.00261008
215.878 311.633 0.00869123 -0.00696707 0.0318823
216.553 312.434 0.0057309 -0.00398592 0.0175696
222.109 313.672 0.000818999 -0.000710759 0.00915101
222.728 314.397 0.000813353 -0.000624772 0.00717867
332.936 431.915 0.0242616 -0.0225011 0.0231645
332.22 431.864 0.0138395 -0.0131028 0.0139086
331.003 431.646 0.00893361 -0.00886428 0.0100031
694.597 44 0.0428576 0.0104511 0.00495242
365.061 463.072 0.0126771 -0.0129088 0.0143615
340.906 443.107 0.00469682 -0.0050493 0.0055647
771.88 123.5 0.0270959 0.00376529 0.00752734
398.321 245.143 0.0395709 -0.0189078 0.013513
396.884 243.78 0.0156917 -0.00852686 0.00691276
394.893 243.103 0.00555607 -0.00266612 0.00251758
183.243 637.871 0.0124286 0.00186324 0.031051
678.833 15.0507 0.0226901 -0.0167667 0.0146301
140.295 48.141 0.00568834 0.00391746 0.0338583
277.899 238.277 0.00241857 -0.0024977 0.00311847
278.103 248.526 0.000790109 -0.000445284 0.000540698
375.28 333.219 0.00206265 -0.000424329 0.000292715
248.115 216.977 0.00940206 0.00365847 0.00652168
248.472 216.845 0.00731725 0.00312857 0.00515663
250.746 216.186 0.00211368 0.000985639 0.00357639
525.27 227.402 0.0211504 -0.0102581 0.0124729
715.444 387.75 0.0317516 -0.022731 0.0230554
713.586 394.108 0.00301973 -5.67325e-005 0.0021526
708.92 386.722 0.00199888 -0.00121427 0.00133377
748.559 32.2279 0.0237238 -0.00535036 0.00170325
732.653 16.4757 0.000710641 -0.000520689 0.000711791
523.922 620.376 0.000529582 -0.000963391 0.0020833
712.741 6.71839 0.0105895 -0.0030118 0.00371829
725.945 8.57563 0.0120706 -0.00688403 0.0055817
129.354 54.2507 0.000697459 -0.000362239 0.000478462
326.172 106.844 0.00574988 -0.00605735 0.0124818
548.194 574.25 0.0270177 -0.0108266 0.0151688
758.244 75.6282 0.0586741 -0.0690677 0.0855079
516.957 186.261 0.015013 0.0106569 0.0248629
709.967 397.65 0.0155513 -0.00883347 0.00874284
577.9 554.58 0.0861329 -0.0456378 0.0261057
582.815 563.581 0.0311828 -0.0173437 0.010273
234.9 503.973 0.175554 -0.0848925 0.0418408
245.81 527.099 0.080117 -0.0384297 0.0185605
528.412 512.723 0.00167682 0.000909868 0.00472909
404.981 558.926 0.033101 -0.0621578 0.120558
775.273 24.8409 0.0323865 -0.0146648 0.0130126
776 22.4722 0.00600217 -0.000749558 0.00344528
280.411 61.7405 0.0396819 -0.00985334 0.00427468
151.774 456.724 0.00329358 0.000674048 0.00358836
699.694 204.007 0.0159693 -0.00919445 0.0100832
701.341 205.762 0.0159562 -0.011032 0.00903418
798.844 34.5313 0.12235 -0.00657019 0.0041007
315.567 241.256 0.0113432 -0.0123369 0.0314395
405.237 499.789 0.116713 0.00605961 0.00324315
378.769 14.4722 0.0437946 -0.0073999 0.00225363
379.712 15.6799 0.019659 -0.00346283 0.00136036
380.74 16.7752 0.0117064 -0.0023902 0.00117039
382.291 18 0.00627033 -0.00159014 0.00102262
384.745 18.8393 0.00308952 -0.000902618 0.000867275
529.975 126.978 0.000484482 -0.000394242 0.000554961
606.167 304.5 0.026642 -0.0197448 0.0235165
604.755 303.457 0.0133031 -0.0123724 0.0144715
604.42 302.225 0.00494952 -0.00297927 0.00316233
686.681 357.708 0.00416177 -0.000309198 0.00267023
608.579 362.487 0.081495 -0.0316373 0.0132499
185.758 529.812 0.00155238 0.000576909 0.00343675
613.134 15.9146 0.0381857 -0.0362914 0.0428826
793.564 21.9894 0.0147176 -0.00465117 0.0131423
792.607 18.8495 0.0117594 -0.00416797 0.00477857
791.152 16.6266 0.00739151 -0.00300139 0.00302581
258.088 268.735 0.0150347 -0.00284692 0.0113286
658.292 345.854 0.00380173 0.000923704 0.0166197
697.125 375.875 0.0303327 -0.0227577 0.0242437
552.034 396.862 0.0309285 -0.018677 0.0166077
234.267 407.377 0.00295032 0.000688044 0.00389257
165.195 514.979 0.00243853 -0.000540478 0.0042141
623.354 297.466 0.0310601 -0.0297756 0.0306027
629.477 303.739 0.0227695 -0.0217513 0.0213861
222.165 391.127 0.00400588 0.00295414 0.00785991
616.075 525.625 0.143417 -0.0815651 0.0482106
266.7 536.212 0.00179957 -0.000429015 0.00137878
266.096 47.052 0.000162626 -8.57402e-005 0.000123863
164.362 470.388 0.0069406 0.00603076 0.0113162
176.93 481.964 0.0042093 0.00220653 0.00700346
186.809 492.362 0.00582465 0.00171404 0.00686348
637.853 263.535 0.00755118 -0.00212603 0.00670506
640.187 265.413 0.00410339 -0.0022992 0.00244073
541.037 583.866 0.0821325 -0.0424477 0.02569
501.468 236.008 0.0162137 -0.00248658 0.00267727
18.3711 417.232 0.000616371 -0.000200558 0.000979165
748.48 487.867 0.011017 -0.000649668 0.00987068
417.805 525.347 0.00702091 -0.00534507 0.0267554
433.97 560.574 0.00467405 0.00262971 0.00698791
122.572 595.784 0.00377385 -0.000523334 0.00352122
134.522 612.891 0.00761131 0.00191295 0.00909398
563.727 231.187 0.0536184 -0.0201273 0.00800971
257.709 519.244 0.00760036 0.0133515 0.0331646
197.427 542.589 0.00701179 0.00902384 0.016704
154.382 12.0046 0.000136661 -0.000260321 0.0018014
485.746 122.615 0.00643986 -0.00215554 0.00462663
285.785 569.053 0.00216426 2.93113e-005 0.00273351
303.832 595.395 0.00334269 0.00214269 0.0060054
703.656 76.7344 0.0426944 0.00549848 0.00151641
704.217 84.5395 0.0127959 -0.000574982 0.000329949
692.219 88.7976 0.000318003 0.000116229 0.000355142
264.893 259.75 0.0829779 -0.0622539 0.0480875
263.265 258.5 0.0284429 -0.0224284 0.0187601
262.247 257.221 0.0134408 -0.00968845 0.00763315
402.962 544.223 0.00749471 0.00464405 0.00811619
420.487 553.721 0.00521918 0.00283573 0.00643148
652.722 96.7 0.00401752 0.00342465 0.0167774
380.25 532.686 0.00459572 0.00249643 0.00744584
363.028 601.056 0.00761664 0.00921114 0.0170518
206.293 630.1 0.00433955 0.00176829 0.00647032
394.598 321.155 0.0146384 -0.00657632 0.00391671
394.065 321.199 0.0073335 -0.00333826 0.00232331
111.004 577.936 0.00585373 0.00351 0.00921439
343.229 603.523 0.00621921 0.00832925 0.0161808
193.924 612.724 0.00746702 0.00277967 0.0114958
217.478 637.989 0.00662305 0.00171126 0.0313506
422.043 32.5851 0.00896939 -0.00539314 0.0033726
505.696 118.054 0.00470127 -0.00159603 0.0047868
496.333 119.652 0.013439 -0.00681291 0.00719028
8.74038 449.712 0.00452424 0.00684871 0.0212005
246.878 423.041 0.039328 0.0560778 0.089056
210.147 556.284 0.0329766 0.0439715 0.0645039
469.467 571.648 0.00705887 0.00542056 0.00967384
149.793 637.89 0.00870886 0.00283532 0.0290291
236.84 235.569 0.0118898 -0.00462355 0.00291852
326.407 246.895 0.0371472 -0.0264101 0.0263712
500.921 9.47368 0.0244451 -0.0169042 0.025328
728.946 77.3631 0.0102745 -0.00125861 0.000564945
214.659 381.929 0.0123526 0.0145605 0.0285867
756.037 479.573 0.0123983 0.00462173 0.0140309
753.465 479.745 0.00326392 0.00188581 0.00227361
618.128 553.686 0.0152888 -0.00417415 0.00705799
215.933 561.754 0.0212397 0.0254304 0.0361822
537.979 383.968 0.0199513 -0.0174986 0.0184972
536.877 383.377 0.0129152 -0.0113381 0.0122633
532.862 380.927 0.00637195 -0.00595804 0.00670763
435.1 25.2 0.100037 -0.0524226 0.0289015
6.43519 439.843 0.00351665 3.20923e-005 0.00530972
757.405 93.8966 0.00505253 -0.00363284 0.00437116
319.335 252.429 0.0151685 -0.0112088 0.012635
576.481 477.274 0.0382524 -0.0205891 0.0161648
614.029 530.294 0.142839 -0.0825096 0.0500691
297.173 586.538 0.0206121 0.0313326 0.057015
780.048 61.9286 0.0702501 -0.039289 0.0240975
494.606 587.229 0.010753 0.00627478 0.0111035
494.567 587.176 0.00883299 0.00446437 0.00832299
447.297 11.9032 0.00213896 -0.000194071 0.000755687
357.48 13.3317 0.0417183 -0.0143798 0.00585469
777.57 138.965 0.0268074 -0.0106571 0.00928569
330.839 259.339 0.0204753 -0.00798541 0.00953463
622.203 512.122 0.0329167 -0.00602527 0.0129143
388.129 43.6762 7.04524e-005 -3.60966e-005 0.000129135
765.757 117.386 0.0318689 -0.0113598 0.0151838
375.196 228.396 0.00341052 -0.00114273 0.00165409
383.91 236.493 0.00120757 -0.000917496 0.00123854
366.225 263.297 0.0139824 -0.00865662 0.006031
404.159 310.813 0.00268964 -0.00133321 0.00182091
278.341 557.727 0.021135 0.0405959 0.0905106
424.478 328.384 0.00188845 -0.000511572 0.00213232
479.679 42.2821 0.0143801 -0.00687037 0.00971559
480.573 42.2768 0.00156394 0.00077815 0.00163641
481.561 39.4349 0.00148214 0.000681238 0.00115161
317.297 300.392 0.00659447 -0.00777851 0.0223405
317.746 300.815 0.00373443 -0.00417706 0.0126308
397.558 372.128 0.00608678 -0.00442556 0.00836807
774.067 289.1 0.0111838 -0.00537615 0.00464547
415.631 372.041 0.0135823 -0.0145437 0.0241553
410.671 368.207 0.00764438 -0.00966347 0.0147052
409.673 366.459 0.00503834 -0.00533919 0.00740573
285.3 526.999 0.00270255 -0.00206368 0.00276438
307.899 550.084 0.000301637 -0.000281804 0.000358132
319.721 562.693 0.000325868 -0.000302205 0.000417435
341.35 591.536 0.000190016 -0.000184967 0.00553344
794.806 84.051 0.0147389 0.00620324 0.00901494
221.668 457.152 0.00552184 -0.0037988 0.00280035
466.817 27.2333 0.0228235 -0.0012337 0.00659145
464.774 21.0374 0.00519829 -0.000470149 0.00144
157 235.485 0.000939179 0.00187051 0.010422
617.522 238.569 0.000861901 -0.000296237 0.000748024
420.346 417.064 0.035111 0.00582506 0.0106838
460.422 52.3235 0.0146772 -0.00515428 0.0138084
460.78 52.2317 0.00914267 -0.00350266 0.00880263
11.2536 266.022 0.00926267 0.0245927 0.0757878
312.108 469.703 0.0146628 -0.019244 0.027015
224.8 345.034 0.000365247 -0.000178538 0.000152083
80.7569 485.479 0.0369096 0.0100136 0.00336009
514.661 50.5357 0.0414655 -0.0235796 0.0172608
377.25 54.4167 0.015411 -0.015411 0.021648
425.446 423.284 0.056521 0.0134295 0.00969846
430.944 431.967 0.0453503 -0.00451386 0.0062014
528.517 80.8635 0.00249151 -0.00138707 0.00136086
207.674 521.525 0.00661607 -0.00398371 0.00455018
61.357 311.831 0.00125374 -0.000934571 0.000753804
68.066 312.407 0.000594393 -0.000413082 0.000358731
394.825 540.4 0.0547343 0.0469672 0.0453535
56.1709 612.061 0.00419139 0.000246087 0.00033561
488.046 11.8333 0.0162471 -0.0133205 0.0117963
475.231 51.7115 0.013337 -0.00738779 0.0181612
223.71 607.723 0.00162778 -0.000947344 0.00121162
791.14 101.26 0.103314 -0.0838107 0.0693249
168.333 431.75 0.0399738 -0.0235741 0.0168972
162.708 442.682 0.0541265 -0.0456192 0.0397719
164.376 444.566 0.0341266 -0.0288053 0.025145
719.31 489.095 0.00874241 0.00485185 0.00544534
726.618 493.273 0.000567063 2.56537e-005 0.0011039
156.001 552.218 0.00988902 -0.0094904 0.00919422
98.9472 631.224 0.00619805 -0.00607459 0.00811198
513.011 28.5567 0.00535572 -0.00351729 0.00358556
511.679 27.2285 0.00439068 -0.00241867 0.00191606
471.653 70.4459 0.0200305 -0.0134237 0.0110229
472.52 71.418 0.00518897 -0.00269549 0.00282004
119.214 386.643 0.0332032 -0.0206584 0.0170595
492.245 35.7128 0.00554372 0.00122952 0.0209901
532.63 52.3043 0.0336902 -0.0348188 0.0433369
533.229 54.8403 0.00738115 -0.00555539 0.0078304
791.221 291.174 0.00425037 -0.0122349 0.100727
554.149 106.956 0.0189933 -0.0205998 0.0314097
554.133 107.98 0.00967819 -0.00894409 0.0139759
553.576 108.704 0.0048915 -0.00361527 0.00745729
552.547 108.699 0.00298861 -0.0019243 0.00577049
485.11 580.793 0.0452549 0.0406564 0.0434526
486.5 28.32 0.00429638 -0.00575265 0.0367597
503.977 68.2273 0.0178102 -0.000629294 0.014466
504.065 67.3986 0.0130423 -0.000115599 0.00641805
2.92177 627.643 0.0206943 -0.000353295 0.0012594
727.087 498.738 0.0138254 0.00531526 0.00639586
732.635 507.108 0.00202461 -0.000350708 0.000989432
599.963 197.591 0.0214736 0.00311079 0.00119985
639.781 247.325 0.00556438 -7.79478e-005 0.0276183
797.42 266.28 0.0466739 -0.0144372 0.00845809
344.372 290.526 0.0222726 0.0100483 0.020978
542.721 444.174 0.0519661 -0.0414405 0.0341823
552.567 434.483 0.0316589 -0.0216807 0.0159967
352.043 570.457 0.0709741 -0.09617 0.133008
439.495 630.511 8.47796e-005 6.23649e-005 0.00568233
443.161 633.691 8.85208e-005 -6.93989e-005 0.00392
797.233 3.67778 0.0216781 -0.006827 0.012554
578.535 290.03 0.0459891 -0.0266179 0.0161644
270.733 604.128 0.0281589 -0.0208612 0.0236576
576.569 423.995 0.0138504 -0.00913389 0.00984077
435.44 13.9305 0.0277987 -0.0137099 0.00751874
357.278 297.852 0.0242272 -0.00459845 0.0058301
387.679 292.423 0.0129683 -0.00652648 0.0183291
590.406 306.688 0.0359401 -0.00355521 0.0116166
494.7 48.1 0.0227844 -0.000174222 0.0159317
362.667 287.688 0.0292713 -0.0190835 0.019365
523.057 637.968 0.00193153 -0.0049841 0.0466206
416.019 296.492 0.00102702 -0.00071685 0.000966182
413.633 301.671 0.000466272 -0.000153176 0.000381966
795.621 481.599 0.0150031 0.00748805 0.00665141
747.545 517.924 0.025585 0.00864662 0.00668717
760.123 17.3443 0.0100034 -0.00629656 0.00565994
391.511 273.972 0.00667659 0.00184302 0.00790966
498.289 61.6842 0.0240605 0.0094406 0.0148609
512.421 87.8651 0.0116594 -0.0068463 0.0147826
354.671 311.414 0.0604858 -0.038721 0.0318068
486.765 72.6837 0.030689 -0.0190276 0.0184923
343.245 303.755 0.0180752 0.0145939 0.0180752
582.786 1.72078 0.00155981 0.00308689 0.0470095
362.009 432.1 0.0189765 -0.00519475 0.0057745
361.312 430.946 0.0105028 -0.00334673 0.00422685
571.741 623.057 0.00737063 -0.00416941 0.00396892
498.991 76.4455 0.0245946 -0.0228557 0.0268989
355.882 305.853 0.0513573 -0.0298716 0.025592
746.5 403.102 0.00514567 -0.00101044 0.00764682
433.953 291.311 0.0821503 -0.065745 0.0545964
757.42 416.412 0.00539983 -0.000165893 0.00373293
758.765 416.87 0.0025709 -0.00193658 0.00191405
433.942 296.965 0.0730138 -0.0542323 0.0434956
556.068 23.1739 0.000409245 -0.000267837 0.000517525
495.462 377.613 0.00913729 0.00919117 0.0280945
533.802 394.965 0.071516 -0.0892267 0.114657
601.74 92.2027 0.00305586 -0.00294474 0.00325088
638.536 164.964 0.0190906 -0.0122078 0.0159726
765.605 373.888 0.000858965 -0.000369445 0.000420264
