1.0
1151
836.021 85.9167 0.0210413 0.0131941 0.0181527
825.7 95.0091 0.0131952 0.0132087 0.0262269
825.016 95.5108 0.00822583 0.00649795 0.0118703
828.927 95.2587 0.00275227 0.00176091 0.00236987
848.371 117.435 0.0538204 -0.000975481 0.00940232
654.588 135.147 0.0182463 0.00721851 0.00339238
678.227 80.5858 0.0140714 0.0061712 0.00273205
729.634 124.625 0.0397146 -0.0342689 0.029653
746.61 131.155 3.80354e-005 -1.95022e-005 8.62798e-005
572.557 88.5353 0.0259656 -0.0214014 0.0176749
453.52 152.643 0.00109669 -0.000348261 0.00133035
821.684 144.867 0.0616006 0.0629684 0.0669989
825.1 143.148 0.0157594 0.0172895 0.0194169
831.053 153.048 0.0179246 0.0208315 0.024838
830.557 150.596 0.00417483 0.00426183 0.00490332
822.517 152.85 0.00131263 0.00128379 0.00153999
435.929 167.579 0.0753152 -0.0531232 0.0387723
802.262 199.142 0.00107717 0.00107875 0.00143577
800.961 174.882 0.00732329 0.00410435 0.00981293
579.75 176.714 0.0531471 -0.0380983 0.0290279
576.03 177.026 0.00542374 -0.00349875 0.00394227
573.208 186.974 0.00116998 0.000281081 0.000421017
484.738 237.992 0.0709975 -0.0496743 0.0362668
564.125 259.563 0.019214 0.00813411 0.0289077
529.983 270.683 0.0097067 0.00278586 0.0112167
686.439 296.51 0.000895545 0.00101057 0.00118093
716.523 274.522 0.000247982 0.000289594 0.000358071
593.726 306.538 0.0117838 0.00553098 0.00687391
588.298 313.307 0.00268622 0.00197144 0.00245804
414.244 305.782 0.0248836 -0.0173073 0.0259546
414.383 312.411 0.00343556 -0.00139114 0.00255567
412.419 311.097 0.000967977 -0.000134567 0.00119073
276.789 266.133 0.0165483 -0.0122843 0.00920488
420.15 314.35 0.024552 -0.0167476 0.024552
532.974 362.026 0.0115242 0.0109762 0.0323153
364.1 393.525 0.027873 -0.00524236 0.00766497
490.795 425.167 0.00596493 -0.000397235 0.00631002
571.806 431.639 0.0173767 -0.00436939 0.00615139
565.089 442.486 0.0124137 0.000146781 0.00293192
557.69 448.143 0.038842 -0.00694641 0.00580636
549.878 454.967 0.0298732 -0.000592736 0.0061667
543.186 460.175 0.00284094 0.00190931 0.00351209
530.777 456.735 0.00579841 0.00412553 0.0061448
316.955 484.201 0.0108422 0.000652179 0.00482043
300.783 489.875 0.000880681 0.00156972 0.0050403
297.885 487.323 0.000651296 0.00067845 0.00151155
417.586 499.053 0.00926986 -0.00373142 0.00232266
418.205 502.052 0.00469508 -0.00200195 0.00145732
120.895 497.36 0.00712042 0.000880393 0.0170384
371.966 495.759 0.015022 0.00418192 0.00618529
369.922 492.854 0.0044959 -0.000694222 0.0033019
414.675 503.975 0.0788229 -0.0234452 0.0106976
170.707 506.112 0.0037551 0.000925467 0.00440436
380.877 509.274 0.0170653 0.0138756 0.0154874
366.083 519.958 0.00467906 0.00493551 0.0170209
359.148 513.74 0.00158737 -0.000623695 0.00169544
363.587 520.387 0.00143743 -0.000730869 0.00109143
405.932 517.378 0.0233555 -0.0100124 0.0082586
399.647 514.971 0.00219203 -0.00234519 0.00610038
380.782 584.936 0.0391383 0.00202353 0.00760832
379.76 586.5 0.016331 0.00379968 0.00549189
381.852 589.345 0.0060848 -0.00194493 0.0027518
384.16 589.269 0.00322581 -0.000595985 0.0014604
177.398 590.314 0.0163192 0.00164055 0.00603799
180.132 593.154 0.00531988 -0.00134761 0.00177233
83.3988 629.473 0.00964913 -0.00785688 0.00693049
138.833 616.407 0.0068066 0.0115007 0.0281074
331.875 625.693 0.00978111 0.00215121 0.00686068
128.026 630.053 0.0320866 0.00815092 0.00884541
124.89 628.61 0.00842069 -0.00105271 0.0012182
316.177 641.49 0.0120615 -0.0126151 0.0156381
315.756 640.925 0.0110641 -0.0105184 0.0115913
326.694 638.167 0.0346506 -0.0285559 0.026429
175.138 657.011 0.0121282 0.00530473 0.0122556
303.048 658.72 0.00145186 2.59116e-005 0.00150813
302.476 658.12 0.00103387 -0.00016532 0.00119301
300.515 655.793 0.000296395 0.000182991 0.00045364
314.004 639.205 0.00014779 0.000113284 0.000175405
121 658.192 0.0412826 -0.00211088 0.00336637
210.315 671.724 0.00109972 0.00124286 0.00381777
206.396 668.698 0.000719293 0.000258393 0.00164158
276.351 671.883 0.0272367 -0.00521526 0.00772023
282.214 667.667 0.0353278 -0.0135748 0.00984309
282.663 671.084 0.00237606 -5.75872e-007 0.00323571
106.235 675.439 0.0172835 -0.0283203 0.0556601
405.778 105.111 0.0224453 0.00946659 0.0222031
581.095 127.473 0.0196292 -0.00067765 0.0142931
682.365 152.959 0.00784287 -0.00184735 0.0106551
516.217 184.689 0.0198727 0.0206339 0.028617
514.97 183.343 0.00633345 0.00392654 0.00729538
650.375 190.85 0.0114159 0.013328 0.042034
655.868 183.612 0.00618267 0.00590954 0.00675727
459.944 205.405 0.0107491 -0.00649507 0.00511323
528.55 299.872 0.000770744 -0.0005691 0.000477747
533.846 321.942 0.000149643 -4.73464e-005 2.5792e-005
412.435 313.543 0.0349974 -0.0309886 0.0321695
685.755 348.282 0.03842 -0.0056683 0.00430862
554.95 414.7 0.0196436 0.00465681 0.0187427
551.696 410.79 0.00742854 -0.00490223 0.00708968
529.946 420.214 0.00992498 0.00680998 0.0188948
564.492 432.947 0.00104297 0.000967177 0.00161059
497.821 443.209 0.000408318 0.000154594 0.000724931
496.289 442.193 0.000293049 9.5977e-005 0.000516525
397.853 469.941 0.0445908 0.0188594 0.0122503
516.889 467 0.0159705 -6.3712e-005 0.00897632
518.109 468.587 0.0124278 -0.00265881 0.00316668
515.587 470.335 0.0028975 0.000167626 0.0019594
508.663 471.221 0.0140912 0.00260299 0.00903336
91.0682 489.864 0.0173267 -0.00413991 0.0109584
253.476 485.043 0.00926238 -0.00452684 0.00255449
252.71 475.48 0.00229028 -0.00043995 0.00028366
293.114 493.943 0.00856737 0.00722462 0.0124969
430.729 540.844 0.00681595 -0.00187513 0.00410083
182.563 567.354 0.0121519 0.0029098 0.0114889
215.112 558.668 0.00156544 -0.000191154 0.00207761
236.815 543.244 0.000385106 0.000419933 0.000706286
230.807 548.706 0.000328288 0.000324615 0.000480954
152.404 603.497 0.00120674 -0.000981233 0.000881192
170.172 634.262 0.000103765 -4.84172e-005 7.01246e-005
143.729 634.671 3.14642e-005 -1.3897e-005 6.99488e-005
197.074 601.16 0.0163416 0.0143344 0.0224155
341.628 621.372 0.0151673 -0.00167219 0.00248652
342.096 621.087 0.0114757 -0.00051767 0.00246554
344.699 621.769 0.00441417 -0.000101182 0.00132083
212.929 628.853 0.0115282 0.0140891 0.0185688
709.213 192.075 0.000410443 0.000207352 0.000671281
715.867 202.35 0.000199862 2.37854e-005 0.000232473
610.758 313.081 0.00803266 0.00197282 0.0224687
415.34 344.355 0.00667463 -0.00574737 0.00528864
410.456 346.49 0.00164772 -0.00131672 0.00140467
402.537 344.271 0.000461243 -0.000440695 0.000746839
402.175 348.259 0.000245868 -0.000120386 0.00026993
408.712 332.238 0.000119267 1.35821e-006 6.51324e-005
403.122 389.905 0.00950889 0.00736869 0.0118933
458.341 394.115 0.00607224 0.00596383 0.00802272
456.853 391.548 0.00173048 0.000982267 0.00216928
608.332 400.828 0.00626618 2.96926e-005 0.00208671
584.261 410.674 0.0235966 0.00528304 0.00998989
405.458 421.894 0.00808548 0.00502343 0.0142461
297.608 443.014 0.053741 0.0114979 0.00735594
321.05 473.709 0.00823601 -0.00545457 0.00729717
301.008 478.885 0.0139343 0.0038466 0.00442263
360.524 507.037 0.0263616 0.0287646 0.0437294
413.02 522.16 0.048501 -0.00757693 0.00254038
246.898 613.784 0.0116389 0.0132485 0.0164088
85.5811 620.716 0.0454367 -0.0312707 0.0271982
145.026 154.474 0.0745816 -0.0458592 0.0306463
146.642 160.266 0.0106706 -0.00298383 0.00107505
795.587 169.587 0.0230954 0.021226 0.0300202
753.129 180.157 0.0210695 0.010345 0.0259519
599.755 252.821 0.0117333 -0.00846328 0.008418
388.816 298.579 0.0211589 0.00591181 0.00902915
631.398 314.48 0.0335629 0.0110116 0.00555959
576.09 323.577 0.0172245 -0.00324891 0.00837508
333.629 440.952 0.030207 0.0461408 0.0860716
404.214 498.986 0.0704539 -0.0199464 0.00992237
108.941 517.235 0.0159274 0.00150453 0.0106906
456.9 524.918 0.0140044 0.00328407 0.0092376
188.737 580.789 0.0268249 -0.00510555 0.0124461
309.87 609.241 0.00721739 0.00820725 0.0187901
109.578 667.696 0.00904075 0.00886692 0.0223014
4.28571 674.888 0.0091202 -0.00357664 0.00638462
8.35176 663.935 0.00278134 0.000612787 0.00105682
18.3774 666.151 0.000379592 -0.000137215 0.00094276
691.782 47.9824 0.192527 0.0832824 0.0362951
548.652 258.913 0.00853906 0.00310932 0.0192156
545.93 256.442 0.00615504 -0.00326887 0.00595932
488.839 335.79 0.0125605 0.00409809 0.00735471
516.602 345.469 0.00605745 -0.00231857 0.0029425
515.697 343.879 0.00395935 -0.00178091 0.00263379
510.818 344.533 0.00103014 -1.56337e-006 0.00122629
393.704 356.926 0.0128724 0.000878987 0.0147529
539.284 383.494 0.00333011 0.00160093 0.00491499
536.809 376.403 0.00280968 -0.000566731 0.000837345
449.292 381.564 0.0135639 0.0140362 0.016747
448.492 379.463 0.00424264 0.00304918 0.00410032
498.686 389.407 0.0171822 -0.00682933 0.0153193
528.327 408.564 0.00524333 0.00255696 0.00438087
525.36 405.884 0.002198 -0.000378629 0.0019526
588.5 425.031 0.0132859 -0.000267665 0.00620434
414.967 454.348 0.00313341 0.000642359 0.000666891
442.833 459.591 0.00120474 -0.000157404 0.00113748
427.648 467.094 0.00021624 8.14098e-006 0.000227101
459.341 458.057 6.88929e-005 8.90002e-005 0.000218108
88.4583 460.458 0.0273835 0.00153669 0.00408668
279.581 535.095 0.0203529 0.000774442 0.0152431
140.138 654.202 0.00538864 0.00241277 0.0167264
56.4697 657.318 0.0026576 -0.00047613 0.00140822
52.0892 653.855 0.00140282 -0.000736302 0.000707637
536.518 168.395 0.0260414 0.028886 0.0366314
540.465 164.152 0.00988408 0.0107725 0.0133874
635.87 232.462 0.00144044 -0.00121747 0.00162659
642.851 247.14 0.000406764 -8.23098e-005 0.000239312
433.963 273.185 0.00990791 0.00803174 0.00931365
650.522 264.465 0.0216638 0.0270584 0.0341932
555.345 306.415 0.0113242 -0.0054273 0.00560468
548.118 406.588 0.00742207 -0.00422041 0.0358283
258.9 535.3 0.00123034 -0.000261042 0.00421005
167.5 575.583 0.0242759 0.00206378 0.00508008
245.775 602.068 0.0115279 0.0123599 0.0140137
674 268.793 0.0396565 0.0495124 0.065222
659.16 279.91 0.0153813 0.0200801 0.0267342
339.471 462.014 0.0235642 0.017892 0.0299513
98.6726 475.708 0.000525381 -1.4513e-005 0.000285287
473.99 499.337 0.00758088 0.000293243 0.0130556
476.347 498.153 0.00347309 0.000764576 0.00530201
288.579 507.211 0.0181511 0.0450164 0.125868
294.508 505.194 0.00597207 0.0129076 0.0297382
288.407 511.447 0.00119172 0.001523 0.00302393
202.926 514.521 0.0163529 0.00502487 0.00929682
636.532 160.889 0.017616 0.0110263 0.00882588
748.596 262.596 0.0562632 0.069807 0.0896013
469.445 361.1 0.0134935 0.0172236 0.029271
541.034 425.261 0.0175738 0.0182137 0.0224873
539.561 425.149 0.00470892 0.00446245 0.00794664
238.047 546.561 0.00817432 0.00561924 0.00668399
422.077 642.253 0.00831203 -0.00327525 0.0058076
420.119 639.724 0.00339242 -0.00225877 0.00382205
68.3132 644.481 0.0018649 -0.00127947 0.0011642
73.4508 637.235 0.000397783 -0.000180419 0.000316198
780.554 142.129 0.00979701 0.0109999 0.0135672
785.19 136.949 0.0072886 0.00742001 0.00804916
472.7 173.552 0.00927755 -0.00360975 0.00599049
578.378 303.391 0.00492902 0.00174901 0.003944
400.894 414.485 0.00959533 0.0138827 0.0255532
404.915 412.248 0.00407705 0.00723515 0.0155955
211.318 520.591 0.0204622 0.00722087 0.0161641
162.149 564.635 0.0395724 0.0103495 0.00956046
350.72 592.537 0.0128069 0.00157236 0.00392378
108.573 656.1 0.00608934 0.00258645 0.00271034
95.25 461.15 0.0226589 0.0032373 0.0041511
87.3876 478.792 0.00270822 -6.98417e-005 0.0103061
315.828 615.32 0.0292864 0.0201164 0.0167456
494.58 235.043 0.00387567 -0.00259056 0.00222591
410.179 284.15 0.00623947 0.00102691 0.00202301
406.514 287.124 0.0022981 0.00144938 0.00196011
408.52 286.181 0.00124478 0.00143671 0.00230608
608.735 295.633 0.00581182 0.00331339 0.00364305
610.744 297.935 0.00210681 0.000203182 0.000949598
644.151 291.532 0.0387974 0.0471772 0.0602985
354.233 354.344 0.0243278 -0.0250404 0.0329548
349.87 352.049 0.00554222 -0.00377124 0.0040734
330.902 411.327 0.00558053 -0.00415593 0.00332488
326.912 415.003 0.000492628 -0.00021052 0.000339389
321.972 416.224 0.000229008 -3.77776e-005 0.000251272
254.621 449.227 0.0165079 0.015439 0.0252211
345.603 488.679 0.0706793 0.0838081 0.102893
360.459 475.953 0.024474 0.0287707 0.0343912
339.171 518.816 0.0124793 -0.00352958 0.00579351
175.167 575.924 0.0383333 0.00103474 0.00541571
66.6324 599.5 0.0119053 -0.0100114 0.010442
558.955 276.305 0.00710011 0.00452818 0.00713615
499.295 366.731 0.0232446 0.0102718 0.0174926
493.838 372.831 0.00691799 0.00696019 0.00848151
582.241 388.926 0.0213235 0.0193511 0.0243973
322.218 426.936 0.0439726 0.0247084 0.0193144
589.386 449.329 0.0280303 -0.00397068 0.0074008
281.526 479.368 0.0494459 0.0298979 0.0237125
108.611 599.111 0.0169342 0.0129047 0.0250825
283.541 638.253 0.00694183 0.00793968 0.0123501
390.554 243.716 0.0319971 -0.0217065 0.0177951
378.503 245.636 0.00282636 -0.00175533 0.00210726
370.437 247.82 0.000737445 -0.000348455 0.0004693
401.809 244.72 0.017205 -0.013335 0.0118449
782.022 284.065 0.0316891 -0.00213252 0.00517732
299.075 313.8 0.0873856 -0.0798148 0.0760103
574.649 330.181 0.0289383 -0.0291251 0.0339308
448.292 392.16 0.0167302 0.0207693 0.0365278
273.321 457.654 0.0118769 0.0125093 0.041411
273.5 457.871 0.0120479 0.0074737 0.00960676
496.6 488.45 0.0156308 -0.00856262 0.0141879
496.793 511.573 0.0300046 -0.0207372 0.0218646
783.75 155.656 0.0425446 0.0418563 0.0534576
791.952 149.048 0.0442897 0.0526831 0.0638348
789.84 183.217 0.00977994 0.000748453 0.0121834
719.564 217.228 0.000530088 0.000630158 0.00136945
322.239 275.585 7.0315e-005 -3.19341e-005 0.000137445
335.632 266.857 5.11419e-005 5.72001e-006 0.000105679
370.184 326.211 0.0119899 -0.00689226 0.0060041
386.322 665.889 0.00650568 0.0013492 0.00208662
249.864 261.264 0.0780507 -0.0755229 0.0746279
625.775 404.875 0.0512602 0.00918579 0.00716841
107.926 435.181 0.0208647 -0.00600235 0.00917989
230.194 675.694 0.0229294 0.0274125 0.0418948
130.75 131.942 0.00849953 -0.00111597 0.0152515
709.75 242.038 0.0130217 0.0205245 0.0390201
510.64 317.8 0.0163234 0.010155 0.0131607
316.407 323.139 0.0227372 -0.0196092 0.0188707
302.039 312.896 0.00413089 -0.00445295 0.00511263
578.875 452.781 0.0576482 -0.0334147 0.0241858
257.084 569.513 0.00753026 0.00997226 0.0182539
258.084 569.107 0.0080314 0.0106126 0.0152463
271.029 676.618 0.0292159 -0.0124014 0.0208475
612 146.976 0.0879653 -0.0655757 0.0515365
391.114 191.851 0.00710907 0.00635176 0.0150567
447.081 279.743 0.00572007 -0.0036608 0.0113798
561.692 406.173 0.0146699 -0.0135049 0.0221695
466.75 449.234 0.0119008 -0.00251708 0.00762686
352.825 541.075 0.00623124 -0.0070195 0.0214131
459.961 614.12 0.00064819 0.000733864 0.00121235
529.944 207.639 0.0390415 -0.0388395 0.0462578
403.007 212.543 0.00733252 -0.00362847 0.00276011
562.457 282.734 0.0222745 0.0299161 0.0485639
340.346 302.833 0.0175972 -0.00561692 0.0228209
339.233 304.337 0.00734275 7.23865e-006 0.00712027
492.929 515.443 0.0287606 -0.0161644 0.0199787
9.85821 575.604 0.0742475 -0.0565833 0.0443099
338.77 636.149 0.0339624 -0.012434 0.0118815
459.375 382.025 0.0192372 0.0265653 0.0504736
631.975 493.575 0.0229321 -0.0177241 0.0251611
460.689 508.392 0.0123097 -0.00171885 0.0157966
405.144 567.347 0.0217705 0.00628515 0.004981
129.673 606.269 0.00690957 0.00239772 0.00815906
546.5 221.182 0.00409848 -0.00162687 0.0301484
544.377 222.592 0.001259 -0.000658915 0.00116948
575.611 217.944 0.027516 0.030084 0.0380693
578.584 216.126 0.0124274 0.014503 0.0203975
379.222 221.943 0.0112925 -0.00274172 0.0038938
380.033 226.081 0.00551634 -0.003091 0.0021126
597.129 227.91 0.00241751 0.00349604 0.00596525
609.518 215.918 0.00179091 0.00214972 0.00292383
610.037 214.721 0.00176122 0.00204094 0.00270125
470.139 316.736 0.0124477 0.012773 0.0215815
419.88 417.184 0.00500718 -0.00253741 0.00844504
413.083 413.367 0.000664086 0.000597075 0.00150467
429.277 397.228 0.00083212 0.000815077 0.000925025
347.75 527.679 0.0069666 0.001688 0.00318191
207.193 579.127 0.00469122 -0.000881054 0.00735713
205.444 580.023 0.00238861 -0.000309622 0.00293314
207.151 602.384 0.0177453 0.0124735 0.0232166
226.774 237.404 0.0676301 -0.0630997 0.0600284
231.587 237.866 0.00353988 -0.00311204 0.00282331
377.112 270.076 0.00502207 -0.000433954 0.00331541
542.545 291.091 0.0286683 0.0177417 0.0205848
709.431 323.103 0.0200311 0.019227 0.0236286
290.482 432.833 0.00972178 0.00798777 0.0165304
33.2143 662.81 0.0137866 0.00317627 0.0189009
153.933 669.412 0.000617886 0.000243735 0.0012116
565.194 203.265 0.00364284 0.0018271 0.00393994
758.122 414.736 0.000327966 0.00037455 0.000579429
177.11 553.963 0.0225898 0.00596611 0.0129337
412.409 235.318 0.00991095 -0.00629508 0.00884668
380.328 488.086 0.0402538 -0.0300514 0.0245863
146.207 638.28 0.0110557 -0.00758602 0.0234514
551.957 392.435 0.0323747 -0.00549032 0.00757637
360.824 605.784 0.0108848 0.00276218 0.00334699
622.223 178.415 0.0278714 0.0193607 0.0222024
422.096 240.096 0.0212039 0.000946644 0.00840559
366.865 415.196 0.0100919 -0.00644012 0.00692403
559.23 555.176 0.019506 0.0167387 0.024633
567.5 545.107 0.00170922 0.00142084 0.00210719
560.024 549.764 0.00105657 0.00110431 0.00150872
335.838 378.894 0.0248763 -0.00584727 0.00353602
484.685 391.532 0.0475449 0.0606551 0.077765
287.663 452.602 0.0143249 0.0123427 0.0165404
292.06 448.634 0.00480611 0.0041702 0.00570657
233.25 534.682 0.0147383 -0.00245529 0.00613567
324.11 554.074 0.000316873 0.00033502 0.000416875
39.66 676.22 0.0149002 0.0164432 0.0267728
627.344 128.967 0.0922198 -0.0801647 0.0715643
415.404 213.938 0.000309191 -0.000196563 0.000424073
380.19 259.798 0.00686012 -0.00910334 0.023143
274.7 287.671 0.0773317 -0.0746792 0.0770906
315.925 410.325 0.0105191 0.00267421 0.0147955
496.962 527.808 0.0516079 -0.0286461 0.022391
138.422 644.833 0.0144906 -0.00082976 0.00536371
652.689 160.33 0.0134305 -0.00466296 0.0096223
653.068 159.747 0.00980156 -0.000129494 0.00693843
654.124 157.806 0.00563366 0.00123004 0.00429601
785.145 266.242 0.0298311 0.00456706 0.0173274
784.116 261.547 0.0205019 -0.0051439 0.00399027
420.711 332.947 0.0151056 0.012893 0.0249292
531.344 482.25 0.0429996 -0.0275413 0.0296402
418.355 117.882 0.0618347 -0.0635801 0.0675078
382.893 518.242 0.00934775 0.00125676 0.00661844
174.746 181.123 0.110566 -0.0908879 0.0754598
393.658 446.447 0.0449443 0.0322033 0.0313477
272.357 490.704 0.0153611 0.0110238 0.0203582
366.167 262.071 0.0280894 -0.014875 0.0148625
432.7 334.825 0.0362067 -0.0274278 0.0274601
478.095 369 0.00975801 0.014364 0.024641
507.647 580.169 0.00101706 0.000298426 0.000997488
806.446 124.071 0.0291274 0.0317961 0.0379193
475.72 378.28 0.0148929 0.00660137 0.0206669
417.674 546.543 0.00936013 -0.00691235 0.0141528
411.882 556.069 0.0017298 0.000376989 0.000606311
396.057 659.422 0.000953153 0.000861358 0.00138885
592.571 283.452 0.0142766 0.0164136 0.033183
291.632 552.201 0.00384034 0.00205435 0.00429971
390.919 558.64 0.0253916 -0.000499895 0.00505446
389.565 559.403 0.00397889 8.96094e-005 0.00559161
389.116 558.272 0.00140118 -0.000375824 0.00135295
730.167 301.917 0.0146911 0.00715629 0.0145289
820.955 364.682 0.0456655 0.00103753 0.00401943
824.252 361.584 0.00194787 9.64274e-005 0.00233476
643.26 486.18 0.0249867 -0.0172353 0.0185796
644.204 487.685 0.0123144 -0.00719507 0.00879381
641.944 485.775 0.00409175 -0.00280778 0.00484494
392.149 513.473 0.0323393 0.000200415 0.0106063
57.1304 525.413 0.0127745 0.0128707 0.0202006
305.551 576.731 0.0173443 -0.00153311 0.00742964
267.904 605.731 0.014932 -0.0029809 0.00812583
315.651 504.858 0.0113583 0.00645225 0.021609
214.433 509.967 0.0183259 -0.00967425 0.0103645
278.273 594.409 0.0189383 -0.0107045 0.012144
609.148 190.701 0.00753725 0.00788606 0.00901459
600.008 198.125 0.00493562 0.00551799 0.00647087
588.738 192.668 0.000252841 0.000147083 0.000372171
679.117 214.117 0.049615 0.059269 0.0741661
677.545 213.86 0.00716513 0.00743632 0.0110013
226.189 502.5 0.00173582 -0.000231345 0.00322776
193.014 515.471 0.0283543 0.00448997 0.0128713
354.709 622.802 0.0481422 -0.0110761 0.00640601
675.368 212.816 0.0791406 0.0924737 0.111791
663.888 283.262 0.0228551 0.0309955 0.0431466
464.462 308.788 0.00449085 0.00140887 0.00555468
717.111 331.132 0.00872841 -0.000121642 0.00450655
350.471 357.353 0.048939 -0.0408856 0.0415591
54.5789 611.447 0.0185305 0.0123296 0.0237203
308.768 458.524 0.0183635 0.00600534 0.0125356
309.187 456.551 0.00845468 0.0014393 0.00315132
263.936 480.5 0.0254153 0.00936049 0.010806
290.803 626.076 0.0201152 0.012254 0.0292189
123.952 673.476 0.0605892 0.0673761 0.0790606
843.187 271.489 0.00599517 -0.00103084 0.00164525
685 324.479 0.0107056 0.00288634 0.0146044
317 419.705 0.032015 -0.00690958 0.00711697
467.153 487.888 0.0133314 0.00835271 0.0192998
466.615 486.762 0.00632472 0.00646803 0.00940582
433.938 627.875 0.0200777 -0.00812357 0.00817882
92.8898 662.347 0.00710098 0.00751355 0.0181777
577.055 303.825 0.000735226 -0.000242865 0.000417939
813.74 342.82 0.0137863 0.0006095 0.0100095
813.175 379.024 0.00513805 -0.00226906 0.00215465
396.271 374.973 0.00950028 0.010708 0.0153606
253.149 557.514 0.00846639 0.00996336 0.0171588
34.3113 556.745 0.045744 -0.0439548 0.0457587
496.705 326.038 0.0197162 0.0205369 0.0351674
103.085 569.939 0.0179562 0.00244438 0.0181881
450.502 289.723 0.00255698 -0.00136913 0.00174877
70.7162 677.77 0.00609432 0.00361447 0.0261371
638.717 384.717 0.0120368 0.00620003 0.0161639
226.82 628.3 0.0121899 0.0107405 0.0230406
303.36 258.64 0.0199348 -0.0145467 0.0221618
353.578 338.753 0.00945118 -0.00653265 0.00660322
11.9156 533.591 0.060879 -0.055645 0.0520209
353.658 672.266 0.00491292 -0.00379834 0.00672959
757.196 337.589 0.0118981 -0.00510941 0.0128903
341.107 362.571 0.0079887 -0.00268373 0.00312185
763.571 593.381 0.033487 0.00887279 0.010767
784.013 605.167 0.0170954 0.00968474 0.0248446
831.87 324.435 0.0307158 -0.0144629 0.0116776
466.662 332.466 0.0549689 0.0759703 0.105501
793.1 251.322 0.0219995 -0.00289204 0.0107078
793.033 251.178 0.00747057 0.00362813 0.00750677
4.44697 583.288 0.00960025 -0.00252027 0.00347247
369.439 441.357 0.0138158 -0.00372034 0.0155794
369.874 438.943 0.00549616 -0.000272528 0.0063856
555.48 480.38 0.0539604 -0.0276998 0.0167989
206.5 528.068 0.0104656 -0.000423341 0.0311978
619.385 262.327 0.0236698 0.0264092 0.0325675
847.255 330.915 0.0262423 2.55027e-005 0.00533172
654.486 470.843 0.0148896 -0.0125366 0.0142085
534.618 235.941 0.0249429 -0.0105105 0.0222538
388.944 584.389 0.0483587 -0.0210067 0.0126822
453.487 299.633 0.00773948 -0.00613855 0.0125166
450.314 566.105 0.0753162 -0.0311531 0.0153792
307.559 439.853 0.0143055 0.00838723 0.0116082
842.029 195.304 0.00999975 0.00833591 0.013698
832.19 223.976 0.0221467 0.00322812 0.00984633
149.487 562.328 0.00293974 0.00165844 0.00246317
846.724 626.288 0.0103884 -0.00119036 0.00391681
24.8898 647.059 0.0108566 0.00974661 0.0214894
25.404 648.935 0.00426895 5.92483e-005 0.00291949
22.3315 643.26 0.00343395 -0.00145635 0.00137317
821.079 294.184 0.0904027 -0.0289923 0.0123452
229.838 467.888 0.0103557 0.00965337 0.0125608
198.374 533.479 0.00510679 -0.0043185 0.0086842
347.692 393.231 0.0145244 -0.00752364 0.0147102
675.842 415.082 0.01052 -0.00130482 0.00415723
621.563 421.172 0.021261 -0.00527931 0.0039644
362.047 446.406 0.012568 -0.00576635 0.0142707
548.944 177.222 0.0197709 -0.0354767 0.0768769
443.123 523.57 0.0021214 0.00100441 0.00145651
445.472 429.625 0.0192206 -0.0144261 0.0137689
827.7 307.025 0.0175555 -0.00268768 0.0114097
492.797 75.4219 0.0172307 0.006351 0.0080885
847.104 349.972 0.0306603 -0.00258831 0.00488647
208.656 415.203 0.0120675 -0.00089686 0.00966605
409.714 261.786 0.0626645 0.0730263 0.0891772
22.1176 674.294 0.00754374 -0.00252103 0.0102705
786.053 59.7766 0.0318449 -0.034609 0.0450064
776.029 51.3774 0.0250181 -0.0296748 0.0358835
371.786 181.345 0.00651789 0.00644638 0.0138544
335.059 587.206 0.0192792 0.00922515 0.0224392
373.411 465.344 0.0190078 0.0204129 0.0302512
218.92 530.645 0.0197046 0.000758773 0.00175539
261.91 373.738 0.00504253 0.00533535 0.0111331
461.172 536.615 0.00639366 -0.00107946 0.00781824
350.924 182.242 0.0173886 -0.00647833 0.00789807
391.2 286.12 0.0996609 0.102519 0.106843
372.132 578.711 0.037315 0.0211334 0.0181946
367.981 582.935 0.0120538 0.00880034 0.0085242
363.305 158.744 0.042611 -0.0444928 0.0527542
357.842 167.525 0.0101997 -0.000490197 0.00503863
257.021 673.458 0.0117719 0.00407431 0.0129523
816.2 323.633 0.017175 -0.00455417 0.00597899
449.391 257.87 0.0505458 0.0725913 0.107047
764.336 308.482 0.00630045 -0.00349735 0.00309388
364.867 371.133 0.0210736 -0.00249764 0.0108614
430.614 561.182 0.0302089 0.00143662 0.00590433
27.9078 619.461 0.00795107 0.0041272 0.00635417
510.288 512.885 0.0403256 -0.0212978 0.0143068
644.625 404.138 0.0138594 0.00269165 0.00304908
608.735 327.882 0.0245161 0.0154927 0.0289584
681.947 380.5 0.0654139 -0.00496927 0.00359929
527.567 534.7 0.0244552 -0.0161053 0.0148265
44.413 585.217 0.0216664 -0.0197715 0.0279849
786.69 313.595 0.0325283 -0.00330681 0.00861382
652.523 423.247 0.0152355 -0.00307743 0.00243551
801.354 73.1829 0.0152961 -0.00602972 0.00648155
624.221 111.826 0.00308762 -0.00602592 0.0329176
569.547 239.849 0.0139444 0.00461001 0.0190492
257.921 627.841 0.0043523 0.00582258 0.00848127
814.897 69.2564 0.0119529 0.0109479 0.0130765
745.625 86.9931 0.110841 -0.0359771 0.0118118
640.125 182.518 0.0167977 -0.00606032 0.0126765
471.554 290.284 0.0299554 0.0347252 0.0475876
610.848 151.063 0.0431623 -0.031369 0.0230827
458.119 183.846 0.00377539 -0.00197878 0.00259878
465.275 178.774 0.000773727 0.000212295 0.000896913
523.158 211.474 0.0338431 -0.0161138 0.00829583
536.848 229.544 0.00370292 -0.00259241 0.00203482
532.177 212.431 0.000366233 -0.000220194 0.000297856
297.474 263.342 0.0106727 0.00526686 0.0188419
295.4 261.34 0.00484471 -0.00191141 0.00718566
293.361 261.278 0.00221867 0.000769103 0.00283893
325.5 286.407 0.0146312 -0.00216344 0.00655791
339.405 304.595 0.00229685 -0.000398891 0.00139578
370.725 362.664 0.00374475 -0.00175599 0.00163167
367.385 352.809 0.00363227 -0.00128835 0.000705295
374.091 354.099 0.000737632 -0.000356011 0.000460057
369.765 347.459 0.000347409 -0.000151587 0.000237748
367.95 346.932 0.00020769 -5.32446e-005 0.000165771
330.661 361.855 0.0101865 0.0071757 0.0146142
351.319 381.821 0.00177208 -0.00115081 0.00200414
354.668 382.695 0.000800965 -0.000401152 0.00130554
377.167 411.561 0.0438386 -0.0224089 0.0212468
438.861 414.194 0.0254633 0.0121521 0.0213555
370.688 474.13 0.00485158 0.00577286 0.00692291
354.954 472.753 0.000185406 0.000189529 0.000265375
331.901 497.565 0.000131789 0.000122265 0.000136232
350.161 463.11 0.00587944 0.00753554 0.0102959
340.561 476.672 0.00132262 0.00145973 0.00173928
301.519 508.179 0.00184029 0.00306379 0.0111984
224.617 536.968 0.0126451 0.00456238 0.00912376
245.336 567.978 0.00669791 0.0109511 0.0182215
283.601 576.592 0.00427502 0.00479269 0.0056337
339.802 599.341 0.0365932 0.0247954 0.0206402
191.816 609.237 0.0256696 0.0335195 0.0485596
303.574 639.138 0.0162485 -0.00825036 0.00806574
292.386 644.211 0.000888262 0.000671395 0.00137816
219.471 654.414 0.0152271 -0.00980044 0.0123396
821.013 139.916 0.0358243 0.0387277 0.0423207
817.448 137.523 0.00255176 0.00263155 0.00312553
811.395 142.332 0.00200598 0.00209424 0.00234468
815.832 148.324 0.000198039 0.000114831 0.000214297
734.5 189.532 0.0209653 0.00436826 0.0052981
393.31 198.96 0.00367626 0.00227652 0.0073009
556.72 228.939 0.0208487 0.00547013 0.0167324
697.034 238.741 0.00321309 0.00312195 0.00471326
406.427 249.733 0.000680955 0.000163192 0.000336163
582.949 246.898 0.041049 -0.0342612 0.0293906
601.218 239.944 0.000229625 9.80541e-005 0.000179561
602.478 270.761 0.0565733 -0.0461688 0.0417005
357.173 309.378 0.0215096 0.0281311 0.0380813
600.801 337.355 0.00157435 0.00141618 0.00180338
345.288 323.833 0.0374608 0.0537896 0.0797328
356.194 316.484 0.0165151 0.0228001 0.0319422
408.689 323.365 0.0047136 -0.00273383 0.00458141
604.477 341.767 0.038632 0.0421231 0.0465846
332.452 343.881 0.0387353 -0.0356128 0.0375906
319.587 348.988 0.00365679 -0.000768642 0.0025524
321.658 352.803 0.00189265 -0.000947077 0.00158667
342.451 356.329 0.0526253 -0.0400552 0.0347216
348.214 360.722 0.00970581 -0.00954147 0.0113918
346.828 358.977 0.008721 -0.00821963 0.00834546
437.439 357.136 0.0263161 0.0290697 0.0511405
549.694 367.242 0.00911851 -0.00155939 0.00393605
547.55 366.004 0.00432095 -0.000450432 0.00202287
367.355 380.842 0.0115104 -0.00541013 0.0061983
369.964 403.429 0.0115216 0.0153929 0.0302233
506.385 413.75 0.00713479 0.00687563 0.0101137
445.262 406.452 0.01722 -0.00101553 0.0134935
490.564 411.009 0.00212169 0.00227868 0.00364593
498.476 404.441 0.0018202 0.0021132 0.00291295
325.244 456.103 0.0101466 -0.000385417 0.00771388
323.113 456.296 0.0035241 -0.00192741 0.00468046
339.632 448.235 0.00270529 0.00157536 0.00481818
158.285 466.269 0.0134013 -0.00299716 0.00717077
176.839 472.335 0.000332232 0.00013709 0.000379941
223.324 489.765 0.0349989 0.00986722 0.0139985
196.303 488.779 0.0171851 0.00682046 0.0107274
230.114 493.412 0.0105949 0.00261258 0.0141738
232.53 492.53 0.00396498 0.00160844 0.00746638
233.779 489.534 0.00142523 0.000645406 0.00392696
233.389 489.414 0.00139816 0.000704269 0.00359766
206.202 505.847 0.00333861 0.00110207 0.00618901
200.952 519.168 0.00149553 0.000554949 0.000623742
158.325 518.35 0.0112011 0.00660813 0.0246569
244.811 559.389 0.0248014 0.0233202 0.02965
240.417 562.708 0.0133879 0.0153361 0.0200141
90.5278 577.389 0.0351141 0.0184669 0.0201019
375.205 581.566 0.0433845 0.0247435 0.0168931
157.608 631.995 0.00989392 0.00533843 0.00743927
137.925 665.35 0.0387754 0.0429259 0.0482845
140.039 659.603 0.00166029 0.0015809 0.00203408
143.539 653.295 0.0016207 0.001296 0.00131182
143.931 650.413 0.000365108 0.000264439 0.000450792
491.141 134.756 0.0510548 -0.0340536 0.0288584
492.383 134.825 0.0128662 -0.00706729 0.00817391
779.433 171.463 0.00580269 -0.00090021 0.00540702
419.841 263.159 0.0140348 0.00660859 0.0237029
421.644 260.25 0.00634283 0.0024397 0.00587699
508.743 326.357 0.0261568 0.0316618 0.0392196
498.277 337.396 0.00528363 0.00494742 0.00493971
423.254 341.819 0.0154945 -0.00590154 0.0083671
348.208 342.515 0.0161172 -0.00861695 0.00899222
569.045 373.045 0.0290129 0.026287 0.0398141
359.833 372.389 0.0112531 0.00122838 0.0255419
382.802 408.919 0.0217142 -0.00765872 0.0161355
380.231 409.608 0.00558916 5.31655e-005 0.00756222
376.48 408.998 0.00185501 -0.000564827 0.00198237
378.671 409.627 0.00114601 6.74699e-005 0.00117832
283.957 427.157 0.0411521 0.0309495 0.0342797
261.37 459.042 0.00728777 0.00303662 0.00360227
390.915 497.238 0.0389041 -0.00273688 0.00155307
391.32 497.149 0.0274405 -0.00217 0.00128901
391.82 496.3 0.0189786 -0.00181277 0.00117749
392.948 496.966 0.00810252 -0.00158268 0.00131295
353.65 498.25 0.023906 0.0266449 0.0354647
342.774 511.903 0.0195034 -0.000757972 0.00715149
211.415 588.297 0.0242248 0.0376502 0.0632407
254.477 623.523 0.0450305 0.0505569 0.061774
127.333 660.31 0.0403045 -0.0217186 0.0191612
287.273 94.98 0.108666 -0.0905446 0.0761211
286.003 93.1766 0.0576949 -0.0481268 0.0404228
318.457 132.147 0.0241806 -0.0199408 0.0164911
353.861 178.219 0.000627992 -0.000472182 0.00037234
379.962 206.761 0.0381036 -0.0330837 0.0296485
565.446 269.23 0.0787875 -0.0573389 0.0459006
582.203 281.095 0.0362366 -0.0209649 0.021928
372.887 304.613 0.0495806 0.0705542 0.102654
25.7986 340.938 0.0514653 -0.0415291 0.0339693
28.2672 343.763 0.0205785 -0.0160138 0.0127057
565.376 368.765 0.00489646 -0.00150664 0.00447718
574.975 379.375 0.0230926 0.0168648 0.0257785
574.862 381.405 0.00665258 0.00292726 0.00702551
356.583 422 0.0959739 -0.0685419 0.0525335
262.271 545.9 0.0357404 0.0386747 0.0510674
260.46 545.064 0.0070132 0.00606077 0.0105457
384.349 570.144 0.0309378 -0.0156901 0.0110135
385.623 570.27 0.00726993 -0.00400392 0.00523848
209.582 595.357 0.0286672 0.0394213 0.0607244
9.67978 643.14 0.00801452 0.00623455 0.0124916
75.5 649.4 0.010243 0.0032575 0.0175996
739.956 203.689 0.00893187 -0.00146516 0.00778775
472.756 290.376 0.00131842 -0.000709715 0.000808485
420.835 289.142 0.00689585 0.00928029 0.0126601
556.679 355.859 0.00869303 -0.00236044 0.010305
606.757 351.139 0.0264709 0.0293239 0.0334397
607.053 352.945 0.00431811 0.00411791 0.00477713
382.621 357.618 0.00539633 -0.00271614 0.00184045
340.181 401.225 0.0883478 -0.0704622 0.0571499
339.54 400.171 0.0542178 -0.042092 0.0328812
278.356 320.389 0.0144891 -0.0113127 0.00885076
264.691 429.971 0.00685994 0.00530832 0.00968064
146.361 530.639 0.0195562 -0.000738376 0.0127178
180.764 657.991 0.0205273 0.0117082 0.0135268
181.664 659.578 0.00702082 0.00206705 0.00572152
182.776 661.754 0.00426251 0.00016577 0.00304563
231.412 658.935 0.00440434 -0.00127366 0.00409643
230.728 656.401 0.000762843 -0.000160264 0.00312306
789.132 162.996 0.0058003 -0.000608244 0.00546736
784.32 166.972 0.00256872 0.00155036 0.0030151
582.89 220.729 0.0103087 0.0131585 0.0203612
377.767 294.867 0.0297487 0.0326987 0.0555815
596.182 321.333 0.0101656 0.00337008 0.00651175
598.695 319.615 0.00535447 0.00333909 0.00513174
354 366.333 0.00987482 -0.00183118 0.0219742
515.073 391.204 0.00344871 0.00204584 0.00439683
242.371 626.619 0.0164963 0.0137134 0.0137901
321.557 136.217 0.0888253 -0.0734552 0.0625341
580.347 161.197 0.000181762 9.28575e-005 0.000287706
559.373 185.106 0.00010698 6.22949e-005 0.000101381
451.211 234.026 0.0404129 -0.00586901 0.00891301
449.735 234.364 0.00459799 0.00181218 0.00397955
230.092 291.246 0.012561 0.00146414 0.00454106
581.847 290.247 0.0789895 -0.0612094 0.0485354
434.471 315.27 0.000224446 -1.45644e-005 0.000437837
445.221 303.829 0.000104904 5.27421e-005 0.000199222
381.5 308.32 0.0140985 0.0147354 0.0255922
467.845 335.658 0.0279262 0.0388623 0.0548793
470.241 335.611 0.00336941 0.00464217 0.00738266
467.616 339.404 0.0022434 0.00259927 0.00326523
535.669 412.28 0.00850489 0.0119931 0.026439
535.051 412.423 0.00739686 0.0108388 0.0237957
319.486 439.111 0.00358154 -0.000444321 0.0153036
309.265 450.427 0.00137743 0.00100788 0.0012782
298.711 457.058 0.000632614 0.000773486 0.00124684
234.548 470.19 0.0186818 0.0128786 0.0177321
236.772 468.204 0.0155103 0.011217 0.0106137
322.795 490.455 0.0195149 0.0119769 0.015449
77.1875 615.094 0.0162828 -0.00618506 0.03547
77.3667 615.783 0.0206119 -0.0162525 0.0182881
554.315 211.669 0.0608206 -0.0491254 0.0412619
658.607 218.265 0.00193709 -0.000949962 0.00118038
663.114 211.302 0.000722844 0.000349615 0.000833804
660.682 210.273 0.000557307 0.000294572 0.000635455
664.865 214.129 0.000295947 7.3662e-006 0.000316775
552.95 384.05 0.0224705 -0.01624 0.0245423
562.388 394.823 0.0175022 -0.0149215 0.0133977
554.859 374.633 0.000788973 -0.000219396 0.000245199
554.385 294.32 0.00985406 -0.00657213 0.00753904
462.967 370.744 0.0140124 0.00397473 0.0196233
518.218 427.269 0.0162741 0.00252993 0.0113645
518.805 427.314 0.0115754 -0.000446274 0.00637644
808.765 614.324 0.0133959 0.00281716 0.033913
351.634 172.594 0.0295669 -0.0236549 0.0194353
429.747 201.809 0.0471848 -0.0672137 0.0970804
410.309 188.135 0.0284418 -0.0411075 0.0596221
392.589 175.794 0.00555215 -0.00793315 0.0114382
388.339 167.522 0.000271843 -0.000304368 0.00048187
614.558 222.115 0.0269176 0.0334644 0.0419736
608.406 308.438 0.0305913 0.0037934 0.0157912
610.968 307.184 0.00836432 0.0040847 0.0107855
582.896 325.708 0.0223 -0.0022651 0.0107226
555.705 398.397 0.014766 0.00467461 0.0123209
308.111 419.944 0.0295918 0.0263848 0.0377759
175.743 615.851 0.01969 -0.0132487 0.0262346
174.446 613.162 0.016588 -0.00809285 0.0080386
462.161 236.696 0.0279013 -0.00704542 0.00551237
461.019 236.38 0.0117738 -0.0018259 0.00260046
619.685 247.276 0.00278834 0.001651 0.00276012
615.324 243.845 0.0010776 0.000133127 0.0011199
659.453 268.178 0.00317736 0.00379649 0.00507429
668.655 261.241 0.00234051 0.00285836 0.00365716
639.242 294.046 0.00108324 0.00101154 0.000986444
603.682 315.818 0.0228857 0.000320443 0.0108649
467.078 433.741 0.0118978 -0.0108668 0.0160274
248.654 445.808 0.00719856 0.0057424 0.0324196
276.128 446.012 0.0153024 6.47615e-005 0.0139738
476.43 461.151 0.0189059 0.00751356 0.0170309
195.841 522.136 0.0184681 0.00640936 0.0137864
197.35 522.538 0.005116 0.00106135 0.0124885
618.476 109.595 0.0036493 0.00733833 0.0319001
845.196 110.732 0.0118957 0.00329251 0.0155772
453.985 257.916 0.022791 0.0314978 0.0455654
403.387 380.793 0.0192951 0.0275719 0.0409395
256.824 479.041 0.0334487 0.000534279 0.0106031
257.435 480.661 0.0242648 -0.00142644 0.00425252
261.144 469.133 0.00424376 0.00050955 0.000491337
759.474 188.226 0.00683325 -0.00233472 0.00678666
756.389 187.284 0.00237396 -0.00228033 0.00620988
753.629 204.764 0.000600979 0.000256314 0.000345015
606.65 201.873 0.0121918 0.0123922 0.0145345
466.758 224.263 0.00850027 -0.00488847 0.00769355
469.857 228.138 0.00674803 -0.00461286 0.00493655
304.436 466.5 0.012203 0.00848307 0.0183485
541.034 280.075 0.0308356 0.0425007 0.0609675
542.274 280.726 0.00619383 0.00650796 0.00774436
545.748 286.624 0.000781138 0.0001028 0.000706737
607.132 357.158 0.0586998 0.0663243 0.0762888
408.425 511.1 0.0267069 -0.00731929 0.0111657
646.5 128.722 0.021736 -0.0205735 0.0285743
619.306 152.583 0.0373235 -0.0240882 0.0232059
665.288 180.955 0.0292841 0.0310466 0.0364233
670.228 175.203 0.0171052 0.0149023 0.0138648
498.211 361.3 0.0114284 0.0120139 0.0240182
481.976 467.119 0.0191703 0.00976251 0.019442
155.431 562.333 0.0054383 0.00143812 0.00383122
157.734 565.951 0.00300919 -0.000746976 0.00173378
331.958 432.788 0.00577705 -0.00432018 0.0180389
359.236 502.25 0.0142309 0.0152393 0.0223072
431.024 505 0.0166135 -0.00614474 0.0202522
249.5 583.152 0.0104551 0.0135702 0.0344986
347.059 195.5 0.0531256 0.0524396 0.0589213
323.514 229.877 0.0159832 0.0158003 0.0202869
451.139 249 0.0639114 0.000989106 0.00537245
526.177 373.984 0.0203848 -0.00092736 0.0129309
527.426 377.606 0.00490527 -0.00108002 0.00427069
382.31 286.31 0.0448232 0.0603292 0.0841615
630.871 290.557 0.012784 -0.00180794 0.00757657
265.572 574.125 0.00276204 0.00385148 0.00676557
263.586 576.629 0.00835995 0.000645679 0.0131614
474.411 233.875 0.0108084 0.000789598 0.0134271
397.439 521.045 0.0308124 0.0251229 0.0351188
37.3814 622.263 0.00510747 0.00137758 0.0119823
586.678 275.789 0.00593405 -0.00453057 0.0297454
584.489 275.543 0.00302925 0.000564465 0.00376879
501.989 373.649 0.0148596 0.0183442 0.0303383
458.22 483.661 0.00602374 0.00728664 0.00979428
456.594 481.63 0.00171554 0.00174713 0.00268261
241.587 502.217 0.0198398 0.00853385 0.00929521
642.936 227.082 0.0338899 -0.0273611 0.0268913
404.63 270.175 0.0128209 0.0158213 0.02395
236.141 453.679 0.0257433 0.0107571 0.0116432
657.879 162.223 0.000852636 0.000441737 0.000765269
751.3 195.214 0.0502388 -0.0353677 0.0340109
174.288 508.288 0.0376272 -0.0186818 0.0209766
327.612 527.675 0.00337277 0.00152907 0.00241654
381.192 533.5 0.0229934 0.0264013 0.0388148
387.786 528.458 0.0177533 0.0221203 0.0293412
382.103 541.206 0.0126315 0.00793695 0.0127741
339.262 565.048 0.0195142 0.0177761 0.0304664
372.54 322.1 0.0184402 -0.0101711 0.0152501
374.414 322.224 0.00687268 -0.00308617 0.00696775
505.986 340.957 0.0217912 0.0160483 0.0325333
398.628 527.202 0.0238371 0.0225262 0.0284564
323.95 576.813 0.0239975 0.0302126 0.0410459
319.508 580.004 0.0207464 0.0269069 0.0363151
553.826 198.098 0.00785435 -0.00701955 0.0094
223.217 251.651 0.040458 -0.0363954 0.0344127
468.603 395.948 0.0271134 0.0364888 0.0503908
471.523 395.373 0.00515108 0.00662731 0.00938613
360.069 549.52 0.0233738 0.0267723 0.0386093
358.766 550.391 0.0186198 0.023471 0.0311806
369.458 551.725 0.00504295 0.00560447 0.00716272
347.689 569.197 0.00303933 0.00376629 0.0047646
339.568 573.004 0.00118022 0.00139267 0.00171184
309.126 594.909 0.000675314 0.000856637 0.00112418
245.622 590.439 0.00396276 0.0105749 0.0380099
545.921 179.237 0.015796 -0.0126925 0.032081
212.568 531.947 0.00609613 0.000998977 0.00145123
347.582 144.221 0.0616977 -0.0856658 0.120655
439.062 244.459 0.0120869 -0.00233906 0.00801949
445.846 247.671 0.00163693 -0.000953655 0.00378152
443.736 245.961 0.000737501 0.000699328 0.00126526
446.5 251.905 0.0717517 0.00689167 0.00416371
218.941 299.059 0.00590855 -0.000807033 0.0112233
235.962 522.192 0.0150238 0.00814527 0.0130273
179.459 545.969 0.00666662 -0.00399133 0.0193764
792.323 103.309 0.00079646 0.000204071 0.000475819
123.659 139.89 0.00796673 -0.00165878 0.0102326
173.463 562.1 0.0128476 -0.00053141 0.00197673
429.356 142.758 0.0230577 0.00429997 0.00263311
667.438 143.746 0.00689907 0.000751048 0.00433356
456.918 476.055 0.024204 0.0308066 0.0408757
190.461 563.539 0.0257564 -0.00779257 0.00735238
169.481 557.629 0.000273425 7.9468e-006 0.00060071
29.5313 568.406 0.0271765 -0.000550375 0.0193562
673.867 153.45 0.0127974 -0.00157089 0.00976282
459.705 348.526 0.0506275 0.0562114 0.0664858
453.62 353.843 0.0221635 0.0272824 0.035147
464.452 470.262 0.0273272 0.0313604 0.0463594
697.119 94.3187 0.000357739 7.25529e-005 6.91108e-005
628.889 415.722 0.0623455 -0.0094638 0.00478866
494.174 494.674 0.04579 -0.0256994 0.0184818
493.804 490.882 0.0176953 -0.00640333 0.00361378
46.2027 578.627 0.00408554 -0.00326339 0.00428617
11.8046 611.188 0.00118419 0.000284847 0.000495354
16.9008 618.782 0.000394476 -5.99706e-005 0.000232512
26.5847 633.304 0.000218199 -9.34631e-005 0.000127905
28.47 637.341 0.000206917 -8.8353e-005 0.000124463
30.6621 639.838 0.000156159 -7.48196e-005 0.000117694
88.7647 627.618 0.039014 -0.0453622 0.0630407
2.52174 637.043 0.0218522 0.00280025 0.00687447
727.361 155.668 0.00169853 -0.000942103 0.00153525
724.718 159.912 0.000986803 -2.20405e-005 0.000654137
364.519 163.788 0.0287307 -0.0234773 0.0214587
132.167 514.969 0.000682303 8.67367e-005 0.000367735
133.647 514.802 0.000437355 1.85632e-005 0.000328019
182 526.917 0.0242619 -0.00832104 0.0201949
224.041 523.861 0.0131689 0.00381848 0.00563971
229.5 521.84 0.00131218 -0.000124721 0.00373147
255.847 653.82 0.0352195 0.0427303 0.054158
356.135 203.385 0.00748615 0.00152966 0.0135432
485.412 274.68 0.0116654 -0.00755841 0.00551275
694.985 401.658 0.00428427 0.00250947 0.00320436
550.541 425.109 0.0197237 0.0251253 0.0328552
551.213 425.71 0.00594292 0.00726712 0.00983031
291.151 440.058 0.0170334 0.00233647 0.00939412
35.5228 591.041 0.0014598 -0.000992572 0.00189811
39.9647 587.309 0.000709232 -0.00011072 0.000688887
39.4485 586.596 0.00068168 -0.000211291 0.000594079
40.5222 589.456 0.000701606 -0.000254924 0.000432941
568.539 467.083 0.00854619 0.000477404 0.00119678
457.267 496.965 0.0152905 0.0131446 0.0284965
416.881 132.405 0.0125375 0.0055241 0.0135043
413.664 136.445 0.00677614 0.00495367 0.0066094
415.563 133.875 0.00377249 0.00243101 0.00319059
432.784 251.463 0.0115387 -0.0029507 0.00661638
415.318 516.591 0.0264889 -0.00110119 0.0060227
151.642 581.366 0.00682776 -0.00170806 0.00266997
229.385 603.397 0.00248796 0.00363584 0.00855714
220.961 609.139 0.00208289 0.00317128 0.00579896
37.5909 670.391 0.00791071 -0.00540677 0.021421
713.662 169.757 0.00948886 0.00122749 0.00894675
275.518 438.272 0.00700742 0.00785304 0.020118
275.94 442.195 0.00599706 0.00112208 0.00280214
199.257 542.824 0.0403083 -0.00506487 0.0062331
732.368 627.711 0.0227927 -0.0057213 0.0146686
527.722 233.917 0.0241504 -0.0168813 0.0258847
638.436 402.766 0.000877186 0.00039599 0.000662425
632.362 420.525 0.000246393 7.07221e-005 0.000124504
461.611 406.028 0.0613546 0.078971 0.107161
476.91 480.603 0.0277449 0.028973 0.042514
85.9033 553.797 0.000236836 0.000131855 0.000291824
103.096 540.221 0.00015526 0.000130382 0.000208642
752.506 137.345 0.00338476 -0.000947088 0.00138449
550.643 142.167 0.0237578 0.0155212 0.0160947
676.474 397.908 0.00879398 0.00234908 0.00712821
841.63 600.087 0.0233752 -0.00576213 0.00934083
710.506 19.2584 0.00774732 0.00412859 0.00406756
659.677 59.9253 0.00304904 0.00355455 0.0043244
699.341 163.591 0.00368908 -0.0022282 0.00419911
721.973 175.027 0.00911 0.0016679 0.00800771
176.069 189.637 0.093425 -0.0709272 0.0556436
522.348 495.783 0.0237809 -0.00531876 0.00556447
756.263 97.072 0.00309612 -0.00116696 0.000500718
252.582 415.677 0.000232914 0.000208288 0.000269098
415.575 385.588 0.00709804 0.00851828 0.0109642
416.571 386.343 0.00243319 0.00270116 0.00373074
744.043 35.0405 0.00246487 -0.00154833 0.00168631
807.333 265.091 0.0271845 0.0347872 0.0478988
804.631 262.104 0.0022047 0.00160875 0.00257996
201.421 318 0.032745 0.0106324 0.00950075
203.274 316.178 0.00991455 0.00686623 0.0080421
99.4508 643.32 0.0293613 0.0047694 0.00390976
100.004 641.719 0.0134017 0.00335402 0.00205071
91.2449 647.89 0.00121779 0.000434463 0.000846623
483.675 389.1 0.0811283 0.101511 0.130001
439.837 511.841 0.00799863 0.00944263 0.0116313
834.24 212.76 0.0305554 0.0436812 0.0673297
830.374 213.949 0.00490456 0.00778228 0.0155388
832.39 213.009 0.00174329 0.00293515 0.00810264
305.454 367.762 0.0846693 -0.0599293 0.043628
443.322 445.633 0.00457281 -0.00178227 0.00737596
281.093 653.006 0.0189442 -0.00812104 0.00768959
286.306 265.528 0.0508007 -0.0397039 0.0387373
348.153 420.561 0.0365516 -0.020232 0.0167378
417.484 147.875 0.0279448 0.0250973 0.0265872
738.908 329.289 0.00863603 -0.00170581 0.00221517
739.161 329.417 0.008282 -0.00120701 0.00178111
255.225 330.539 0.019386 0.0090601 0.0101352
720.89 367.212 0.000200399 0.000108394 0.000143414
304.191 433.736 0.0122127 0.00275592 0.0142352
306.899 427.876 0.00543069 0.00159266 0.00213697
502.414 491.957 0.0793657 -0.0155298 0.00624811
253.365 501.527 0.0249174 -0.010205 0.0137331
252.899 499.649 0.00568165 -0.000293066 0.00230007
804.645 33.3869 8.64301e-005 -4.00821e-005 0.000139874
657.432 89.3351 0.000756423 0.000422674 0.000476576
648.159 91.8923 0.000321101 0.000183926 0.000179342
647.608 87.5366 0.000216486 0.000118777 0.000124675
769.786 68.4689 0.000681414 -0.000186035 0.000542242
182.593 576.198 0.0194858 0.00610489 0.00830154
767.775 643.425 0.012931 0.008502 0.0242316
473.635 510.095 0.0275423 -0.0124838 0.0177026
401.386 585.404 0.00520899 -0.00273123 0.00668092
405.438 597.359 0.00151955 -0.000146286 0.000473186
730.981 2.95679 0.00446941 0.000985246 0.015336
733.34 87.1259 0.00157569 -0.000244008 0.000146399
630.211 382.767 0.0137463 -0.000516523 0.0101163
529.824 474.068 0.0481672 -0.0180155 0.0128211
133.696 598.069 0.0228324 -0.0129882 0.01472
298.032 497.67 0.0235041 0.0655588 0.190962
452.196 535.609 0.0317301 0.00142488 0.00607499
125.329 590.89 0.0279053 0.00472626 0.00725233
412.873 221.206 0.0864614 -0.0678818 0.0553688
432.361 352.583 0.0145795 0.0101984 0.0339995
25.0167 631.817 0.0113076 -0.00205049 0.00709246
99.5769 677.685 0.00417934 -0.000860631 0.0289482
745.517 314.3 0.0106722 -0.00191149 0.00566453
169.375 587.672 0.00643498 0.00511424 0.0117503
175.817 582.762 0.00480627 0.00470727 0.00623745
117.192 674.449 0.0184328 0.0036846 0.0190433
449.365 126.073 0.00447009 0.000639274 0.00281933
161.963 573.256 0.0159573 0.00538006 0.0156669
815.571 628.452 0.0219193 0.00442582 0.00736865
819.079 623.381 0.00571902 0.00300144 0.00328282
114.125 649.275 0.0368318 0.0188083 0.0178742
72.2547 667.594 0.0239364 -0.013363 0.0135387
394.527 242.743 0.129763 -0.100602 0.0802143
412.138 554.33 0.0248392 0.00407195 0.00994711
412.76 554.815 0.0124081 0.00100064 0.00677218
365.452 567.75 0.0215848 0.0268928 0.0357274
118.519 598.198 0.0338171 0.00341599 0.0048853
112.8 604.294 0.00385031 0.00224467 0.00280678
111.524 612 0.00233668 0.000415916 0.000612111
110.4 604.381 0.000729222 0.000132083 0.00041558
583.155 111.645 0.00813177 -0.00142464 0.0104979
574.231 121.172 0.00663591 0.00635871 0.0069126
560.495 132.777 0.00469702 0.00525494 0.00615748
334.764 170.67 0.109711 -0.0951952 0.0839431
322.141 155.786 0.0498339 -0.0423094 0.0361041
399.756 540.372 0.0351024 0.0421213 0.059078
402.918 537.943 0.0228891 0.0281782 0.0380299
438.371 128.629 0.0431317 0.041519 0.0509709
417.922 483.478 0.0154986 -0.00764769 0.0100414
23.7083 664.563 0.0147171 -0.000243143 0.0113328
57.7813 675.438 0.0105386 0.00957415 0.0169781
407.611 130.139 0.0235334 0.014479 0.0263089
829.911 160.652 0.0219491 0.0261026 0.0316225
827.565 164.167 0.00752546 0.00896017 0.0111414
268.759 531.81 0.00539523 0.00541281 0.0343732
270.752 530.536 0.00246288 0.00162084 0.0094747
478.462 529.516 0.00136175 -0.00051627 0.000602783
709.815 643.87 0.0114169 -0.00401235 0.00731982
521.243 160.1 0.0213341 0.00214725 0.0209868
798.551 239.576 0.016949 0.0147888 0.0172194
248.082 380.991 0.0332923 0.0279882 0.02848
276 469.653 0.004235 0.00170714 0.00203038
325.652 662.413 0.00577453 -0.00588197 0.0121944
456.494 100.149 0.00323894 0.00325348 0.00756854
412.031 424.844 0.00886633 0.00120143 0.0347138
422.212 572.635 0.0223956 -0.00263561 0.00409632
845.286 235.69 0.0282063 0.026567 0.0347461
497.019 57.963 0.00544788 -0.00310703 0.0199244
769.4 209.55 0.0208331 -0.00629986 0.00677613
115.8 622.35 0.029699 -0.0129378 0.0176303
518.691 47.4803 0.00343617 0.00346385 0.00684436
510.926 359.457 0.017152 -0.0109221 0.0123171
265.888 358.931 0.0020751 -2.78827e-007 0.00221726
420.52 466.031 0.0242033 -0.00693332 0.00789501
419.247 460.792 0.00391663 -0.00147773 0.00255713
138.853 564.118 0.0664178 0.0606534 0.0614459
575.739 337.799 0.0136267 -0.0115725 0.0168117
578.743 337.248 0.00211594 -1.65081e-005 0.00690084
580.9 332.728 0.00255741 0.000880612 0.00196428
371.37 508.267 0.00331408 0.00278544 0.00458311
143.688 146.969 0.0479725 -0.0283863 0.0260288
448.231 425.157 0.0076495 -0.00607213 0.00530224
527.95 508.532 0.00068942 -0.00019557 0.000472153
438.537 569.521 0.0120498 -0.00223586 0.000898404
114.026 585.904 0.0303706 0.0335501 0.0419935
104.685 594.662 0.00826568 0.00949734 0.0118141
478.685 78.3519 0.0293919 0.031982 0.0390979
498.503 59.7362 0.000922965 0.000844585 0.00104436
475.095 76.7451 0.000269088 0.000318425 0.000489779
821.355 199.833 0.0086097 0.00200576 0.00900547
803.292 246.188 0.0222516 0.0172406 0.0222256
223.917 368.778 0.014554 0.00913917 0.0296186
225.006 369.045 0.00525761 -0.000789804 0.0106376
813.105 511.474 0.0234523 0.0368893 0.0694357
444.477 549.686 0.0301257 0.00344303 0.0030229
435.297 115.616 0.0217832 0.0183016 0.0197822
436.014 118.712 0.00564163 0.00286579 0.00392602
412.733 171.667 0.0283098 0.0111026 0.0176836
515.904 39.0957 0.0221691 0.0139118 0.0158387
323.214 601.043 0.0202697 0.0187569 0.0376864
543.176 39.7162 0.0174118 0.0157983 0.0358753
65.5149 627.007 0.0216339 0.0220637 0.0276443
65.4505 627.302 0.0128928 0.0115885 0.014446
339.113 653.161 0.0147341 -0.00543187 0.00445341
516.775 153.85 0.0193335 0.00704925 0.0191889
561.526 448.237 0.0485385 -0.0152939 0.00867111
460.29 561.362 0.00517706 0.000963119 0.00172067
534.056 348.056 0.0760075 0.0871362 0.102773
434.273 437.333 0.00921397 0.00447778 0.0141442
86.141 654.346 0.0121466 -0.00154922 0.011362
781.542 266.563 0.095197 -0.0221414 0.00656835
323.339 416.194 0.00992495 -0.00131743 0.00468938
599.593 95.6402 0.00418586 0.00346797 0.00670379
399.658 564.105 0.0350762 -0.00629786 0.00453215
274.636 600.091 0.0179974 0.0104482 0.0226017
273.788 599.432 0.010695 0.00210775 0.0100259
363.886 643.008 0.00338023 -0.000613113 0.0017865
499.586 69.0143 0.0198197 0.00667081 0.024195
736.89 302.5 0.0255438 -0.00136499 0.00863125
300.261 579.478 0.0182649 0.0105871 0.0205976
299.971 579.088 0.011818 0.00398922 0.00984425
843.9 357.3 0.00937765 -0.0159549 0.0479862
401.683 478.613 0.0252146 -0.00213493 0.00137911
404.633 478.672 0.00433929 -7.41728e-005 0.00102486
481.474 83.6169 0.0183458 0.0188738 0.0239726
168.431 643.305 0.00762802 -1.64995e-005 0.00643549
839.204 186.918 0.00225926 0.00167086 0.00464211
225.841 674.061 0.0133568 0.0146719 0.0256954
434.872 123.779 0.0281774 0.0249208 0.0321351
252.475 325.025 0.0191836 0.0228549 0.0416539
420.778 541.583 0.0488443 -0.0138746 0.00996126
494.284 82.0405 0.0166268 0.0198163 0.0272867
842.17 232.992 0.0029883 0.00119644 0.00395551
256.091 263.364 0.02018 -0.0120959 0.0173291
823.059 308.912 0.051152 -0.041802 0.042625
134.05 612.325 0.0257288 0.0157338 0.0170376
293.071 481.414 0.00976337 0.00136334 0.0298878
546.611 6.98889 0.0341533 0.0175891 0.0133005
550.715 7.22727 0.00275732 0.00250855 0.00534216
553.897 18.2653 0.000137939 2.21397e-005 0.00036089
361.517 584.941 0.0197754 0.00747836 0.00435467
424.106 459.652 0.0638349 -0.0459178 0.0376233
382.382 483.235 0.0160562 0.000231456 0.0289342
326.892 557.99 0.0125023 0.00232666 0.012109
823.188 326.521 0.0342343 -0.0175568 0.0133708
693.627 337.245 0.020677 0.0174753 0.0186888
306.643 483.333 0.0116934 0.00257132 0.0211806
92.4123 623.096 0.0178225 -0.0148803 0.0185191
186.026 666.211 0.0377352 0.0425768 0.05721
328.73 540.762 0.0207251 0.0231104 0.0325434
299.775 677.441 0.00299621 -0.00113533 0.0190625
632.315 263.224 0.00204423 0.000732428 0.00161732
693.534 263.414 0.0325924 0.0386116 0.0496937
435.679 399.868 0.00432019 0.00452919 0.00918295
536.473 254.122 0.037045 -0.0242206 0.0250202
529.347 343.446 0.000904832 -0.000146727 0.0013401
586 416.741 0.0112151 0.00221857 0.00670779
632.41 70.6484 0.0185836 0.0210602 0.0246671
212.154 363.519 0.0145474 0.0140286 0.0194233
100.068 415.986 0.0376044 0.0295161 0.0332956
136.409 465 0.0370589 0.00606694 0.00662078
177.25 180.813 0.097764 -0.0813306 0.069625
525.106 257.939 0.00591533 0.00103184 0.00502291
143.2 372.075 0.0255775 0.0216623 0.030302
121.236 392.302 0.0137145 0.0156648 0.0198354
114.328 400.093 0.00810819 0.00758817 0.00759908
79.8333 608.227 0.0471534 -0.0370458 0.0372474
663.622 286.561 0.0281094 0.0363086 0.0485961
714.848 245.076 0.01136 0.00875399 0.017333
226.509 347.309 0.00734526 0.00230061 0.00363359
481.794 402.117 0.00376565 0.00412648 0.00585829
118 491.857 0.0261793 0.0230734 0.0298765
567.769 311.122 0.0125742 -0.00905166 0.00953206
289.381 637.976 0.0568089 0.0668171 0.0830079
681.471 319.3 0.014466 0.0184717 0.0290348
269.118 333.7 0.011074 0.0050174 0.013104
250.338 348.554 0.00951436 0.00174397 0.0257387
656.04 243.167 0.0249835 -0.018429 0.0164194
239.016 332.339 0.00703945 -0.000156306 0.0105461
303.367 313.367 0.0314208 -0.0188922 0.0148125
510.55 345.825 0.0119849 -0.00182229 0.0221861
529.083 447.438 0.0225137 0.023647 0.0352971
148.295 619.756 0.0301909 0.0124549 0.0111613
508.056 381.432 0.00481624 0.00340928 0.00567131
32.0588 492.735 0.0229866 0.0110624 0.0251927
13.62 508.1 0.0234728 0.0182434 0.0231546
325.659 621.386 0.0112921 0.00166865 0.0151842
842.682 161.755 0.0335839 0.037706 0.0465311
84.9111 415.678 0.0309308 -0.0244569 0.0195381
696.78 307.24 0.00972709 0.0017005 0.0109343
548.839 303.968 0.0139523 -0.00235141 0.0101178
401.052 68.4195 0.022366 0.0182449 0.0180087
213.703 218.172 0.0338233 -0.0300679 0.0301675
583.769 307.019 0.0140651 0.00685687 0.0125938
547.808 313.654 0.0960983 -0.0789827 0.0678653
225.423 230.603 0.031762 -0.0199259 0.0232459
129.028 636.425 0.092967 0.0369274 0.0158293
699.438 325.75 0.0274513 0.0389883 0.0607793
634.653 233.449 0.0103735 0.000632376 0.0128529
701.208 190.931 0.00568338 -0.00153605 0.0109871
