1.0
266
68.2397 422.459 0.00449018 0.0101202 0.0384903
69.764 421.052 0.00355986 0.00621289 0.0164422
103.329 403.524 0.00906855 0.0110573 0.0498853
48.6429 435.276 0.0172912 -0.0166009 0.0270096
76.2071 292.571 0.0057468 -0.00245767 0.0111489
250.435 382.696 0.0218041 -0.0162704 0.0210955
735.858 87.9717 0.0393984 -0.000989529 0.00397949
213.13 159.5 0.0302236 -0.0233202 0.0244422
227.674 259.436 0.000593222 0.00103376 0.00852184
436.452 120.857 0.00445436 -0.0039058 0.013877
427.609 123.642 0.00133613 0.0020694 0.00503993
302.345 175.017 0.00281182 0.00622047 0.0660579
544.795 176.862 0.0152682 -0.0160636 0.0190669
437.951 246.18 0.00132436 0.000848507 0.0103209
435.412 247.033 0.001159 0.00123255 0.00493453
377.516 115.926 0.0104751 0.0122566 0.0262552
56.7609 454.5 0.0057396 0.00958502 0.050301
358.942 232.1 0.0022809 -0.000446043 0.000347714
687.789 294.689 0.00238222 0.000840189 0.0049715
687.221 294.194 0.00199228 0.000180223 0.00331231
682.261 287.25 0.000281966 0.000124994 0.000895263
14.3021 495.508 0.00112061 0.00142334 0.00402725
417.802 128.198 0.0142183 0.0108293 0.0232912
614.786 102.452 0.0320023 -0.00578524 0.00958506
613.093 102.144 0.00257995 0.00058212 0.0030709
628.548 161.722 0.00949238 -0.0091398 0.0158298
660.919 155.523 0.0465424 -0.00973199 0.00437077
73.7292 455.354 0.00639976 0.00760327 0.0456278
536 358.629 0.0079141 0.0038252 0.0177213
667.85 64.757 0.00721973 0.000929585 0.000559647
234.808 386.212 0.00792922 0.000742357 0.0186402
76.2596 497.787 0.000572922 0.00028093 0.00430945
659.982 15.991 0.00929843 -0.00376937 0.00214832
553.804 137.272 0.0191372 -0.0040503 0.00295786
738.786 222.81 0.0817016 -0.0267487 0.0121911
738.151 222.536 0.0285693 -0.00737559 0.00391181
737.509 221.987 0.022526 -0.00576787 0.00304308
8.3 354.939 0.00511257 0.00289167 0.00322421
502.5 385.394 0.0202882 -0.0130813 0.0159208
434.962 100.596 0.0520314 -0.0214857 0.0113822
591.673 157.175 0.00220527 -0.00274313 0.00576032
562.462 165.75 0.020391 0.000790918 0.00563332
625.078 219.372 0.00142843 0.00242078 0.00483307
286.615 291.613 0.00158832 -0.000401961 0.00213745
497.516 295.294 0.00323904 -0.00484584 0.0207543
507.025 293.573 0.000520218 0.00108661 0.00971225
759.775 11.6409 0.00429696 0.00104736 0.0024258
363.726 280.176 0.000295285 0.000123309 0.00326812
535.129 398.902 0.000191817 -7.70389e-005 0.00302159
497.144 76.0111 0.0255616 -0.00388471 0.00598871
263.226 428.04 0.00935134 -0.000562742 0.00277129
260.097 427.602 0.00234217 -0.000406138 0.00201073
255.435 499.306 0.00447461 -0.000540423 0.00272388
528.528 69.7222 0.0112506 0.00521031 0.00528572
741.623 128.828 0.000754356 -0.000164208 0.000110165
557.78 216.703 0.00263524 0.00262835 0.00736781
583.246 492.367 0.000896545 1.8603e-005 0.00071588
470.033 130.675 0.0103208 0.00613834 0.00457257
475.816 325.395 0.00486045 0.00208156 0.065525
480.819 318.676 0.00397344 0.00152577 0.00158309
488.245 394.156 0.0027786 -0.000784663 0.00221781
473.749 287.183 0.00148438 -0.00175664 0.00853856
435.413 289.772 0.0100537 0.01021 0.0147992
134.811 481.731 0.00133264 0.00164185 0.00619412
379.174 320.012 0.0222089 0.00018519 0.0121993
438.791 161.655 0.000615155 0.000722984 0.0108631
711.627 169.993 0.00301836 -0.0060236 0.0372825
633.053 87 0.0318051 0.020466 0.0201005
585.066 328.028 0.000523671 -0.000856463 0.00826035
584.98 328.196 0.000434216 -0.000188055 0.0037716
587.38 377.199 0.00126229 0.00253666 0.00683582
590.157 377.914 0.000238253 0.000274516 0.00164063
345.107 473.232 0.0295232 -0.0106228 0.00900244
518.564 204.734 0.00922116 -0.000352774 0.0261613
654.214 152.905 0.0267673 -0.0110908 0.0139831
206.362 510.172 0.0032726 -0.00200231 0.0435687
422.99 412.854 0.00252076 0.00518386 0.0297713
720.85 331.4 0.00334815 -0.00435219 0.0283984
720.309 331.95 0.00226504 -0.00297969 0.0115195
608.325 382.9 0.0122398 -0.009923 0.0294245
383.432 498.209 0.0232151 0.014333 0.00999062
384.992 495.331 0.0147611 0.00964136 0.00706807
388.428 492.125 0.00413836 0.00347139 0.0034941
503.521 502.962 0.00926247 -0.00695969 0.00689895
727.841 180.973 0.0162207 0.00126863 0.0031533
760.5 234.678 0.0209476 -0.0143563 0.0226041
702.833 321.2 0.00363019 0.00408895 0.0186541
650.069 502.206 0.0208293 -0.00634001 0.00936264
599.593 211.593 0.00679323 0.0027651 0.012722
464.915 353.381 0.00122294 0.00297011 0.018564
532.968 262.387 0.00905329 0.00107093 0.0119632
403.315 352.485 0.00360999 -0.00384865 0.0326316
434.041 354.045 9.6616e-005 -9.31732e-005 0.00576935
468.454 497.454 0.00123554 0.00383441 0.0334683
160.139 256.444 0.009231 -0.00317775 0.00981862
630.098 256.057 0.0096798 -0.00104579 0.00117552
547.917 415.972 0.0239506 0.00394979 0.016726
526.229 490.924 0.00317584 -0.000700339 0.00936574
622.952 369.571 0.00796745 0.0078753 0.0404799
425.991 429.349 0.00950003 0.00959067 0.017857
415.441 508.218 0.00361997 0.00557735 0.0213542
731.019 500.635 0.0265414 -0.00833838 0.00806907
469.75 426.26 0.0122074 -0.00780096 0.00859631
672.429 491.381 0.0177682 0.00984283 0.0168703
463.427 452.598 0.0379628 0.0110514 0.0113514
611.639 314.882 0.000794115 -0.000449515 0.00691808
619.698 316.093 0.00038262 -0.000208803 0.00310086
647.547 316.105 0.0209661 -0.00630593 0.0107997
667.833 314.365 0.00226068 0.000808359 0.0147959
693.663 309.312 0.00024825 0.00069809 0.00252891
669.595 310.248 4.68793e-005 0.000145084 0.000969652
633.038 314.382 0.00890523 -0.00344543 0.0083407
581.04 313.02 0.00684629 0.00198631 0.0329106
415.72 308.256 0.054916 0.0296119 0.0214548
413.73 311.37 0.0225783 0.0154902 0.0124668
585.8 402.7 0.00537819 0.00502199 0.0132535
570.684 365.99 0.0125806 2.66989e-005 0.0159234
561.854 408.979 0.00913217 -0.0104583 0.0350576
718.664 301.615 0.00539225 0.00339545 0.00573383
488.386 275.864 0.0186802 -0.0067331 0.00870759
489.841 274.145 0.00901918 0.00140913 0.00255433
489.528 276.108 0.000580575 -0.000462849 0.00224075
761.5 490.707 0.0130958 0.000113432 0.0104673
690.091 495.943 0.000159799 -8.67296e-006 0.000703023
565.854 393.542 0.0116131 0.00307944 0.017491
664.12 490.698 0.00308715 0.003395 0.00740231
734.11 296.229 0.025298 -0.00600721 0.00769157
615.429 348.44 0.00393923 0.00361687 0.0158298
558.3 363.209 0.0154684 0.00184632 0.0097181
717.284 491.148 0.00335109 -0.000199865 0.020128
599.032 507.015 0.00276676 0.000927451 0.00663125
689.681 428.006 0.00232883 -0.000200469 0.00501165
743.951 493.073 0.00443338 0.00492925 0.0232206
600.56 393.151 0.0119169 0.00593163 0.0100803
545.352 507.375 0.00669282 0.0101931 0.0224777
549.217 503.529 0.000351644 0.000278574 0.00212435
496.381 344.56 0.015419 -0.00219866 0.00802041
662.972 372.028 0.00398798 -0.00531571 0.0403354
595.979 380.271 0.0148438 0.00668978 0.0125545
715.24 432.61 0.000117118 0.000125949 0.000427009
621.149 374.412 0.00437425 0.00311145 0.0348036
617.522 509.967 0.0064048 -0.001486 0.0423537
451.728 320.009 0.0139278 0.00479757 0.013729
592.747 347.5 0.00282026 0.000770595 0.00413584
475.244 103.976 0.00790643 0.00466034 0.0128498
454.303 342.678 0.00255578 3.73711e-005 0.004098
692.922 354.056 0.0155735 -0.00269448 0.014195
539.45 429.009 0.000260197 -0.000430117 0.00202831
475.087 502.674 0.00287379 0.00388218 0.0224145
477.513 503.361 0.00108685 0.00162637 0.0078232
428.417 342.381 0.00154327 -7.73348e-005 0.00362552
450.715 293.69 0.00222575 0.000901518 0.00611878
702.398 449.112 0.0090407 0.0060834 0.0280724
750.709 500.369 0.000792206 0.000207898 0.00124011
717.138 469.483 0.0105211 -0.000819447 0.013112
716.406 470.122 0.0040906 0.000152311 0.00373169
340.464 370.338 0.00230347 0.000686121 0.0176208
592.039 462.595 0.000331652 8.71713e-005 0.00287222
509.545 321.068 0.0170252 0.000274589 0.014146
670.097 355.477 0.00129027 0.00120264 0.00636392
618.466 364.517 0.0130343 0.00467318 0.0126002
601.015 437.606 0.00495469 0.00275637 0.018456
600.875 436.5 0.00141989 0.000466546 0.00813202
633.975 494.875 0.0126469 0.00240171 0.0252803
540.238 243.587 0.00681219 0.00130244 0.00620527
540.623 242.629 0.00515746 0.00195188 0.00370547
461.085 365.838 0.00277867 -0.00135037 0.00477099
585.94 220.084 0.00544252 5.04538e-005 0.000655795
590.925 494.425 0.037038 0.0120015 0.0116987
467.546 316.669 0.00541525 -0.000611816 0.00350739
633.264 452.555 0.00492749 0.00201109 0.0311286
637.803 450.3 0.00269449 0.00411261 0.0123356
522.773 109.627 0.0367372 0.00905844 0.00584177
562.838 98.6618 0.0130573 0.0094415 0.0137841
562.905 98.319 0.00757179 0.00308477 0.00494656
308.854 134.622 0.0184748 0.00145837 0.00402252
677.125 203.188 0.00573619 0.0064335 0.0263467
675.867 203.694 0.00481388 0.00625672 0.0195703
607.75 480.841 0.00829194 0.0047117 0.0340869
517.198 238.858 0.0125694 0.0106118 0.0220725
617.378 88.8293 0.0112753 0.00255346 0.00488158
446.449 105.744 0.00827575 0.00132651 0.0113715
586.724 231.858 0.00964893 0.00265226 0.0115498
596.606 80.0532 0.00642761 -0.00146297 0.00278594
614.175 79.2596 0.000254979 7.14731e-005 0.00126048
231.247 479.55 0.000270252 5.68586e-005 0.000225044
319.724 138.806 0.0147983 -0.00404434 0.014055
319.894 138.725 0.0103591 -0.00209069 0.0101895
453.779 94.3689 0.0118808 0.00507742 0.0140827
487.962 101.833 0.0173368 -0.000855132 0.0172178
674.078 104.5 0.0347614 0.0109832 0.00606542
673.172 105.887 0.0146103 0.00551438 0.00374438
253.88 156.173 0.000230383 7.72297e-005 0.0014626
635.934 76.5964 0.00514449 0.00521191 0.0112833
531.549 382.061 0.0113143 0.00355451 0.0297434
528.833 383.333 0.00443331 0.00395537 0.0123095
317.842 111.345 0.00453236 0.000764561 0.00478639
755.053 374.642 0.00260276 -0.000789357 0.00226827
755.455 374.15 0.00220971 -0.000237557 0.00174111
496.798 200.061 0.00127323 0.000568095 0.00128767
257.868 281.961 0.000584596 0.000563841 0.00171559
514.711 301.801 0.00447468 0.00139395 0.00336216
745.789 229.989 0.0161636 0.00216383 0.0171315
505.292 211.167 0.0218068 0.00821488 0.0119009
558.578 339.5 0.00357246 0.00140137 0.00823208
426.956 104.975 0.00583459 -0.00138947 0.00219278
656.324 301.598 0.0106542 0.00167999 0.0124888
750.668 24.8789 0.00883092 0.00458987 0.00858162
285.614 510.227 0.0050729 -2.69715e-005 0.0402084
258.148 350.951 0.0047811 0.00258009 0.0142568
258.144 350.356 0.0036564 0.000995189 0.0070294
604.869 222.222 0.00193068 0.000958211 0.0079814
639.663 270.025 0.00830912 -0.00435391 0.0123902
577.052 140 0.00742445 0.0003845 0.00449085
658.2 68.35 0.0192483 0.00841193 0.0122252
593.881 127.857 0.0194327 -0.00749099 0.0177062
298.143 137.643 0.000962852 0.000763306 0.00290875
363.399 286.978 0.00604502 -0.00310016 0.0209313
654.411 49.7439 0.00598797 -9.22938e-005 0.00413242
440.355 231.527 0.0094122 0.0035914 0.00477032
476.755 5.96296 0.00048976 0.000203747 0.00393685
610.923 111.487 0.0121148 -0.00390909 0.00545134
354.523 125.644 0.00180552 0.00167949 0.00390225
106.344 37.7889 0.0108458 0.00149712 0.0230735
512.136 180.845 0.006876 0.00530265 0.0259815
512.163 180.588 0.00531369 0.00320343 0.016174
480.946 45.4697 0.00413126 0.00386843 0.0049532
210.076 399.178 0.0131091 0.000133403 0.0123013
704.686 191.919 0.0219688 -0.00728869 0.0139009
383.085 125.991 0.0108852 0.0180743 0.0467698
757.22 149.378 0.0026979 4.33985e-006 0.000810589
182.626 354.276 0.00156579 -0.0027446 0.0127712
193.054 166.268 0.0116669 -0.000489575 0.0120626
519.479 346.202 0.0100735 0.0118955 0.0356865
370.447 102.086 0.00171434 -0.0027163 0.014415
628.882 49 0.00492576 0.00430236 0.0215259
308.923 52.7846 0.00332672 0.000450481 0.00229738
309.022 52.6063 0.00282597 0.000293441 0.00199631
115.728 433.535 0.00323901 -0.00297288 0.0504323
751.675 126.04 0.0135467 -0.00130574 0.0100967
364.137 222.898 0.00418912 0.0028301 0.0113476
225.359 388.516 0.0192875 -0.00170797 0.00567368
537.609 222.698 0.00253316 0.00111381 0.0194772
108.291 355.896 0.000534367 -0.00025195 0.00134373
208.272 381.543 0.00220586 -0.0009642 0.0057951
235.661 311.758 0.0233129 -0.000497256 0.00264122
158.393 313.774 0.000568263 0.000449745 0.00466532
211.546 367.885 0.00551916 -0.000898287 0.0257285
134.553 427.576 0.0014486 -0.00179432 0.0170011
277.745 12.4057 0.00417602 0.00316349 0.0465956
450.243 70.3784 0.0163067 -0.00297976 0.00499987
217.375 250.85 0.0122131 -0.00281293 0.0271216
47.625 352.306 0.015173 -0.0056423 0.00922657
97.3782 41 0.00138194 -0.000523282 0.00217743
53.1599 338.942 0.00194028 -0.00140847 0.00833434
280.188 3.41743 0.00262467 -0.000676411 0.015823
130.316 187.5 0.0214681 -0.00559869 0.0125528
441.02 203.713 0.00603209 -0.000981736 0.0127323
213.09 4.55128 0.00170877 0.000778766 0.00795436
309.067 30.8881 0.00416216 -0.0108104 0.0543328
308.679 30.9759 0.00224325 -0.00449281 0.0209818
57 8.64 0.0160938 -0.0343428 0.0839796
2.64894 194.394 0.0217528 0.00142563 0.00270365
7.68047 295.678 0.00348727 0.000293714 0.00148814
2.32051 269.679 0.0257608 0.00109877 0.0119375
36.6304 248.065 0.0198035 -0.00189298 0.0141959
