1.0
1921
141.064 23.2455 0.00374233 0.0121742 0.0757806
639.316 2.96012 0.00080098 0.000762713 0.0252111
378.111 1.35185 0.00179239 0.00269526 0.0944996
93.1791 29.1698 0.000837721 0.00514751 0.0434849
90.7629 29.3343 0.000460111 0.00299084 0.0281998
92.028 28.722 0.000257808 0.00186882 0.0161899
276.103 10.4863 0.00236621 -0.00120969 0.0173266
263.278 11.4767 0.000416549 0.00124266 0.0151699
268.298 10.96 0.000257106 0.00118581 0.0149221
202.223 16.7308 0.00181283 0.00941017 0.1003
192.428 17.3322 0.000418055 0.00144865 0.0150412
189.507 14.8721 0.000244308 -0.000132381 0.00204634
791.423 656.135 0.00766645 -0.0025885 0.00891076
340.656 4.14935 0.000955557 0.0032354 0.0333437
350.807 3.21207 0.000280303 0.00161127 0.022516
315 9.12821 0.00920738 -0.00565952 0.00895187
832.317 658.305 0.00168672 -0.00626076 0.0683089
599.979 5.8719 0.00108618 0.00392321 0.0451202
563.119 8.89715 0.000142222 0.00127375 0.0173064
827.068 16.6591 0.00279866 0.000576868 0.0632603
724.254 24.0088 0.00291612 0.00532023 0.0613401
54.0654 6.65432 0.000169413 0.000867579 0.00868107
59.1426 6.52045 0.0001003 0.000536892 0.00672298
869.266 7.83544 0.00243691 0.00128316 0.00378257
296.981 32.8889 0.00211365 0.00384166 0.0602719
291.645 30.1705 0.0013727 -0.0012105 0.00492269
294.465 29.3981 0.000619115 -0.0002083 0.00348373
98.1723 52.4496 0.00126604 0.00424459 0.0372133
109.664 50.822 0.000291905 0.000999086 0.0111916
347.407 18.7791 0.017591 -0.00457541 0.0186148
790.09 18.2436 0.00607237 0.00141113 0.0404938
372.744 26.3049 0.00306574 -0.00131533 0.0925563
368.804 26.4241 0.000978902 0.0021416 0.0594687
379.368 25.2051 0.00041409 0.00172715 0.0193091
765.8 20.72 0.00453791 0.00639317 0.0413078
774.523 19.4371 0.000623953 0.0021712 0.0219677
255.595 37 0.00579531 0.00225373 0.0494876
254.486 36.3 0.00370785 -0.00301004 0.0210579
314.514 59.0775 0.00351941 0.00189631 0.025779
315.03 60.77 0.00363438 -0.00072929 0.00398531
316.293 61.84 0.00285875 -0.000659314 0.00242195
744.543 91.6277 0.00171916 -0.000576424 0.0298199
740.095 91.0579 0.00101496 -0.00197067 0.0125534
321.244 168.802 0.00933776 -0.00805938 0.0326361
238.558 439.349 0.00540501 -0.00818001 0.0209088
242.01 439.169 0.00125117 -0.00115609 0.00939625
242.58 438.786 0.00106661 -0.000731145 0.00561886
286.104 661.368 0.00217584 -0.00202927 0.00715878
280.494 660.647 0.000292397 -0.00144995 0.00864037
394.061 50.7195 0.00384083 0.00926681 0.0775356
394.619 42.8326 0.000828392 -0.000292216 0.00147114
422.242 40.2533 7.98183e-005 9.84311e-005 0.00177819
612.151 382.686 0.000981668 -0.00260385 0.0548165
614.424 383.127 0.000566048 -0.000815862 0.0183757
497.598 26.5392 0.0351297 -0.000226426 0.00540243
486.338 20.9571 0.000705783 -0.00106202 0.00381229
470.347 20.627 9.89417e-005 -0.000146911 0.00282018
442.008 628.151 0.0264712 -0.0167093 0.0136343
650.931 239.096 0.000939367 -0.000707045 0.0385225
653.253 238.358 0.000486029 -0.000451102 0.00731876
331.5 590.903 0.0185218 -0.00408192 0.00697105
701.885 648.782 0.0366003 -0.0148538 0.013479
179.025 43.6375 0.00172237 0.00510144 0.034783
178.918 43.3182 0.00142151 0.00305439 0.020271
180.541 39.2127 0.000208846 9.1783e-005 0.0032339
874.92 94.0498 0.00737547 9.43232e-006 0.00138525
694.833 120.881 0.00437813 0.00437092 0.064841
554.611 488.556 0.00896098 -0.0107676 0.0455998
550.806 487.755 0.00279279 -0.00448511 0.0157242
359.309 671.029 0.0163458 -0.0119352 0.0139577
359.411 670.289 0.00594601 -0.00585246 0.00817573
367.414 672.71 0.00106761 -0.00207735 0.00595081
380.029 672.227 0.000154442 -0.000294773 0.00224679
380.352 671.262 0.00017193 -0.000271947 0.00200247
171.636 2.22727 0.00533336 0.00293472 0.0166921
128.742 49.1212 0.00264036 -0.00253316 0.0304857
438.512 52.9568 0.00713823 0.0038794 0.0143116
442.488 60.8174 0.000752784 -0.000102184 0.00147771
38.099 58.2101 0.00069049 0.00273608 0.022562
431.678 533.722 0.00447424 -0.00670676 0.0517028
430.354 533.341 0.00245353 -0.00561484 0.0314336
428.413 532.024 0.00225263 -0.00430995 0.0163654
566.633 10.2333 0.00171475 0.00393732 0.0323712
658.279 27.9265 0.00443198 0.00594102 0.0332165
661.534 25.9122 0.00212062 0.0014307 0.00603042
710.7 145.12 0.00101997 0.00261884 0.0336761
613.684 241.868 0.0071895 0.0147789 0.0593401
606.791 239.234 0.00188279 -0.00293547 0.00935183
254.136 563.295 0.00384264 -0.00120659 0.0441507
386.326 678.478 0.0034395 -0.010809 0.0981263
575.686 36.6864 0.00123019 0.00350033 0.112773
585.223 34.8145 0.00109603 0.00498984 0.0350843
580.033 34.9583 0.000581167 0.0030596 0.0252786
584.205 29.1575 0.000349626 0.000433959 0.00227599
526.712 123.947 0.000831322 -0.00121963 0.030033
453.278 660.979 0.0018693 -0.00326542 0.00920628
455.975 660.029 0.000694708 -0.000814458 0.00444221
664.985 666.023 0.000675712 -0.00422018 0.0346078
122.406 75.2925 0.00221153 -0.000629205 0.0526471
771.726 83.5323 0.00371361 -0.00017545 0.0158611
259.087 119.217 0.0145314 -0.00379679 0.0186128
256.107 122.915 0.00571062 0.00193947 0.00293294
257.628 126.943 0.0029026 -0.000488447 0.00120024
150.939 121.89 0.00845878 0.00268388 0.0309375
756.333 144.593 0.00201535 0.00573555 0.0638334
801.105 233.128 0.00184441 0.00256472 0.0749857
603.438 294.67 0.000950001 0.000631282 0.0258638
587.032 285.869 0.000425386 -0.000464103 0.00133638
777.686 384.43 0.00293276 -0.0111173 0.136859
97.0694 501.389 0.000640883 -0.00110088 0.0288192
95.1239 501.168 0.000461728 -0.00138472 0.0177222
757.057 562.715 0.00156589 -0.00379092 0.0331547
757.186 561.378 0.000387832 -0.000708967 0.00683918
717.795 672.409 0.0121057 -0.0200999 0.0508556
714.395 670.995 0.00729083 -0.0129788 0.0291649
534.922 675.206 0.00311468 -0.0108498 0.0524267
531.494 672.494 0.0013443 -0.0018005 0.00412133
636.354 31.6875 0.00331658 0.00409417 0.0539837
631.443 31.4905 0.00101522 0.00147308 0.0299752
463.574 43.7941 0.00152877 -0.00250501 0.0260362
691.632 65.8158 0.0145645 -0.00100153 0.0255033
691.143 66.3714 0.00907293 0.00260863 0.0114816
642.273 88.6591 0.00371385 0.000462046 0.0462348
695.212 239.5 0.0012724 -0.00161653 0.0109565
696.231 239.369 0.000717275 -0.000108057 0.00685837
530.939 241.874 0.00120329 0.00188679 0.0168588
148.523 316.773 0.0115217 -0.00289217 0.0224834
152.091 316.545 0.00208198 0.000128263 0.0235977
684.086 145.707 0.00185407 -0.000592933 0.0271713
644.917 207.729 0.00158818 -0.00144936 0.0658677
739.224 204.649 0.00411788 -0.00723545 0.0174985
550.89 264.768 0.00924333 -0.00638652 0.0197143
387.689 293.014 0.00813046 -0.00394747 0.0461102
383.766 294.32 0.0013365 -0.00264917 0.0146319
404.7 317.1 0.00705126 -0.0117906 0.0636265
406.387 318.294 0.000671785 -0.00114445 0.0106685
409.141 317.336 0.000559471 -0.000171803 0.00385742
505.8 319.743 0.00111994 -0.000980541 0.0706299
505.028 319.484 0.000667357 0.000108044 0.0330145
505.801 319.413 0.000604819 -0.000875326 0.0154146
388.768 475.5 0.0103857 -0.0100366 0.0291984
574.286 654.518 0.0026711 -0.0104655 0.094318
587.36 655.947 0.000962996 -0.00584756 0.0499405
679.647 0.794118 0.00159953 0.00525039 0.232051
738.237 231.632 0.00817052 0.00141924 0.0388589
735.682 231.836 0.000849901 0.000116843 0.0155802
561.089 243.125 0.00337777 -0.004172 0.0432828
560.846 243.315 0.00308415 -0.00361354 0.0282298
417.472 294.278 0.00677798 -0.000127886 0.0545846
419.555 293.993 0.00264991 0.00311428 0.0348396
418.349 293.542 0.00108985 -0.000615577 0.0179426
330.94 318.167 0.00121446 -0.00170896 0.0182991
328.704 317.235 0.00082732 -0.00119744 0.0100908
325.555 314.108 0.000667649 -0.000851265 0.00266313
612.081 350.311 0.00105243 -0.000319751 0.0369444
528.357 460.799 0.00122362 -0.00513078 0.0758639
525.972 460.028 0.000776644 -0.00147469 0.00931925
434.883 612.208 0.000990537 -0.00367475 0.027773
437.411 612.078 0.000427924 -0.000871836 0.00741033
435.837 611.401 0.000417407 -0.000876301 0.00461231
514.873 12.9478 0.00195739 0.00318954 0.0470094
739.455 113.515 0.000842899 0.00102788 0.0405475
74.2143 154.386 0.00835388 -0.00651438 0.0103964
84.6468 159.091 0.000208802 -0.000315755 0.00108969
439.041 163.743 0.00551362 0.0041288 0.0513754
436.364 161.557 0.00358296 -0.00274356 0.00686663
435.253 162.729 0.00194622 -0.00180669 0.00387939
749.519 294.056 0.00100716 6.24594e-005 0.0277057
709.287 301.394 0.00679505 -0.00155815 0.0284984
548.651 319.83 0.000946082 -0.00236313 0.0208145
561.02 320.024 0.000201635 -0.000612227 0.0112365
561.797 314.165 0.00015152 -0.000142331 0.00100889
63.7222 429.897 0.00237215 -0.00614168 0.068875
63.8256 429.93 0.00191578 -0.00402866 0.044246
61.3372 427.678 0.00170307 -0.00172244 0.00443164
92.6163 523.105 0.00343861 -0.00313399 0.0641275
665.683 608.97 0.00441234 -0.00458343 0.0109668
255.31 657.643 0.00441018 -0.0170139 0.0862563
4.81111 63.1667 0.0108981 -0.00244257 0.0198442
92.3293 77.3049 0.00293133 0.0110667 0.113247
604.659 179.049 0.00223006 0.000368569 0.018421
715.149 205.5 0.00694402 0.00294967 0.050368
261.211 243.158 0.0156243 -0.0191565 0.0429994
516.604 41.3507 0.00175063 0.00245627 0.0599648
626.725 90.85 0.00690788 -0.000573358 0.0428314
527.958 152.431 0.00156923 0.00275498 0.0495449
600.544 237.211 0.00855624 -0.0108565 0.0296655
265.305 342.28 0.00471224 -0.00478173 0.0519215
264.026 340.479 0.00472315 -0.00291645 0.00408338
285.295 640.115 0.0112091 -0.000343861 0.0151993
697.771 21.6695 0.00396266 -4.94512e-005 0.0357247
57.5 151.95 0.00530067 0.00269526 0.0566394
116.171 171.76 0.00172767 0.00497979 0.0447423
93.9938 588.87 0.00265508 -0.0134816 0.0903104
542.868 597.358 0.0020827 -0.0112482 0.0790648
541.466 597.316 0.000792903 -0.00355739 0.024634
540.283 601.104 0.000312092 -0.000506089 0.00106354
163.277 71.0049 0.000502979 0.0028925 0.0366679
145.728 72.2625 0.00022727 0.00163979 0.0168237
155.954 67.4537 0.000150557 0.000439982 0.00250254
150.988 66.4644 8.99883e-005 0.0002275 0.00182924
240.429 88.2679 0.00445298 0.00702842 0.0248378
234.22 83.799 0.00128563 0.000196422 0.00287462
560.354 209.976 0.00188949 -0.0031628 0.0152244
566.308 209.183 0.000500227 -0.000543387 0.00525899
563.72 208.61 0.000201643 -0.000202331 0.00123552
153.398 266.092 0.00333845 -0.00475512 0.0327439
161.905 266.381 0.000632495 -0.0017976 0.026525
417.575 272.475 0.0300113 -0.0110945 0.00991116
356.256 447.476 0.0603993 -0.0112778 0.00455001
570.847 463.711 0.00295857 -0.00949603 0.0496505
63.0556 126.694 0.010187 0.00631832 0.0450983
78.2656 118.23 0.000469654 0.000604104 0.00316716
78.9127 116.924 0.000336547 0.000403002 0.00219163
442.48 129.276 0.0028225 0.00297548 0.0491106
444.787 128.681 0.000988712 0.00161698 0.02292
444.322 125.494 0.000648531 -0.000360724 0.00225682
489.25 127.15 0.00167885 -0.00479207 0.0550463
50.25 174.183 0.00161939 0.00774501 0.104026
48.5093 174.167 0.000934714 0.00389222 0.0511816
50.0901 174.09 0.000575888 0.00128479 0.0247242
689.384 301.105 0.00848878 -0.00654734 0.031962
689.011 304.775 0.00524294 -1.33869e-005 0.00218045
735.167 580.148 0.035485 -0.0037638 0.00553765
300.593 593.192 0.001646 -0.00310895 0.0129284
195.447 649 0.00630405 -0.0116263 0.0798436
185.787 646.59 0.00179054 -0.00621445 0.0290721
314.618 667.245 0.00337984 -0.014636 0.111722
735.212 673.822 0.00303139 -0.0078389 0.0491248
171.197 144.682 0.00702243 -0.000152569 0.054771
491.208 291.625 0.00237826 -0.00187122 0.062386
482.853 286.036 0.00164349 -0.00139063 0.00228643
725.618 351.5 0.00866866 -0.024255 0.099661
731.784 349.392 0.000831902 -0.00133611 0.00389431
595.933 439.833 0.00818814 -0.00411932 0.0119843
576.947 492.184 0.0135579 -0.0133731 0.029306
593.608 491.604 0.000320083 -0.000585915 0.00556207
329.872 572.128 0.00388137 -0.0135283 0.0992056
330.22 571.855 0.00177945 -0.00041031 0.0065312
303.355 636.114 0.00388231 -0.00187195 0.00220647
532.045 52.7121 0.0137859 -0.00827602 0.0343214
381.8 83.35 0.00472913 0.00387304 0.075776
716.673 85.8654 0.0140117 -0.00726426 0.00897118
368.154 138.096 0.00849369 0.00206936 0.0148307
357.603 135.306 0.000793594 -0.000270325 0.00278356
644.549 145.622 0.00497626 -0.00395844 0.043309
493.22 216.54 0.00448289 -0.00543087 0.0405147
493.09 216.271 0.00236305 -0.00309165 0.0238773
238.786 251.786 0.0101887 0.00699443 0.0424784
237.344 253.411 0.00558424 0.000683393 0.00709046
122.038 313.474 0.0158187 -0.00128014 0.0188213
132.196 315.913 0.00801707 0.00302737 0.0227621
138.968 315.268 0.00024228 -0.000476026 0.0097079
80.1753 408.552 0.00105899 -0.00231087 0.0681915
83.375 408.602 0.000639911 -0.00180896 0.0431462
336.204 422.279 0.00023472 -0.00108202 0.0339896
173.191 460.755 0.0050908 -0.0118456 0.058526
420.077 479.827 0.00462328 -0.00367072 0.0149615
419.413 479.709 0.0022343 -0.00264491 0.0083828
410.395 472.869 0.00136113 -0.00145088 0.00279241
150.278 506.484 0.00219356 -0.0104102 0.0984804
140.391 503.034 0.000550912 -0.00104 0.00408068
705.622 532.573 0.0107242 -0.00654938 0.0285926
707.579 532.921 0.00155876 -0.00189113 0.0139883
135.059 536.735 0.0113009 0.00334911 0.0370394
128.146 533.668 0.00359551 -0.0057871 0.0142769
319.408 612.577 0.0210318 -0.00485977 0.00244794
670.793 210.776 0.00293495 -0.00151076 0.0262306
657.685 209.315 0.000549146 -0.00197065 0.0204148
142.478 290.389 0.00267405 -0.00553279 0.089153
146.148 289.722 0.000894814 -0.000396225 0.0105018
110.818 337.25 0.0206976 -0.0180674 0.0242092
52.7553 407.053 0.00381865 -0.000895126 0.0450341
390.661 426.321 0.00148766 -0.00325794 0.0551583
403.646 426.75 0.000380007 -0.00175127 0.0245543
492.547 433.547 0.00502857 -0.00245533 0.0387914
496.344 433.144 0.00100981 -0.00202867 0.0187193
650.947 524.865 0.00244947 -0.00539246 0.0301414
650.229 522.894 0.0018583 -0.00145435 0.00510864
182.275 543.675 0.0157447 -0.0173589 0.0368554
106.64 551.079 0.0119532 -0.00385845 0.00602965
72.9302 629.349 0.00111923 -0.00516464 0.0331282
722.27 640.26 0.00507932 -0.00332713 0.00383521
723.722 641.639 0.00436043 -0.00305381 0.00380677
708.622 642.085 0.0251546 -0.00705622 0.0120931
558.378 673.946 0.00963057 -0.00496409 0.0051304
683.226 45.4151 0.0087865 0.0006859 0.00344564
282.176 60.2183 0.00182104 0.00436686 0.0547216
278.362 57.8882 0.00128323 -0.00119552 0.00663461
275.297 57.6255 0.000831952 -0.00043868 0.00518141
476.735 153.873 0.00671562 0.0167473 0.0624392
703.77 204.77 0.0163445 -0.0141617 0.0276481
710.62 205.046 0.00121449 -0.000653315 0.0174069
89.363 336.993 0.00261922 -0.00875952 0.0627613
88.3679 337.802 0.00144313 -0.000436272 0.00926764
440.459 347.969 0.0095886 -0.00347792 0.0122663
566.403 436.403 0.00133548 -0.00242493 0.0331918
96.0736 530.694 0.00443179 -0.00178889 0.00165042
351.27 573.025 0.00882755 -0.00785881 0.0152077
477.851 642.608 0.00694269 -0.022798 0.114291
469.888 638.299 0.00180917 -0.00203644 0.0042487
468.875 637.527 0.0017747 -0.0017601 0.00346353
501.016 644.806 0.00320828 -0.00907942 0.0422303
509.038 644.552 0.000717227 -0.00173058 0.00822726
524.649 648.351 0.00414808 -0.0126944 0.0715334
277.717 141.696 0.00396992 -0.000136093 0.00728181
346.13 220.111 0.003887 0.00316024 0.0282673
345.091 220.727 0.00307937 0.00339387 0.0193306
173.237 266.895 0.00406582 -0.00521767 0.0760478
124.332 267.805 0.000998462 0.00276573 0.0563035
143.041 267.053 0.000158133 0.000121028 0.00819362
626.614 318.898 0.00235271 -0.0046924 0.0156922
631.159 319.025 0.000876315 -0.00149556 0.00450165
702.423 381.167 0.00102846 -0.00284024 0.0270493
177.789 388.825 0.00202807 -0.000711358 0.0135122
123.786 433.582 0.00460092 -0.00657693 0.0546
119.403 431.395 0.00300084 -0.00481713 0.0150305
637.882 442.735 0.0151316 -0.020929 0.0395223
637.222 440.724 0.00047235 -0.000627069 0.0102206
780.02 507.32 0.00732838 0.000257957 0.017414
637.72 675.037 0.037509 -0.00631116 0.00822749
70.6944 54.7778 0.00719171 -0.00944078 0.0497548
601.767 63.4778 0.00331777 0.00314691 0.0756071
601.177 52.5667 0.00188119 0.000125277 0.000935131
229.978 140.957 0.00205594 0.00513607 0.0860859
561.05 150.125 0.00322329 -0.00259738 0.0534189
555.976 151.286 0.00163293 0.00338279 0.0225799
259.211 214.856 0.00919061 -0.0101286 0.0275083
278.5 241.688 0.00241417 0.00196725 0.0404066
298.346 243.019 0.00382232 -0.00675812 0.0271846
471.545 242.561 0.00168484 4.21282e-005 0.0472749
577.5 262.96 0.0104777 -0.00566809 0.0124061
209.926 340.777 0.00233495 -0.00783153 0.109433
208.059 340.608 0.00161258 -0.00455523 0.0356909
747.469 430.531 0.0148038 -0.0227072 0.053763
754.447 433.019 0.002575 -0.00105272 0.00427496
605.539 493.284 0.00332401 -0.00773191 0.0555391
665.875 497.896 0.00703079 -0.00867919 0.0241381
667.653 497.888 0.00265398 -0.00309007 0.0140294
374.128 577.163 0.00150245 -0.00450767 0.0381362
370.705 574.892 0.000422899 -0.00123995 0.00628264
172.3 576.84 0.00495507 -0.00509675 0.0348952
708.585 615.54 0.000534925 -0.00155004 0.00998935
688.131 610.774 0.00015859 -0.000284959 0.00152786
706.5 30 0.00490427 0.0104147 0.0642514
203.119 42.119 0.00329916 0.00162718 0.0301634
640.517 59.0345 0.00162733 8.65438e-005 0.0425194
646.984 57.6635 0.000623533 0.000220149 0.0104401
652.638 50.0274 0.000954211 0.000752852 0.00181158
159.592 106.483 0.00142439 -0.0003085 0.00334631
156.963 107.694 0.000914516 -0.000229556 0.00303392
24.6132 105.745 0.00343315 0.00452521 0.0335165
623.079 264.579 0.00717921 -0.00269746 0.0450522
608.064 465.192 0.000863144 -0.0017099 0.0580917
587.649 464.377 0.00018269 -0.000209074 0.00570225
587.375 459.932 0.000196627 -5.54603e-005 0.000129505
45.4167 540.75 0.00528964 -0.0109233 0.0469473
45.522 541.225 0.00405636 -0.00691002 0.0193373
55.1667 582.604 0.00361698 -0.00689508 0.0662611
275.9 591.74 0.00503723 -0.0088827 0.037173
393.776 625.833 0.00307024 -0.00223512 0.00365715
597.922 670.611 0.0321775 -0.00935502 0.0079651
603 672.66 0.00226039 -0.00107267 0.00331107
775.391 47.1727 0.0165465 0.000375743 0.00981057
709.983 54.8333 0.00271042 -0.00347074 0.0336651
701.8 80.1 0.0137613 -0.00822523 0.0208466
501.657 153.441 0.00217062 0.00387761 0.0608852
649.133 181.724 0.00415937 0.0120775 0.0649143
74.354 231.011 0.00203336 0.00141293 0.00677648
451.349 292.477 0.00503851 -0.00251394 0.0078323
448.032 290.884 0.00125881 -0.000827035 0.00435358
271.579 391.994 0.00162104 -0.00286908 0.0135103
271.014 390.74 0.00137551 -0.00168606 0.00555118
241.655 464.19 0.00156501 0.00231319 0.0292872
239.164 463.801 0.000837149 -0.000534145 0.0115129
641.447 465.465 0.00516579 -0.00305564 0.00306698
703.524 501.262 0.0086962 -0.0170794 0.0571672
701.297 501.82 0.0012465 -0.00327947 0.0215619
300.691 613.819 0.0112747 -0.0126932 0.0245565
220.159 629.227 0.00448582 -0.00936505 0.0666453
128.177 638.638 0.0041411 -0.0137668 0.0730008
134.403 640.011 0.00121743 -0.003719 0.0159339
407.354 647.479 0.071422 -0.016469 0.00565284
407.974 648.397 0.0223888 -0.00767174 0.00401073
714.352 42.784 0.0101974 0.00597912 0.00911074
697.459 39.6761 0.00040529 0.000157621 0.00165118
347.348 291.935 0.00181624 0.0017309 0.11602
351.107 291.624 0.00120094 0.00017913 0.0254196
567.19 349.944 0.000871601 -0.00193127 0.0231365
564.749 348.61 0.000887171 -0.00128579 0.00546294
336.341 445.036 0.00490701 -0.0119731 0.0407788
742.877 531.162 0.00174133 -0.00408712 0.0134287
552.207 550.227 0.00830757 -0.00250352 0.00221794
624.205 605.05 0.00413256 -0.00348652 0.00456413
378.607 648.232 0.00115104 -0.00122091 0.0027686
599.429 88.8333 0.00740956 -0.000101733 0.0360426
584.881 80.8126 0.000300985 -5.91408e-005 0.00175612
107.739 98.587 0.00233946 -0.00349701 0.0862463
105.082 96.4545 0.00307911 -0.00294923 0.0124816
106.344 94.6137 0.00203985 -0.000669222 0.00575389
106.932 93.7014 0.00162122 -0.000380427 0.00424608
107.065 92.2962 0.00160412 -0.00043082 0.0025734
554.167 102.611 0.0328396 0.00149341 0.00966052
554.414 106.5 0.0308208 -0.000753752 0.00192905
284.611 113.656 0.0117963 -0.00411422 0.0231261
641.32 109.37 0.00532521 -0.00151706 0.00154594
619.86 110.31 0.000254905 -6.23262e-005 0.00157261
25.5278 137.583 0.0157252 0.0105245 0.0305425
150.238 150.81 0.00427885 0.00494611 0.0506075
30.9 200.1 0.00465563 -0.00148279 0.0646846
27.7421 197.658 0.00379475 -0.00421211 0.00962928
27.131 197.602 0.00180377 3.17874e-005 0.00221551
402.091 247.333 0.00234794 -0.00157077 0.0258008
81.4318 252.364 0.00988644 -0.00324399 0.0217647
520.152 377.674 0.001874 -0.00401641 0.0502092
518.822 377.122 0.00103192 -0.00126908 0.0159407
327.755 394.324 0.00703437 -0.00247589 0.00968492
291.181 421.096 0.00552689 -0.005513 0.0301352
716.088 558.335 0.00271483 -0.0083628 0.0335416
343.724 642.378 0.00185349 -0.00189401 0.00342326
349.351 641.399 0.000780482 -0.000582497 0.00275324
248.135 63.881 0.00311136 0.00196662 0.0179198
553.048 66.1667 0.00421014 -0.00312481 0.0469368
476.851 112.358 0.0031704 -0.00136153 0.0056315
45.7264 131.123 0.00890956 -0.00462483 0.0148131
682.549 181.024 0.00527131 -0.00483136 0.0105056
687.368 184.526 0.00273958 -0.00264086 0.00475174
237.542 191.176 0.00242718 -0.00305537 0.0186642
233.33 185.718 0.00201088 -0.00102904 0.00164674
746.112 354.194 0.00189289 -0.00237041 0.103406
262.338 418.298 0.000755263 -0.00383184 0.0662416
54.9975 457.49 0.00371731 -0.00148269 0.0022692
666.278 550.122 0.00851385 -0.00437729 0.0152516
397.894 595.894 0.0394972 -0.0135644 0.00646817
621.175 649.544 0.0179471 -0.00274784 0.00148126
220.104 38.9583 0.00460142 -0.00463581 0.0329946
227.387 38.7857 0.000846406 0.000638071 0.0212505
339.045 54.6515 0.00272594 0.000593045 0.0295965
339.903 53.3739 0.00157535 -0.000540948 0.00656973
381.415 65.8617 0.0557304 -0.00189907 0.00399833
380.919 66.6047 0.0166219 -0.00352165 0.0034054
290.89 136.817 0.00964859 -0.00952188 0.0236097
289.352 134.364 0.00799929 -0.00440177 0.00492707
606.553 148.5 0.00417404 -0.000959141 0.0608587
319.795 206.984 0.000834385 -0.000320255 0.00237143
334.115 202.118 0.000220789 1.83663e-006 0.00075296
580.8 210.683 0.0138538 -0.0114649 0.0177481
286.253 216.453 0.00109917 0.00171103 0.0247166
97.934 218.764 0.00283265 -0.00185477 0.0455475
394.439 266.915 0.00189131 -0.000828421 0.0108491
230.304 291.696 0.00333381 -0.00204371 0.0534568
229.329 290.195 0.002335 -0.00184716 0.00729697
200.043 314.891 0.00293648 -0.00229275 0.0562514
194.189 314.539 0.000925032 -0.000995932 0.028769
493.65 347.7 0.00215578 -0.00139288 0.0511681
235.972 560.5 0.00618555 -0.0133773 0.0521899
60.2143 627.476 0.00610666 -0.0162051 0.0813379
689.5 172.5 0.0192151 -0.0171481 0.0242676
369.25 195.556 0.0261972 -0.0103198 0.0200353
46.1508 206.278 0.00936304 0.000421754 0.00776786
426.387 212.12 0.00145176 0.00524418 0.0551239
459.718 211.795 0.00407946 -0.00346656 0.0124911
334.689 240.745 0.00792971 -0.004542 0.00790814
335.266 239.696 0.00332558 -0.00140435 0.0058431
334.09 239.102 0.00193989 -0.00087006 0.00452781
438.632 291.289 0.0242028 -0.0198946 0.0233492
377.196 344.326 0.00148434 -0.00305181 0.0543713
699.425 353.025 0.00312185 -0.00211586 0.0764903
339.918 389.573 0.00268619 0.003002 0.0422881
734.523 440.205 0.00813262 0.000527311 0.0231773
597.728 601.149 0.00345474 -0.00406434 0.0156516
608.716 601.23 0.0364478 -0.0193523 0.0168008
340.344 621.767 0.00201468 -0.00488487 0.0722629
348.319 622.534 0.000900779 -0.00437575 0.0491915
424.859 3.19231 0.016795 0.00614778 0.0213594
522.591 207.742 0.00770353 -0.00759096 0.0635101
513.775 208.483 0.000719117 -0.000154645 0.0211026
375.622 625.153 0.00851213 -0.00897315 0.0246814
541.755 642.351 0.036794 -0.00535097 0.00222248
82.3025 135.245 0.00221169 0.000798699 0.0076724
78.1512 209.058 0.00699191 -0.00655941 0.0305438
137.509 217.555 0.00227109 0.000768678 0.00870451
666.013 256.474 0.00772314 0.000809367 0.00838494
241.654 266.167 0.0037187 -0.00419081 0.0555924
246.36 266.544 0.00158389 -0.00147614 0.0102566
475.464 319.682 0.00554984 -0.0103243 0.0291768
61.9848 336.955 0.0105692 -0.0150921 0.0620458
57.1951 335.598 0.00377204 -0.00778332 0.0264336
56.2011 331.087 0.00248639 -0.000820397 0.00200787
217.04 387.82 0.00386002 0.00311433 0.0158079
210.374 384.7 0.00103803 0.000152447 0.00420121
632.447 401.711 0.0431942 -0.00763421 0.00405589
643.394 494.926 0.00626972 -0.011164 0.0482864
71.087 520.652 0.00354609 -0.0049884 0.0535624
149.7 642.475 0.00587417 -0.00602784 0.0407597
359.279 161.994 0.0014827 0.00165702 0.0302168
363.426 160.38 0.000935315 0.000665142 0.00342984
277.778 166.444 0.0288463 -0.0165202 0.0180198
289.474 181.321 0.0116527 -9.80994e-005 0.00385767
276.659 179.167 0.00060249 -0.000124605 0.00139816
447.684 230.707 0.00242443 -0.00322763 0.00678619
169.543 288.713 0.00535595 -0.00528659 0.0365384
158.198 371.709 0.0155855 -0.0050135 0.0114679
506.415 495.5 0.0103674 0.000858871 0.00908419
645.238 605.5 0.0182498 -0.0137191 0.0224942
266.821 82.4358 0.00435121 -0.00428145 0.0095701
401.817 82.6463 0.00491863 0.0026066 0.0483664
249.33 112.053 0.0091293 0.00767778 0.0298571
178.414 149.843 0.0128947 0.00525143 0.0172455
178.906 156.237 0.00195646 -0.00126654 0.00183407
402.819 214.688 0.000687142 -0.00221989 0.0170559
564.838 257.979 0.00673506 0.000221689 0.00513359
643.196 287.826 0.0358351 -0.00991064 0.00933582
648.383 281.561 0.00152304 -0.000170209 0.00147061
480.196 377.339 0.00596323 -0.010811 0.0326487
754.434 393.123 0.00317735 -0.0046588 0.0423254
241.942 391.895 0.00146314 -0.00553951 0.117429
235.04 386.707 0.00151562 -0.00182038 0.0039854
235.2 385.927 0.00148506 -0.00173123 0.00352353
344.717 396.674 0.00309741 -0.00597186 0.0904063
200.091 461.205 0.00148302 0.00138204 0.0759639
659.708 470.521 0.0164337 -0.0120136 0.0192361
102.109 478.717 0.00761628 -0.0155727 0.0513113
136.862 593.103 0.00671993 -0.0114837 0.038435
154.911 594.643 0.00322832 -0.00418139 0.0305012
17.3933 84.0867 0.00312868 0.00518821 0.0248549
569.205 161.136 0.0151594 -0.0189029 0.0392093
162.972 188.898 0.00632565 -0.000316006 0.00596355
445.261 196.959 0.00799341 -0.00215925 0.00172705
299.965 289.57 0.00659926 -0.00126889 0.0143609
301.331 288.934 0.00403612 -0.00116173 0.00810822
305.987 287.754 0.000703486 0.000397209 0.00648458
122.867 359.888 0.0103812 -0.0112963 0.0233995
124.305 359.488 0.00330877 -0.00412464 0.014042
712.813 471.417 0.0061512 0.000478312 0.0301375
641.69 555.586 0.00842479 -0.00592075 0.0110083
660.57 580.547 0.00352147 -0.012985 0.08007
654.654 577.915 0.00199297 -0.00394198 0.0118259
432.537 582.969 0.00171637 -0.00364448 0.0302463
348.809 587.764 0.00654553 -0.00600076 0.00872522
480.047 658.274 0.0406459 -0.0112218 0.00510129
706.557 171.171 0.00483012 0.00098688 0.0134081
273.075 217.493 0.000201101 -0.000517231 0.00316542
188.386 332.3 0.0310478 0.000145665 0.0128293
638.87 338.122 0.00632869 -0.000784791 0.00362237
441.079 371.658 0.00411955 -0.00818789 0.0399721
559.476 505.988 0.0343114 0.00653284 0.00595726
691.071 529.786 0.0260633 -0.0211512 0.0325633
443.24 552.448 0.016575 -0.00304801 0.00158483
470.182 586.25 0.00785408 -0.00961008 0.021583
372.223 598.625 0.00775526 -0.00226284 0.00174158
401.331 76.2692 0.00101038 0.00137855 0.0575658
416.602 102.561 0.00617073 0.00713584 0.0374465
716.5 180.364 0.00952881 -0.00357956 0.0112779
512.42 262.86 0.00448658 -0.00578145 0.02038
486.081 264.477 0.0147354 -0.00211107 0.0153534
262.713 317.223 0.00405429 0.00392299 0.0346129
103.99 361.833 0.00233785 -0.000919361 0.0284246
108.922 363.578 0.00182041 -0.00262073 0.0120684
571.628 406.013 0.00806174 -0.0103507 0.0202145
506.375 485.818 0.00661687 -0.00887013 0.0166799
408.791 546.373 0.0333725 -0.00558753 0.00233451
268.542 632.625 0.00824372 -0.00422207 0.00406924
269.717 627.022 0.00475377 -0.000695449 0.000832429
510.893 62.0843 0.00759574 -0.00435061 0.00736686
306.681 94.7441 0.0046928 0.00211951 0.00440235
360.804 96.3922 0.00427513 0.00234461 0.00951895
399.622 181.573 0.0135836 -0.0138073 0.0217952
592.031 208.276 0.00441732 0.00178034 0.0299918
45.5714 311.875 0.00115338 0.000908069 0.0612773
84.5698 429.5 0.00323212 -0.00290714 0.0615728
734.355 502.742 0.0193014 -0.016015 0.0194337
602.782 566.5 0.0145543 -0.00965616 0.0116231
603.971 565.121 0.00524613 -0.00196485 0.00402958
472.549 91.2073 0.00385226 -0.00188147 0.0226526
532.227 176.288 0.00995087 -0.01034 0.039285
285.367 249.294 0.00179177 -0.0014661 0.00280776
177.728 278.442 0.00234266 -0.00153348 0.00523537
119.684 385.398 0.00502345 -0.0136762 0.068945
118.975 382.5 0.00329974 -0.00166033 0.00479949
204.662 557.203 0.0312114 -0.0114562 0.0145837
142.386 96.8429 0.00490817 0.00675151 0.0581127
82.4783 101.478 0.0035887 0.00758706 0.0603996
81.8173 100 0.00252773 0.00244041 0.00794669
600.904 115.436 0.0121467 -0.00994672 0.0206598
603.838 113.73 0.00226221 -0.00195673 0.00544
180.629 215.559 0.00237074 -0.003856 0.0241116
180.772 210.649 0.00249118 -0.000509736 0.00167294
383.89 233.653 0.0120771 -0.0110113 0.0190656
214.311 235.284 0.0325445 -0.00590589 0.00757935
525.956 310.009 0.0234624 -0.00412447 0.00369628
227.849 415.817 0.00164991 0.00165196 0.0605098
602.07 515.737 0.0067055 -0.00292697 0.00218265
52.6613 264.839 0.00348845 -0.00678983 0.0351016
86.7464 290.862 0.00159584 -0.00116011 0.0523716
255.791 311.98 0.000919062 -0.00044962 0.00268534
367.147 316.735 0.00657945 0.00456329 0.0504387
359.78 314.76 0.0025946 -0.00578659 0.0229284
400.908 392.745 0.0192289 -0.00910211 0.00690136
264.823 437.435 0.00657035 -0.00389049 0.00789603
697.445 576.87 0.000761259 -0.00070815 0.00205984
661.357 115.729 0.00472932 -0.00385726 0.0539141
298.296 161.561 0.0125696 -0.0124218 0.0180012
479.321 179.449 0.0105752 -0.0134765 0.0391041
49.9583 196.25 0.00289919 -0.00131661 0.0281208
53.3613 194.772 0.00150106 0.00155874 0.0120489
239.151 222.198 0.00247372 -0.00372711 0.0426064
275.441 260.412 0.0350012 -0.000144434 0.0106486
390.738 308.19 0.0183587 -0.00298138 0.00899373
91.2632 311.132 0.00907407 -0.0123104 0.0443144
86.519 310.025 0.00127168 -0.000198536 0.00784
138.147 330.265 0.0289859 -0.0181232 0.0175639
730.995 396.005 0.00348699 0.00250512 0.00345409
418.314 427.958 0.00187565 -0.00718409 0.0686895
580.786 547.443 0.0328007 -0.0131037 0.0126051
690.152 553.696 0.017099 -0.00793201 0.017699
302.67 567.926 0.00325522 -0.00571926 0.0421853
56.4057 102.311 0.00826736 0.000226755 0.0091434
50.5766 99.8254 0.00151116 -0.000701422 0.00559421
76.5857 196.7 0.00438426 -0.00401358 0.0398213
366.517 233.147 0.00417586 -0.00195526 0.00409788
42.6808 350.274 0.00446535 0.000444752 0.00142371
33.7115 382.731 0.00949247 -0.020233 0.0542728
435.314 387.547 0.0660192 -0.00561211 0.00408208
468.722 427.852 0.016409 -0.00699077 0.00897494
478.625 454.438 0.00723785 -0.0140261 0.0497692
87.2872 241.521 0.00336255 0.00257972 0.0472443
280.138 285.543 0.00322023 -0.00103736 0.00592056
322.942 347.942 0.00674827 -0.0112445 0.0431268
187.117 412.032 0.00950672 -0.00994138 0.022655
716.315 437.869 0.00245597 -0.00212809 0.0101086
496.348 456.804 0.0030926 -0.00671961 0.0598244
514.75 101.545 0.00913491 0.00289764 0.0155799
236.096 153.757 0.000238785 9.50883e-005 0.00252498
388.622 179.929 0.00834719 -0.00427096 0.0103284
340.848 186.783 0.0152345 -0.0103741 0.0131923
484.913 205.468 0.00224657 -0.00140724 0.0173435
516.484 232.566 0.00750976 -0.00443342 0.0053158
193.823 230.903 0.00614936 -0.0022036 0.00306627
438.746 260.19 0.00118618 -0.000997272 0.00370003
327.088 305.422 0.0111215 -0.0120056 0.0293957
296.704 338.276 0.00604844 -0.00372067 0.00578231
709.953 409.628 0.00685228 5.33365e-005 0.00465506
59.8095 560.214 0.00983596 -0.0102562 0.03057
286.775 565.125 0.0155244 -0.0166118 0.0345869
518.618 395.324 0.00106847 -0.000421206 0.00169517
39.2115 472.923 0.00568512 -0.00987858 0.0449369
38.3783 472.039 0.00206603 -0.00333612 0.0195313
442.705 507.244 0.00679207 -0.0164892 0.0881216
447.359 508.065 0.00271375 -0.00953838 0.0539603
89.8333 645.917 0.0220392 -0.00609868 0.00494402
530.138 64.4574 0.0042049 0.000201159 0.0377514
234.745 165.724 0.00227516 0.000320519 0.0561206
196.425 190.41 0.00384657 -0.00308911 0.0165779
202.117 185.649 0.00129693 -0.000275355 0.00120354
558.244 234.731 0.00449739 0.00316055 0.0414262
140.964 411.554 0.0027168 -0.0088692 0.0587399
149.327 411.85 0.000417455 -0.00171999 0.0196279
110.106 412.682 0.00900663 0.00916477 0.0463816
581.635 597.284 0.0136185 -0.0155463 0.0343416
235.217 627.117 0.0129084 -0.00742918 0.00757334
212.526 1.73684 0.000801208 -0.00106018 0.0403149
413.275 3.025 0.0094174 0.000958437 0.0308447
556.095 285.5 0.0429105 -0.00551276 0.00999227
191.915 297.175 0.00195332 -0.00121814 0.00964446
340.261 351.87 0.0196232 -0.00731343 0.0101632
92.4574 382.947 0.00416165 -0.0067785 0.0388756
176.6 437.217 0.0038826 -0.0085451 0.0525347
174.866 437.312 0.0016873 -0.00125298 0.0145985
671.953 522.625 0.00355925 0.000701602 0.0138213
117.254 604.623 0.0201808 -0.000482362 0.002614
734.953 41.1272 0.00138858 0.000361111 0.00138514
391.323 143.061 0.0011735 0.000641462 0.00128671
146.48 227.56 0.00826926 -0.00577505 0.0158262
146.654 227.092 0.00124726 0.000871984 0.00843547
351.529 238.443 0.00751608 -0.00487465 0.051987
323.083 335.694 0.0452585 0.00296391 0.00493455
405.793 371.379 0.00267118 0.000746894 0.0292115
299.31 442.071 0.00849655 -0.00813352 0.0220173
452.078 451.367 0.030178 -0.0258442 0.028208
628.955 589.909 0.0222134 -0.0170067 0.0200663
363.358 68.1378 0.0101595 -0.00119867 0.00332161
369.548 78.8326 0.000301522 6.0885e-005 0.00028381
334.561 100.949 0.0172803 -0.00101005 0.00630642
232.37 199.717 0.00962219 -0.00841521 0.0158741
345.595 200.88 0.00377812 0.000405609 0.00304827
751.481 270.123 0.00309483 0.00214902 0.0445848
503.354 271.354 0.00797191 -0.00878892 0.0290236
230.586 337.414 0.024085 -0.0175289 0.0208696
232.459 337.39 0.00622277 -0.00567887 0.0147836
556.931 357.931 0.00593296 -0.00537448 0.0275135
79.5 360.139 0.00182321 0.000151583 0.0170187
698.275 390.539 0.00180529 -0.00697906 0.0486388
525.155 402.245 0.00762913 -0.00556391 0.014079
176.576 483 0.00158426 -0.0019703 0.028558
206.319 480.844 0.00182981 -0.00126489 0.00210026
570.423 517.09 0.0029249 -0.00134932 0.0605327
622.792 129.871 0.00868875 -0.00186097 0.00575652
676.609 134.136 0.00695041 0.000600481 0.00770249
520.583 174.917 0.00110155 -0.000305724 0.00089447
705.167 287.45 0.00891227 -0.00520277 0.00957206
685.149 455.592 0.00742819 0.00112246 0.00254983
363.067 466.863 0.00111359 -0.00117881 0.00561402
556.485 170.265 0.0185674 -0.00862175 0.00674914
494.446 178.518 0.00808478 -0.00115758 0.0110472
489.352 175.888 0.000773955 -0.000314083 0.00256763
618.793 185.915 0.00406983 0.00265567 0.0243363
594.533 192.877 0.0197235 -0.00233379 0.00719022
113.716 242.149 0.00750305 -0.00475758 0.037268
180.643 619.541 0.00497123 -0.00306005 0.00710971
182.054 618.726 0.00270056 -0.00123907 0.00418405
51.0982 72.3262 0.000662727 3.09567e-005 0.00239231
602.229 167.521 0.0154051 0.00361957 0.0120873
180.762 234.145 0.00810499 -0.00178379 0.0041382
30.5571 242.943 0.00585667 0.0020932 0.0132802
234.934 588.915 0.00438089 -0.00139272 0.0197819
320.132 634.763 0.0107109 0.00249797 0.0308238
29.2289 142.418 0.00126185 0.000194447 0.00280458
333.975 165.825 0.00903013 0.00682099 0.0174007
245.206 233.529 0.00834372 -0.0002244 0.00733858
95.7222 254.278 0.0152269 -0.00264815 0.0129313
87.9481 256.719 0.000481232 -3.57314e-005 0.00122238
195.235 283.949 0.0271308 -0.0102025 0.0101354
530.226 423.952 0.0396481 -0.00629916 0.00304832
534.944 424.573 0.00254822 -0.00067106 0.000913519
80.65 675.875 0.00585721 -0.0139873 0.0732692
215.471 66.6714 0.00979481 -0.00190036 0.0325908
474.57 398.658 0.023077 -0.00903728 0.00499183
486.522 397.466 0.000441694 -6.0704e-005 0.00159982
114.112 401.769 0.0267479 0.0043925 0.00302881
296.444 77.7849 0.00141765 0.000955755 0.00836314
296.286 74.7604 0.000784428 7.51938e-005 0.00172128
23.5982 276.75 0.00462093 -0.00209951 0.00485507
24.4006 277.231 0.00350201 -0.00208456 0.004794
25.3189 278.515 0.00190248 -0.000701739 0.00284996
141.599 383.346 0.00296478 -0.00296087 0.0101433
251.172 474.875 0.0153298 -0.00815604 0.00672549
546.029 23.0588 0.00894499 0.00153926 0.00463237
685.095 216.053 0.00849804 0.000953139 0.0015399
115.253 290.646 0.00187359 -0.00202281 0.0323301
413.627 342.992 0.00448689 0.0069921 0.0328938
421.231 358.269 0.0466183 0.00122801 0.00268852
537.594 387.557 0.00697221 -0.00401178 0.0153885
499.555 615.463 0.000779374 -0.00229294 0.0136323
175.82 86.5743 0.000395901 0.000150775 0.00282867
176.609 86.2366 0.000335195 9.74585e-005 0.00205285
127.381 89.0424 0.0215591 0.0019107 0.00496103
580.119 180.817 0.00979019 -0.00114477 0.00922947
374.239 186.478 0.002671 0.00420227 0.0483921
216.341 356.897 0.0165991 -0.00139123 0.00440428
432.553 11.3421 0.0345024 0.000896496 0.00712941
288.291 200.231 0.00691768 0.00226285 0.0150443
285.585 199.886 0.00204095 -0.00131644 0.0108622
410.413 198.457 0.0269521 -0.00392254 0.00950649
667.844 109.823 0.00254209 0.000946176 0.00236406
212.781 208.469 0.00351165 -0.00348946 0.0128
458.745 528.802 0.0140912 -0.00443777 0.00808159
676.455 552.034 0.0104132 -0.00108676 0.00182616
672.718 551.1 0.00228437 -8.98769e-005 0.00196135
125.136 547.833 0.00229318 -0.00569904 0.160613
651.085 548.159 0.0202712 -0.0189486 0.0267787
185.983 110.917 0.0118748 0.00594702 0.0134071
130.694 180.194 0.020871 0.00515947 0.00434236
588.181 372.436 0.00552031 0.00600697 0.0345861
380.951 393.035 0.0190041 -0.00624172 0.00567669
392.76 197.67 0.00173752 -0.00127457 0.00320488
360.438 200.25 0.0245542 0.00286225 0.0091313
199.553 124.723 0.00120015 -0.000596378 0.00856935
293.069 307.361 0.00147881 0.000255325 0.00163683
289.136 312.879 0.00891621 0.00188188 0.0105316
311.993 355.945 0.00018653 -0.000103793 0.000912942
247.484 499.613 0.00934818 0.00362101 0.00748221
255.83 514.84 0.00205034 -0.00419027 0.0178751
392.392 330.457 0.0156959 -0.00233233 0.00352701
285.778 369.093 0.0036568 -0.00722162 0.0356851
453.631 415.369 0.0249728 -0.000898077 0.00363568
332.536 478.318 0.00449224 -0.00155947 0.0199881
235.377 483.447 0.0115808 -0.00569423 0.00990222
286.828 352.434 0.0108721 -0.00609503 0.0114126
68.2778 395.633 0.0157154 0.00410791 0.0104192
90.3302 486.953 0.00871011 -0.00543817 0.0184831
262.16 251.6 0.0128893 0.00509658 0.0168491
200.07 354.116 0.00166652 -0.000389602 0.00318617
470.925 514.15 0.00645846 -0.00545824 0.0281018
360.688 181.146 0.0397746 -0.00745327 0.00417706
160.936 397.449 0.0333131 0.00251464 0.00850475
516.211 23.3772 0.00317441 -0.000535644 0.00565774
146.372 89.6702 0.0178205 -0.00638478 0.0156062
440.417 470.591 0.00421115 0.000688983 0.00655392
438.668 468.544 0.00216231 -0.000293647 0.0027033
674.161 484.339 0.0182562 -0.00586239 0.00682793
26.5844 98.7045 0.00245417 0.000631087 0.00214605
193.321 199.167 0.00581328 0.00155182 0.0309148
32.2813 444.75 0.00798437 0.000994147 0.0118425
116.142 675.482 0.00328614 -0.00163181 0.0112422
424.214 677.757 0.0115623 0.00135045 0.0345511
126.526 113.813 0.00122649 -0.000183798 0.00364137
315.051 43.398 0.0188109 -0.00992562 0.0133269
338.343 74.431 0.00235292 0.000474852 0.0017833
247.585 372.968 0.00459322 -0.00539603 0.0326564
189.543 380.891 0.0230765 -0.00356993 0.00806291
181.005 253.461 0.000471465 -0.000555812 0.00272969
173.5 401.725 0.0416711 -0.0134777 0.0103933
648.338 201.23 0.0123265 0.00269326 0.0250903
339.904 303.173 0.0137904 0.0131841 0.0217395
307.422 487.455 0.000829733 -0.000291997 0.00274807
452.636 672.941 0.0148712 0.00240068 0.00848377
33.0909 334.682 0.00380784 0.00280534 0.0412338
371.476 404.866 0.0109587 -0.000832777 0.0265002
366.983 392.8 0.0133055 -0.00212059 0.00623791
80.7419 393.419 0.00525956 -0.00230541 0.00832511
204.071 447.5 0.00659111 -0.00861865 0.0264579
278.043 505.043 0.0280576 -0.00871452 0.0102477
484.085 52.2561 0.00929984 0.00402889 0.0287254
463.1 490.325 0.0135578 0.00375832 0.0235424
463.41 490.455 0.0100243 -0.00481155 0.0111355
285.063 484.345 0.00789206 5.66062e-005 0.00144376
304.779 273.895 0.0123588 -0.00725713 0.0249564
305.448 274.058 0.0043618 -0.00304542 0.0178842
16.9894 167.819 0.0494667 -0.000878134 0.0033456
220.924 476.152 0.0234712 -0.00136193 0.00366447
354.955 492.082 0.0308864 0.00259108 0.00371089
5.12264 404.915 0.00483723 9.97777e-005 0.0184783
4.25676 335.446 0.0114582 0.0045381 0.0318395
17.8511 593.766 0.00494911 -0.00109046 0.00771307
11.1808 594.791 0.00119716 9.49296e-005 0.00220847
5.75731 303.295 0.0063207 -2.35817e-005 0.00265729
3.17347 347.112 0.020454 -0.00403744 0.00776168
5.82353 347.373 0.00555038 7.9275e-005 0.00511815
6.86957 350.217 0.00422234 0.000476513 0.00184443
2.4 415.325 0.0355802 -0.00361146 0.010015
20.8836 660.87 0.0128209 0.00517069 0.0066247
1.55357 122.446 0.0746209 -0.00139729 0.002064
5.32979 371.351 0.00613572 -0.00408436 0.0299496
6.57254 373.075 0.00384696 0.000276764 0.00247102
3.69008 258.36 0.0130473 -0.000632454 0.00253754
2.76136 169.489 0.0254135 -0.0024623 0.00185702
5.988 440.068 0.00526571 0.00146304 0.00448168
3.86607 235.857 0.0155451 0.00260381 0.00280177
3.29592 194.561 0.0162725 0.00509086 0.011637
8.93103 323.966 0.0277825 -0.0056177 0.00431779
4.55455 212.136 0.0222503 0.00237398 0.00287471
3.7619 212.571 0.0151761 0.00153652 0.00177166
2.48667 144.5 0.0280232 -0.00101954 0.00319525
3.84667 46.8467 0.025589 -0.00439237 0.00403827
5.31087 39.713 0.0063672 -0.000480217 0.000363587
10.8333 235.407 0.0195053 -0.00148201 0.0057279
552.256 291.427 0.0189995 -0.0038971 0.0114677
554.807 290.856 0.00433467 -0.00224886 0.00510321
500.4 538.375 0.00687417 -0.0089447 0.0496858
498.462 537.744 0.00297559 -0.0040816 0.0222442
10.8182 296.068 0.00447532 -0.00380333 0.00762898
11.3889 297.601 0.00291226 0.000337584 0.000489222
15.4328 356.324 0.00906874 0.000613932 0.00181188
531.682 296.697 0.0118732 0.00599937 0.00945724
530.26 298.444 0.00363291 0.000199684 0.00186446
23.0116 506.5 0.0376558 -0.00163856 0.00538694
18.5089 448.547 0.0031308 -0.000382574 0.000283782
631.038 64.0077 0.00397767 -0.00268242 0.0296987
617.374 66.0891 0.000161921 0.000588232 0.0065298
589 521.849 0.0017096 0.000472015 0.0210348
319.878 547.378 0.00268402 -0.00518443 0.0301166
8.22194 187.739 0.00461281 -8.90576e-005 3.241e-005
8.13758 179.137 0.00270564 -2.42102e-005 2.47061e-005
9.34314 173.431 0.0113762 -0.00320236 0.00410655
102.88 325.44 0.0552883 -0.00290679 0.00267505
102.425 326.78 0.0302367 -0.00106562 0.00124285
422.936 348.474 0.00494004 0.000928963 0.0607723
23.8243 558.986 0.00852572 0.0010258 0.00180118
106.452 125.762 0.00747951 -0.00898636 0.0320314
104.028 124.899 0.00106297 0.000128179 0.00813517
100.832 129.269 0.000669435 0.000177665 0.00104311
268.016 159.484 0.0288198 -0.00942583 0.00479428
270.017 160.176 0.00818476 -0.00185854 0.000891718
176.268 301.616 0.0302042 0.00116729 0.00126927
182.555 296.409 0.00222915 0.00149941 0.00204002
165.808 367.141 0.00383147 -0.00619178 0.0812273
171.386 367.082 0.000945761 0.000130395 0.0494927
76.6053 442.105 0.0113797 -0.00551803 0.0259041
425.309 66.3723 0.0475389 -0.00435211 0.00372459
424.942 67.6039 0.00997364 0.000444743 0.000899215
386.176 107.882 0.00594453 -0.00787356 0.027312
510 115.2 0.0298628 -0.00468034 0.0150684
67.5227 181.523 0.055115 -0.00152867 0.00286974
375.411 329.122 0.0247413 -0.0233387 0.0304787
456.815 402.417 0.000772682 -8.71883e-005 0.0150763
450.872 401.215 0.000326969 0.000127005 0.00101029
258.915 469.037 0.00593788 0.0017164 0.0373074
258.617 478.654 0.00498573 0.000170921 0.000623299
538.233 538.211 0.0110629 -0.00346293 0.0161245
469.962 219.731 0.0213407 -0.0115912 0.0170729
486.5 242.768 0.0337284 -0.0322326 0.0363561
477.752 233.626 0.0026915 -0.00192849 0.00202387
177.764 261.311 0.00467914 -0.00118723 0.0245633
223.866 336.622 0.0222424 -0.0110538 0.0160907
451.883 589.95 0.00542041 -0.00728696 0.0321376
453.934 590.594 0.0029952 -0.00438418 0.0177636
322.724 163.862 0.00607582 -0.00402569 0.0199103
66.8 275.54 0.0147721 -0.0185255 0.0331192
216.083 309.722 0.0135754 -0.00281541 0.0247198
220.264 308.779 0.00156744 -0.000805191 0.0109481
219.648 307.485 0.00134673 -0.000406299 0.0045792
507.816 349.447 0.00882907 -0.00428453 0.0409744
608.125 429.188 0.0377357 -0.00258352 0.00313746
606.971 428.332 0.009375 0.00114221 0.00136273
27.3039 600.859 0.0178471 0.00193107 0.000991474
476.514 597.297 0.0142275 -0.00282657 0.00393716
68.9048 84 0.00314143 0.00236542 0.00373423
232.694 367.806 0.0036731 -0.00666578 0.0770527
18.1885 375.008 0.0283229 -0.00166093 0.00378336
383.083 452.611 0.00792065 -0.0104916 0.0622263
381.289 452.005 0.000444742 -0.00106705 0.0109881
428.05 517.175 0.0174603 -0.00724397 0.0225201
404.399 552.775 0.0203479 -0.00776017 0.00606313
145.047 647.368 0.0192593 -0.0164682 0.0207804
648.195 17.7712 0.0747487 -0.000501607 0.00178599
645.793 228.585 0.0134498 -0.000263096 0.00257893
652.938 226.519 0.00104162 -0.000125729 0.00165119
288.298 273.106 0.00411892 -0.000289932 0.00346776
292.187 274.062 0.000488738 -0.000413461 0.00217429
636.111 526.3 0.00218116 -0.00320694 0.0235973
635.898 519.963 0.00218656 -9.03268e-006 0.000740508
7.12791 609.128 0.011881 0.00453027 0.0218389
6.71348 609.331 0.0061958 0.00202822 0.00710286
313.793 136.807 0.00243729 0.00222538 0.0302364
640.87 151.022 0.00494016 0.00234971 0.0403338
639.011 150.911 0.00194966 -0.000223061 0.0256766
136.431 242.638 0.000707332 -0.000729478 0.0129278
675.786 355.271 0.00624724 -0.00424606 0.053654
675.707 349.789 0.00507619 0.000104284 0.00150713
133.652 388.261 0.00961034 -0.00627236 0.0265192
698.3 58.84 0.00789444 -0.0072442 0.0300756
697.411 57.8663 0.00381832 -0.00186856 0.0110328
543.245 68.8191 0.00719616 -0.00839599 0.0257493
565.792 95.8255 0.00041458 -0.000177604 0.0185763
587.086 95.1289 0.000102836 8.52879e-005 0.00731115
218.189 117.211 0.00666812 -0.0060917 0.0358088
224.036 117.754 0.00148562 -0.00253702 0.018574
432.75 219.594 0.0465572 -0.0122598 0.0110596
437.574 216.787 0.00270196 0.00246201 0.00644858
542.283 266.75 0.00397205 -0.00653749 0.0382828
241.16 404.074 0.0695629 0.00365159 0.00209989
588.516 403.625 0.0386768 -0.0066488 0.00302238
10.0476 557.929 0.00974763 0.0116587 0.0290492
345.759 576.796 0.00726149 -0.010081 0.0280718
17.0854 584.866 0.0115848 0.01596 0.0489814
575.224 600.211 0.0125396 -0.00113146 0.00370613
314.196 75.2101 0.0283644 -0.00390436 0.00256403
318.98 80.905 0.00159577 -0.000908944 0.00184853
294.278 83.231 0.000122888 -2.00206e-005 0.000316579
292.691 84.6968 6.456e-005 -1.18189e-005 0.000301309
527.144 89.3636 0.0073863 -0.00199014 0.00130177
491.276 199.031 0.0183263 -0.0147965 0.0175939
658.245 358.657 0.0183693 0.00580164 0.0110716
637 508.575 0.0371839 0.00533695 0.00920886
378.435 555.048 0.00352504 -0.00949337 0.0582614
375.553 549.06 0.00133588 -0.00116953 0.0017363
367.804 549.91 0.000220079 -0.000184959 0.00119484
121.62 86.62 0.0614326 0.00143611 0.0029888
118.304 84.1275 0.00326541 -0.00196126 0.00320542
213.625 292.292 0.00302777 0.00226335 0.0412089
442.829 321.75 0.00206865 0.00200425 0.00651539
442.716 322.769 0.00262983 0.00189517 0.00332734
434.804 333.188 0.00217342 0.0016758 0.00168476
345.5 373.3 0.00259619 -0.00273075 0.0600369
306.761 402.435 0.0554165 0.00180869 0.00378005
359.927 434.513 0.0169674 -0.000211956 0.00220621
548.708 450.396 0.0603633 -0.000818897 0.00254815
548.769 452.587 0.0320375 0.00102839 0.00110617
345.433 460.717 0.0639993 -0.000497764 0.00163631
229.352 489.259 0.00512175 -0.00371178 0.0130947
555.112 500.071 0.0418411 0.0025044 0.00449953
589.667 535.479 0.00685334 -0.000566969 0.0222726
359.5 551.756 0.00784562 -0.0118646 0.0424256
565.295 574.341 0.00739464 -0.0119876 0.0428272
569.333 577.115 0.00372871 -0.003057 0.00590624
573.585 585.319 0.0015296 -0.000200043 0.000468173
549.128 659.5 0.0180323 -0.0125233 0.0200092
545.943 658.449 0.00248331 -0.00192463 0.00387992
332.867 33.7857 0.00512801 0.00522602 0.0244566
331.43 38.1433 0.00102912 7.82262e-005 0.0015311
329.508 42.1936 0.00041597 -3.72617e-005 0.000263367
629.508 42.4137 0.00134893 -0.000958068 0.0023844
125.716 147.662 0.00271364 0.000291257 0.0122596
473.2 180.7 0.0281291 -0.0117743 0.00831722
478.308 181.058 0.00108395 -0.00141356 0.00460584
495.26 184.251 7.07388e-005 -5.89617e-005 0.000475133
663.957 269.186 0.00952698 -0.00329441 0.015678
668.196 269.659 0.00142179 -0.00117035 0.00646404
664.316 269.705 0.000648409 -0.000367761 0.00459826
241.092 270.418 0.00758317 -0.00955636 0.0307445
615.519 319.934 0.0222551 -0.00927219 0.00748951
431.601 400.036 0.00701765 0.00236084 0.00824357
388.771 408.086 0.00432534 -0.001565 0.0242381
629.469 409.75 0.00604153 -0.00299488 0.00503071
133.141 468.594 0.0346351 -0.0126539 0.00745443
512.802 504.221 0.0284796 -0.00324506 0.00850791
513.626 503.764 0.020551 -0.00111062 0.00259125
510.518 504.105 0.00273352 -0.000443806 0.00298282
488.068 513.886 0.00946179 -0.0027055 0.0236715
227.443 528.81 0.0132858 -0.00468068 0.00534332
587.839 545.321 0.00959887 -0.0128208 0.0318997
365.539 542.382 0.0507555 -0.00164702 0.00250246
26.0625 675.844 0.00548682 -6.22533e-005 0.00806895
2.63187 25.5879 0.0287519 -0.00441145 0.00204048
199.981 59.037 0.0148415 -0.00414217 0.00357728
205.49 65.6561 0.00624458 -0.00297953 0.00185383
615.227 231.364 0.0147765 -0.0005089 0.0113415
257.448 405.896 0.00839783 0.000359382 0.00485816
259.979 405.462 0.00203426 -0.000876412 0.00288986
612.088 546.824 0.0104535 -0.00925495 0.0360537
612.573 541.573 0.0086618 -0.000117995 0.00132988
338.953 548.142 0.0154606 -0.0214438 0.0376557
9.89744 652.679 0.00578509 0.00840471 0.0262197
721.16 29.8019 0.00696576 -0.00389653 0.0117097
656.917 147.417 0.0312 -0.00968541 0.0140496
570.449 193.449 0.0144327 -0.00945296 0.0247773
576.534 195.194 0.00252339 -0.0024102 0.00953933
576.929 195.631 0.00250852 -0.00200522 0.00438081
72.1957 269.783 0.00572946 0.000677818 0.0226896
615.31 370.643 0.0159651 -0.0116523 0.0222738
541.853 406.912 0.0216185 -0.0181035 0.0324268
526.771 424.347 0.0463571 -0.00650066 0.00222924
529.535 410.334 0.000528889 0.000194852 0.00036037
463.485 494.357 0.00183398 -0.00145806 0.00186864
463.308 494.208 0.00162204 -0.00120291 0.00158935
467.011 497.354 0.000289895 -0.00021823 0.000604917
466.348 509.388 0.000192168 -2.17465e-005 0.000136577
457.426 536.13 0.00782405 -0.00582933 0.0115998
230.079 541.079 0.0172225 -0.0129614 0.02369
721.167 566.682 0.0539395 -0.00915677 0.00759117
657.581 33.5909 0.00163103 0.00599204 0.0463324
429.281 119.125 0.0335962 -0.00223002 0.00206159
428.72 116.867 0.0222474 -0.00376319 0.00203301
507.56 171.96 0.028858 -0.00135123 0.00260271
281.75 294.318 0.00705588 -0.00479846 0.0148076
274.469 292.537 0.0019214 -0.00293723 0.0107123
75.7969 383.281 0.0107939 -0.00439995 0.00933688
86.2991 380.392 0.000329883 -0.000422982 0.00102403
679.09 529.038 0.0175032 -0.00370714 0.0209394
275.5 581.088 0.00487679 -0.00392588 0.00936481
485.891 37.413 0.0168007 -0.0184863 0.0275377
484.992 33.9302 0.00668146 -0.00309844 0.00231261
495.029 59.9287 0.000254666 -0.000169755 0.000262753
675.684 50.3158 0.0194217 -0.00487383 0.00282686
702.202 116.713 0.00419957 -0.00112234 0.0494311
592.782 159.5 0.0444941 0.00764121 0.00712622
618.067 217.111 0.00739234 -0.0031442 0.0026681
614.126 212.662 0.00117196 -0.000418117 0.000507057
492.396 256.125 0.0118676 -0.0016419 0.0103197
494.638 260.831 0.00511107 -0.00225939 0.00372382
657.793 254.741 0.0312736 -0.006777 0.00401163
358.298 303.471 0.0014342 -0.00182864 0.00391944
133.765 337.173 0.00189089 -0.00303308 0.0506707
133.117 335.779 0.00223975 -0.000700057 0.00398177
210.045 347.015 0.0210259 -0.0125212 0.0212996
211.549 354.122 0.0207609 -0.00484301 0.00206632
251.929 369.411 0.00321313 -0.00326969 0.0353726
554.667 516.619 0.0186509 0.00489471 0.0110102
551.373 518.07 0.000767242 -0.000659625 0.00983157
179.368 76.6887 0.00661693 -0.00573381 0.0110074
92.52 91.48 0.066544 -0.000879187 0.00295654
95.3281 96.3594 0.00402066 -0.00169425 0.00215586
410.617 156.9 0.00760805 0.00147684 0.00662756
408.821 157.533 0.00153821 -0.00014125 0.00127992
168.722 201.361 0.0256361 -0.00708471 0.00870847
101.636 239.623 0.00766926 -0.00585623 0.00767285
756.912 265.588 0.0103639 0.00024826 0.0412132
219.132 272.632 0.0120836 -0.00307696 0.00639143
203.934 268.689 0.000658219 -1.76115e-005 0.000588028
163.773 250.166 5.45144e-005 -6.89081e-005 0.000231265
306.573 321.165 0.000644802 -0.00209493 0.0158433
90.5851 387.309 0.00411057 -0.000505156 0.0465465
307.36 434.6 0.0208225 -0.0142306 0.0160686
306.5 434.626 0.00809678 -0.00216385 0.00341375
152.568 455.818 0.0462298 -0.0024554 0.00273652
154.983 455.379 0.00498529 -0.00179255 0.00187087
428.433 454.73 0.000940989 0.000507665 0.00417809
450.165 456.595 0.00011139 -0.000136676 0.00315615
213.57 467.2 0.0145534 -0.00134536 0.00148031
220.302 470.948 0.00117903 -0.000621214 0.000618651
270.768 480.759 0.0034523 0.000814915 0.00672938
678.063 535.854 0.00664767 -0.00771011 0.0380745
160.493 625.641 0.00132426 -0.000155062 0.00241924
6.87209 676.5 0.0163908 -0.0051355 0.0184498
61.5345 44.4483 0.0420443 0.00382576 0.00319421
61.1071 44.7024 0.0234477 0.00194507 0.00291212
3.11856 73.1804 0.0128218 0.00121898 0.0031363
701.724 86.3571 0.007041 -0.00923249 0.0356487
701.921 85.9105 0.00176542 -0.00246257 0.0213782
296.173 87.2455 0.0037089 0.00228026 0.0449037
169.304 105.283 0.0563785 -0.0116471 0.00506901
175.862 100.822 0.00109543 0.000725317 0.00265026
353.545 110.841 0.0120385 -0.0118216 0.0269244
353.628 118.378 0.00282317 -0.000392752 0.00077286
718.413 115.913 0.00583484 0.0129941 0.0568544
484.725 166.375 0.0129029 0.00266591 0.00404386
539.344 169.5 0.00974013 -0.00402723 0.00544109
536.78 168.948 0.00320576 -0.00141805 0.00427911
246.686 186.943 0.00773109 -0.0065569 0.0114485
719.269 215.833 0.0369379 -0.000849351 0.00702552
510.775 237.75 0.0194457 -0.006577 0.0147978
192.635 318.986 0.0169474 -0.00496558 0.0236209
150.191 349.426 0.0184958 -0.000221132 0.00152142
168.724 346.627 0.000281899 0.000340014 0.00125003
104.548 353.167 0.011017 0.000835792 0.00488139
620.66 378.62 0.00256303 0.00133669 0.0550954
224.419 470.878 0.0410863 -0.0144162 0.0115947
343.663 487.294 0.00271022 -0.00132125 0.00462259
97.1667 488.229 0.032599 -0.00329598 0.00495233
745.606 503.585 0.0113062 -0.000443467 0.00792291
749.042 503.239 0.00324581 -0.00175408 0.00455391
76.54 65.02 0.0111515 -0.00261923 0.0181078
74.0178 63.3498 0.00128407 -0.000644594 0.00348142
447.878 91.378 0.0320101 -0.00195002 0.00130689
452.073 91.2294 0.00142637 -0.000183989 0.000492075
574.962 158.5 0.0145317 -0.0112382 0.0191638
452.471 187.157 0.00997415 -0.0033297 0.0205039
445.319 186.032 0.00121814 -0.00263939 0.0227362
320.542 190.708 0.00225651 0.00142924 0.0545565
224.425 203.575 0.00651109 0.00282023 0.0136766
500.967 212.589 0.00991408 -0.0148748 0.0471204
323.851 235.419 0.0289313 -0.00436064 0.0100638
177.645 243.419 0.00221804 -0.00303224 0.0365007
581.262 268.153 0.000523829 -0.000702074 0.00768877
188.426 274.259 0.0118421 -0.00320084 0.00502992
471.649 347.189 0.00776569 0.000482756 0.00913402
471.695 344.568 0.00600917 0.000506068 0.00212991
455.586 376.643 0.0166179 0.000285327 0.0262962
532.071 408.214 0.00704341 -0.00235096 0.0360331
463.977 416.614 0.016727 0.0105929 0.0211745
462.721 418.123 0.0111238 0.00961836 0.0144669
258.569 489.966 0.0302475 -0.00469386 0.00399634
164.914 531.471 0.00576389 -0.00333187 0.00876435
179.176 537.446 0.0042365 -0.00337584 0.0196968
651.026 637.105 0.0198915 -0.0123801 0.0199319
277.296 22.9898 0.0616023 0.0010065 0.00250562
276.674 24.6744 0.0168395 0.00228013 0.00253023
446.915 47.5244 0.00691502 -0.00702592 0.0415844
443.356 46.8111 0.00134328 0.000593859 0.0141587
544.67 51.5851 0.0431396 -0.000935057 0.00300682
543.94 49.8452 0.0200276 -0.00326594 0.00209138
533.981 48.4321 0.000700543 -0.000192589 0.000394582
463.305 60.0366 0.0564801 -0.00702594 0.00465567
466.699 64.2872 0.00515528 -0.00193148 0.001567
405.623 109.568 0.00218534 -0.000245524 0.0137395
198.693 118.746 0.00243403 -0.0048061 0.0485047
194.365 118.688 0.000851325 -0.00102431 0.0213409
571.659 138.094 0.0465816 -0.000637378 0.00194572
217.882 136.471 0.0752305 -0.0102877 0.00741299
184.022 170.761 0.00233042 -0.0012309 0.0345923
395.231 178.515 0.0123894 -0.00533979 0.0036643
395.346 172.127 0.0011028 -0.000801981 0.0010656
398.269 333.854 0.0388609 -0.0019214 0.0023441
393.762 401.041 0.00323458 -0.00105364 0.0170478
392.394 404.006 0.00102829 0.000559231 0.00330876
366.536 409.833 0.00698427 -0.00343968 0.00510156
365.638 407.556 0.00581611 -0.00253864 0.00277821
649.127 412.978 0.00358298 -0.00334511 0.0224828
445.035 434.015 0.00173572 0.00168935 0.00749105
96.8673 435.541 0.0077765 0.00620029 0.0172923
469.114 457.837 0.00163679 0.000113096 0.0196969
195.885 488.321 0.0128339 -0.0173323 0.0480304
258.87 529.022 0.0489058 -0.00277157 0.00539089
211.476 27.5238 0.0292165 -0.00229173 0.00366824
257.933 67.0672 0.00502576 -0.00263468 0.0101779
231.338 95.9595 0.0349084 -0.0182646 0.0166007
451.258 159.227 0.00224785 0.00508255 0.0412559
114.784 199.364 0.00312568 0.00247919 0.0199022
110.037 221.207 0.00339944 -0.00295902 0.0539238
496.411 265.078 0.00446488 -0.00507528 0.0389637
372.351 270.55 0.000727928 0.000256588 0.000858188
638.014 294.671 0.00636761 0.00134108 0.0459619
289.189 443.917 0.00272245 1.52995e-005 0.00473482
395.628 502.252 0.00342595 -0.000217988 0.0025717
263.26 542.86 0.00539548 -0.0134142 0.0482533
250.471 543.199 0.000407088 -0.00102001 0.00690282
139.1 556.275 0.0123466 0.00160104 0.00163512
491.427 592.573 0.0122331 0.00258842 0.0176086
459.351 7.05319 0.053413 0.00550586 0.00408327
180.112 47.0714 0.00239834 0.00989506 0.0901538
335.8 59.04 0.00184841 0.000582712 0.0517627
302.056 61.7778 0.00500379 -0.00848802 0.0765149
212.957 77.9857 0.065127 -0.000285821 0.00297478
202 96.025 0.00446394 -0.00578142 0.0680082
382.088 133.865 0.00207491 0.00136578 0.0205184
185.278 144.611 0.00420377 -0.00645323 0.0483314
195.893 141.992 0.000479 -0.000535336 0.00291732
207.531 144.808 0.00143311 0.000792271 0.0363059
434.071 232.7 0.0447575 -0.0147544 0.0117316
208.968 278.564 0.00958319 -0.00288626 0.0100282
361.75 284.65 0.0523927 -0.00794479 0.00558737
635.381 282.686 0.0183532 -0.00878999 0.00918041
694.256 295.5 0.00504502 -0.00412281 0.0436918
673.007 409.558 0.0143608 0.00273086 0.00435087
672.805 408.605 0.01118 0.00161073 0.00319268
674.069 410.825 0.00121609 -0.000445266 0.00309494
668.258 403.655 0.000470618 -7.44442e-005 0.000426235
312.307 499.054 0.0022885 0.000435581 0.0170676
597.74 571.74 0.0150462 -0.0124549 0.0210381
159.329 575.378 0.00602645 -0.00228354 0.0467825
158.091 578.791 0.00485243 -0.0001241 0.00343516
621.581 36.871 0.00252264 -0.00479188 0.0198773
512.586 126.143 0.00526198 -0.00701894 0.0184789
510.967 118.83 0.00100932 -0.000317056 0.000697447
505.28 113.963 0.000551799 -0.000344495 0.000610887
45.9175 225.51 0.000778419 -0.00121011 0.00877767
49.9584 230.203 0.000672427 -0.000777369 0.00233663
668.112 294.439 0.00717595 -0.00147248 0.018874
674.59 293.704 0.000348577 -0.000163584 0.00399545
43.4792 335.667 0.0109474 0.00107906 0.0100183
306.677 345.93 0.00293383 -0.00256367 0.0271833
448.601 502.652 0.00319174 -0.0031988 0.0138755
151.455 534.705 0.0362564 0.00399462 0.00287197
66.1842 58.2105 0.00869445 -0.00904869 0.0367217
144.209 124.773 0.00600235 -0.00726903 0.0215585
139.978 123.473 0.00169955 -0.00203026 0.00954237
699.468 177.984 0.0208015 -0.0102157 0.0304018
696.787 178.81 0.00291654 -0.000205829 0.0100492
699.537 180.488 0.00140287 -9.84923e-005 0.00234373
87.5952 269.619 0.00230745 -0.00429101 0.0585531
97.2778 282.694 0.0161681 -0.00749657 0.00795227
400.368 303.316 0.0161042 -0.00865054 0.0236654
401.288 303.876 0.00476229 -0.00195795 0.00884161
60.7698 361.405 0.00292148 -0.00823152 0.0440619
319.146 374.792 0.00513772 -0.00770886 0.0275312
316.947 374.686 0.000750452 -0.00173587 0.00978756
721.292 390.136 0.00253595 0.000301825 0.00730298
717.561 397.639 0.00127689 -0.000265672 0.000538083
178.139 404.139 0.0849224 -0.0103966 0.00439214
178.569 409.339 0.0172704 -0.00140288 0.00149438
376.295 479.038 0.00670805 0.00043497 0.0428347
311.433 622.113 0.00389556 -0.00890779 0.0367568
313.728 623.883 0.00253365 -0.00395416 0.0116246
21.2045 110.477 0.00309079 0.00433584 0.0461442
96.4219 139.641 0.0461966 -0.00744058 0.00250599
90.7424 178.121 0.00485943 0.000892219 0.00627465
430.959 241.014 0.00618107 -0.00499317 0.0482272
439.948 241.519 0.000753201 -0.00288747 0.0519033
440.461 231.241 0.000639943 -9.59151e-005 0.000475124
511.031 273.461 0.0133014 -0.0013048 0.00131047
721.22 273.68 0.0279609 0.00575296 0.00429763
726.5 268.811 0.000659436 0.000547298 0.00294326
324.365 482.731 0.0757569 -0.00393839 0.0018045
289.355 507.579 0.00330611 -0.00218139 0.025206
660.078 555.1 0.00406674 -0.00171642 0.0456885
661.657 646.951 0.0122047 -0.0101256 0.0200818
662.029 648.135 0.00482484 -0.0042233 0.0111084
655.515 646.43 0.000303739 -0.000369488 0.00136779
651.575 643.035 0.000284131 -0.000291132 0.000707266
92.8488 36.9186 0.0079893 0.000682415 0.0204107
222.217 43.9833 0.00119404 -0.000112497 0.0568431
217.925 38.8922 0.00137851 -0.000780647 0.00135443
655.115 62.2949 0.00388618 -0.00774829 0.0666469
279.229 68.8814 0.00150492 0.000112736 0.00136323
593.563 68.5 0.000646739 -0.00218501 0.0275834
508.662 70.3378 0.00333616 0.000449877 0.0444376
21.6639 74.5164 0.0136042 0.00290133 0.00749969
371.449 99.9359 0.0392192 -0.00667455 0.00528952
550.385 115.115 0.0481329 0.000509312 0.00304663
549.831 118.86 0.0112772 2.78841e-006 0.00138876
547.96 117.519 0.00346882 -0.000590455 0.00134532
26.2045 131.773 0.00547825 -0.00520154 0.0537029
488.57 151.291 0.0200748 -0.00452617 0.00439378
607.278 153.222 0.00499708 -0.00782437 0.0455572
612.977 153.855 0.00110242 -0.000625837 0.00927234
335 158.295 0.0147229 -0.0188694 0.0400957
309.447 166.289 0.01385 -0.00124547 0.0122614
252.829 170.993 0.00578286 0.00154895 0.00765316
254.399 171.453 0.00319801 -0.000568862 0.00627239
339.372 232.287 0.00747411 -0.00815933 0.018906
84.25 247.611 0.0185792 -0.0122988 0.0183429
413.029 255.176 0.0690057 -0.0110174 0.00691337
410.871 251.742 0.00643604 -0.00168619 0.00125626
675.647 286.294 0.0549416 -0.0183459 0.0114599
187.344 342.565 0.00112065 -0.00523572 0.0623278
583.713 376.734 0.00511937 -0.00449489 0.0184641
479.655 390.917 0.00807861 0.00270663 0.00550637
480.648 391.611 0.00508458 0.000415667 0.00337877
359.636 487.782 0.0261563 -0.00291185 0.00168648
458.491 517.325 0.00199976 -0.00110135 0.00627035
462.115 530.444 0.00123195 -0.00056564 0.000590324
120.476 524.72 0.00552604 -0.0194894 0.109775
127.075 524.761 0.000934822 -0.000468067 0.00814842
125.429 522.938 0.000806746 -0.000877038 0.00265933
544.123 627.773 0.00253649 0.000130827 0.0107564
472.231 671.659 0.00218345 -0.0016203 0.00845568
149.08 33.7 0.0529501 -0.00205745 0.00363041
200 75.575 0.00648665 -0.0065376 0.0110604
769.23 107.419 0.0289456 0.00102545 0.00596825
767.769 108.739 0.00951596 0.00335406 0.00732436
292.182 167.453 0.00216664 -0.000898387 0.0124073
203.847 175.274 0.000346089 -0.000379056 0.00157571
287.157 192.186 0.00247451 -0.00099602 0.0228461
290.37 194.186 0.000631697 -0.000841915 0.00432112
301.371 198.391 0.000228132 -8.40168e-005 0.000578814
512.182 196.545 0.00924672 -0.00119835 0.00728749
301.769 197.731 0.0224438 -0.00224082 0.00297898
204.211 255.079 0.0189954 -0.00232432 0.00251356
525.3 273.75 0.0105419 0.00446843 0.0201645
222.189 317.744 0.00456907 -0.00361439 0.0430027
671.154 536.11 0.00126746 -0.000502421 0.0135727
679.474 583.237 0.041963 -0.0139743 0.0116691
678.993 577.457 0.0405359 -0.00306885 0.00116123
349.77 596.452 0.0217887 -0.00678474 0.006607
282.731 615.372 0.012732 -0.00769442 0.0318515
357.347 615.195 0.0117393 0.00152801 0.00761206
285.255 625.142 0.0100954 -0.0102183 0.0250907
285.152 620.893 0.00162079 -0.00082094 0.00199325
621.417 634.917 0.0111464 -0.00835126 0.03378
422.971 638.422 0.00499404 -0.0012438 0.0298411
420.408 637.918 0.00221079 -0.00316049 0.0239002
179.2 32 0.0560347 -0.0015477 0.00269856
469.149 72.6622 0.00727076 -0.00871293 0.027431
744.407 85.5741 0.00554656 -0.00141466 0.021168
762.755 95.3196 0.000641924 -0.000332602 0.000683615
250.058 89.4302 0.00590056 0.00514304 0.0225958
603.252 93.6584 0.00172388 0.00209669 0.0164579
281.816 117.763 0.0345574 -0.0263644 0.0263224
264.173 116.75 0.00751175 -0.00721543 0.0141197
265.015 117.894 0.00461755 -0.00261987 0.00520962
155.353 144.275 0.00285627 0.000664957 0.00617854
374.078 202.478 0.0590185 -0.00315015 0.00277538
701.629 278.2 0.00182291 -0.00187647 0.00666373
305.618 304.456 0.0218261 -2.1939e-005 0.000981425
281.683 345 0.00448335 0.00306283 0.0137049
406.219 363.096 0.00982984 -0.00632171 0.0132836
695.953 433.797 0.0520436 -0.000612407 0.0016651
695.704 435.622 0.0212103 0.000733915 0.00140655
633.219 460.656 0.0470942 -0.0077379 0.0128397
157.456 497.5 0.00988507 0.00107065 0.0106202
150.561 496.343 0.000935566 -0.000872575 0.00548023
637.186 568.314 0.0322041 -0.00137328 0.00265282
578.158 2.84211 0.0158651 0.000199101 0.0191992
686.364 28.2778 0.00147698 0.00483135 0.0584355
717.377 49.1154 0.00468701 0.00344509 0.00927161
720.041 51.3151 0.00233914 -0.000679418 0.00225894
765.947 56.2872 0.00338278 0.0100128 0.0937899
770.126 53.8787 0.000312413 0.000282581 0.0104774
144.558 79.0385 0.000851394 -0.00103021 0.0206778
83.0946 127.257 0.0128588 -0.00900513 0.0345441
430.068 175.176 0.0287187 -0.00420756 0.00576459
219.707 234.207 0.0233097 -0.00908468 0.0084205
161.654 292.135 0.00465302 -0.00334201 0.0383553
602.389 323.678 0.00493943 0.00855283 0.0412608
618.613 335.047 0.0139564 -0.00606291 0.00819593
618.61 334.925 0.0112191 -0.00472613 0.00775225
615.757 335.904 0.00259709 0.000498552 0.00419389
611.522 337.496 0.00102233 0.000488711 0.00374939
719.912 339.892 0.0227612 -0.00401129 0.00374725
247.767 455.342 0.000360695 4.71625e-005 0.0116769
311.282 522.218 0.00341544 -0.00153906 0.00604193
561.967 22.5889 0.01516 -0.000552484 0.00155837
227.438 68.0625 0.00385722 -0.00570099 0.0301948
232.242 68.5053 0.000935718 -0.001476 0.00825736
679.524 107.881 0.0394735 -0.00977307 0.00607869
692.922 110.127 0.000331778 -0.000296082 0.000987914
468.344 128.633 0.0173016 0.00251798 0.012039
464.81 129.405 0.0021866 0.00225957 0.00854416
53.6408 201.683 0.00220699 -0.00532561 0.0270494
559.528 197.331 0.0136684 -0.00360468 0.0039411
92.4063 223.047 0.00344653 -0.00736623 0.0354295
719.708 230.604 0.0392888 -0.00915413 0.00454352
340.344 267.367 0.00666005 -0.0012411 0.0292411
433.816 267.551 0.00186648 -0.00205185 0.0419523
266.233 301.442 0.0050577 -0.00435952 0.0141769
151.37 307.283 0.0143528 -0.00330542 0.00986915
152.426 307.377 0.00589962 -0.00242237 0.00860151
106.389 429.028 0.0539029 -0.0194744 0.0130523
678.942 467.173 0.0168974 -0.00214448 0.00620525
679.048 468.414 0.00578314 -0.00217454 0.00477426
678.263 469.291 0.00484167 -0.000961308 0.00334935
379.676 511.824 0.084317 0.00302541 0.00489163
496.957 4.64286 0.0552499 -0.000308312 0.00712243
503.728 50.2895 0.0182897 3.01646e-005 0.0025962
503.641 52.7065 0.0192764 -0.000223603 0.00144271
33.0882 63.4706 0.0080976 0.0156538 0.0747134
139.742 163.227 0.0398934 -0.00235322 0.00188478
629.926 178.156 0.0078155 0.012718 0.0302545
631.12 177.353 0.00203249 0.00141278 0.00470925
355.762 187.345 0.00514527 0.000274322 0.00307053
203.553 234.5 0.03512 0.0126542 0.0120007
565.253 240.041 0.00179432 -0.0037816 0.0144629
94.6622 245.878 0.00501888 -0.00348127 0.0306897
31.8382 265.235 0.0189771 -0.000890734 0.00194006
128.765 280.324 0.0635373 -0.000241547 0.00508739
521.633 350.478 0.00444091 0.0039653 0.0549314
193.361 373.667 0.0771634 -0.00954873 0.00541095
110.332 389.485 0.00160464 -0.00147847 0.00500679
207.167 391.611 0.00359317 -0.0041205 0.0738378
292.881 525.095 0.0212981 -0.00141269 0.00545501
123.561 541.268 0.00191898 -0.00111851 0.00532194
122.891 539.918 0.000506895 -0.000703823 0.00530443
72.8077 588.064 0.00766541 -0.0102876 0.0617515
74.5725 588.804 0.00436631 -0.0098275 0.0411709
709.017 589.983 0.00149926 -0.00419108 0.0282369
378.154 595.404 0.0239461 0.00272679 0.00371417
382.322 593.74 0.00170414 -0.000274691 0.00249392
278.833 38.25 0.0127299 -0.00063809 0.0225884
133.295 55.2045 0.00461294 -0.00511663 0.0456313
484.669 61.2846 0.00405475 0.000793161 0.0124508
349.571 69 0.0600133 0.000403476 0.00261725
68.7113 130.782 0.00589888 0.00563118 0.0123062
549.456 196.344 0.0222357 -0.0122407 0.014691
389.794 242.402 0.00404894 -0.00116068 0.0276324
524.433 265.544 0.00582463 -0.00379432 0.0285954
701.192 265.769 0.00430281 -0.000118048 0.0269599
590.491 334.086 0.0146654 -0.000753606 0.00124479
593.46 331.145 0.00185091 0.000711188 0.00129347
592.192 331.695 0.00145177 0.000533736 0.00116257
508.468 406.855 0.00965872 -0.0173372 0.0672135
562.9 493.529 0.0148684 -0.00354162 0.0304492
52.2375 512.462 0.0162622 0.000438876 0.00136409
238.336 613.173 0.0133294 -0.000325583 0.00928114
211.219 654.922 0.00313852 0.00164269 0.0198223
211.551 656.836 0.00301241 -0.000591481 0.00426068
52.2308 114.359 0.028308 0.00194909 0.00212079
605.292 121.539 0.000691152 -0.000616257 0.0142097
622.848 120.221 8.51905e-005 -0.000109043 0.00292012
532.938 228.963 0.00605 -0.000289022 0.00293342
319.304 252.63 0.0145447 -0.00175833 0.0125489
320.188 252.564 0.000579439 0.000558053 0.00197538
397.473 275.689 0.0238967 -0.00325405 0.0050611
397.404 281.665 0.0188291 -0.00082061 0.00102449
767.43 288.616 0.0265029 -0.00318564 0.00819537
126.842 353.855 0.00365375 -0.0070956 0.025905
119.397 352.542 0.000390716 -0.000591097 0.00483327
198.017 452.983 0.00264845 -0.00395703 0.0527976
186.477 452.744 0.000566764 0.000463501 0.0063096
373.222 499.306 0.0133344 -0.0134581 0.0283237
375.2 504.715 0.00759521 -0.00388235 0.00347074
290.84 535.351 0.0296884 -0.016724 0.0167305
325.449 533.331 0.00308177 0.000597068 0.00921563
732.5 587.924 0.0200635 -0.00461921 0.00539497
261.265 617.147 0.0114123 -0.00252765 0.0116315
606.409 640.5 0.012381 -0.00728411 0.0176566
600.947 639.826 0.00169309 -0.00176549 0.0132994
603.5 641.13 0.00098666 -0.000863239 0.00512734
388.713 644.16 0.0179477 0.0068597 0.0105509
389.718 645.42 0.00668422 -0.00093197 0.00580769
394.098 645.488 0.00164766 -0.000558883 0.00391154
395.269 665.052 0.00190671 -0.00116406 0.0106272
124.591 130.318 0.042462 -0.00767325 0.00537091
293.056 152.917 0.0415702 0.00301278 0.00691976
712.007 163.413 0.00973895 -0.000531869 0.00591057
409.476 176.671 0.0291608 -0.00260605 0.0083621
233.329 185.159 0.0104014 0.00199112 0.0197009
96.0645 197.71 0.00349808 0.00166394 0.0135617
331.146 271.938 0.0128644 -0.00207451 0.00599692
135 307.524 0.0101504 -0.00515125 0.018195
570.44 355.46 0.00337268 -0.00276275 0.0394272
570.304 355.326 0.00132544 -0.00341111 0.0357887
351.419 380.635 0.0171902 -0.00254381 0.0156498
156.014 400.792 0.000701495 0.000345208 0.00449772
149.584 397.375 0.000491481 -0.000328141 0.00159739
254.979 509.188 0.00861424 -0.00916553 0.0171721
594.419 639.095 0.0131181 -0.018262 0.047658
739 54.3429 0.00505566 -0.00233089 0.0100196
35.5217 90.587 0.0110063 -0.0038217 0.00342022
30.0512 88.1299 0.000777574 -0.0001278 0.00359615
720.52 174.775 0.00656941 -0.00010267 0.0288721
304.5 178.038 0.00743219 0.000502636 0.00871015
676.635 194.344 0.00667831 0.000275995 0.00365958
159.598 280.183 0.057961 -0.00937084 0.00674148
471.434 282.664 0.0529465 -0.00750148 0.00256887
545.022 327.455 0.0026842 -0.00351959 0.0148672
33.7857 358.214 0.0142693 0.00539936 0.0105638
560.262 475.476 0.0158304 -0.00917519 0.0197033
164.375 515.575 0.0344576 0.00435422 0.00612923
697.625 538.406 0.0518605 -0.00711918 0.00593533
269.475 537.925 0.00843745 -0.00473955 0.0289482
612.818 598.432 0.021973 -0.00341748 0.0115112
198.182 631.759 0.00457082 -0.000703719 0.00741186
438.565 671.181 0.00165939 -3.68301e-005 0.00266565
764.589 43.6786 0.0220066 -0.00488526 0.00369082
280.688 88.375 0.00765545 0.0053104 0.0511145
686 139.808 0.0030754 -0.00222728 0.0222597
686.071 139.643 0.00322444 -0.00223571 0.0195176
684.989 134.661 0.00361619 -0.00116808 0.00209477
296.559 180.931 0.0176035 -0.00690034 0.00802834
67.3367 197.439 0.00705746 -0.0019775 0.0110818
185.211 200.512 0.000441022 -0.000108471 0.00257586
512.6 217.05 0.0221914 0.00315153 0.00848012
699.976 312.048 0.0430806 -0.00631057 0.0052425
699 315.281 0.0140637 0.00174719 0.00201972
701.528 319.393 0.0025197 -0.00106912 0.00159468
340.299 327.626 9.32377e-005 -0.000116046 0.000991499
170.975 380.598 0.00703014 -0.00655491 0.0140795
506.355 384.609 0.0339141 0.00368071 0.00375664
197.389 399.685 0.0124849 0.00094541 0.0129215
285.436 403.181 0.0134962 -0.0017095 0.00950861
533.221 473.058 0.0241084 -0.0266634 0.0379889
733.982 475.009 0.0019238 -0.00301175 0.0163173
124.282 596.695 0.00202393 -0.00481665 0.0264452
185.779 605.709 0.0038117 -0.00756973 0.056571
741.57 25.7254 0.00120452 0.00166277 0.0368793
754.52 32.2769 0.000737285 -0.000629722 0.00137548
256.772 36.3844 0.000997594 -0.000914574 0.00217128
260.044 39.2222 0.000392448 -0.000253062 0.00159036
387.386 79.25 0.0103424 -0.0139872 0.0372601
725.085 148.085 0.0102951 0.0168368 0.0523251
728.485 150.868 0.00154397 0.00141538 0.00295866
211.573 193.573 0.0137301 -0.0103613 0.0266337
606.5 198.712 0.00395909 -0.00388405 0.0157832
280.907 224.606 0.00186898 -0.00289453 0.00947701
41.3571 280.333 0.0422478 0.00126594 0.00466484
32.3085 316.67 0.0103911 0.00801906 0.0188199
192.192 329.962 0.0604821 -0.00322867 0.00570029
665.074 384.796 0.00278979 0.000409807 0.0376608
301.84 458.38 0.0200463 0.00200551 0.00914335
246.426 475.037 0.0104251 -0.00950673 0.0211727
758 592.3 0.0104072 -0.00577862 0.0134155
120.09 617.04 0.00265018 -0.00780337 0.0330709
124.177 620.54 0.0017039 -0.00210744 0.00477525
585.868 666.448 0.00343961 -0.00245573 0.00488997
578.215 665.812 0.000912276 -0.00074915 0.00243067
535.38 14.84 0.00208133 -1.19984e-006 0.0450375
524.507 15.8162 0.000518367 0.00319057 0.041281
540.081 18.8598 0.000149411 -0.000228114 0.00244015
187.083 27.7222 0.0186427 -0.00174295 0.0187239
192.614 26.1429 0.00255927 0.00290431 0.00623428
361.582 151.5 0.00539081 -0.00104019 0.00259313
421.797 206.743 0.0112903 -0.00238839 0.0177764
421.191 207.264 0.00237934 0.00109192 0.0130692
37.587 211.457 0.0108456 -0.00215735 0.0182039
209.129 215.529 0.00355511 0.00160905 0.0139948
370.806 216.887 0.0024987 -0.000673463 0.0182995
371.083 209.184 0.00321836 -0.000113732 0.000562512
328.304 222.261 0.0117313 -0.00272677 0.01034
196.976 220.357 0.00772165 -0.00697086 0.0323754
675.282 223.925 0.0144645 -0.00136201 0.00278002
169.421 231.93 0.00481874 -0.00151845 0.0048139
235.645 245.806 0.0019697 -0.00516444 0.0423847
233.286 239.147 0.000629249 -0.000376831 0.00129016
329.138 301.202 0.00801496 -0.00828201 0.0319185
72.5588 336.471 0.0293443 0.00529053 0.0119185
713.537 356.005 0.000850032 0.00170152 0.0199729
712.729 605.986 0.0315368 -0.0161187 0.0188749
211.813 612.097 0.00316461 0.000227491 0.00424838
203.62 611.101 0.000555048 -0.000827442 0.00301022
736.396 9.78358 0.0240141 0.00186971 0.00354122
733.958 8.57042 0.00405017 -0.0010291 0.00337866
724.992 6.59686 0.000513315 -0.000652014 0.00367817
166.211 24.4111 0.00480516 0.00617632 0.0234436
151.463 50.2407 0.00498973 7.18631e-005 0.019301
622.959 96.6622 0.00408529 -0.00120946 0.0484246
238.435 199.162 0.0120695 -0.00687028 0.00722597
61.0918 239.173 0.00245439 0.000597734 0.0139494
325.158 278.342 0.0424806 -0.00854631 0.00426159
247.144 319.837 0.00160458 -0.00157453 0.00950561
627.131 426.365 0.00403527 -0.00140404 0.00420972
631.614 426.942 0.00100535 -3.83894e-005 0.00275824
629.611 447.1 0.022383 -0.0154961 0.016152
390.143 467.971 0.0131908 -0.00339766 0.0064323
698.777 485.266 0.00952488 -0.00302055 0.0207601
763.556 518.426 0.0126444 -0.00024888 0.0031351
767.646 525.573 0.00706197 -0.00317922 0.00225889
767.514 529.153 0.00346757 -0.000978487 0.000785928
282.614 551.886 0.0196606 0.00506876 0.0125727
283.399 552.567 0.00870453 0.000191777 0.00573278
709.302 566.549 0.00252298 -0.00251205 0.0149534
712.647 567.723 0.00156169 -0.000159135 0.00453598
709.405 566.089 0.000717448 -0.000686185 0.00308093
112.238 660.393 0.00264905 -0.00130284 0.0235629
578.813 44.1797 0.000994497 -0.00111468 0.00374586
406.275 53.6268 0.00092742 0.00367203 0.0581398
724.912 57.5882 0.00818905 -0.00229392 0.0472755
488.685 405.611 0.00324863 -0.00797218 0.0468182
719.973 410.199 0.010465 -0.00137364 0.00259281
276.329 453.622 0.0564679 -0.00812626 0.00250144
194.233 467.944 0.019498 -0.0113862 0.0120282
75.6538 465.756 0.0347917 -0.0144264 0.0119461
605.261 473.283 0.00353016 -0.0042344 0.0102254
305.43 474.938 0.00154929 -0.00211336 0.0131108
401.276 480.378 0.00650847 0.000142052 0.0199739
249.347 222.041 0.00367192 -0.001291 0.00473752
250.091 225.473 0.0034092 -0.000694079 0.00150591
390.145 420.855 0.0195382 -0.0139829 0.0164295
195.22 435.113 0.014048 -0.00225772 0.00198201
260.857 442.018 0.00744973 -0.00491501 0.00910881
208.397 512.914 0.00448624 -0.00541488 0.0319027
116.096 41.6702 0.0164569 -0.00655787 0.014063
114.039 40.3684 0.00311746 0.00142144 0.0044239
385.467 62.9333 0.0378334 -0.0011662 0.00199957
347.885 84.4744 0.010525 0.00200858 0.0185432
170.425 157.754 0.00673419 -0.000515399 0.00563569
175.416 220.248 0.00162228 -0.00172713 0.00983302
564.4 278.262 0.00512583 -0.00793356 0.0216927
83.051 281.133 0.0105115 -0.00228664 0.0138433
347.964 296.543 0.0017161 -0.00363227 0.0174754
310.171 336.075 0.00421639 -6.49578e-005 0.0103253
568.352 424.139 0.0223389 -0.000256563 0.00564985
567.16 424.044 0.00902213 -0.000639333 0.00528699
207.28 427.28 0.0148053 -0.00243904 0.0114541
715.878 445.389 0.00296572 -0.00196035 0.0188526
322.394 447.543 0.0059391 0.00582855 0.0324656
724.487 509.721 0.0131481 0.00169583 0.00337309
94.7558 545.244 0.00897542 -0.00141796 0.0288848
126.972 552.877 0.0127197 -0.022194 0.0504356
515.938 565.417 0.0578804 -0.00965373 0.00421957
340.02 599.44 0.02307 -0.00486215 0.00909994
346.561 627.576 0.00296719 -0.00363326 0.0256985
331.465 648.956 0.0079624 -0.00411447 0.0154743
320.193 649.013 0.000352805 -0.00116764 0.00863647
698.628 654.474 0.0145776 -0.00441425 0.00637051
445.357 24.4714 0.00855581 0.00645425 0.0470269
371.087 81.3913 0.00642181 -0.000730716 0.0113891
648.039 120.601 0.00108575 0.00504475 0.0684777
545.419 147.743 0.00298707 -0.00244677 0.0263735
673.645 177.5 0.00400904 0.00342689 0.00613968
386.357 226.773 0.00634799 -0.00469827 0.0117223
113.128 235.872 0.0274147 -0.00886068 0.0112197
376.773 321.191 0.00304752 -0.00624647 0.0413709
239.891 329.732 0.00729657 -0.00288473 0.0118139
238.991 329.616 0.00388238 -7.58959e-005 0.00876436
248.041 345.716 0.00131575 -0.00310941 0.0483837
248.302 345.615 0.00125937 -0.00335423 0.025984
78.3362 350.353 0.000789215 -0.000579025 0.00438186
780.648 483.5 0.00463027 -0.0078739 0.0168164
778.561 478.472 0.000736016 -0.000239046 0.00103669
646.605 581.132 0.00649217 -0.00458227 0.0548548
280.111 646.028 0.034172 -0.00877043 0.00850146
490.754 674.918 0.0144823 -0.00892181 0.0119797
228.542 127.625 0.0104584 -0.00198062 0.021614
351.432 242.818 0.005792 -0.00137083 0.0274951
686.514 265.979 0.00510091 -0.00423258 0.0169739
625.37 390.852 0.0147841 -0.00753234 0.0101719
684.305 414.646 0.00595687 -0.00152612 0.030002
738.811 419.633 0.02338 -0.00841911 0.0119054
38.9231 446.231 0.020096 -0.00127785 0.00406135
104.356 464.075 0.00544542 0.00019381 0.00161725
102.823 457.992 0.000243597 -4.37302e-005 0.000309762
178.886 507.727 0.0145495 0.00481898 0.0112999
437.705 644.182 0.0111709 -0.000524605 0.00933997
312.071 20.4167 0.0115312 -0.00372142 0.00387764
405.047 38.74 0.032299 -0.00443721 0.0026336
359.713 55.266 0.00822568 -0.000490079 0.0154619
583.806 226.255 0.00924611 -0.0017981 0.0128423
581.541 228.127 0.00272753 0.000845941 0.00358015
610.659 361.273 0.010693 0.0126529 0.0336295
738.63 432.826 0.00943969 0.00106868 0.014945
143.257 494.932 0.0104394 -0.00290853 0.0289551
162.082 9.87273 0.00704846 -0.000702315 0.00339303
242.4 68.375 0.0161635 -0.0150578 0.0260639
683.25 117.722 0.00400363 -0.00481165 0.0365111
671.354 251.28 0.0195527 -0.0126067 0.020305
51.4388 257.108 0.000805207 -0.000195094 0.00657768
480.871 340.557 0.0118171 -0.00311449 0.0198753
490.235 361.636 0.00471232 -0.00044354 0.000739999
746.993 364.276 0.0122112 0.00252768 0.0027828
169.277 488.098 0.00230111 -0.00339619 0.0141717
529.868 573.292 0.00231517 -0.00199528 0.0059957
622.947 196.006 0.0179237 0.00508866 0.00367842
747.649 244.291 0.035297 -0.00183209 0.00216334
570.731 251.91 0.0795735 -0.0053868 0.00351925
338.78 250.2 0.00970034 -0.00350014 0.0104903
615.75 267.65 0.00855673 -0.0126012 0.0318248
623.152 268.781 0.00136955 -0.00322853 0.0168602
608.002 275.042 0.000143236 -0.000216347 0.000857722
561.773 326.909 0.0121228 -0.0163648 0.0334407
527.023 332.773 0.0161289 -0.00629501 0.0134396
524.508 332.108 0.00604462 -0.00242092 0.0042727
636.039 352.513 0.00304515 -0.00408413 0.0147311
508.773 479.027 0.00703515 -0.00439437 0.0165894
384.858 493.599 0.00691344 -0.0031685 0.010691
153.89 561.085 0.0135418 0.00927748 0.0200323
146.045 558.376 0.00126195 -0.000179071 0.0020801
632.243 200.414 0.0183764 -0.00720799 0.023146
753.694 205.722 0.00326252 -0.00755393 0.0720723
352.853 232.368 0.00717735 -0.00317027 0.00782535
366.654 242.154 0.0105257 -0.0110319 0.0199366
264.877 279.519 0.00777718 -0.00910025 0.0192883
696.432 286.955 0.0190433 -0.00676307 0.0157142
673.575 329.375 0.0150202 -0.0142601 0.0237966
550.708 477.271 0.0220752 -0.000118253 0.00488282
659.564 571.138 0.0170094 -0.0105857 0.018688
641.3 637.433 0.0140583 -0.00801241 0.0167657
517.092 677.173 0.00713584 -0.00434031 0.0170274
521.273 677.182 0.00192557 -0.00310117 0.0194673
521.441 46.0098 0.00131404 0.00026478 0.0176643
723.577 191.846 0.00190021 -0.000448886 0.0492721
723.657 193.161 0.000509134 0.00035558 0.0178064
452.041 281.512 0.0131285 -0.0039993 0.00292098
331.217 404.009 0.0208697 -0.013147 0.0140362
175.15 568.075 0.0203245 -0.00626026 0.0105755
174.329 568.342 0.00762313 -2.34727e-005 0.00751068
175.296 569.558 0.00315125 -0.00154892 0.00600491
396.904 613.327 0.0121752 -0.00835807 0.0213796
405.437 619.038 0.00153648 -0.0012472 0.00263222
454.129 651.206 0.00178586 -0.00172228 0.00978906
450.617 647.96 0.00107996 -0.000995187 0.00303829
685.763 651.36 0.0095519 -0.000531184 0.0131449
379.284 660.095 0.0476212 -0.00747549 0.00645314
724.138 93.4828 0.0266926 -0.0028192 0.00355233
633.728 135.25 0.00481262 -0.0011782 0.00527579
235.931 159.946 0.00327517 0.00714965 0.0261464
707.705 222.713 0.000730324 -0.000245763 0.000874608
347.237 434.447 0.033572 0.0113147 0.0142731
347.438 433.025 0.00728462 0.00257432 0.00663964
345.231 432.263 0.00249576 -0.0016628 0.00391989
373.988 440.7 0.00324714 0.000744829 0.00313212
497.722 626.7 0.0102964 -0.00736839 0.0170433
160.969 668.643 0.00458298 -0.0114292 0.0667438
489.142 99.2358 0.00164753 0.000330333 0.0221911
654.022 195.522 0.0253149 -0.00577909 0.00890882
650.241 199.52 0.00188736 0.000459522 0.00373016
141.781 196.219 0.00752415 -0.00894607 0.0617413
767.349 234.432 0.00361462 -0.00187621 0.0136215
765.081 234.663 0.00126507 -0.000447152 0.00951164
50.9911 278.714 0.00594876 -0.00128344 0.0031199
203.625 359.725 0.0139543 0.00997245 0.0263121
559.452 378.518 0.001338 -0.00248196 0.0111402
657.842 444.897 0.00581494 0.00150009 0.00839751
573.9 457.271 0.0049153 -0.00642126 0.0212496
577.464 453.603 0.00062313 5.56437e-005 0.00242757
706.083 476.633 0.00469522 0.000551677 0.0179276
643.562 513.069 0.02457 -0.00235299 0.00498596
504.516 676.656 0.00743366 -0.00021298 0.0146169
453.643 229.5 0.0083224 -0.00702604 0.0117691
478.054 294.382 0.00226485 -0.00109066 0.00139592
476.29 294.308 0.00144819 -0.000721849 0.00112275
517.085 341.28 0.0206534 -0.00875464 0.0167556
61.0833 390.8 0.012696 -0.00620732 0.00706887
407.921 414.211 0.0171653 -0.0110469 0.0188099
194.137 574.314 0.00572353 -0.00336715 0.00534959
96.5136 571.484 0.000602887 -0.000501297 0.00280014
572.481 2.74272 0.00210768 -0.0013253 0.0197942
559.657 3.56485 0.000389582 0.000157376 0.011938
395.653 69.6186 0.00732002 0.00143407 0.0133997
165.068 272.311 0.0106723 0.00165827 0.0061455
185.391 303.37 0.0130004 -0.00594946 0.0119655
519.645 453.027 0.00653118 0.00560858 0.0186609
438.417 588.917 0.012697 -0.00336327 0.0193714
436.092 589.105 0.00514601 -0.00389812 0.0134503
268.814 675.471 0.0541464 -0.00478379 0.00871214
664.856 3.41111 0.00335314 0.0109548 0.0816001
588.997 307.463 0.00431614 -9.30414e-005 0.00236385
429.623 308.026 0.0139322 -0.00614233 0.00747732
631.717 326.217 0.00777467 -0.00341661 0.0141578
632.95 326.99 0.00280947 -0.000414862 0.00948351
117.833 413.238 0.0171185 0.0123088 0.0255045
698 460.646 0.0146262 0.00784692 0.0146273
697.184 458 0.00352138 0.000239524 0.00377321
219 544.583 0.0162602 -0.0109804 0.0190579
447.017 553.817 0.0180974 -0.00694045 0.00984584
292.89 618.354 0.0240837 -0.0117181 0.0126926
744.456 650.5 0.00978092 -0.00653357 0.0267302
745.479 662.082 0.00195375 -0.00109723 0.00742615
748.076 662.229 0.00124516 -0.00121406 0.00734851
231.541 20.7784 0.00169003 -0.00177203 0.00759052
425.354 25.5625 0.00222064 0.00164833 0.0435889
433.19 25.7701 0.000556263 0.000932128 0.022284
645.367 366.344 0.0121823 0.00862972 0.0262512
486.467 446.484 0.00650383 0.000924068 0.0114086
51.8333 488.217 0.00376509 0.00129605 0.0161245
340.019 516.981 0.0107283 -0.0104588 0.016493
623.314 578.6 0.00403794 -0.00170794 0.00777735
620.883 578.231 0.00155853 -0.00102767 0.00865562
779.094 146.47 0.00101198 0.00199771 0.0164068
469.975 252.75 0.0108157 0.00505004 0.0249143
762.174 297.261 0.00542977 0.0014857 0.0337581
374.778 360.389 0.0028786 0.000702375 0.0101734
478.418 416.541 0.00585403 -0.00896014 0.0362324
649.798 655.947 0.00624866 -0.00414901 0.0311273
112.809 258.845 0.021322 -0.00802873 0.00657792
417.033 284.9 0.0273706 -0.0032982 0.00699104
666.976 429.024 0.0323563 -0.00552561 0.00800053
666.211 428.25 0.0151421 -0.00316507 0.00478992
675.524 448.262 0.0106943 -0.00515526 0.0166652
308.037 573.389 0.00483737 -0.0111694 0.055969
292.5 578.905 0.0177795 0.00271584 0.0020403
713.959 18.7162 0.0212556 -0.0158641 0.0240528
729.34 179.24 0.00450641 0.00549112 0.0278363
131.764 255.953 0.0186624 -0.00128902 0.00499245
440.603 414.244 0.027851 0.0020459 0.010112
540.783 508.817 0.00886618 -0.000910938 0.0064497
561.672 562.581 0.0103747 -0.0074901 0.00925645
319.795 674.801 0.000422258 -0.000265879 0.0071425
791.705 72.4487 0.0192941 -0.00248681 0.0126844
83.6316 154 0.00606631 2.95437e-005 0.0231333
556.511 157.214 0.00274701 0.00337574 0.0114386
110.402 154.265 0.0159872 0.00158177 0.00938422
442.514 259.601 0.00547058 -0.00429851 0.0190003
565.405 629.643 0.00191813 -0.00461324 0.0421078
598.183 172.89 0.0272162 -0.00911279 0.0140409
317.042 329.417 0.0118119 -0.00733496 0.0183374
298.044 354.011 0.00253968 -0.000257955 0.0116966
300.077 645.333 0.00150898 -0.00411497 0.0418177
508.539 653.127 0.00943938 -0.00648751 0.0101086
287.321 675.526 0.0249292 -0.00647576 0.0163461
752.969 115.684 0.00367717 0.00510753 0.0260653
400.647 125.324 0.00749237 -0.00257935 0.00386928
751.646 178.125 0.00163761 -0.00314618 0.0404284
754.869 176.362 0.000833186 7.0497e-006 0.0102804
681.717 503.826 0.00941419 0.00240747 0.00989159
229.773 565.659 0.0178389 -0.00727995 0.018118
414.206 664.549 0.00284121 -0.00247131 0.00430092
475.427 10.6707 0.00359798 -0.00146409 0.00791256
794.739 114.196 0.00629336 0.0146685 0.0550872
202.292 329.136 0.00484941 0.000520515 0.0118444
203.743 328.993 0.00345935 -1.80471e-005 0.00731212
684.128 573.174 0.0362331 -0.00768053 0.00783442
678.531 602.233 0.00270887 -0.00232863 0.0065203
230.854 638.78 0.00708981 0.00063566 0.00478755
89.5 300.947 0.0208833 -0.0209304 0.0331845
680.244 324.5 0.0097734 -0.00613295 0.0297938
323.206 355.265 0.00613564 -0.00370382 0.0303377
713.875 623.063 0.0103089 -0.00548405 0.0125385
702.078 622.531 0.000661021 -0.000873802 0.00264293
43.7105 18.9737 0.00838485 -0.00325487 0.0447295
41.6613 20.9839 0.00296141 -0.00228045 0.00493844
39.4233 23.1028 0.00182482 -0.000376428 0.00289951
383.096 12.4298 0.0561661 -0.00456699 0.00217746
718.556 130.278 0.0242266 0.000242786 0.0144978
604.771 278.833 0.00687342 -3.28458e-005 0.00452732
765.167 352.551 0.00551529 -0.000347316 0.00211626
710.066 377.408 0.00255785 -0.00117166 0.0126947
709.963 528.744 0.0101766 -0.0104126 0.0355382
522.986 52.2429 0.0162248 0.00260962 0.0203782
185.218 519.167 0.0263861 -0.00564858 0.00787057
441.934 620.16 0.0106941 -0.00483296 0.0192322
531.761 146.978 0.0103427 0.00436621 0.0150731
770.887 147.532 0.0103021 0.00705814 0.0200256
714.57 295.763 0.00789957 -0.00233323 0.00897784
753.481 440.185 0.00808825 -0.00776182 0.0130165
358.975 659.68 0.00958025 -0.00699083 0.0184271
438.726 8.99565 0.010979 -0.00272487 0.00285674
441.299 8.62745 0.00245205 -0.000629325 0.0022402
448.997 8.86364 0.000242125 8.65147e-005 0.00257356
455.436 8.24957 0.000129666 0.000147308 0.00265384
332.593 612.833 0.0117179 -0.00934717 0.0147851
300.84 2.25 0.00120486 0.000262378 0.0259818
403.406 260.632 0.0124223 -0.00843436 0.0129201
610.2 17.6 0.0473722 0.00512999 0.00646663
197.871 134.5 0.0141459 -0.00149571 0.00394986
295.631 306.189 0.0137631 0.000688153 0.00932944
49.9722 572.278 0.0138569 -0.0112639 0.033292
236.761 662.652 0.0578634 0.00473075 0.00312547
724.32 666.58 0.00986649 -0.00665844 0.0216783
131.971 68.3039 0.00605988 0.00569833 0.0226545
822.524 83.3675 0.00140005 0.000825968 0.014415
635.3 544.36 0.00758617 -0.00524266 0.0138293
630.727 618.227 0.0396217 -0.020726 0.0149316
104.245 57.6489 0.00686855 0.00820499 0.0226924
496.427 286.72 0.00931343 -0.00971244 0.0361593
752.182 285.932 0.023247 0.00219081 0.00857881
746.815 280.188 0.00124802 -0.000497878 0.0024618
444.406 340.179 0.0224071 -0.00484473 0.00675906
613.311 356.378 0.00177683 -0.00228689 0.00974413
492.36 421.3 0.0119453 0.00558162 0.0179142
321.524 429.643 0.0165326 -0.00926902 0.0148247
688.936 617.573 0.00221732 -0.00518129 0.0610101
794.913 80.7826 0.00348172 -0.00201929 0.0466909
763.351 134.5 0.0139202 -0.000631115 0.00680907
690.934 195.75 0.00959761 -7.98202e-005 0.00367548
77.7353 144.824 0.0039789 -0.00204686 0.0121049
801.438 174.611 0.00268557 -0.00267225 0.023687
797.564 175.843 0.00120546 0.000649102 0.00640658
589.933 240.722 0.00176465 5.02702e-006 0.00961449
622.88 676.34 0.012806 -0.00871292 0.0213308
741.379 599.098 0.00540402 -0.00162141 0.00239854
366.872 31.593 0.0017971 0.00327311 0.0868828
304.25 561.5 0.00364172 -0.00162074 0.00792983
18.1944 4.77778 0.0215889 -0.00442679 0.0121452
382.219 612.556 0.00964289 -0.00040615 0.00389575
703.259 675.922 0.00116413 -0.00250338 0.0152279
105.671 13.4512 0.00594397 0.00248239 0.00509568
797.839 418.723 0.00150608 -0.00492574 0.0319919
416.44 594.5 0.0138099 -0.00442727 0.0112412
783.761 293.674 0.00509022 -0.0109658 0.0576707
784.961 292.618 0.00332139 -0.00134369 0.00681149
641.136 453.5 0.0248586 -0.00293932 0.00451632
801.427 567.427 0.00877737 -0.000465205 0.0284346
790.397 23.2356 0.00169632 0.00257739 0.0244995
672.595 672.5 0.0104511 -0.00621886 0.00989883
661.731 52.1154 0.00619227 0.00464067 0.0227496
812.399 268.094 0.00363352 -0.00121563 0.0149569
813.364 278.098 0.00381847 7.28918e-005 0.00060311
722.618 551.598 0.0117818 -0.00616205 0.0093203
786.332 554.36 0.0143807 -0.0048422 0.00273861
743.633 400.45 0.00560881 -0.000424986 0.00296452
798.652 437.389 0.00719273 -0.00450759 0.00642637
703.967 151.011 0.00465175 0.000959525 0.0190745
463.085 603.594 0.010559 -0.0115531 0.0250496
425.458 364.708 0.024251 0.00323317 0.00692573
212.715 6.62994 0.000139018 0.000425351 0.00588751
796.371 595.441 0.00436742 -0.0102797 0.0400164
443.553 579.526 0.014073 -0.00829852 0.0264569
234.461 4.0098 0.0156839 -0.00252205 0.00794111
778.551 221.038 0.0165225 -0.00344989 0.0196241
361.1 5.82 0.00312543 0.00636433 0.0582189
360.489 6.85484 0.00268784 0.00320726 0.0255934
729.706 623.103 0.0020029 0.000486761 0.0284618
753.984 625.363 0.00286924 -0.00169228 0.00296561
593.482 1.625 0.00228132 0.00331811 0.073735
480.537 120.5 0.00453551 -0.00426755 0.0187857
312.174 602.217 0.0169927 -0.0126395 0.0178287
738.065 678.274 0.00163495 -0.00575898 0.0664136
777.467 124.85 0.0090207 0.00602415 0.0120936
830.333 310.643 0.011934 -0.0134057 0.0348488
812.391 36.3152 0.0267963 0.00103159 0.0021713
832.198 389.981 0.00110538 0.00215957 0.0321379
813.964 286.321 0.0383924 -0.00459501 0.00342616
844.081 260.145 0.0242953 -0.0066316 0.0244233
839.384 607.895 0.0387076 -0.00876886 0.00941337
810.151 544.407 0.00961964 -0.00378449 0.0275277
772.406 643.375 0.00964891 -0.0049416 0.0144238
772.383 643.471 0.00708016 -0.003876 0.00877567
828.412 50.1228 0.00104775 0.00507715 0.039135
785.284 513.622 0.00212851 -0.00164324 0.031287
786.384 513.566 0.00172168 0.000236064 0.0178872
845.14 199.43 0.00158956 -0.00527696 0.0302514
825.382 327.48 0.00334856 -0.00397346 0.0404371
823.036 512.411 0.00568355 0.00170397 0.0156479
842.221 142.598 0.00476099 0.00730521 0.0346716
817.944 405.75 0.044927 -0.00369148 0.00870668
822.162 255.515 0.0043704 0.00130564 0.0200726
845.988 535.663 0.00806057 0.00219264 0.029357
862.692 225.308 0.0374666 0.00177979 0.00448589
851.521 5.53425 0.00201425 -0.000974772 0.0105103
860.843 358.49 0.00196357 -0.00105459 0.0219587
