1.0
350
954.606 440.862 0.0332821 0.0125216 0.0116265
130.136 443.058 0.0046055 0.000180394 0.00271647
131.162 441.925 0.00282153 0.000871246 0.0019879
298.918 506.5 0.00906675 -0.00706194 0.0233498
288.667 523.286 0.0282414 0.00114376 0.0112369
945.369 351.943 0.00256781 0.00388166 0.00738911
290.129 532.982 0.00781345 -0.00196932 0.00140105
996.95 288.313 0.0193882 -0.000610228 0.000423731
751.088 176.708 0.0130781 -0.000694084 0.000412385
752.107 177.732 0.0061933 -0.000470246 0.00040324
758.291 246.162 0.00678322 -0.000595902 0.000152532
445.362 369.645 0.00672088 -0.00435003 0.00600874
577.386 493.341 0.0218971 -0.00478915 0.0115616
826.253 519.601 0.0206932 0.00720164 0.00569672
998.611 329.222 0.0924209 -0.0026055 0.00211232
445.607 341.169 0.00117363 -3.82281e-005 0.000235741
839.519 351.889 0.0123357 -0.00112834 0.015081
841.329 354.26 0.00468825 -0.00391248 0.0068707
839.029 353.118 0.00267187 -0.00317409 0.00630305
480.691 371.309 0.0156861 -0.0135406 0.0213771
864.837 386.406 0.000536189 0.000880584 0.00407799
453.592 485.006 0.0118369 0.0030473 0.00126878
592.351 503.415 0.0253923 -0.000649262 0.0101607
508.158 558.269 0.00180226 -0.00143275 0.00324353
439.474 280.115 0.00092067 -0.000107172 0.000227991
372.001 288.532 0.00109512 -2.79538e-005 0.000235905
376.908 340.605 0.00114542 -7.33294e-005 0.000506964
377.518 340.939 0.000850408 -8.62112e-005 0.00047151
412.276 396.743 0.00412748 0.00337614 0.0130406
479.176 332.38 0.000939844 -3.6315e-005 0.00047498
626.177 368.137 0.00444655 -0.0024046 0.00431784
912.214 387.452 0.0368122 -0.0148607 0.0126045
346.236 303.257 0.00261346 0.000308094 0.000835518
346.482 301.337 0.0021955 0.000273368 0.000539038
346.41 301.08 0.0020031 0.000262115 0.000496342
991.281 330.75 0.064791 -0.00660252 0.00269576
819.944 438.357 0.0439311 0.0204995 0.0126588
909.833 488.538 0.0283916 0.000258544 0.00317332
334.775 421.4 0.0138226 0.00089192 0.0234366
988.276 290.381 0.0675519 -0.00526909 0.000813883
604 69.5 0.0235927 0 0.0175709
763.994 320.92 0.013063 -0.00105536 0.000343564
764.802 321.797 0.00620344 -0.000591429 0.00029014
764.844 321.867 0.00517001 -0.00048609 0.000275437
819.064 531.397 0.0114884 -0.00433753 0.0342073
347.339 342.871 0.00123637 -8.40429e-005 0.000527671
347.335 342.91 0.00107647 -7.18824e-005 0.000476811
603.777 193.379 0.00410388 -0.000412329 0.000393017
470.759 287.627 0.001376 -0.000406615 0.000553372
470.627 287.591 0.00122343 -0.000356551 0.000507777
847.196 373.87 0.00873117 -0.00169012 0.0254252
264.911 472.482 0.103658 0.0348682 0.0131114
896.361 146.507 0.00149938 0.00124415 0.0173074
896.229 175.854 0.020593 -0.00356491 0.00979203
898.514 193.87 0.0143584 0.00137496 0.00185265
894.212 197.269 0.00290296 0.000496599 0.00106402
894.276 197.476 0.00249357 0.000441301 0.000965083
890.056 200.577 0.033213 -0.0018366 0.00131223
100.273 507.688 0.000563736 0.000325325 0.000622847
869.687 174.889 0.00622198 0.000435163 0.00219584
867.256 175.824 0.00235277 0.00106311 0.00226864
868.219 175.506 0.00159599 0.00068904 0.00182837
871.355 204.775 0.00655844 -0.00140357 0.0014224
869.507 202.255 0.00113542 -0.000278273 0.000974817
858.688 181.354 0.0244309 0.00438819 0.00852057
891.152 173.385 0.00310987 -0.000983888 0.00287294
891.149 173.201 0.00254912 -0.000782875 0.00239123
402 362.5 0.0235927 0 0.0175709
804.259 504.293 0.0414884 -0.00179416 0.00333645
859.694 199.508 0.0151647 -0.00289121 0.002569
851.558 514.827 0.00646281 -0.00167185 0.0266897
91.8145 545.664 0.00373209 -0.00284454 0.0077793
870.986 363.857 0.000944283 0.000669316 0.048078
782.155 171.608 0.0151637 0.000302698 0.0016605
782.054 176.158 0.0115932 -0.000295405 0.000633415
781.986 177.98 0.00810834 -0.00037528 0.000565234
865.943 150.983 0.00197402 0.00280519 0.0165432
864.66 151.22 0.00132926 0.00164038 0.0105776
787.829 233.319 0.0189027 -0.00136323 0.00135159
786.558 223.127 0.0110449 -0.000931842 0.000412906
786.244 222.912 0.00844691 -0.000709316 0.000385111
640.458 199.201 0.00162186 -3.40015e-005 0.000676519
624.475 201.282 0.0475309 -0.00393702 0.00107253
803.385 175.749 0.00120259 -0.000132903 0.000599613
230.013 18.4841 0.0174022 -0.00139189 0.000658236
227.863 18.5262 0.0038105 -0.000299035 0.000528976
195.034 23.9568 0.00299724 -0.00023765 0.000346797
785.397 206 0.0165043 0.000311402 0.0057547
794.243 313.081 0.0113342 -0.000873948 0.000430014
793.93 313.561 0.00820973 -0.000596142 0.000392859
636.344 321.539 0.108302 -0.009922 0.00162886
636.148 327.915 0.0338143 -0.0015262 0.000445372
632.797 285.527 0.0573926 -0.0057179 0.00130564
791.005 269.158 0.0210176 -0.00164123 0.000804269
790.907 269.394 0.0148495 -0.00139317 0.000750173
790.602 269.258 0.0102002 -0.000885494 0.000635132
636.279 225.309 0.0174312 0.00345491 0.00722141
642.281 228.422 0.00140989 0.000161944 0.00128167
628.272 242.073 0.0434483 -0.00441287 0.000859001
903.573 227.573 0.0329328 -0.0057809 0.0104289
844.024 156.262 0.0510951 0.00194945 0.00642848
799.626 203.72 0.00539136 0.00062115 0.00653317
809.79 315.66 0.00170847 -0.000380628 0.000635951
829.646 171.933 0.00207943 4.71128e-005 0.000560427
799.699 234.812 0.0103662 -0.000693372 0.00249973
257.744 3.81111 0.00876458 0.0104769 0.0414012
267.512 9.65789 0.000534154 0.000413976 0.00150638
487.92 1.96591 0.00149186 0.00546109 0.0554219
801.451 267.447 0.0155782 -0.000816549 0.000623531
663.977 195.234 0.00198904 -5.51608e-005 0.000636314
797.721 347.279 0.00116356 0.00688049 0.102653
768.718 173.395 0.0854929 -0.00687597 0.000849997
874.48 257.653 0.0845435 -0.00683489 0.00104269
878.461 307.441 0.121544 -0.0100831 0.00117424
655.913 283.447 0.120129 -0.00888955 0.00130904
145.044 48.5702 0.00257004 -0.00551775 0.0707605
171.13 50.5185 0.00241132 -0.00563797 0.0787399
158.258 57.303 0.0019671 -0.0025833 0.0623722
815.17 266.564 0.0909707 -0.00586403 0.000987854
321.356 4.66216 0.00533462 0.0150713 0.0504243
142.239 63.913 0.00447553 0.000354938 0.0564167
143.242 17.0758 0.00263863 -0.0056947 0.0604676
141.268 1.60714 0.00259843 -0.00590857 0.075909
774.818 244.321 0.111696 -0.0101673 0.00101492
781.549 318.535 0.0685697 -0.00641067 0.000874969
158.964 41.9464 0.00255874 -0.00734174 0.0852787
156.088 10.9314 0.00279485 -0.00688577 0.0797605
832.456 667.544 0.00455866 0.000542613 0.0566984
804.058 664.802 0.00572095 0.00443369 0.0564931
573.383 278.887 0.00535211 -0.000424308 0.00345876
989.854 514.927 0.001938 0.000259752 0.000222446
989.115 517.762 0.00187509 0.000288101 0.000190816
988.469 520.08 0.00179115 0.000281167 0.000170512
989.277 539.853 0.00139537 1.46001e-005 5.82473e-005
254.706 424.721 0.00387181 0.00318771 0.0335656
254.67 424.84 0.0030931 0.00141604 0.0212667
299.237 2.02632 0.00876561 0.00958475 0.0378926
304.782 3.44872 0.00144293 0.00197577 0.0127302
155.384 69.3397 0.000137228 0.000317584 0.000823812
141.724 73.5712 0.000114819 0.000274142 0.000720738
199.691 54.4367 8.81001e-005 0.000238678 0.000692313
17.0523 117.73 0.00092147 0.00106018 0.00406819
550.526 393.063 0.00627679 0.00206082 0.00473099
550.688 392.876 0.00484275 0.00152198 0.00396392
551.776 393.307 0.00308073 0.000574028 0.00342434
684.331 329.577 0.0193199 -0.00113363 0.00620293
681.057 331.131 0.00508938 0.00124908 0.00414244
436.26 698.153 0.00191305 0.00248763 0.0535101
122.689 423.797 0.00957402 -0.00470184 0.0444979
121.776 418.587 0.00803014 -0.00028769 0.00294292
121.734 418.341 0.00570788 -0.000463276 0.00263549
121.467 418.299 0.00469797 -0.000354045 0.00225407
126.002 411.003 0.001309 0.000563727 0.000659857
692.891 244.619 0.00321914 -1.66283e-005 0.00139403
315.299 19.1726 0.000310799 0.00087508 0.0029402
671.429 280.699 0.00336497 -0.000166011 0.000726893
127.544 483.088 0.0627755 0.0173922 0.00538195
126.299 487.609 0.0222334 0.00699184 0.00230493
99.4257 551.531 0.000292175 -0.000339899 0.000805795
104.544 544.199 9.36546e-005 -3.47597e-005 0.000205648
107.906 536.815 8.13637e-005 -8.66205e-006 0.000114941
111.167 519.395 0.000153214 2.46429e-005 7.05381e-005
677.398 333.439 0.0320442 -0.00375878 0.00645879
254.526 472.764 0.00452237 0.00164002 0.0022735
255.2 469.703 0.00363934 0.0011307 0.00126985
254.517 468.367 0.00210679 0.000348293 0.000799324
253.991 467.517 0.00173035 0.000224611 0.000597237
253.885 469.765 0.00162762 0.000208836 0.000376944
254.63 463.533 0.000938231 2.56739e-005 0.000200514
441.794 481.703 0.00239086 0.000575388 0.000726788
441.733 481.521 0.00211687 0.000519206 0.000660089
441.446 483.019 0.0019582 0.000437527 0.000477249
651.196 311.696 0.0112725 -0.000679051 0.0198586
500.5 359.227 0.0517821 0.00802909 0.00650918
668.73 248.476 0.00299724 -7.49718e-006 0.00190043
723.212 275.631 0.00312201 -0.000194553 0.000658212
726.382 317.495 0.00348757 -0.000177371 0.000447611
696.151 277.62 0.00326183 -0.000207792 0.000696609
733.967 238.287 0.0292429 -0.00221965 0.00146865
835.524 265.641 0.0041953 -0.000202579 0.000608074
821.938 278.75 0.021293 -0.00152739 0.00648576
554.73 279.878 0.00031451 0.000125841 0.00124608
554.885 280.217 0.000260948 0.000122183 0.0011635
699.855 317.303 0.00382698 -1.92836e-005 0.000988616
720.341 240.792 0.00280043 -6.53947e-005 0.00128858
437.845 422.082 0.0034717 0.0112237 0.0803755
456.558 419.808 0.000336593 0.00102768 0.0115765
456.761 420.348 0.000283322 0.000658075 0.00794409
455.341 421.646 0.000264768 0.000436877 0.00374982
673.325 313.853 0.00402682 0.000237656 0.00135032
104.978 476.87 0.00302811 -0.0013344 0.0714869
107.355 478.538 0.00169775 -0.00274087 0.0119108
107.1 478.965 0.00119887 -0.00172949 0.00848763
776.722 615.16 0.000181216 0.000551274 0.00357265
739.69 315.674 0.0307591 -0.00212543 0.000608682
713.538 322.095 0.0260666 -0.00176422 0.000691522
648.497 283.75 0.00592766 -0.000281627 0.000928759
884.393 283.704 0.00583777 -0.000386965 0.000121194
915.119 303.035 0.0150958 -0.00138791 0.000479913
995.216 350.602 0.00734614 -0.000329885 0.00245881
994.748 350.762 0.00595032 -0.000344719 0.00220328
807.962 237.519 0.0292625 0.000539615 0.0057387
128.36 395.079 0.0550508 0.0226373 0.0120604
133.827 396.452 0.00123135 -0.000287936 0.00352529
430.449 5.54167 0.00203237 0.00716435 0.0299417
428.316 12.8566 0.000113297 0.000474901 0.00277039
430.066 12.7125 9.32351e-005 0.000402957 0.00252675
770.555 247.335 0.0311134 -0.0026586 0.000336568
478.333 445.417 0.0106773 0.0105175 0.0328041
478.569 446.186 0.00573175 0.00184606 0.00993577
478.608 446.723 0.00493724 0.0010559 0.00649535
850.813 301.563 0.0918895 -0.00718214 0.00142323
507.552 447.036 0.00313376 0.00115096 0.00149953
507.68 445.19 0.00278617 0.000906418 0.00105362
505.336 446.199 0.00167462 0.000817421 0.000916293
863.182 452.443 0.00940398 -0.00194734 0.00668143
862.989 456.105 0.00113737 -0.00112905 0.00220484
362.359 26.7826 0.00454569 0.0126269 0.0465215
375.597 24.607 0.000774179 0.0032634 0.0178021
565.756 136.123 0.00199363 0.00966679 0.0481526
555.588 138.186 0.00117386 0.0057261 0.0288707
844.889 225.75 0.0781501 -0.00625456 0.00172556
457.474 377.295 0.0197289 0.00144581 0.0195114
140.357 464.1 0.0653897 0.00476548 0.00698984
95.6818 536.152 0.0207911 -0.0159882 0.0174096
99.7824 538.282 0.00422379 -0.00484285 0.00794723
813.813 330.646 0.0176458 0.00408097 0.0139885
154.535 37.7 0.00115949 -0.00705427 0.0741699
806.029 555.676 0.021009 -0.00612767 0.0110624
804.191 543.442 0.0135985 -0.00235727 0.000822757
481.418 359.689 0.00217211 -0.000625365 0.00401203
495.413 373.772 0.00628812 -0.00164385 0.00699211
497.797 383.381 0.00656275 -0.00172342 0.000919561
429.482 456.864 0.00975162 0.00781151 0.025428
414.609 461.38 0.00064516 0.000544549 0.00090394
420.645 474.237 0.000157744 1.16542e-005 0.000203129
511.587 539.071 0.00204502 -1.59174e-005 0.00324211
511.973 539.481 0.00197532 -0.000185166 0.00248348
512.436 539.869 0.00167449 -0.000380518 0.00167561
523.019 541.709 0.000381842 -0.000267091 0.000950698
645.564 235.551 0.00819999 0.00151742 0.0116631
477.905 8.54219 0.00176726 0.00668937 0.0306575
286.524 456.548 0.0179517 -0.000755671 0.0185955
286.441 455.994 0.00949384 0.000177597 0.00862289
285.602 458.653 0.00635253 0.00242865 0.00281287
501.033 393.878 0.0635086 -0.0216791 0.00969751
310.007 49.8521 0.00332793 0.00666529 0.0414147
825.411 354.189 0.00540273 -0.000658882 0.0508526
254.378 433.031 0.00492284 0.000696791 0.0492659
253.485 437.526 0.00407571 0.00091421 0.00392093
582.037 495.622 0.0497899 -0.00099051 0.00698668
862.038 559.135 0.00470425 0.0040958 0.0472541
875.893 372.359 0.000637008 0.000146405 0.00484707
345.394 501.615 0.00536162 -0.0038755 0.0114044
38.1232 507.819 0.0475016 -0.00571816 0.00283095
385.092 42.8459 9.06085e-005 0.000366264 0.00228927
888 399.569 0.000416052 0.000191423 0.00092169
423.716 398.608 0.0210803 -0.00535399 0.0208498
807.942 516.407 0.049301 0.00429114 0.00591232
177.841 423.817 0.0253287 0.00225931 0.0141059
177.47 423.621 0.0125987 0.000919006 0.0109072
177.333 423.656 0.00832848 0.000257003 0.00883392
637.206 376.956 0.012519 0.00828115 0.00950045
548.804 1.30435 0.00253645 0.00965364 0.129267
921.421 531.316 0.0311543 0.0210241 0.0240476
926.523 523.833 0.0162776 0.0110977 0.00854303
923.263 382.87 0.0211671 -0.00518305 0.00256947
728.802 517.349 0.00141578 -0.001958 0.0268174
730.393 517.388 0.00102226 -0.00123912 0.0208137
304.062 545.22 0.000359576 -0.000154019 0.000212886
306.349 544.856 0.000270692 -0.000117691 0.000206264
308.537 536.793 0.000215218 -2.96965e-005 9.97191e-005
499.988 571.64 0.0766939 -0.0186628 0.00705605
931.654 351.09 0.0204228 -0.00482432 0.0135325
854.019 411.596 0.0297527 -0.0186597 0.0179665
856.762 413.1 0.00688078 -0.00486326 0.00749972
972.017 45.8879 0.00484182 0.00260591 0.00962985
972.132 46.3903 0.00414091 0.00202219 0.00617341
974.139 40.8176 0.00296251 0.000848397 0.00101172
178.068 108.295 0.00386385 0.00178745 0.0681863
994.403 316.194 0.00757147 0.00223741 0.0208074
246.464 113.811 0.0125357 -0.00149663 0.00181216
228.483 93.9783 0.00315437 0.00987129 0.0439528
249.575 495.475 0.0116972 0.00607799 0.0308411
900.616 433.268 0.000610079 -0.000121251 0.000766694
901.918 433.066 0.000448731 -3.12006e-005 0.000649231
902.345 454.185 0.000412886 -1.65068e-005 9.43804e-005
991.071 256.734 0.0024435 0.000115443 0.00213146
552.886 10.2544 0.00410558 0.0119419 0.07375
851.764 451.047 0.0105192 0.00430984 0.0192415
898.321 486.305 0.00457356 -0.00182432 0.00105629
852.796 432.657 0.0072117 -0.000557776 0.0029588
854.789 433.74 0.00290581 -0.00100393 0.00260418
347.763 480.625 0.0120141 -0.00869041 0.0112791
348.017 480.792 0.00837904 -0.00560036 0.00752952
349.39 483.143 0.00567609 -0.00396684 0.00442122
670.266 506.457 0.015784 -0.00697445 0.0180819
971.392 419.095 0.0207596 0.0205208 0.0395552
506.136 560.407 0.000334567 -0.000208487 0.000272542
331.091 451.462 0.00126285 -0.00286578 0.0150277
331.05 451.429 0.000931397 -0.00181997 0.0112329
330.974 451.489 0.000725493 -0.00108482 0.00771075
330.697 451.472 0.00062349 -0.000778466 0.00601538
874.231 464.157 0.0342318 -0.0121226 0.00723639
132.814 516.443 0.0449696 -0.00599349 0.0109826
41.6667 535.218 0.0816827 -0.00972741 0.00212332
670.872 515.298 0.00247495 1.84005e-005 0.0226842
670.893 512.647 0.00279971 -0.000280877 0.00307096
904.877 462.454 0.00409418 -0.00334629 0.00587057
263.712 525.218 0.0235791 0.00195309 0.00104761
864.13 493.911 0.0024451 -0.00147582 0.00173479
313.481 491.717 0.00297225 -0.000650566 0.00706621
935.915 523.573 0.0217192 0.00455103 0.0161887
976.587 32.3054 0.00412098 0.00266065 0.00789414
848.211 477.056 0.0498477 -0.0103971 0.00758911
410.5 518.762 0.0199767 -0.00392895 0.0174268
954.5 8.60465 0.0302118 -0.00253246 0.00268784
949.769 7.08498 0.00258373 -0.00161022 0.00343602
834.36 392.709 0.00686538 0.021486 0.107536
527.944 453.875 0.00692719 -0.00395303 0.0185086
531.313 454.41 0.00208466 -0.00212494 0.0127228
462.839 466.196 0.0279338 0.00428413 0.00162644
847.233 494.386 0.00864925 -0.00126544 0.00402875
834.694 437.774 0.0217901 0.00190269 0.00438036
836.273 437.75 0.00597937 0.000600719 0.00427383
836.821 437.173 0.00492502 0.000677019 0.00346308
882.688 444.35 0.0316874 -0.029783 0.0304239
264.391 365.413 0.0076712 0.00235822 0.0368951
264.357 365.286 0.00553499 0.0013491 0.0220282
161.581 440.014 0.030497 -0.000270858 0.014075
824.143 440.971 0.026527 0.0116569 0.00905233
481.12 537.417 0.0156397 -0.00114429 0.000579782
991.177 411.629 0.00529265 0.0139373 0.0612058
982.602 414.463 0.00286893 0.00672546 0.0198522
222.67 273.543 0.0069755 0.00289845 0.0389461
886.96 547.994 0.0046869 0.000544735 0.00445904
881.812 547.825 0.00128998 -5.3968e-005 0.00531818
457.438 363.578 0.0018084 -0.000874047 0.00506498
233.023 376.432 0.00908874 0.000268028 0.0333565
163.356 393.611 0.00994629 0.00654108 0.0106191
398.186 413.2 0.00877882 -0.0121719 0.0261745
624.519 485.558 0.00949339 -0.00304312 0.0206533
318.52 530.847 0.0267046 -0.000876135 0.008651
318.244 530.942 0.0120674 0.000147253 0.00638256
904.423 552.227 0.00372268 -0.00023806 0.00698523
258.628 414.936 0.00641502 0.00674976 0.0614622
561.696 498.304 0.0168016 -0.0210082 0.0380608
393.194 541.681 0.01847 -0.00445129 0.00633806
661.433 467.011 0.018254 0.000827114 0.0122131
523.038 498.808 0.015826 -0.0215812 0.0405821
