1.0
684
11.9643 431.821 0.0102267 -0.00208106 0.00441035
182.295 428.987 0.0280921 -0.0460596 0.0863525
127.354 397.28 0.0255001 -0.0402508 0.0741038
72.6935 437 0.00574281 0.00247627 0.0053797
269.856 445.314 0.0246441 0.0335755 0.051216
274.174 446.403 0.000815877 0.000313773 0.00470167
273.617 448.796 0.00032457 0.000656151 0.00334086
276.131 450.21 0.000327276 0.000454983 0.00153738
166.542 443.538 0.000323502 -2.58001e-005 0.000399882
93.6 44.2238 0.00197719 -0.00416956 0.0122528
216.988 478.963 0.00569947 0.00811025 0.0208721
218.323 479.649 0.00225218 0.00220628 0.00924747
6.46907 377.294 0.0027182 0.00125889 0.00598653
253.167 455.813 0.00879086 0.00969466 0.0291742
86.2029 356.634 0.0024788 -0.00184774 0.00344559
165.389 398.589 0.016303 0.0109294 0.0182538
357.926 216.407 0.00271 -0.000330235 0.00946664
214.786 458.693 0.00667343 -0.00401174 0.0055308
12.5476 81.119 0.00979788 -0.0108847 0.0356547
310.492 105.852 0.00572358 0.00195239 0.00490516
297.292 361.734 0.0144467 -0.0030274 0.00592166
139.92 386.33 0.00774116 0.00498332 0.00677012
141.879 384.418 0.00379347 0.00317429 0.00488878
46.7364 466.355 0.0103617 -0.000466194 0.00917739
199.245 86.4193 0.00174983 -0.00153337 0.00658085
120.414 116.529 0.00964447 -0.0189747 0.0794893
178.732 418.661 0.0078933 -0.00722546 0.0219502
117.568 433.773 0.0111636 0.0158218 0.0402354
265.575 234.179 0.00688009 0.00826473 0.0358143
271.5 232.987 0.00155843 0.00281222 0.013416
92.5943 242.745 0.0104927 0.00605015 0.021469
248.238 4.98462 0.00270744 8.19617e-005 0.00780521
226.612 131.145 0.00847906 -0.00107817 0.00416227
221.289 129.512 0.00227815 -0.000741074 0.00181207
255.694 170.743 0.00828552 0.00210295 0.0032667
114.382 462.618 0.0140767 0.00165918 0.0064267
118.788 379.545 0.00959074 0.00341734 0.0140138
179.687 19.7088 0.00311602 5.34593e-005 0.0102189
660.071 214.929 0.00216731 0.00518352 0.0760888
656.627 215.246 0.000410785 0.00181112 0.0199776
656.624 215.424 0.000308681 0.00107986 0.0134264
658.279 213.318 0.00014779 -4.67812e-006 0.000689589
76.7955 235.102 0.0193548 -0.0106782 0.00935384
329.19 478.964 0.000748576 -0.000150488 0.0584331
322.977 479.516 0.000415756 1.07976e-005 0.0101376
741.708 511 0.00039854 -0.00227988 0.145395
751.712 503.019 0.00884786 0.007296 0.0164559
750.671 502.424 0.00474275 0.00149742 0.00908339
745.107 501.7 0.000441036 -6.62602e-005 0.00471461
740.944 502.841 0.000247091 1.94559e-005 0.0018818
76.3667 247.953 0.0104323 0.000481452 0.00629869
746.425 350.915 0.00802821 -0.00150587 0.00570138
4.43077 331.085 0.00879126 0.000459915 0.00320235
220.967 399.125 0.000293818 0.000118967 0.00694903
60.28 421.32 0.00415532 0.00248943 0.0205991
65.4559 419.8 0.00126785 -0.000310363 0.00495384
275.684 5.31633 0.00431211 -0.00702304 0.0456828
275.288 4.61864 0.00274119 -0.000111631 0.0111421
761.804 25.8261 0.0123821 -0.000837996 0.00957841
281.5 484.038 0.0022221 0.00292065 0.0048826
297.023 484.632 0.000161981 0.000310833 0.00206198
270.493 472.7 4.10595e-005 3.07811e-005 0.000151737
338.74 101.4 0.0171404 -0.00584891 0.0113335
757.553 227.954 0.00313984 -0.000290069 0.00115135
328.539 413.735 0.00789725 0.00503213 0.0278344
97.55 115.767 0.0045595 0.00947664 0.0402183
8.90385 140.923 0.00300105 0.00440431 0.0701572
752.578 56.3 0.00161569 -9.99242e-005 0.000367979
175.659 97.8409 0.0145654 -0.0071216 0.0175447
605.375 134.5 0.00487706 0.00288548 0.00384392
240.96 159.1 0.00660395 -0.00255358 0.0117571
338.453 179.244 0.00300045 -0.00266874 0.0586336
631.878 66.2778 0.00184185 0.00883441 0.131581
279.389 115.653 0.0185485 -0.00291566 0.00350438
369.433 151.894 0.000548689 0.000908548 0.00515734
632.087 500.413 0.0118113 0.0166439 0.0355597
629.738 500.538 0.00234071 0.00575535 0.0239666
625.007 504.313 0.00157556 0.00185214 0.00492361
621.062 504.079 0.000432532 0.000648084 0.00416131
290.792 200.917 0.00169278 -0.00634547 0.0351989
90.0972 507.556 0.00992012 -0.00246488 0.00885757
94.9898 507.997 0.00138913 -0.00194711 0.0110739
373.973 2.99451 0.00207673 0.0026254 0.0218856
24.7967 106.434 0.00398058 -0.00174479 0.0129387
399.221 130.723 0.000963118 1.31615e-005 0.00230697
237.379 141.083 0.00332622 0.00126241 0.00274369
326.327 162.865 0.0202193 0.0201489 0.026816
421.923 186.635 0.00525143 0.00627957 0.0345044
363.132 320.57 0.00365759 0.00322456 0.0174152
359.103 320.69 0.00140904 0.00166156 0.0174675
359.412 320.283 0.000278922 0.000237114 0.00832848
2.74528 349.009 0.0182347 -0.00140346 0.00774646
656.598 432.53 0.00819958 0.0014611 0.00227455
675.976 498.607 0.00306757 -0.00296042 0.0163696
440.387 67.9151 0.00156579 -0.000497976 0.0542095
520.36 220.244 0.0101485 0.00100243 0.0136881
519.757 217.36 0.00314903 -2.41208e-005 0.00597903
595.967 226.633 0.0382253 0.0234451 0.0187271
184.012 217.671 0.0532825 0.00631615 0.00386149
298.808 235.085 0.0335102 -0.0168948 0.0114849
298.042 235.061 0.0188367 -0.00922226 0.00698716
173.04 503.58 0.00609241 0.0095804 0.0194311
448.413 17.3696 0.000931437 0.00122963 0.0104545
595.594 105.967 6.81805e-005 -8.31028e-006 0.00158997
182.5 154.056 0.00780428 -0.00387373 0.0153245
759.992 277.77 0.00737738 0.000569193 0.000932275
672.411 431.256 0.00351277 0.000116557 0.00108617
417.668 494.475 0.00323055 0.010628 0.042322
415.947 495.24 0.00112992 0.00307545 0.0128019
338.415 131.703 0.0130108 -0.00146043 0.00273456
331.174 147.022 0.00856374 0.013158 0.0451495
379.756 431.064 0.000223537 0.000216875 0.00175289
569.886 283.36 0.0117381 0.00968546 0.0145692
568.353 283.588 0.00436668 0.00494649 0.012323
566.146 283.592 0.00271639 0.00185682 0.00379327
664.918 374.755 0.00589652 0.00143897 0.0231131
201.111 410.5 0.0370678 0.00184039 0.00373412
694.383 223.183 0.030731 -0.0124754 0.0078588
403.698 325.068 0.00137586 0.00389385 0.0567821
528.582 405.006 0.00191557 0.00182358 0.0103
528.453 405.266 0.00178893 0.00150198 0.00624972
527.57 404.195 0.00174806 0.000571923 0.00339579
691.185 493.315 0.0137314 -0.0122084 0.0234172
689.794 492.17 0.00544487 -0.00307618 0.00780324
266.881 220.228 0.00329614 0.000894757 0.00310599
686.795 259.136 0.000651177 0.000647139 0.0302613
595.787 416.416 0.000905195 -0.00350101 0.0161657
631.138 456.466 0.0104524 -0.00386979 0.0128766
373.553 501.402 0.00526308 -0.0116422 0.0295292
369.934 501.476 0.000657047 -0.00152834 0.00627482
736.952 84.8973 0.00316115 0.00366197 0.0314707
381.538 332.128 0.00137609 -0.000622317 0.0375755
616.022 450.065 0.00481655 -0.00744083 0.0460761
416.441 505.647 0.0055951 -0.000817119 0.0494255
390.559 58.4804 0.00649835 -0.000364703 0.0178048
454.786 76.0204 0.00215553 -0.00659463 0.0329194
305.5 156.619 0.0123043 -0.00712382 0.0298838
590.91 174.271 0.00945512 0.000686472 0.0013939
610.143 207.833 0.0137554 -0.00596582 0.00830846
610.16 204.479 0.004971 0.000503184 0.00122928
377.682 466.335 0.0016128 -9.06054e-005 0.00247054
475.713 4.7459 0.00799348 0.00463761 0.0165848
669.061 121.447 0.00111915 0.00103356 0.014731
671.948 120.66 0.000215346 0.000172667 0.000904502
447.619 240.287 0.00209779 0.00255107 0.00469651
224.62 258.989 0.0058213 -0.00113361 0.00299497
225.932 256.562 0.000929475 -4.03576e-005 0.00110845
443.526 500.632 0.0146463 0.0308409 0.0827314
445.44 499.755 0.00308592 0.00321714 0.00437721
424.993 137.216 0.00448162 0.00693413 0.0183814
489.987 489.269 0.0107162 0.0194866 0.056784
484.859 490.205 0.00228515 0.00671827 0.0356456
579.344 117.144 0.0155807 -0.0142963 0.0218506
757.343 156.382 0.0117344 0.0161089 0.0324117
753.514 162.73 0.00148305 0.000546666 0.00161469
500.627 186.3 0.00746291 0.0168269 0.0461369
660.557 245.071 0.000821591 -0.00038119 0.0570126
662.19 244.894 0.000805415 -0.000819065 0.0134813
456.549 455.11 0.00405489 -0.0178114 0.128314
465.994 457.683 0.000128586 -0.000628724 0.0127337
465.461 457.555 0.000139463 -0.00070208 0.0090761
466.986 458.061 0.000131352 -0.000523787 0.0057044
445.635 480.095 0.00558163 -0.00671488 0.0393273
354.756 18.7093 0.0117907 0.00541031 0.0243857
388 26.4236 0.000832864 0.00189063 0.0204742
755.057 107.13 0.00157499 -0.000945458 0.00244171
525.194 126.112 0.0164203 0.0130537 0.0149639
542.942 399 0.0101672 -0.015955 0.0405632
675.096 509.67 0.00726549 0.00294984 0.0336365
552.556 62.3611 0.0161871 -0.0023035 0.0244421
363.045 110.591 0.0153546 0.00140136 0.0156381
510.992 153.115 0.00288853 0.000693085 0.00499512
216.538 233.013 0.0137643 -0.00462832 0.00610393
234.235 283.337 0.0060725 -0.0147526 0.0553744
373.23 91.5398 0.000952537 -0.000308855 0.0016737
526.602 104.765 0.0357743 -0.00091831 0.00211026
573.139 183.042 0.012014 0.00412426 0.00641651
711.114 220.614 0.00499976 0.00359016 0.00946862
637.978 242.739 0.00857585 0.0182115 0.0625916
434.768 248.768 0.0153896 -0.00574205 0.0117953
452.031 252.724 0.00281864 -0.00600854 0.0466057
654.258 260.903 0.00946832 0.00351393 0.00549744
500.767 270.567 0.00488598 0.000850175 0.0292779
499.852 270.375 0.00217972 0.00164368 0.0171834
398.214 488.5 0.0217037 0.00261119 0.00666679
398.073 486.59 0.0118752 -0.0014833 0.00320067
463.063 501.813 0.00917484 0.0118593 0.0228232
466.756 502.938 0.000892937 0.000900818 0.00653541
710.133 55.9694 0.0111093 0.00680979 0.0159401
600.465 112.588 0.00100599 0.00153338 0.0201221
424.471 145.941 0.0081715 0.0256207 0.109354
245.277 228.713 0.00289202 -0.0015934 0.0103297
337.363 458.848 0.000677187 -0.0011464 0.0215964
702.838 509.676 0.00299268 -0.00410301 0.0236682
394.352 196.025 0.00533216 -0.00256135 0.0150289
564.077 485.912 0.000316139 0.000552764 0.00153666
619.663 510.48 0.00310242 -0.00572105 0.070525
506.844 62.2527 0.00402881 0.000824403 0.00952767
491.183 114.573 0.00634759 0.00562749 0.0522702
327.514 287.415 0.00304078 -0.00743681 0.0467417
333.651 292.186 0.001687 -0.00172339 0.004113
546.369 332.238 0.00995148 -0.00111407 0.00518624
545.767 332.959 0.0062171 -0.000473513 0.00341002
489.085 404.715 0.0178142 0.0026943 0.00654049
488.448 404.94 0.00457764 0.000849453 0.00396491
416.963 472 0.00239242 0.00229019 0.0072523
715.048 471.619 0.0130439 0.00804764 0.0173528
170.524 489.711 0.00396395 0.00157252 0.00374934
599.646 504.583 0.00268258 0.00583919 0.0598306
759.673 89.3673 0.00536121 -0.00104706 0.00531104
734.52 153.194 0.0109285 0.00249759 0.00276693
610.739 164.543 0.014556 0.0138886 0.017337
359.636 195.758 0.0102966 -0.0023453 0.0108954
339.403 373.597 0.00639954 -0.00499325 0.00732949
345.327 376.394 0.000826367 -0.000820866 0.00353563
301.706 214.214 0.0120757 0.00944696 0.0154905
341.135 248.731 0.0151969 -0.00257319 0.0113577
263.777 266.138 0.00402133 -0.0012936 0.0284543
263.713 265.992 0.0035706 -0.00127049 0.0228352
507.519 421.712 0.00778176 0.0190765 0.06577
508.228 421.967 0.00335472 0.00659871 0.0200559
510.972 116.194 0.00234226 0.00681642 0.0847929
448.951 166.027 0.000190204 3.66737e-005 0.00269962
208.351 332.011 0.022352 0.0161948 0.0193505
430.422 375.127 0.00496015 0.00397477 0.0311036
480.085 382.179 0.0166677 0.00921352 0.0113199
479.306 382.796 0.00891216 0.00293303 0.00427862
477.704 389.764 0.000438711 4.58742e-005 0.000802609
758.29 395.97 0.00289942 -0.000528701 0.00900915
513.257 491.473 0.0164487 0.014982 0.0346581
445.891 5.70313 0.000990884 -0.000504058 0.0170144
428.986 152.149 0.00308294 -0.000851 0.0418897
420.794 252.147 0.00804108 0.0174802 0.0680996
452.967 427.983 0.000959031 -0.000247824 0.0670483
454.836 428.482 0.000606308 3.22236e-005 0.032259
454.967 428.967 0.000679638 5.51863e-005 0.0206687
229.953 455.292 0.018032 -0.0112973 0.0135841
678.7 465 0.0107821 0.00589166 0.0300051
184.167 509.327 0.00328647 0.00575822 0.0267706
435.026 204.711 0.0127913 -0.013988 0.0391702
682.429 223.714 0.00915949 -0.0108599 0.0431977
368.538 242.887 0.00248073 0.00187527 0.00302983
334.808 277.449 0.0255414 -0.000688783 0.0142607
386.575 285.679 0.0123154 0.00913822 0.00852443
209.167 293.692 0.00140045 0.00106747 0.0300727
466.739 297.217 0.0308287 0.0100615 0.00716283
466.713 295.65 0.0101868 0.00254892 0.00392539
474.804 293.544 0.000560718 0.000215194 0.00298178
615.844 50.3556 0.00276913 0.00649675 0.0231802
723.325 227.956 0.00387829 0.00785868 0.0267561
591.819 245.75 0.00010917 -7.89694e-005 0.000429016
218.095 278.446 0.00655372 -0.0010476 0.0515847
240.619 310.263 0.000412185 -0.000367042 0.00104365
251.522 351.967 0.0251008 0.0178294 0.0184641
246.54 351.725 0.00173791 0.000747002 0.00395599
484.69 353.276 0.00525488 0.00217739 0.0249216
731.465 479.171 0.00388308 0.00263129 0.00607126
288.5 262.915 0.00729274 0.00525657 0.0407296
230.346 382.673 0.00145267 0.00465826 0.0802306
489.854 159.625 0.012805 -0.0117778 0.0196242
477.181 227.597 0.00394797 -0.00561575 0.0282292
408.162 204.059 0.00117346 0.00242248 0.0191946
444.527 368.041 0.0034926 0.00577067 0.0669559
618.031 473.281 0.00447539 0.00121266 0.0171162
448.75 209.344 0.00225045 -0.00155996 0.0814497
169.966 273.466 0.00523754 -0.00143645 0.0211362
385.158 397.526 0.0057007 0.0121412 0.0390421
645.958 485.986 0.00515813 -0.00964881 0.0259164
476.969 192.219 0.00252693 0.00938429 0.187111
315.713 303.074 0.00595017 0.0156708 0.0654676
320.763 436.421 0.00196938 0.00209594 0.121399
518.732 36.3696 0.0159363 -0.0106731 0.00977846
237.225 296.304 0.00531106 0.00195848 0.0186005
373.312 364.384 0.0109375 0.0235481 0.0573043
464.107 396.25 0.000864285 -0.000984453 0.113421
623.746 240.811 0.00581337 0.00215512 0.0151227
380.193 257.376 0.00195647 0.00379557 0.0110221
392.5 300.667 0.0274554 0.0201439 0.0270078
235.988 333.174 0.0263056 -0.00333482 0.0107982
422.531 358.605 0.00138221 0.0003947 0.00414862
489.864 367.744 0.000740209 0.00126198 0.0137164
722.12 443.4 0.018916 0.0032829 0.00933143
294.526 502.105 0.00304475 -0.00480777 0.038741
540.15 174 0.00986022 -0.00962505 0.0157839
415.632 229.409 0.00133621 -0.00452466 0.0290194
390.543 376.8 0.00481884 0.0246954 0.139794
270.808 282.883 0.00366762 0.000700619 0.00539873
505.597 389.028 0.00879193 0.000291011 0.010146
316.104 369.583 0.0136878 -0.0024958 0.0162723
537.533 4.44309 0.001279 -0.000653888 0.0183441
544.47 433.328 0.00151371 -0.000725737 0.0227396
556.584 263.706 0.00267616 -0.00274209 0.014786
732.886 417.682 0.0171916 0.00324611 0.0126631
367.989 302.457 0.0197216 0.00445296 0.00996583
527.386 337.414 0.00805159 0.00654103 0.0493638
516.045 243.348 0.000540419 0.000911386 0.0051157
396.33 360.123 0.00590438 -0.00542086 0.0098853
433.7 294.367 0.0148183 -0.00658158 0.0103061
475.325 247.623 0.00370953 0.00819635 0.0321973
360.845 350.448 0.00378816 0.0028595 0.0270421
449 339.068 0.0140797 -0.00165499 0.0115365
721.009 455.708 0.020735 0.0110071 0.0112106
693.595 200.286 0.0163219 0.000667836 0.0150642
477.578 318.651 0.00197174 0.00446685 0.0117983
398.433 347.26 0.00348978 0.0042037 0.016443
742.653 447.288 0.00442598 -0.000451386 0.00715422
466.449 472.665 0.00197834 -0.00119931 0.031694
204.024 509.571 0.00592621 -0.00703437 0.0456973
554.958 423.856 0.00570226 0.000881665 0.0181732
408.063 405.458 0.00856295 -0.00518933 0.0216729
690.381 507.238 0.0284687 0.00734875 0.0107766
471.192 347.372 0.00407269 0.00343556 0.00800434
518.417 279.861 0.00827967 -9.95552e-006 0.0324649
502.096 325.968 0.0114481 0.000663543 0.0153684
496.614 327.026 0.00186347 0.00212492 0.0126319
490.632 389.342 0.00805307 0.00495558 0.0368721
580.06 506.62 0.0119651 -0.00611015 0.0145484
744.91 460.038 0.010905 -0.00399583 0.023046
459.975 403.525 0.0121764 0.00695932 0.0254721
416.85 304.425 0.0152183 -0.00047408 0.0154366
590.528 482.222 0.00698902 -0.00153575 0.0536269
763.528 451.083 0.0703752 8.92925e-005 0.00489408
592.803 498.38 0.00247952 0.000139551 0.00626315
511.032 225.895 0.000154582 -9.95926e-005 0.00792041
509.471 225.783 0.000117195 -4.92925e-005 0.00474061
490.458 224.333 0.00437803 -0.00433454 0.0340928
722.747 493.017 0.00330283 -0.00192104 0.0153933
476.09 256.577 0.0153299 0.0241946 0.0544333
755.468 467.205 0.00233146 -0.000224144 0.00112474
745.994 474.251 0.000622977 0.000455074 0.000649418
741.517 466.879 0.000293627 0.000133241 0.000237572
739.649 463.435 0.000263098 0.000113628 0.000186673
737.919 457.134 0.000236419 8.19592e-005 0.00012218
465.517 307.509 0.0031781 0.00429734 0.00925235
464.04 309.243 0.00227679 0.00286102 0.00614904
509.167 298.759 0.00122037 -0.00142815 0.0132109
482.653 316.783 4.28558e-005 -4.87921e-006 0.000464212
491.008 319.992 0.00560508 0.00502778 0.0245875
493.87 319.196 0.0009552 0.00107885 0.0097732
542.716 302.662 0.0108728 0.0154805 0.0477038
523.865 277.468 0.000531072 0.000532328 0.00306619
66.0385 352.295 0.017513 0.00457712 0.0226514
65.9746 351.568 0.011843 0.00272872 0.014355
65.2043 349.857 0.005294 -0.00136022 0.00734145
468.906 334.114 0.00205034 0.00651158 0.039788
442.038 201.026 0.00371612 -0.00241846 0.0125549
508.87 251.463 0.00238405 0.00183409 0.0350179
538.372 319.295 0.00803716 0.00328828 0.0298178
504.737 317.132 0.0300737 0.00191503 0.00918653
453.653 299.246 0.00413464 0.00208527 0.0252951
452.378 297.921 0.00228842 0.000111052 0.00581725
600.654 435.654 0.0101524 0.00496134 0.0182703
420.588 267.25 0.000633364 0.000245924 0.00317631
424.916 265.758 0.000183283 9.80488e-006 0.0019903
422.182 268.746 0.000130375 1.94323e-005 0.000815915
570 270.789 0.0075574 0.00158069 0.0435262
445.889 372.972 0.0124721 0.0109267 0.0277221
531.31 277.595 0.00505564 0.00906435 0.0656689
755.161 425.875 0.0154117 0.0063669 0.00825919
510.81 285.405 0.00461324 0.00332944 0.0312114
692.129 505.433 0.00228753 0.00162165 0.00554428
704.653 506.234 0.000237729 -0.000288483 0.00625911
578.53 250.104 0.00349633 -0.000244689 0.00802207
575.085 254.093 0.00286256 0.00213654 0.0034891
506.423 404.83 0.00338072 0.00335903 0.0154982
498.069 411.87 0.00133375 0.00135262 0.00274692
33.161 439.432 0.0114505 -0.00793884 0.019129
31.4018 440.143 0.00421062 -0.00170523 0.00974566
28.5 435.455 0.00300654 -0.000784101 0.00100568
29.0378 443.253 0.00224442 -0.00027633 0.000388582
645.1 490.05 0.0110063 -0.00809855 0.0203904
722.167 478.222 0.0451289 0.0330732 0.0288656
422.909 292.614 0.00572554 0.00576722 0.026947
445 329 0.00790565 0.00513313 0.0104722
598.224 460.655 0.00230636 -0.000209348 0.0439921
599.098 460.688 0.00155045 -0.000136165 0.0161325
411.758 219.789 0.00035029 -7.54967e-005 0.00225095
475.906 283.539 0.00165885 -0.0039188 0.0198751
552.56 308.44 0.00964803 -0.000494799 0.00759221
428.74 337.918 0.00305561 0.00127332 0.00294457
446.803 131.076 0.00581435 0.00991276 0.0729301
445.724 130.38 0.00131588 -0.00117205 0.00885945
520.615 344.596 0.00628123 0.00375168 0.0187506
509.745 344.87 0.000626228 0.00130933 0.013595
508.146 346.46 0.000742056 0.000769117 0.00494439
520.048 323.315 0.00463181 0.000820426 0.00299043
492.389 384.528 0.0028301 0.00734848 0.0420463
500.041 394.095 0.000562858 -0.000865021 0.0261056
3.31132 363.387 0.0197554 0.00684969 0.0108743
3.91026 363.808 0.0132522 0.00364576 0.00681266
11.4148 359.648 0.00266372 0.00278851 0.00401376
570.372 419.859 0.00652503 -0.00254155 0.0377966
706.286 468.696 0.00734354 0.00197883 0.00566891
509.982 130.102 0.00316357 0.00354517 0.0128739
689.279 8.98529 0.0113214 -0.00814927 0.0131104
671.563 19.7188 0.00296835 0.000455412 0.00702715
531.104 246.448 0.00543127 0.00375575 0.00709238
522.053 293.237 0.0185246 -0.001003 0.0197581
761.317 493.779 0.012317 0.000161694 0.0023922
338.596 59.7885 0.072676 0.000722046 0.00240923
337.767 59.814 0.0222142 0.0001051 0.00226681
337.783 58.3355 0.0105595 0.00120969 0.00170017
337.964 56.0105 0.00647406 0.000910068 0.00103314
449.331 264.108 0.00245629 -0.00448653 0.0110966
353.17 139.01 0.00312517 0.00149993 0.0126628
354.201 138.761 0.00181556 0.000493496 0.0109008
362.425 137.243 0.000514723 0.000956538 0.00625022
567.914 433.707 0.00443757 -0.00250294 0.0276133
608.355 490.558 0.000193811 0.000108024 0.000980491
600.728 493.159 0.000154346 0.000206807 0.000894975
537.008 414.563 0.00123251 -0.00152997 0.00867638
608.417 231.95 0.00326355 0.00346989 0.0207464
613.646 231.322 0.00126416 -0.000239953 0.00551839
447.182 60.3077 0.0011824 -0.000928614 0.00630782
425.365 235.878 0.0180792 -0.00779028 0.023329
535.554 353.339 0.00231034 0.000628758 0.00336197
464.971 190.647 0.0236897 0.0121612 0.0219723
425.147 205.824 0.012393 0.00172635 0.0367058
577.583 220.367 0.00257479 -0.00174515 0.0411048
576.04 219.768 0.000583984 0.000263772 0.0017521
711.737 393.758 0.0189985 0.0102101 0.00762119
457.94 400.069 8.86518e-005 -7.03944e-005 0.000376086
503.293 444.821 0.000162307 -0.000185935 0.00284873
496.351 128.968 0.00941305 0.00157289 0.0107682
494.135 130.906 0.00551212 0.00292146 0.00591788
498.236 131.324 0.000750719 0.000878869 0.00406418
535 372.553 0.0294116 0.0140802 0.0126624
548.539 384.971 0.00630831 0.00491412 0.0233886
549.193 384.993 0.00419163 0.00288915 0.0196803
549.495 380.954 0.00328991 0.000331273 0.00222818
599.754 488.96 0.00833591 -0.0131015 0.03451
637.428 507.768 0.00451286 -0.00340083 0.0132153
571.623 289.307 0.0120874 0.0112015 0.0180646
388.676 340.363 0.0102236 0.000862149 0.00392565
404.352 352.27 0.0012376 0.000423718 0.0178883
755.078 401.878 0.00857408 0.00111354 0.0176868
484.198 184.462 0.0336921 0.00486478 0.00470138
487.179 183.378 0.00394691 0.000457772 0.00319613
488.635 182.25 0.00298529 0.000921842 0.00310368
450.093 347.222 0.00285429 0.000730084 0.0111683
94.1053 135 0.0171221 -0.00194788 0.0202356
92.4155 133.937 0.00835197 -0.00588165 0.01548
90.0684 133.153 0.00400644 -0.000495416 0.00279309
88.2396 135.711 0.00223542 9.5784e-005 0.00146181
166.189 142.284 0.00379712 0.00410204 0.0152703
168.418 147.253 0.00176595 0.000254158 0.00223469
511.99 244.153 0.00320591 -0.00206065 0.0420572
546.549 257.123 0.00348164 -0.00262379 0.0147963
244.3 335.211 0.00604635 0.00251145 0.0102345
371.425 370.358 0.00332226 0.00640875 0.0199107
381.625 370.537 0.000552692 0.000735135 0.00452704
506.107 32 0.00347477 -0.00207619 0.0109448
634.105 451.058 0.00640453 -0.00190107 0.0236949
712.743 39.473 0.00696065 0.00564586 0.0241675
565.573 402.841 0.00918332 -0.00574804 0.0338745
206.609 440.855 0.0159008 0.00115926 0.00106888
202.524 442.424 0.00192192 0.000776105 0.00138573
205.895 442.726 0.000686684 -8.9027e-005 0.000763811
553.922 507.859 0.00355769 0.00525868 0.0196049
561.958 507.863 0.000792202 0.000425899 0.00991301
730.814 391.422 0.0345484 0.00431873 0.00609362
731.308 391.788 0.0163683 0.000449452 0.00523832
730.027 391.385 0.00524264 0.000913375 0.00445433
480.607 427.393 0.00561058 -0.00633982 0.027276
514.483 100.364 0.00581041 -0.00337009 0.0193623
511.668 100.54 0.00158641 -0.000256844 0.0175637
510.873 102.076 0.00107675 -0.000657289 0.00700583
501.249 493.123 0.00235152 0.00113987 0.00480557
504.041 491.516 0.00176543 0.00186609 0.00335332
153.908 71.8421 0.00743582 -0.00582588 0.0118561
151.472 81.941 0.00157239 -9.22957e-005 0.000898663
151.827 82.162 0.00134319 -9.96859e-005 0.000842749
417.5 125.198 0.0124 0.0042506 0.00882709
421.712 127.75 0.00350612 -0.000986186 0.0049197
381.14 325.632 0.00274201 0.00256213 0.0101997
455.477 362.198 0.0100047 0.00685001 0.0237974
383.3 124.986 0.0217661 0.00424364 0.0215307
532.38 125.64 0.0106926 0.00577276 0.00473397
402.823 302.269 0.00300078 0.0044942 0.0141044
523.162 421.965 0.00312848 -0.000590117 0.0214888
507.129 430.214 0.00948611 0.00835044 0.0353742
512.543 430.096 0.00175884 0.00188027 0.0275013
637.632 435.842 0.0748379 0.00446732 0.00503844
655.571 507.196 0.00341441 -0.00491411 0.0169454
319.75 273.208 0.0096248 -0.00264589 0.0113688
326.047 268.047 0.00162348 0.00035667 0.00141427
268.419 357.554 0.00379994 0.00268127 0.0252564
547.1 374.443 0.0165156 0.0142383 0.0323803
669.237 466.684 0.0240107 -0.00870192 0.0106488
618.042 27.7083 0.0102241 -0.00123853 0.0178057
517.773 367.843 0.00452675 -0.00327558 0.0111026
513.434 139.272 0.00337113 0.00203786 0.00480973
399.573 180.427 0.0119177 -0.00606303 0.0230733
348.86 190.023 0.00306001 0.00263818 0.0125531
318.191 389.391 0.0136904 -0.00494637 0.0126677
609.927 444.966 0.00164346 -0.00213869 0.0167107
177.516 507.566 0.00927689 0.0279887 0.0960375
673.111 114.907 0.00511172 -0.0031216 0.0311177
519.79 503.403 0.015612 0.0046054 0.00906867
519.308 506.1 0.000351978 0.000433545 0.0054243
194.077 23.8654 0.014914 0.0052155 0.0145995
373.592 134.1 0.00493065 0.0025732 0.0230656
495.704 475.567 0.000681198 0.000604755 0.00211102
589.684 106.368 0.00784494 0.00151131 0.0415892
592.806 105.554 0.00223158 0.00212458 0.0143031
365.172 227.303 0.0104566 0.00258913 0.00796264
139.946 267.577 0.00858021 3.54333e-005 0.0136312
137.797 271.424 0.00412471 0.00104802 0.00317264
348.791 245.023 0.00857418 -3.79811e-005 0.00607622
49.5079 268.587 0.00344802 -0.000810424 0.00508827
52.4387 262.774 0.00169602 5.91168e-005 0.00129414
45.3175 270.024 0.000806486 0.000392641 0.000713432
336.868 165.309 0.00733641 0.000154568 0.0108956
341.984 160.911 0.00130348 0.000288832 0.00126006
345.31 216.381 0.021188 -0.000446894 0.0136881
223.285 354.875 0.00207529 -0.00199212 0.00501591
391.77 491.318 0.00534192 0.000277968 0.00141082
358.729 46.6124 0.00259098 -0.000442109 0.00280016
242.591 318.106 0.00959661 -0.00366279 0.0109189
245.252 317.944 0.00302728 -0.0020362 0.0105861
427.968 444.018 0.00219411 -0.000247737 0.00755425
286.109 508.586 0.00118874 0.000405257 0.0148246
157.259 505.981 0.00822319 0.0170477 0.0415462
157.385 504.41 0.00212949 0.00314081 0.00941544
212.039 4.30263 0.00552052 -0.00441101 0.0112059
612.402 216.971 0.00845074 0.00449677 0.0221964
468.767 356.117 0.00787566 0.00613093 0.0200674
200.291 25.8159 0.00117251 0.000300457 0.000387723
307.397 227.449 0.0184551 -0.00987715 0.0171679
309.281 230.664 0.00144648 -0.000118756 0.00048622
71.5131 382.198 0.0030897 0.00173618 0.00272451
73.1595 382.354 0.00216349 0.00111508 0.00200697
685.192 471.09 0.0114342 -0.00184376 0.00586637
466.159 67.6463 0.0127448 0.00118353 0.014148
89.413 166.167 0.00519638 0.00270794 0.0218415
88.1899 163.614 0.00379638 -0.00103605 0.00506456
6.28049 275.427 0.0158129 -0.00749445 0.0213228
261.77 387.778 0.0012538 -0.00211635 0.0230756
141.383 425.314 0.00774311 0.00418145 0.00338248
139.959 426.07 0.00516317 0.00301557 0.00285146
662.427 418.256 0.0248212 -0.00513916 0.0133261
662.295 421.92 0.020688 0.00290931 0.00216926
646.36 476.658 0.00717362 -0.0104624 0.0284374
355.398 28.0932 0.00793941 -0.00355148 0.0192192
355.348 27.6413 0.00528725 -0.000930723 0.0112894
270.951 406.637 0.00426735 -0.00356829 0.0367893
1.9 428.725 0.0477633 -0.00196339 0.00721728
2.81298 434.645 0.020512 -0.000763325 0.0014585
3.37742 423.513 0.0121066 -0.000129912 0.000254789
546.068 95.651 0.00142806 0.00270665 0.0129905
159.542 396.373 0.00893975 0.00968149 0.0138988
324.752 306.895 0.00538077 0.00193106 0.0076287
207.238 30.2381 0.0200657 -0.00419181 0.0138953
725.664 50.0574 0.0233394 -0.00260314 0.00421213
447.59 148.987 0.000728963 0.000366126 0.00391717
405.346 503.923 0.00342467 0.00597156 0.0239716
396.793 133.052 0.00816918 0.00746736 0.0243228
17.3571 392.39 0.0105569 -0.00550851 0.00796841
678.412 416.059 0.0343127 0.0115534 0.0161581
674.1 484.9 0.0144214 -0.00173082 0.019512
676.279 487.422 0.00760854 -0.00505276 0.00968815
198.329 9.94286 0.0311673 -0.0151308 0.00986414
584.143 121.804 0.00121845 0.00108585 0.00681283
241.014 249.849 0.00143143 -0.000361311 0.00239695
637.367 265.891 0.00136218 0.000186898 0.00227518
199.167 371.568 0.00113363 -0.00155382 0.00420329
644.81 46.4381 0.00180978 0.00150503 0.0160893
452.646 86.7458 0.00245725 -0.000981463 0.00283005
695.857 103.967 0.00100389 0.000960539 0.00438536
161.171 256.303 0.00563908 0.0255666 0.129022
257.797 23.7162 0.0310764 0.00680146 0.0146762
191.779 115.616 0.00822788 -0.00762778 0.0433881
642.699 117.308 0.000828878 0.000806352 0.00360808
166.027 249.391 0.00356493 -0.00133438 0.0405035
164.458 249.969 0.00213631 0.00203801 0.0159008
250.917 407.104 0.0168696 0.0202047 0.0319415
382.988 101.198 0.0163942 0.00321199 0.0167556
709.809 131.619 0.000770562 0.000218797 0.00430665
596.387 262.116 0.00410101 -0.000216246 0.00281159
656.085 448.476 0.0212538 -0.00125326 0.0111962
753.987 30.5769 0.0302894 -0.00136511 0.00958229
753.187 29.8614 0.00387044 -0.00286275 0.0125326
727.5 145.479 0.012699 0.000760896 0.0176464
285.571 362.929 0.0115088 0.00850641 0.0186819
287.528 363.687 0.00407694 -0.000283568 0.00924159
299.921 84.4649 0.00822296 -0.00214134 0.0144368
290.719 86.0223 0.000487763 0.00036633 0.00896778
329.317 108.007 0.0252715 0.0167345 0.0143742
197.717 247.733 0.00949527 0.0356084 0.146752
678.589 60.2926 0.00106465 -0.00125643 0.00690029
307.434 131.877 0.000356824 -0.000204579 0.00114685
734.894 167.086 0.00213521 2.66563e-005 0.020072
299.601 174.743 0.000749598 0.000556498 0.0026124
559.144 209.589 0.0158628 0.00611708 0.0169017
685.439 220.52 0.00662326 -0.0083628 0.032903
670.212 434.615 0.018351 0.000890062 0.00405729
118.744 452.427 0.00656153 0.0168633 0.0809139
737.441 217.73 0.00632751 -0.00286442 0.00457578
321.879 294.924 0.01047 -0.00043188 0.00671836
495.047 167.726 0.00552165 0.00803901 0.0361146
284.223 211.904 0.0126821 -0.00908713 0.0193256
163.279 235.461 0.00455132 0.00529723 0.021826
758.752 342.326 0.00434287 -0.000516686 0.00836012
287.336 45.9273 0.00350266 -0.000980678 0.0107534
542.043 63.9565 0.00777236 0.00636733 0.0301629
618.436 92.3718 0.00341955 -0.00170632 0.0205709
165.475 485.35 0.03157 0.00559783 0.0120334
639.757 101.143 0.010199 -0.0053551 0.0123661
14.378 156.012 0.0128961 -0.0144197 0.0379019
324.732 202.239 0.00682686 -0.000588827 0.0137389
101.149 263.527 0.0293908 -0.0118564 0.0155862
101.171 260.841 0.0177731 -0.000585979 0.00197518
713.004 335.541 0.00388533 0.00302331 0.00768999
102.212 367.49 0.00599507 0.000426862 0.00572387
758.979 10.7066 0.00482072 0.000731333 0.00210842
603.929 76.5286 0.0116772 0.0119887 0.0205981
372.117 107.8 0.0152596 -0.000815099 0.00748992
405.191 140.607 0.00166827 0.00127526 0.00834334
232.696 238.652 0.0114633 0.0420247 0.17042
323.24 186.22 0.00633749 -0.00754515 0.0227953
112.114 359.966 0.00224545 0.00180755 0.00225918
343.94 150.04 0.00578784 -0.00958049 0.0457379
646.385 371.287 0.00116242 0.00135434 0.00214631
761.343 381.225 0.0128633 0.00430596 0.0128905
639.756 400.322 0.015628 0.00304797 0.00481535
351.92 71.77 0.0085544 0.00679083 0.011506
757 172.32 0.0100103 -0.00687794 0.0250779
288.725 69.85 0.0027215 -0.00433883 0.020621
207.892 101.623 0.00473255 0.000990053 0.00141709
361.891 149.674 0.00511128 -0.00170683 0.0316705
267.142 240.858 0.0136588 -0.000204257 0.00852713
736.182 360.114 0.00871336 0.00946141 0.0331716
431.897 94.8288 0.00856068 0.000332299 0.0114137
3.95238 171.738 0.021965 -0.0102607 0.0189732
3.84177 173.146 0.0150379 -0.000680673 0.00504523
688.682 341.494 0.00354318 0.00327237 0.00735694
691.396 364.979 0.0221834 0.0220537 0.0293142
67.2273 121.477 0.0230614 -0.00853805 0.0160935
256.009 222.245 0.0216888 0.00677032 0.00811233
269.993 229.109 0.00677559 0.0275828 0.12363
616.352 258.352 0.0178636 0.003086 0.00709784
62.1797 406.328 0.00442399 -0.000415733 0.00582407
754.014 162.851 0.0124273 0.00314464 0.0245098
68.2377 198.943 0.00217958 0.000350458 0.00293886
202.67 468.362 0.00147763 -0.00213579 0.0239919
300.183 36.3537 0.00887244 -0.0101601 0.0412456
685.318 361.991 0.0125997 0.00808252 0.0167851
692.282 359.216 0.00166735 0.00151298 0.00357584
244.378 440.817 0.0314539 0.00850434 0.00941159
760 58.9688 0.0081035 0.00283776 0.0147267
184.738 199.149 0.00426185 -0.00233222 0.0037359
118.173 56.7545 0.0211205 -0.00247857 0.00826614
759.977 328.864 0.0286859 0.00230075 0.00655251
722.859 340.769 0.013161 0.00480859 0.00587483
396.368 2.18421 0.00833978 0.000924041 0.0401009
21.588 376.548 0.00232815 0.00511205 0.0143697
247.303 142.133 0.00444205 -0.000166012 0.00398277
756.785 356.019 0.00346083 -0.000121718 0.0061355
761.571 49.8571 0.0162231 -0.000980808 0.0200756
269.234 56.3281 0.00539596 -0.00305682 0.0185072
38.7683 508.085 0.0235802 0.0183592 0.0278261
237.208 57.264 0.016558 0.0100527 0.00944309
40.544 504.016 0.000959147 0.000771637 0.00221319
71.051 15.7653 0.00224752 0.00200844 0.0402518
182.516 53.3571 0.0153598 0.00419051 0.00887957
230.905 184.048 0.00939573 -0.010126 0.0317621
247.908 181.398 0.0154825 0.00409329 0.0143643
111.707 244.19 0.0109513 -0.00838029 0.0168521
229.549 422.228 0.00279382 -0.00070711 0.00245448
182.67 3.65094 0.0127398 -0.0107719 0.022728
180.883 4.86667 0.00505004 -0.00256469 0.00848732
165.405 54.9286 0.00601369 0.00852411 0.0351522
266.061 107.378 0.0517376 -0.0160597 0.00924305
141.708 121.406 0.0871292 -0.0200691 0.00626336
217.959 202.635 0.0213169 -0.00829792 0.0229264
38.5735 388.397 0.00193582 -0.000200279 0.0160014
760.149 202.716 0.018719 0.003009 0.0104792
55.8288 305.021 0.0143415 -0.00244287 0.00641701
18.1824 222.371 0.00329329 -0.00868212 0.0288803
70.7632 282.737 0.0162044 0.0358816 0.0920836
170.621 29.1724 0.00682255 0.00178971 0.0163959
174.936 88.2436 0.00686411 -0.00460025 0.0147633
196.035 98.2442 0.0295702 0.00312633 0.00917771
10.6818 458.273 0.0344406 -0.0236773 0.019806
