1.0
704
580.593 509.802 0.00519894 0.00291169 0.0431987
99.1905 391.738 0.0115982 0.0065262 0.0233914
604.087 446.5 0.0957282 0.0346144 0.0149738
603.426 448.698 0.0535473 0.0217574 0.0100628
611.347 338.665 0.0314916 -0.0256228 0.0229469
612.1 332.881 0.00327124 -0.000537769 0.000613384
615.831 334.897 0.00186669 -0.000619243 0.00035838
616.072 329.824 0.000944136 -0.000387651 0.000296961
659.444 397.204 0.0285444 -0.00918184 0.00725968
659.887 396.84 0.00767901 -0.00335221 0.0038222
660.08 395.436 0.0053451 -0.0017903 0.00180037
559.447 503.58 0.00442935 -0.00398027 0.00704697
556.746 501.377 0.00282187 -0.00216453 0.00318246
623.905 462.904 0.000273895 1.31682e-005 0.000218812
626.357 357.357 0.023027 -0.0100766 0.00974878
570.156 470.703 0.0107563 -0.00724939 0.0136253
373.957 462.386 0.0574673 -0.00510378 0.00533109
647.606 379.926 0.0350721 -0.0214823 0.0183908
59.4855 472.181 0.0123852 -0.00075391 0.00634394
324.198 264.012 0.0138478 0.0060468 0.0159233
322.495 266.429 0.00539649 -0.000383283 0.00180311
355.494 367.977 0.00842241 -0.00267908 0.00156935
631.5 408.781 0.0199381 -0.00118285 0.0198456
635.36 403.022 0.00423102 0.00249777 0.00357154
507.156 318.328 0.0128707 0.0167716 0.0320997
506.561 317.813 0.00531559 0.00394997 0.0118826
506.181 317.333 0.0036507 0.00148188 0.00634865
642.878 262.378 0.0321934 -0.0029167 0.000629603
644.565 269.054 0.00628485 -0.000633998 0.000337539
592.5 451.92 0.0188738 0.00461198 0.00425878
455.788 506.21 0.000362777 0.000375889 0.00451385
139.277 508.054 0.00186266 0.000591584 0.0120897
604.292 377.958 0.00651787 -0.00529056 0.0285042
562.685 403.291 0.00473482 -0.000638642 0.000287806
156.295 509.115 0.0137078 -0.00870921 0.0280028
227.264 497.877 0.00627416 0.00122992 0.00495392
111.87 506.76 0.00617701 0.000446398 0.00563476
740.659 363.484 0.0771045 -0.0216077 0.00680847
746.071 7.07143 0.0714579 -0.0267642 0.0142352
726.313 64.9844 0.0267955 0.0021298 0.00340732
186.706 306.278 0.0109337 0.00655108 0.0127906
744.082 396.3 0.0403612 -0.0135528 0.00576664
80.8788 396.227 0.0356155 0.000933166 0.00236475
709.853 446.52 0.0335607 -0.0202979 0.0150596
745.239 478.66 0.000422819 -6.79e-005 0.000213496
741.548 475.095 0.000341648 -0.000128336 0.000196221
48.4818 268.245 0.00325371 0.000600722 0.00843376
54.9318 273.975 0.00147211 -0.000796898 0.00154293
757.264 355.879 0.00380463 -0.000164839 0.000655642
758.243 352.021 0.00373949 -2.32272e-005 0.000539777
747.17 311.654 0.000608295 -9.87275e-005 5.43126e-005
563.955 271.7 0.0265858 -0.0029679 0.00652074
564.543 272.521 0.0156671 -0.00351961 0.00429231
708.139 420.75 0.0338849 -0.0256535 0.0276409
696.585 38.0493 0.00384409 0.00153314 0.00253454
88.7791 382.547 0.0150244 0.00223726 0.0180736
214.667 480.095 0.0135427 0.00143584 0.0197976
238.957 251.729 0.0342787 -0.00738185 0.00334516
654.802 300.55 0.0012746 -0.000349239 0.00017887
664.038 325.603 0.0171846 -0.0177162 0.0276812
757.368 389.382 0.0190632 -0.0084293 0.00555542
206.768 503.446 0.0143187 0.00258461 0.00909773
727.12 46.6562 0.00180572 -0.000156607 0.000128992
727.197 69.1731 0.000293391 6.15736e-005 5.53141e-005
711.197 30.2273 0.0749201 -0.0189469 0.00652289
706.676 136.01 0.0439683 -0.00579815 0.00132927
704.828 124.815 0.00242321 -0.000581451 0.0003973
277.331 193.681 0.0206704 -0.00524342 0.00379188
277.349 193.557 0.0176002 -0.00512323 0.00349617
280.667 294.611 0.0445263 -0.000529395 0.00236671
499.38 510.38 0.00312928 -0.00391011 0.0574539
675.132 61.3872 0.0455516 -0.0129146 0.00415079
735.577 98.1923 0.00376599 0.000187843 0.000729997
313.954 347.112 0.0152961 0.000747478 0.000351226
213.587 228.946 0.00159741 -0.000163122 0.000680841
64.4821 283.857 0.0122765 0.000461493 0.00900268
270.879 414.845 0.00938399 0.00148117 0.00581125
303.611 70.2037 0.0146978 -0.00337258 0.00877608
300.475 71.9 0.00449332 0.000356727 0.00293215
299.348 72.2354 0.0041009 -0.000220879 0.00118628
132.318 190.977 0.0354439 -0.00476852 0.00150533
260.9 233.325 0.0155311 -0.00843666 0.0151266
693.63 443.957 0.0183059 -0.0141094 0.0137407
695.718 446.532 0.0101607 -0.00627411 0.00486031
750.644 54.2569 0.0167741 -0.00121299 0.000724164
275.563 229.417 0.00652168 0.00503493 0.0159031
746.715 260.9 0.0282647 -0.00957529 0.00489324
622.986 369.662 0.0290783 -0.0127267 0.0176075
745.6 442.125 0.114861 -0.00446471 0.00136589
350.315 475.13 0.00216451 0.00193758 0.0357935
663.308 25.9 0.0114481 -0.0101927 0.0104444
68.379 183.513 0.00658396 -0.00105035 0.00134879
69.5556 186.857 0.00708436 -0.00159362 0.000898072
729.591 282.006 0.00564858 -0.00601064 0.00901473
757.454 423.269 0.0350116 -0.00883955 0.00318295
249.05 505.067 0.00722856 0.00478345 0.00716016
247.658 505.577 0.00241866 0.00172648 0.00424066
649.445 154.805 0.0158391 -0.00614311 0.00271232
649.723 155.751 0.00793149 -0.00294 0.0013767
35.5329 175.875 0.00274825 0.000200953 0.0024617
447.966 249.601 0.0125669 -0.00278505 0.00153855
447.521 247.632 0.00882122 -0.0016441 0.000510926
447.079 237.709 0.00429785 -0.000243501 8.03858e-005
353.518 334.339 0.02473 0.0282637 0.0390044
354.057 335.229 0.00655463 0.00702567 0.0110147
273.146 486.792 0.0111973 0.00258522 0.00637681
10.7769 494.038 0.00657845 -0.0024595 0.0171975
102.979 8.95833 0.0587041 -0.00430655 0.00362749
203.786 44.6143 0.0103675 -0.0154011 0.0401765
139.08 172.223 0.0231285 0.00132202 0.000791331
704.392 192.152 0.00399043 0.00189313 0.00251143
574.132 201.215 0.00535276 -0.000523968 0.000210466
577.647 208.301 0.00120895 -0.000276455 0.000202651
762.395 242.763 0.0320964 -0.00753098 0.00601924
756.464 236.886 0.00276714 -0.000811085 0.00108807
709.233 311.811 0.115228 -0.00393418 0.00166502
524.656 33.3156 0.0052302 -0.00170945 0.00161958
524.244 33.5739 0.00320376 -0.00107446 0.00147398
523.468 34.4968 0.00222177 -0.000502283 0.00129769
734.961 47.8596 0.0191627 -0.00505799 0.00428769
12.24 344.93 0.00210628 0.00034201 0.0116116
579.477 426.201 0.00245498 0.00173315 0.0220187
681.263 35.3158 0.00844214 0.00167402 0.0348136
9.96983 154.754 0.00313331 -0.00064601 0.00184809
662.468 208.857 0.0200547 0.0049346 0.00152046
663.846 209.962 0.00453658 0.000598886 0.00026186
448.065 201.848 0.073445 -0.0134181 0.00497719
446.367 194.539 0.0306794 -0.00487879 0.00128849
249.36 422.19 0.00162175 -0.00088943 0.00237048
167.061 428.159 0.0180733 -0.0074476 0.0159695
323.119 491.167 0.0200963 0.0131287 0.0194764
681.919 510.581 0.00172781 -0.00092887 0.0725744
248.553 163.5 0.00189194 -0.000251587 0.000173393
661.861 152.778 0.0381998 -0.00426323 0.00485133
340.715 375.125 0.00201814 -0.000633723 0.0025177
515.042 16.6389 0.0321412 0.0088844 0.00430567
515.482 14.9818 0.00420107 0.00154286 0.00113691
718.921 104.842 0.0381812 0.00871497 0.00522615
338.491 155.341 0.00275056 -0.00190277 0.00188235
3.60976 195.902 0.0133345 -0.00245219 0.00495228
737.992 218.024 0.00664186 -0.00239942 0.00798752
728.048 273.119 0.021216 -0.000557336 0.0102126
607.047 362.172 0.0117571 -0.00799993 0.0148454
393.2 419.15 0.00154261 0.000265577 0.00105303
390.45 419.753 0.000753514 3.44944e-005 0.000667208
627 121.227 0.0306854 -0.00114805 0.00371749
651.746 120.781 0.0490289 -0.0249894 0.0150467
332.313 145.875 0.0132618 -0.0107346 0.0230259
24.527 141.338 0.0687109 -0.00143722 0.00255432
24.4661 132.542 0.00630477 -0.000709076 0.000898408
458.288 220.432 0.0234659 -0.00213156 0.00118712
215.127 281.042 0.0139753 -0.00635064 0.0123033
258.385 337.788 0.0235626 0.00416387 0.00940234
576.679 389.643 0.040377 -0.000513027 0.00286244
170.355 14.7581 0.018328 0.00923984 0.00851373
633.34 12.44 0.0155887 -0.00374907 0.00217078
633.728 15.6622 0.00766666 -0.00228178 0.00126017
595.367 112.333 0.0861616 -0.000891585 0.000987487
597.009 100.228 0.00861808 -0.000594455 0.000105708
596.977 99.9175 0.00499018 -0.000146248 5.92265e-005
263.475 132.55 0.0300936 -0.00993254 0.009299
50.7597 155.747 0.010945 -0.00390631 0.00731559
420.186 287.671 0.0386511 -0.00708707 0.0106522
7.94 372.5 0.025988 -0.0182194 0.0196842
736.591 406.977 0.0201678 0.0126054 0.0181153
372.848 6.84058 0.00282303 -0.00154385 0.00353248
630.975 65.9262 0.0394407 -0.0158057 0.00831152
632.46 70.7661 0.0234851 -0.00709457 0.00265601
621.531 201.657 0.00242929 -0.000732088 0.00415898
620.543 205.99 0.00168325 -1.74828e-005 0.00109794
163.459 7.03061 0.0323023 0.00608653 0.00487122
670.736 126.006 0.00931149 0.000809614 0.000341555
217.139 197.054 0.0119057 -0.00601523 0.00464545
724.791 398.355 0.0376781 0.00556213 0.00266187
366.61 87.55 0.0137061 -0.0028297 0.00238272
227.373 92.3732 0.0087711 0.00305566 0.00668321
234.485 116.455 0.0197449 0.00885448 0.00700301
85.5638 299.989 0.0256572 -0.000706919 0.00950565
720.964 506.619 0.00744867 -0.00123592 0.00432657
189.461 78.2647 0.0107526 -0.0120703 0.0194585
266.026 100.579 0.0298945 -0.0152416 0.0086719
726.306 154.112 0.0313123 -0.00342751 0.0015071
438.225 155.875 0.0551712 -0.0119541 0.00585082
219.72 174.988 0.0157982 -0.0187611 0.0307183
89.255 257.565 0.01377 -0.00279689 0.00105464
471.821 369.125 0.0150726 0.00178073 0.00406589
354.422 399.131 0.00948068 0.00117703 0.00245632
363.971 433.649 0.00832989 0.00738654 0.0133784
439.151 440.314 0.0333145 -0.0124063 0.00798747
437.593 433.864 0.0178677 -0.00281689 0.00137011
4.2549 503.578 0.0131441 -0.00412825 0.00316616
163.573 79.7545 0.00218355 0.00439497 0.0310206
234.75 189.769 0.0248842 -0.0038136 0.00273596
123.526 232.053 0.0795838 0.00654696 0.00309081
297.479 267.289 0.00843064 0.00142522 0.00686978
421.482 404.9 0.048588 0.00659755 0.00244862
421.24 405.03 0.0252444 0.00374459 0.00211824
180.343 121.127 0.043787 -0.00843405 0.00613831
352.373 147.81 0.0272895 -0.000524121 0.00141208
349.815 169.444 0.00976466 0.0021048 0.0129846
227.926 196.691 0.0628053 -0.0219226 0.0093354
412.59 291.707 0.0275147 0.00149142 0.00133821
417.224 284.437 0.00304829 0.000940697 0.000856326
704.759 386.207 0.00300984 5.14653e-005 0.000133437
42.4318 443.727 0.00312364 0.00101793 0.00761854
697.311 13.0135 0.030591 -0.0253148 0.0276259
703.273 20.1061 0.00688421 -0.00498631 0.00412145
703.008 27.8887 0.000793854 -0.000173545 0.0004439
651.82 99.58 0.0204681 -0.0107194 0.00848655
651.867 93.4363 0.00314671 -0.00104345 0.000922471
114.786 109.987 0.00571434 -0.000856131 0.00329903
215.1 135.4 0.0239528 -0.0137265 0.0149098
641.694 178.242 0.00242287 0.00190246 0.00872281
297.742 192.955 0.0479497 -0.0209142 0.0141658
551.926 247.574 0.0384207 -0.0184174 0.0111655
8.09375 247.031 0.00441154 -0.00169024 0.0975683
194.185 275.574 0.0102413 -0.00146053 0.0151285
699.138 298.195 0.00774926 0.00107381 0.000371123
542.596 400.03 0.0668196 -0.0123445 0.00277719
679.529 451.21 0.00261994 -0.00126071 0.00327425
434.507 23.0479 0.00285889 0.000756446 0.00564359
434.924 23.1419 0.00224132 0.000302083 0.00295348
292.652 228.738 0.0118459 -9.25211e-005 0.00124508
755.519 258.404 0.0141096 -0.00681439 0.0136794
328.047 333.686 0.0084117 -0.00579517 0.0117354
325.273 403.25 0.0125877 -0.0107218 0.0194741
716.825 469.55 0.0336967 -0.0116746 0.0140756
728.905 6.39189 0.052723 -0.00719895 0.00627896
158.113 34.6403 0.00186939 -0.000464682 0.000288123
547.782 56 0.041587 -0.0176523 0.00912211
555.27 41.6489 0.00157676 6.08888e-006 0.000131378
531.833 80.6667 0.0106289 0.00148656 0.0277429
530.053 80.9574 0.00407227 -0.000118212 0.0129109
530.156 81.3667 0.00254796 -0.00061427 0.00273918
3.18852 110.795 0.0277624 -0.00967544 0.00805695
312 172.357 0.0130206 -0.0123953 0.017625
617.476 254.398 0.0136922 -0.000791364 0.000417705
514.027 265.566 0.00740584 0.00414446 0.00408937
517.345 259.104 0.00294839 0.000604128 0.00054151
395.708 370.125 0.0389138 0.00998848 0.00765508
396.314 371.942 0.0160699 -0.000443633 0.00240286
417.878 424.446 0.0618787 -0.00654181 0.0065464
5.80612 431.745 0.00905298 -0.000293495 0.015703
611.308 36.25 0.029388 -0.00644188 0.00273747
609.529 25.723 0.0218186 -0.00387967 0.00103352
620.372 19.0312 0.00036342 -0.000134607 0.000355853
621.45 157.665 0.00453423 -0.00207976 0.00221249
715.756 171.577 0.0735177 -0.0116838 0.00409304
356.538 185.915 0.0416692 -0.014848 0.00797237
42.9651 317.066 0.0139728 0.000805503 0.00139774
723.247 354.308 0.00508734 -0.000628616 0.000894334
483.218 428.538 0.00881532 -0.00603884 0.00922884
409.988 438.695 0.0316215 -0.00689195 0.00982582
443.287 44.5851 0.0364816 -0.0106136 0.00911253
503.614 94.6143 0.00696508 -0.00733116 0.0156005
505.09 96.1573 0.00244309 -0.00162979 0.00463823
517.507 93.1579 0.000422517 6.18101e-005 0.000313406
404.103 123.328 0.00527069 -0.010109 0.0389719
402.119 123.681 0.00255201 -0.00148309 0.0082495
398.777 114.257 0.00244844 -0.000518709 0.000492227
363.938 281.788 0.00839327 0.00193347 0.0103414
592.92 278.4 0.0931311 -0.0127164 0.00323825
590.797 274.49 0.0153772 -0.00470913 0.00264786
630.577 38.8846 0.0215581 -0.0114936 0.0137454
94.3913 62.587 0.0178206 0.0122963 0.0163079
536.142 206.594 0.033491 -0.0164425 0.00998394
300.39 207.442 0.0136825 -0.00343278 0.00145942
300.232 207.939 0.00867304 -0.00214973 0.00118999
451.723 409.017 0.00897813 -0.00130186 0.00069115
562.77 119.689 0.0883176 -0.00574168 0.00117463
564.213 118.407 0.0137646 -0.00170751 0.000676141
399.436 284.926 0.0125286 0.00215996 0.0208562
321.65 17.2634 0.00169272 3.32097e-005 0.000663468
300.464 157.718 0.0357162 -0.00531477 0.00201332
370.422 236.779 0.00626719 -0.00344369 0.00261225
388.805 342.568 0.0288826 -0.00705172 0.00613973
501.27 373.975 0.0104562 -0.0126221 0.0225924
501.674 380.235 0.00265328 -0.000691496 0.00126309
484.207 16.9966 0.00404973 -0.00287447 0.00292531
690.976 76.9286 0.0326185 0.00191402 0.00613592
318.618 120.853 0.0241621 0.00327392 0.002474
318.638 120.692 0.0147554 0.0015619 0.00199734
275.825 126.425 0.130145 -0.0172546 0.00380818
296.991 175.538 0.0279759 0.00679008 0.00637787
755.202 14.9835 0.00333037 -0.00171101 0.00158574
701.231 60.0385 0.0533673 0.00273726 0.00247306
469.1 92.875 0.0753281 -0.0147611 0.0059166
503.13 156.363 0.0199087 -0.00442877 0.00388255
401.444 221.292 0.00495016 -0.00657497 0.0111067
402.963 223.054 0.00367461 -0.00422454 0.00702494
436.903 399.634 0.0168517 -0.00387805 0.00429312
523.438 112.4 0.0982605 -0.0101088 0.00165198
419.478 212.5 0.0180266 -0.0161184 0.0246132
186.132 20 0.00882398 -0.00440995 0.00338103
342.735 120.647 0.0327795 -0.0143526 0.00769336
343.641 118.212 0.00717196 -0.000942691 0.000947874
492.222 139.778 0.0470439 -0.00969836 0.00418619
493.72 236.24 0.0295718 -0.0074648 0.00725572
413.664 391.664 0.0236674 0.00298071 0.00334592
3.42 79.94 0.0157919 -0.00305216 0.00244397
218.9 153.735 0.0083136 0.00283896 0.00218782
404.958 163.636 0.00872543 0.00641181 0.0124612
510.753 203.302 0.103594 -0.0309132 0.00958043
445.141 429.141 0.0309113 0.00985542 0.014737
498.242 225.635 0.0397305 -0.0223969 0.0136378
244.9 53.2077 0.0110028 0.00487464 0.00415412
79.9773 102.25 0.0115262 0.0183763 0.0511374
81.9414 99.5541 0.00838154 0.0078049 0.00952702
414.156 361.041 0.0158653 0.00357332 0.00713544
415.537 361.463 0.00365123 -0.000690847 0.00318285
695.029 250.118 0.210154 -0.00739515 0.00246719
481.5 395.455 0.00924573 0.00634033 0.0273459
481.148 395.923 0.00726994 0.00237577 0.0133386
108.218 201.007 0.0879853 -0.00603531 0.00111351
487.535 97.4338 0.0045768 -0.00050227 0.000149061
329.64 180.756 0.0548812 -0.00902224 0.00481854
329.667 193.778 0.0217477 0.000803748 0.000374833
738.976 11.2857 0.0147076 -0.00791488 0.00708023
483.591 243.187 0.0173863 -0.00300265 0.00286806
350.694 15.2222 0.0558798 0.0217579 0.014122
350.171 19.9726 0.0115846 0.00136233 0.00146517
556.542 12.2711 0.0122733 -0.000902825 0.00130816
322.402 54.1471 0.0314209 0.00519296 0.00588666
18.8112 104.087 0.00352957 0.000522229 0.00239565
501.817 272.671 0.0171799 -0.010345 0.0185954
759.854 157.869 0.0117288 -0.00363452 0.00864169
334.579 77.2158 0.00494845 -0.000809594 0.000529817
283.598 97.5 0.00384104 0.00175618 0.0200097
547.026 199.842 0.0125201 -0.00106057 0.0181206
424.956 241.854 0.00553546 -0.00193624 0.0122497
491.259 259.833 0.00715479 -0.00135293 0.00648733
406.136 92.3864 0.00899177 -0.000102083 0.0264185
615.077 98.3462 0.0217875 -0.001865 0.00149319
474.167 198.281 0.0107246 -0.00385398 0.00328465
745.837 167.76 0.0078108 0.00364969 0.0071281
519.963 74.8519 0.09561 0.0013075 0.0010257
426.077 105.788 0.030693 -0.0240864 0.0210699
427.879 106.942 0.00749735 -0.00385292 0.00220597
542.938 178.025 0.0115821 0.00174783 0.0048822
544.025 3.04237 0.00761629 0.00392276 0.0203151
316.286 62.4048 0.0283971 -0.00722369 0.0102749
647.716 3.67647 0.0101856 -0.00948849 0.018937
763.338 5.68919 0.0630435 -0.00598301 0.0066412
505.027 144.136 0.0213244 -0.00621752 0.00570444
685.429 279.31 0.0667844 -0.0131552 0.00567964
433.141 77.1563 0.0103149 -0.00065114 0.00703691
435.056 82.9259 0.00740634 -0.00198205 0.0016088
206.522 201.7 0.0160647 0.0084922 0.0164598
442.043 342.271 0.0407999 -0.0285203 0.0296549
375.412 63.6912 0.0200021 -0.00304196 0.00444882
457.008 139.278 0.0081913 0.000208919 0.00845238
401.728 170.842 0.00213199 0.000702436 0.000589569
511.16 81.3679 0.0265949 -0.00603919 0.00643256
532.92 116.4 0.0200407 -0.008796 0.0117388
546.425 99.175 0.0262491 -0.0048465 0.0105062
305.636 110.205 0.0268975 -0.0073608 0.00764009
419.678 181.767 0.012526 0.00368152 0.0216789
525.967 169.433 0.0180202 -0.00594496 0.0142671
316.276 193.622 0.025326 0.0106418 0.0112568
342.646 198.069 0.00565776 -0.00241526 0.00636067
426.405 67.119 0.0166726 0.00838203 0.0129814
311.386 81.1288 0.00543154 -0.000596887 0.000171953
319.855 101.233 0.000578642 -0.000127527 8.35265e-005
312.513 104.8 0.0284977 0.00158676 0.00197838
328.628 117.449 0.0192357 -0.00129343 0.0124508
418.7 125.093 0.00349428 -0.00210232 0.00199993
353.357 117.929 0.0351413 -0.019971 0.0149052
432.7 68.3 0.0310754 -0.0112878 0.0184429
699.425 420.425 0.0158275 -0.0101931 0.0280961
693.313 414.893 0.00818316 -0.00682026 0.00727417
399.802 69.8208 0.0285525 -0.00554915 0.00561637
399.519 72.1845 0.00925963 5.34382e-005 0.000665282
328.689 104.365 0.072994 -0.0190671 0.00923615
398.92 31.48 0.0380936 -0.0175068 0.012379
403.006 35.7405 0.0046033 -0.00155044 0.00229064
369.196 70.6957 0.021207 6.50475e-005 0.0069941
371.673 57.9687 0.0019984 -0.000542862 0.000460568
427.488 90.7619 0.0149383 -0.00470149 0.00507745
427.364 93.6633 0.0112631 -0.00147459 0.00190832
424.243 82.7305 0.00028964 -6.30249e-005 8.53206e-005
447.605 115.162 0.028488 -0.00836983 0.0031599
408.177 139.038 0.0162223 -0.00301001 0.00313169
406.826 140.761 0.0042779 -0.000420911 0.00153113
399.333 83.0476 0.0228921 -0.0123314 0.0115046
417.926 154.658 0.0116013 0.00464284 0.00378386
290.662 167.068 0.010485 -0.00517871 0.0314048
291.559 167.388 0.00763751 0.000978229 0.00187105
356.925 4.3 0.0313567 -0.00202281 0.00766666
371.63 48.4457 0.0078498 -0.00244403 0.00358179
343.295 81.9821 0.0174567 -0.00332407 0.00179396
423.074 74.6111 0.00542084 0.00285494 0.021376
498.038 137.5 0.0174001 -0.00924605 0.0106316
425.474 161.064 0.0298889 -0.00594993 0.0123227
379.337 198.826 0.0379793 -0.0100684 0.0084484
374.643 185.443 0.00742905 -0.00480234 0.00836527
371.916 176.574 0.0013415 -0.000160626 0.000145312
377.508 184.043 0.000497647 -8.06612e-005 9.23996e-005
341.819 8.24468 0.0207058 -0.00910547 0.00897579
344.174 6.52174 0.00425569 9.89221e-005 0.00413417
340.449 5.19663 0.00148859 -0.000902094 0.00532043
346.972 7.90053 0.000902183 -0.000705677 0.00202537
413.244 97.3205 0.0535181 -0.00242181 0.00448576
415.316 170.789 0.0434032 -0.000974383 0.00761016
453.715 163.397 0.0126629 -0.00925956 0.00912836
458.396 162.926 0.00175387 -0.000748194 0.00211529
376.073 171.469 0.0115951 -0.00361162 0.00225299
404.397 18.9655 0.00665625 -0.000386004 0.00758606
121.566 181.71 0.00461307 0.000119874 0.000696575
330.654 3.24359 0.0138799 -0.00192764 0.0175935
533.833 34.8922 0.00916935 -0.00184795 0.0111993
385.356 119.33 0.0128524 -0.000348388 0.00127226
384.584 111.912 0.00659742 -0.000482062 0.000482992
403.757 177.071 0.0488091 -0.00755104 0.00888456
366.515 149.028 0.00835528 0.00227621 0.00100864
729.107 501.071 0.0863418 -0.0433485 0.0231011
725.418 497.074 0.0156648 -0.00908749 0.00616977
452.57 51.907 0.0093874 -0.00262373 0.00484289
527.556 60.1944 0.00884367 -0.00352449 0.00310256
536.913 68.7247 0.00166708 -0.00106907 0.00119614
456.916 66.3268 0.00318872 -0.000850445 0.000655445
445.264 144.66 0.00671465 -0.00417271 0.00641567
206.181 173.841 0.00582954 0.000211453 0.00077854
336.635 241.176 0.0469809 -0.0011433 0.00741149
534.69 22.3525 0.00603512 0.000343411 0.000660523
516.021 75.6458 0.0611958 -0.00366547 0.00386042
515.37 69.0325 0.0190829 -0.0016425 0.000474797
506.939 86.7439 0.0378809 -0.0188291 0.01793
505.114 79.5351 0.0217505 -0.00635005 0.00296834
452.614 30.6714 0.0288362 -0.0165061 0.0185671
461.609 32.5691 0.00178632 -0.000459833 0.00168734
390.594 57.6698 0.0127275 -0.000659259 0.0130812
372.639 113.167 0.0423479 -0.0110001 0.0103824
702.621 446.793 0.0948058 -0.0418424 0.0188326
334.731 55.6385 0.00553317 -0.000820876 0.00713612
334.257 55.1306 0.00355606 -0.00139415 0.00726176
566.071 83.1429 0.044652 -0.0119683 0.00859649
337.053 172.158 0.010403 -0.00275577 0.0209051
402.794 99.6765 0.0231136 -0.00532193 0.0125421
288.407 194.45 0.00337311 -0.000245578 0.00180359
287 240.632 0.00852342 -0.000975215 0.00166437
299.912 186.971 0.0261792 -0.00436041 0.00887936
323.25 199.563 0.0166028 -0.00312574 0.0109044
320.234 203.192 0.00265239 0.000303613 0.000403763
319.704 201.968 0.00161307 -6.49613e-005 0.000256286
265.167 119.128 0.00293516 -0.000339969 0.0223284
262.726 114.32 0.0020174 -0.000611851 0.0023184
333.229 76.8882 0.022081 -0.00131251 0.00210316
348.52 94.9868 0.00350916 -0.00129639 0.000860735
311.806 178.389 0.0138264 0.00178361 0.0198712
137.652 312.394 0.00285164 0.00754962 0.0527886
136.524 313.325 0.00157658 0.00154981 0.016089
136.296 313.854 0.00121137 0.000196417 0.00934674
381.365 2.36486 0.0134916 9.97286e-005 0.0252995
275.633 141.344 0.0146934 -0.00904632 0.0180329
428.461 189.279 0.00687282 -0.000292348 0.00809166
497.717 13.3833 0.0134814 -0.00768272 0.0123369
497.199 11.4027 0.0127108 -0.00357786 0.00362736
492.477 11.9147 0.00145765 -0.00012565 0.00234575
484.581 30.4459 0.00811361 -0.00974475 0.0242055
487.5 30.25 0.00134779 -0.000478644 0.0118634
210.288 74.7121 0.0170848 -0.0248146 0.061113
379.658 95.7368 0.0718079 -0.0204354 0.0104905
335.942 182.346 0.0188413 0.00575148 0.011631
79.6822 48.4255 0.000616793 -1.28925e-005 0.000110689
494.01 106.676 0.0459587 -0.00353171 0.00273533
229.827 282.629 0.00792834 -0.00119783 0.00150971
229.592 281.247 0.00534612 -0.00031956 0.000962079
226.767 272.474 0.00364513 -0.000979051 0.00052441
4.95238 395.56 0.00806199 0.00328026 0.00997377
6.40957 398.819 0.00436807 -0.000887605 0.00304865
6.35878 397.531 0.00392216 -0.000553073 0.00158117
196.095 111.952 0.00939778 0.00117932 0.0181392
199.45 110.143 0.00270198 -0.000846913 0.000673968
419.146 199.46 0.00894837 -0.00410681 0.0030638
159.984 95.4263 0.0122447 0.00075977 0.00343922
161.093 99.5879 0.00921502 -0.00161752 0.00117192
162.557 99.0413 0.00471767 -5.51969e-006 0.000690464
203.817 127.524 0.0312834 -0.0203165 0.0216127
466.304 136.623 0.00640131 -0.00105835 0.00202409
528.336 120.378 0.00025213 2.45955e-005 5.26391e-005
445.477 32.0227 0.0343473 -0.0134741 0.0120484
576.077 57.7575 0.00191039 -9.85546e-005 0.000106503
485.138 111.588 0.0128589 -0.00589245 0.00696252
208.985 148.53 0.0106162 -0.0147976 0.0638471
479.282 190.377 0.00993631 -0.00135372 0.00108142
467.757 210.205 0.0034601 -0.00238497 0.014106
470.608 212.433 0.0013728 -0.00132366 0.0050284
208.808 249.526 0.0183501 -0.00267505 0.0193996
297.9 107.806 0.00833716 -0.00512204 0.00701569
204.204 208.315 0.00484822 -0.00176918 0.0104954
205.769 201.84 0.00255015 -0.000250683 0.0019298
259.471 503.871 0.0355252 -0.0066515 0.00405315
273.514 502.756 0.000573648 -0.000340561 0.00201729
270.916 485.138 0.00014468 -4.93728e-005 0.000241483
483.806 127.52 0.0185072 -0.00622631 0.00916642
295.536 5.41071 0.0215265 6.21163e-005 0.005545
295.962 12.2347 0.00109818 -0.000440371 0.00108694
545.605 37.1842 0.0135433 -0.000919568 0.00209691
195.071 92.4429 0.0344313 -0.0150692 0.0149828
506.039 227.721 0.0121794 -0.005787 0.00366623
504.834 215.268 0.00290957 -0.000773004 0.000516447
503.441 36.9118 0.054083 -0.0125559 0.0114467
78.8758 115.058 0.00716581 0.000730396 0.00216181
558.074 55.0741 0.0200438 -0.00652168 0.00713159
556.983 49.0714 0.0166534 -0.00319238 0.00177109
613.916 61.8654 0.00129111 -0.000502926 0.000593084
496.011 78.3889 0.0712753 0.0120074 0.00492174
536.549 249.793 0.035316 0.00184026 0.0092508
614.924 415.119 0.000686059 0.000511957 0.0123608
617.18 419.795 0.000851031 -0.000469552 0.0014504
617.707 415.821 0.000552431 3.3421e-005 0.000461822
626.476 434.085 0.012371 -0.0045379 0.024268
556.087 41.6522 0.0351132 -0.0101727 0.00881727
483.118 388.173 0.0102705 0.00156857 0.0167112
482.676 385.492 0.00658185 -0.00256027 0.00491731
626.459 413.847 0.00652045 -0.00629092 0.036946
187.751 69.8772 0.00213939 -0.00291289 0.00731445
172.037 35.4756 0.019253 -0.00425446 0.015634
634.402 53.0098 0.00299688 -0.000983756 0.00187041
273.25 221.583 0.0188041 0.00320386 0.00701604
121.96 288.21 0.0207579 -0.000105832 0.00195066
118.206 290.325 0.00194988 0.000284374 0.00165979
335.263 21.7258 0.00679161 0.00140553 0.00520005
344.308 35.6731 0.0160636 -0.000913673 0.00508468
343.646 34.034 0.00970996 0.000655388 0.00240557
610.318 75.9545 0.0194827 -0.00999271 0.0117586
305.075 155.375 0.0151102 -0.00844676 0.0169943
396.875 303.422 0.00807711 0.00148083 0.0066415
389.603 296.584 0.000904268 -0.00019093 0.00109971
60.4191 9.75243 0.00208824 -1.26627e-005 0.00142283
292.176 281.074 0.00759105 -0.00236785 0.00244252
505.773 353.582 0.0169724 -0.00373231 0.00309918
678.106 15.4682 0.000701326 -0.000582351 0.00106814
182.024 82.6905 0.0202244 -0.0121964 0.0170781
447.915 218.936 0.0104517 -0.00167466 0.00365459
450.632 222.382 0.00625493 -0.00222159 0.00225118
644.17 29.5194 0.0055047 -0.00263304 0.00918209
105.316 151.263 0.0210539 -0.00438637 0.0111494
221.524 259.707 0.0159156 -0.00337671 0.00397595
106.151 86.6163 0.0256024 -0.0050387 0.0110196
468.578 412.472 0.00551844 0.00273498 0.0028385
484.42 15.14 0.0221294 -0.0135806 0.0150737
268.981 173.692 0.0212728 -0.000627831 0.00529099
115.198 492.267 0.015504 -0.00343873 0.0149629
115.116 492.186 0.0082788 -0.0043536 0.00897735
115.558 491.558 0.00672892 -0.00257058 0.00582512
481.591 51.7622 0.00636899 0.0012618 0.00256303
178.132 158.263 0.0252737 -0.0087458 0.0159316
416.99 230.755 0.0336319 -0.000540509 0.00376781
536.766 288.703 0.012115 0.00349744 0.00739428
156.179 4.63208 0.0224001 -0.00359772 0.00764839
156.304 5.35981 0.00804792 0.00106262 0.00524599
458.861 418.444 0.120599 -0.0338476 0.0120084
268.296 189.929 0.00866349 -0.00878646 0.0192545
460.897 329.362 0.0257886 0.00340583 0.00668121
18.7381 384.905 0.0233738 -0.00268199 0.00748734
644.068 117.455 0.0158657 -0.0126361 0.0235724
335.985 259.359 0.00388577 -0.00206674 0.00269583
461.507 388.453 0.00740507 0.000768695 0.00277595
461.537 386.344 0.00706795 0.000801944 0.00160104
112.324 484.906 0.000149546 -5.51585e-005 0.000813065
63.4912 483.509 0.00349711 0.00207224 0.00440236
757.103 3.96552 0.0150436 -0.00962355 0.0164761
758.85 6.29612 0.00918353 -0.00460165 0.00488356
358.59 273.014 0.00391171 -0.000112352 0.00690635
540.493 316.542 0.00611161 -0.000338032 0.000680513
127.592 157.633 0.0109367 -0.00088621 0.00334119
142.5 489.202 0.0278868 -0.0010788 0.00761756
81.4388 494.01 0.00905723 -0.00526707 0.0142266
88.0844 483.402 0.00087497 5.11087e-005 0.000840601
470.96 241.008 0.00935512 4.50864e-005 0.0109683
761.204 149.302 0.00923226 -0.000380937 0.0066981
707.78 213.597 0.00366311 0.000201402 0.00100299
466.571 295.071 0.0140641 -0.00181 0.0121764
494.802 377.244 0.0205539 -0.016187 0.0262008
99.0362 17.7609 0.0173642 -0.00446837 0.00444926
347.705 322.323 0.000342792 0.00018048 0.00092809
706.466 237.28 0.0154696 -0.00515274 0.00896017
541.709 237.965 0.0249478 -0.00668474 0.0119603
585.662 458.743 0.0294577 -0.015195 0.0219477
543.111 357.311 0.0149609 -0.000250593 0.000717853
702.281 7.04825 0.00251398 -0.00150904 0.00418509
598.48 489.867 0.00394 -0.00865111 0.0469708
605.557 495.456 0.00170893 -0.00261038 0.00670228
607.264 497.535 0.00144532 -0.00173091 0.00376253
664.976 99.7778 0.0041592 -0.00443451 0.00923892
228.389 168.387 0.00263579 -0.000540695 0.000598022
325.207 281.451 0.0189538 -0.00128749 0.016801
564.513 342.975 0.0216027 -0.000211885 0.00239143
700.927 464.847 0.0299351 -0.0170278 0.0108011
47.8396 146.104 0.0146757 -0.00205192 0.0101135
763.219 435.342 0.0541297 -0.000909082 0.00227527
278.035 506.593 0.0220886 0.00297204 0.00775865
264.87 300.113 0.00677881 -0.00128084 0.00400948
258.772 294.31 0.000787597 -0.000213206 0.000839985
135.196 184.982 0.0427828 -0.00930109 0.00528503
436.697 292.871 0.00460513 -0.00131885 0.00401052
121.058 474.904 0.014052 0.0056739 0.0149442
175.732 10.9072 0.0039789 -0.00135399 0.00141241
207.078 196.056 0.00873665 0.00657602 0.0303193
307.075 330.349 0.0178399 -0.00178742 0.00244963
121.765 345.958 0.0022162 0.00121015 0.00570936
568.205 366.631 0.0237548 -0.0199236 0.0199521
380.901 402.439 0.002478 0.000480657 0.00101521
57.8059 293.394 0.0104013 0.00209914 0.00637182
74.2442 439.198 0.0141152 -0.00291654 0.0161685
152.337 171.149 0.00185686 0.000402942 0.00129431
216.356 231.811 0.0149028 -0.00585407 0.00665738
234.357 312.414 0.0266401 -0.00764226 0.0127264
510.064 329.292 0.00664129 -0.000509946 0.00295207
728.188 204.896 0.030791 -0.00604852 0.00804563
225.667 481.056 0.0625646 -0.000633906 0.0062238
225.681 481.705 0.0172852 0.00371113 0.00389855
105 415.19 0.0107035 -0.00465758 0.0316957
126.46 93.82 0.0540316 -0.0127096 0.0057673
172.393 355.447 0.010996 0.00121491 0.00641743
175.761 366.56 0.00605538 -0.000956843 0.000488851
286.697 337.682 0.000274661 8.53371e-005 0.000192848
533.024 434.64 0.0028183 0.000660168 0.000486233
399.017 494.478 0.0971396 -0.032122 0.011235
758.764 35.3113 0.031811 0.00214628 0.00597124
180.32 253.303 0.00911581 -0.0015318 0.0139359
742.061 38.5828 0.00657982 -0.000236975 0.00286515
348.976 308.452 0.0296489 0.00973328 0.0107513
730.64 388.289 0.0451814 -0.00611776 0.00430661
384.268 454.829 0.10258 -0.0385469 0.0151851
740.894 5.96479 0.0143569 -0.00771246 0.00926974
160.763 18.0789 0.017013 0.00507356 0.0139848
243.724 108.513 0.0235107 -0.00743383 0.00540453
714.815 132.296 0.0229784 -0.00648624 0.00751982
233.075 210.425 0.0207326 -0.00211728 0.0105422
224.419 220.715 0.00546977 -0.00135636 0.00141999
189.904 264.947 0.00520863 0.00151919 0.0096075
363.347 355.059 0.0195241 0.00613396 0.00638355
374.213 497.391 0.017218 -0.00640453 0.00477862
284.434 25.3033 0.0117734 -0.00510767 0.0136059
111.73 67.2297 0.0174929 -0.00473408 0.00527251
275.55 297.825 0.0377737 -0.00690874 0.00767207
196.63 316.457 0.0089054 -0.0119707 0.0212183
306.48 344.676 0.0200443 -0.00151641 0.00837974
754.245 326.873 0.0186335 -0.00673385 0.0100197
61.1364 392.894 0.00636112 0.0154804 0.0503553
391.341 434.318 0.0265127 0.0108896 0.0115202
391.449 494.029 0.0102509 -0.00217904 0.00190265
476.643 494.952 0.0114046 0.00179385 0.0265572
729.238 408.966 0.0381438 -0.00239223 0.00131493
341.11 306.695 0.0202394 0.00193005 0.00927558
366.859 410.769 0.125622 -0.04845 0.0192647
674.517 458.144 0.00797061 -0.00313309 0.0221308
758.752 262.55 0.00257272 0.000546583 0.00342519
422.426 297.989 0.00394553 0.000155725 0.00712457
328.047 355.516 0.0152715 0.00610056 0.00797474
127.785 376.083 0.00800303 -3.91204e-005 0.0023137
127.786 376.73 0.00580952 0.000265917 0.00188211
747.663 249.663 0.0241706 -0.0113886 0.0141075
724.192 6.40769 0.0208812 -0.00309628 0.00439236
133.52 125.02 0.0321638 -0.00107165 0.000737099
334.079 304.316 0.0477479 0.00206425 0.0065277
291.257 312.214 0.0170024 0.00387071 0.00347591
162.519 35.9423 0.0215245 0.000481839 0.00504829
156.1 371.1 0.0170633 0.0017289 0.0012032
31.2273 464.427 0.137216 -0.0304089 0.00745303
9.84127 446.145 0.00170255 0.000573123 0.00121874
244.89 292.916 0.0309379 0.00321968 0.00279656
762.267 374.872 0.0263465 -0.0080157 0.0103986
760.679 369.152 0.0155199 -0.00507703 0.00325221
255.32 179.6 0.00978215 -0.00355107 0.0133703
241.8 271.029 0.0196697 -0.000182685 0.00341626
609.539 370.01 0.00523715 -0.00312659 0.024799
351.065 370.429 0.111252 -0.0395423 0.0145373
760.442 388.225 0.0251013 -0.00960185 0.00734778
759.254 411.885 0.00763902 -0.00391731 0.00575931
648.977 415.672 0.0103731 -0.000114487 0.000872984
32.0247 195.019 0.00696683 0.00111484 0.00280831
726.396 243.366 0.00943117 -0.00229163 0.00832046
534.374 387.751 0.0117607 -0.00207727 0.00117784
148.94 294.472 0.00629877 -0.00453019 0.00730874
51.5449 250.652 0.00260477 0.000212625 0.00137842
671.833 342.567 0.0417616 -0.00105301 0.00445883
1.72222 364.583 0.0617941 0.00731043 0.0074103
327.292 477.202 0.00300064 0.0016193 0.00246242
351.7 346.355 0.0245484 0.0104412 0.0102337
249.599 410.519 0.00303296 0.000357916 0.00327211
277.927 277.94 0.0178335 -0.00537415 0.0049517
143.207 397 0.0146812 0.0013633 0.00360039
149.684 383.472 0.00512402 0.00205987 0.001003
296.807 403.913 0.00785604 -0.00220616 0.0110261
148.615 434.698 0.00463341 -0.0056714 0.0127414
6.03846 426.346 0.00499045 -4.75992e-005 0.0237053
302.559 423.696 0.0288381 0.00533806 0.00543812
5.94231 488 0.0202632 0.0104019 0.0108731
152.284 501.398 0.00514011 -0.00259526 0.0127827
303.115 391.885 0.0118167 0.00187198 0.00575592
204.839 393.018 0.00879169 0.0138144 0.0331204
326.69 436.738 0.0197437 0.00746335 0.0191135
93.2656 507.172 0.0142399 0.00606549 0.011898
94.7124 507.571 0.00501234 0.00114844 0.00844822
283.929 409.903 0.00856525 0.000838211 0.00860069
10.7273 471.545 0.00586887 -0.00365309 0.00714306
204.273 478.258 0.00567797 0.00117254 0.0207013
195.613 504.736 0.0104489 0.00226277 0.00440102
232.457 396.63 0.00727737 0.00426756 0.0327496
646.944 484.544 0.0185532 0.00675591 0.0161355
623.909 477.773 0.0244213 0.00744023 0.0114828
