1.0
1902
45.5598 27.386 0.00142533 0.000774457 0.00338105
41.3611 26.2483 0.000445022 7.15876e-005 0.00270361
30.0198 18.4126 0.000252761 -0.000208328 0.000795552
57.6849 14.1354 5.27317e-005 7.69177e-005 0.000760165
139.524 2.35366 0.00832659 0.00990629 0.0383295
3.24359 4.0641 0.0224129 -0.0112393 0.0217957
83.8636 9.14935 0.00187736 -0.000779189 0.0241537
387.625 2.1125 0.00225406 -0.00188037 0.0285004
122.16 4.25 0.00315743 0.00212281 0.0116885
126.057 3.81304 0.000737951 0.00116676 0.0123326
99.9756 7.20224 0.000148382 0.000173842 0.00271862
341.909 12.5369 0.000988156 0.0029478 0.0116332
350.94 9.80633 0.000460015 0.00143291 0.00617343
468.11 14.2236 0.00193794 0.00360884 0.0229096
28.1507 4.15068 0.0027342 0.000771864 0.00829775
203.032 48.6122 0.0017247 0.00472779 0.020025
203.587 48.1779 0.00104001 0.002733 0.0123044
98.6667 76.25 0.00626824 0.0190713 0.078601
97.7083 76.369 0.00327541 0.0104104 0.0386934
99.6537 75.3647 0.00167908 0.00557027 0.0200197
62.6143 6.01429 0.0116461 -0.00821256 0.0354887
438.163 20.4327 0.00341453 0.00831895 0.0337758
429.445 22.2852 0.000605799 0.00251466 0.0114566
8.76829 11.6463 0.00230614 -0.000999762 0.00210004
158.367 59.2348 0.00188786 0.00405633 0.0157317
734.933 113.15 0.00210005 0.00151374 0.0433923
736.286 113.155 0.00166573 0.00105159 0.0347574
682.631 117.643 0.00203425 -0.000777771 0.0178391
736.265 246.873 0.00625014 0.0124515 0.0554042
737.461 246.524 0.00204641 0.00471952 0.0216469
737.386 247.241 0.00112384 0.00100513 0.00501256
252.88 4.88942 0.00147798 0.00102458 0.00817814
251.326 37.4302 0.00362932 0.00907514 0.0381047
259.409 34.8636 0.00155505 0.00474756 0.0198923
256.715 35.2119 0.00105691 0.002701 0.00933335
625.786 14.7041 0.00380244 0.0027554 0.0483683
536.086 32.0345 0.00475063 0.00544553 0.0342854
663.397 228.845 0.00434237 -0.00385577 0.012153
661.655 424.964 0.00483175 0.00747183 0.0220567
808.996 147.376 0.00107898 0.00492842 0.0514939
808.646 146.305 0.000200203 0.000322675 0.00886874
809.422 144.802 9.54736e-005 4.645e-005 0.00251933
823.407 140.672 7.30364e-005 0.000132946 0.000793683
851.269 416.177 0.000410644 -0.00119832 0.0165656
839.556 417.699 0.000116018 6.06385e-005 0.00382706
234.157 43.2143 0.0199609 -0.0148269 0.0189953
272.408 58.5154 0.00263567 0.00599008 0.039925
278.367 56.7564 0.00134274 0.00380735 0.0181137
276.153 53.5988 0.000634553 0.000174035 0.00240579
771.947 114.289 0.0255794 0.0324898 0.050711
769.984 115.124 0.00268556 0.00103842 0.00595004
222.25 69.5357 0.00380537 0.00921125 0.0570896
220.69 67.5259 0.00216577 -0.00117926 0.00517736
221.423 66.7887 0.00143013 5.05423e-005 0.00405697
222.35 65.8636 0.00132162 3.27126e-005 0.00331836
708.915 254.695 0.0159917 -0.00472526 0.0047291
702.541 406.541 0.00622507 -0.00459782 0.0093175
863.855 425.565 0.0067991 -0.00311588 0.0877143
571.769 24.5962 0.00791786 0.00764378 0.0223663
579.143 22.6871 0.00141069 0.00365026 0.0150518
581.374 17.5929 0.00104726 0.000771828 0.00187309
120.689 43.4333 0.000358037 0.00120273 0.00458515
197.122 75.7703 0.011984 0.0042914 0.0289423
690.761 200.023 0.00246135 -0.00181651 0.0234034
814.571 467.1 0.00119262 -3.29352e-005 0.040274
819.269 467.269 0.000691624 -0.00189723 0.0240259
765.685 56.963 0.00768428 -0.00484405 0.0125359
149 86.74 0.00743169 0.0141919 0.0464769
153.692 85.4846 0.00172717 0.0055594 0.0280406
152.781 81.7119 0.000612486 0.00042835 0.00308609
690.396 245.843 0.00149166 0.000482106 0.0144629
877.5 333.8 0.0225013 -0.00685177 0.0125147
871.458 332.104 0.00256748 -0.00366528 0.00953369
556.038 110.144 0.00223571 0.0014412 0.0197968
552.429 109.707 0.00115511 -0.00128779 0.0084075
26.2917 417.604 0.0063636 -0.0124736 0.0446551
232.759 11.1999 0.00041656 0.00136358 0.00584532
102.269 98.7615 0.00634684 0.0129734 0.0441839
107.274 97.1581 0.00229475 0.0061808 0.0243131
456.707 446.603 0.00198488 -0.00526523 0.0364993
456.165 447.053 0.00105847 -0.00210498 0.0140012
855.205 452.214 0.00438207 -0.00289043 0.00690586
861.033 455.613 0.00237553 -0.00242257 0.00363642
853.581 446.944 0.000852421 -0.000725699 0.00108193
10.7178 90.5396 0.00304139 0.00512326 0.0244805
10.4774 88.2119 0.00235441 0.000475806 0.00398996
816.202 100.511 0.00232556 0.00140829 0.0062092
540.912 106.559 0.0266832 -0.0075847 0.0203626
825.014 233.473 0.00160106 0.000792035 0.0230509
845.274 224.05 0.000152195 0.000228754 0.000789004
873.182 465.523 0.00637035 -0.00864681 0.0485783
6.04206 64.3037 0.00687037 0.00411959 0.00803477
6.64865 64.0608 0.00533847 0.00283829 0.00569684
6.9712 63.2435 0.00412122 0.0014107 0.00324214
8.47017 70.0114 0.00218199 3.43227e-007 0.000253882
15.2984 61.5436 0.000647647 0.000195315 0.000289008
19.407 112.256 0.000854852 0.00161464 0.0620905
23.3417 112.104 0.000416397 4.59486e-005 0.0404458
20.6493 110.325 0.000430928 -0.000610126 0.00460678
679.54 400.4 0.00696454 -0.0151962 0.0528524
287.729 75.0392 0.00175767 -0.000410018 0.00136696
578.147 99.3941 0.0061077 -0.000237102 0.01158
676.077 205.385 0.00299983 0.00592666 0.0570741
730.178 229.364 0.00789552 -0.00718553 0.0236244
730.616 228.643 0.00445998 -0.000823171 0.00957259
731.801 228.715 0.00230915 -0.000574862 0.00844542
729.006 228.255 0.00101384 -0.00051717 0.00588255
727.171 658.264 0.00155025 -0.0051691 0.0193217
346.463 41.7844 0.000961764 0.00198403 0.0262641
334.972 44.108 0.000829074 0.00322448 0.0171034
235.019 95.6731 0.00905386 0.00224885 0.0199297
726.641 145.987 0.000252794 5.0152e-005 0.00339446
504.5 175.755 0.00370193 0.00792136 0.0490703
778.761 234.848 0.00608059 -0.00353645 0.0325549
772.454 231.632 0.00303148 -0.00317985 0.00610151
771.768 230.006 0.00189108 -0.000713919 0.00104975
739.1 322.375 0.0190024 -0.00622804 0.0175012
859.985 364.193 0.00166545 -0.00122081 0.0136758
857.423 363.708 0.0010488 -0.00157109 0.00949605
25.54 441.76 0.00307951 -0.00778331 0.0481362
26.2333 441.367 0.00145561 -0.00272454 0.0231343
199.259 484.548 0.00394851 -0.0030411 0.0101462
199.292 483.654 0.00327491 -0.00216819 0.00540862
781.516 584.468 0.00675921 -0.0120472 0.0379544
780.161 583.5 0.00478212 -0.00480291 0.00910546
632.263 47.2111 0.000248771 1.67972e-006 8.20531e-005
733.234 65.2656 0.00403692 0.00488547 0.0285346
514.727 146.909 0.00679731 0.00815011 0.0467828
241.47 209.439 0.0183542 -0.00867388 0.0279076
483.112 284.347 0.00156211 8.05302e-005 0.0340379
484.774 284.517 0.000832973 0.000218083 0.010754
452.932 287.095 0.0129278 0.0182484 0.0498468
767.254 362.08 0.00401061 -0.00767181 0.0301566
784.206 463.603 0.00134097 -0.00508744 0.0547336
774.656 615.811 0.0185348 -0.0274845 0.049905
119.271 94.3571 0.00717068 0.000166558 0.0444631
386.714 157 0.0030085 0.00610378 0.0628644
384.877 156.63 0.00132185 -0.00104308 0.0262702
569.5 172.354 0.00424091 0.011783 0.0660793
523.733 175.407 0.00444059 -0.000103007 0.0322997
528.952 174.692 0.00164517 0.00342266 0.0232568
529.266 173.424 0.000428097 0.00157172 0.00968133
824.357 269.908 0.0173049 -0.00662348 0.0124809
758.175 450.97 0.000609649 -0.00226293 0.0246098
772.089 452.004 0.000234147 -0.000978968 0.00966571
508.061 4.48485 0.00201408 0.00654377 0.0317441
510.013 4.09686 0.00110346 0.00407959 0.0245729
318.189 82.7222 0.0210124 0.00333943 0.0133423
318.326 82.9203 0.0100441 0.00363947 0.0104061
317.048 89.5302 0.00749856 0.00116295 0.00163804
322.453 91.3453 0.00130084 -0.00015432 0.00119657
552.552 276.422 0.00151789 0.00126352 0.0174237
558.127 273.55 0.000818813 0.000464947 0.00471413
826.051 330.929 0.00641652 -0.00908354 0.0293168
829.471 327.081 0.000430501 -0.000265924 0.000869597
837.002 332.977 0.000128696 -7.42449e-005 0.00019809
872.053 19.9634 0.00516537 -0.000232068 0.00186246
863.09 12.5283 0.000822421 -0.000567287 0.00117714
859.545 14.0362 0.000460843 -0.000216514 0.00089362
134.014 164.614 0.00925481 -0.00393851 0.0275761
311.56 341.34 0.00499349 0.0028036 0.0331759
310.815 341.065 0.00217066 -0.00134905 0.0162014
728.414 361.69 0.0114278 -0.0113231 0.0181406
726.76 359.836 0.00488338 -0.0041566 0.00509509
725.235 357.317 0.00459658 -0.00310705 0.00280296
873.825 474.825 0.0121552 -0.0134037 0.0413457
763.481 539.972 0.00801001 -0.00246617 0.0139238
757.582 537.14 0.00125499 -0.00121351 0.00309643
708.85 33.6667 0.00467976 0.0100205 0.0495815
714.483 32.8161 0.00161858 0.00463937 0.0209774
701.667 56.6852 0.00323352 -0.00206345 0.0323804
715.902 48.2624 0.000194913 4.09247e-005 0.000653239
729.609 52.9002 5.54277e-005 -3.69451e-005 0.000493437
67.922 106.711 0.00376265 0.00862211 0.0298767
605.897 278.221 0.00103894 0.00168827 0.0492638
874.664 288.064 0.00951002 -0.00842962 0.0165154
873.5 287.566 0.00865748 -0.00687836 0.0100994
252.716 364.667 0.00319363 -0.00346933 0.0169767
251.5 363.571 0.00153521 -0.00198634 0.0106879
374.133 371.643 0.00246084 -0.00393946 0.0757772
373.491 371.704 0.00131731 -0.00226857 0.0342413
810.5 420.977 0.00372215 -0.00687424 0.0580423
869.613 511.201 0.00225246 -0.00423668 0.0257781
869.116 511.136 0.00157614 -0.00171489 0.0133533
863.571 508.331 0.00136477 -0.00200119 0.00479357
261.978 648.022 0.0361022 -0.00841962 0.00856806
700.691 239.691 0.00668068 -0.00326875 0.025444
629.41 275.142 0.00827214 -0.00722149 0.0173535
844.38 643.42 0.0100796 -0.0150501 0.0396565
422.159 54.8365 0.00161397 0.00472055 0.018003
432.002 47.392 0.000226781 0.000244038 0.00154513
765.878 63.0816 0.000664133 -0.000795584 0.0145035
768.78 59.2063 0.000565826 -0.000177617 0.00234181
116.743 120.068 0.00549111 0.00472337 0.0680071
446.095 216.881 0.00917041 0.00802779 0.0305903
444 216.635 0.00369433 0.00246503 0.0233772
762.827 279.373 0.0028708 0.000933927 0.0325226
563.46 350.12 0.00311721 -0.00273998 0.0458433
565.335 349.786 0.00147036 -0.000215518 0.0305841
750.988 362.105 0.0167147 -0.012997 0.0252162
415.805 374.325 0.000496843 -0.0020379 0.0223919
416.841 374.444 0.000419212 -0.00105974 0.0107428
455.434 409.842 0.00157638 -0.00265812 0.0325159
34.0641 507.397 0.00685305 -0.0110426 0.0565826
455.437 539.214 0.00277132 -0.0083431 0.0520664
210.586 611.5 0.0135267 -0.0120581 0.040749
323.104 677.396 0.00914392 -0.0174837 0.0523597
483.437 41.3254 0.00817928 0.00855987 0.0250737
486.352 38.5671 0.00317006 0.00147078 0.00420219
765.284 104.129 0.00105457 0.00175413 0.0298955
792.031 108.418 0.00376414 0.0130645 0.0847299
199.773 160.432 0.0185656 -0.00275132 0.0145493
198.793 162.659 0.0137165 0.00232264 0.00469361
835.871 185.481 0.000757388 -0.000667085 0.0165659
835.929 185.387 0.000740877 -0.000686513 0.0139066
737.203 280.392 0.00141855 -0.000447962 0.0159102
795.416 363.626 0.00113068 -0.00130668 0.0187502
300.94 366.167 0.00230893 -0.00209391 0.0293246
305.232 365.665 0.000820155 -0.00029016 0.00344251
844.28 554.46 0.0101865 -0.0190379 0.0422283
854.338 555.816 0.000678975 -0.00109867 0.00421419
855.276 555.913 0.000754475 -0.000996763 0.00236892
327.407 597.616 0.00852379 -0.0139026 0.0454506
325.201 595.845 0.00701199 -0.00949533 0.0188937
715.176 75.1176 0.013 0.00343694 0.0317671
715.731 76.3615 0.00520334 -0.000930508 0.0128947
717.469 77.0876 0.00370031 -0.00273149 0.00961736
509.833 83.4487 0.0201445 -0.00145685 0.0140222
509.142 84.5299 0.0158319 0.00243298 0.00719922
553.241 136.655 0.00279459 0.0093877 0.0683612
550.923 135.257 0.00118511 -0.000636067 0.00509413
92.0446 162.814 0.00132342 0.0010093 0.00295499
740 192.75 0.0164434 -0.0198787 0.0491012
360.789 340.433 0.00304301 -0.00225065 0.0551851
139.69 358.095 0.00755445 0.000557553 0.0286924
720.1 368.357 0.0139222 0.00410613 0.0319333
805.464 676.767 0.000650742 1.03525e-005 0.0106534
799.022 670.949 0.00051254 -0.000750152 0.00237981
738.275 51.075 0.00307326 -0.00125579 0.00803326
337.574 72.1667 0.00375139 0.00547764 0.0409251
187.553 129.342 0.0110032 0.00943864 0.0313309
184.505 124.323 0.00349035 0.000516517 0.00268208
327.453 163.371 0.00301481 0.00680548 0.0282362
765.526 227.885 0.0549026 -0.0110452 0.00775579
524.798 286.219 0.0095851 0.013862 0.0273736
520.146 284.992 0.000958651 2.70039e-006 0.00487962
471.176 376.676 0.00249712 -0.00512163 0.0147735
548 416.714 0.00929053 -0.0153266 0.0434415
795.915 502.354 0.00521508 4.01441e-005 0.0385118
394.686 527.709 0.00361301 -0.00995604 0.0441587
394.252 527.649 0.00226539 -0.00571763 0.0273935
392.315 528.408 0.000854245 0.000162998 0.0057527
698.142 528.306 0.01049 -0.00825413 0.0147046
699.138 530.115 0.00628178 -0.00363657 0.00509941
112.938 536.563 0.00382251 -0.00849078 0.0433875
125.003 539.368 0.00108254 -0.00313284 0.0114419
112.111 557.472 0.00886491 -0.0080451 0.0461128
846.981 4.65584 0.00353052 0.000643584 0.0188761
372.894 66.0859 0.00223247 0.00359471 0.0281847
710.206 65.402 0.00321371 0.00264703 0.0227767
384.818 188.068 0.00335111 0.00749779 0.0759636
377.183 188.718 0.00090915 0.00402047 0.0521566
387.575 187.11 0.000439957 0.00167893 0.0153213
801.553 190.474 0.00303481 0.0107513 0.107654
87.0583 197.142 0.00097212 0.000673239 0.00702454
409.337 249.523 0.0029393 0.00585703 0.0813675
415.954 251.461 0.00086487 -0.00108431 0.00890851
419.66 250.998 0.000502567 -0.00026062 0.00684045
413.173 250.621 0.000392938 -0.000272431 0.0011324
781.713 275.628 0.0103766 -0.0161459 0.0333478
782.745 272.788 0.00304764 -0.00152502 0.00367636
412.669 288.415 0.0061154 -0.00620457 0.0291288
840.628 324.415 0.00921479 -0.0145127 0.0316101
285.649 339.918 0.00322531 -0.0019624 0.0180871
532.364 357.591 0.00859505 -0.00295239 0.0261736
534.941 358.518 0.0019034 0.00140016 0.0086939
92.314 465.384 0.00701032 -0.0126873 0.0624823
91.7344 465.031 0.00633891 -0.0094106 0.0298899
644.514 475.267 0.00190878 -0.00326814 0.0420593
316.483 539.483 0.00695904 -0.00933603 0.0257299
315.681 538.543 0.00515331 -0.00436224 0.00755217
37.3718 571.115 0.00615943 -0.0100993 0.0441076
514.325 31.2193 0.00493489 0.000812285 0.0313129
465.976 47.4048 0.00477871 0.00904887 0.0562444
462.476 47.5976 0.00197963 0.00542595 0.0402366
612.347 56.4153 0.00571167 0.014986 0.0507184
474.311 177.365 0.0063991 -0.000975258 0.0390746
757.826 193.244 0.00420111 -0.000727684 0.0615274
873.75 207.794 0.0347874 -0.00637494 0.00231695
874.5 209.669 0.0131599 -0.00264374 0.0013649
476.833 248.542 0.00259919 0.000210661 0.0429253
759.192 405.064 0.0168271 -0.00255911 0.0212511
693.707 487.241 0.00816018 -0.00370507 0.00929854
708.365 496.063 0.000613906 -0.000442904 0.000846872
412.307 559.184 0.010385 -0.0181343 0.0417565
271.238 642.881 0.0108276 -0.00894684 0.0262229
372.706 34.7063 0.00402104 0.00574817 0.031999
458.716 115.23 0.0100171 0.000855187 0.0338911
464.571 113.255 0.00236487 0.00409313 0.0191822
143.447 113.798 0.00296166 0.00825715 0.0403263
141.507 113.993 0.00210678 0.00620855 0.0308212
134.958 115.484 0.00143984 0.00480929 0.0208365
137.189 110.046 0.000480876 0.000713838 0.00207198
356.622 161.5 0.00324053 -0.00505276 0.0470504
321.756 202.346 0.0078738 0.00717751 0.0432926
866.724 378.172 0.00176691 -0.00863451 0.0956346
211.231 388.212 0.00929194 -0.00347502 0.0212375
782.256 410.789 0.00442957 -0.0127821 0.0734131
444.422 509.716 0.0151189 -0.0083972 0.011348
446.625 569.345 0.00129176 -0.00385881 0.0195549
454.613 570.4 0.000717698 -0.00269788 0.0145492
582 668.632 0.00537257 -0.00959095 0.0254634
575.157 665.176 0.000602253 -0.00162907 0.006206
360.059 51.3235 0.0604108 0.000660091 0.00637379
710.883 126.926 0.00645436 -0.0138714 0.0599691
444.214 282.031 0.00487204 -0.00583234 0.0241592
448.5 284.179 0.00169841 -0.00169975 0.00552505
816.25 286.614 0.00483142 -0.014677 0.0797983
385.895 287.184 0.00590717 0.00720143 0.0462533
380.203 287.514 0.000946447 0.00168474 0.0362357
396.879 287.622 0.000304224 -0.000109112 0.00432711
10.6413 309.5 0.00154371 -0.00257409 0.0250005
10.5658 305.759 0.00176643 -0.000481285 0.00187133
422.455 503.736 0.0031054 -0.00625619 0.0287992
798.923 635.615 0.0116035 -0.0122702 0.0194538
690.284 78.2838 0.00523104 0.000995754 0.0656001
690.243 79.2143 0.00313296 -0.00132584 0.0138947
848.989 94.9222 0.00413368 0.014445 0.110667
855.977 93.0758 0.000872199 0.00281212 0.0217739
347.806 190.583 0.016097 0.0268283 0.0623264
339.262 191.401 0.00108722 0.00266108 0.0214214
115.905 214.857 0.00429504 0.00933396 0.0490855
77.3222 217.967 0.00461699 0.0104867 0.0769348
77.2619 217.857 0.00231346 0.00423112 0.0309391
497.208 251.875 0.00505145 -0.0016772 0.0241325
483.963 250.056 0.000629943 -0.00217533 0.0172206
144.944 308.897 0.00197411 -0.0043385 0.0480134
263.117 337.394 0.00365585 0.000622157 0.0561814
83.8846 442.423 0.00591096 -0.00687857 0.04384
697.878 450.419 0.0109413 -0.0109889 0.0451242
696.895 451.549 0.003244 0.00156899 0.0152832
753.524 498.571 0.0102425 -0.000329506 0.0142548
718.973 510.827 0.0172803 -0.0135038 0.0158356
842.278 518.144 0.00958688 -0.0171035 0.0503114
837.681 515.957 0.00464352 -0.00707618 0.0143362
832.914 512.842 0.00153639 -0.00250448 0.00575953
777.901 632.643 0.00767516 -0.00362999 0.00338962
401.793 675.983 0.0119517 -0.0318186 0.0939738
397.71 674.36 0.0081326 -0.0208976 0.0583272
394.565 673.595 0.00214725 -0.00557929 0.0192171
864.758 4.71212 0.012451 0.00135677 0.00732762
279.864 118.227 0.0100926 0.00628772 0.0538622
803.139 373.417 0.0128574 -0.00935197 0.033668
100.944 445.611 0.00532468 -0.0126298 0.0766809
103.054 445.797 0.00269257 -0.00652333 0.0475636
694.603 567.414 0.0143337 -0.0154079 0.0220935
535.788 625.958 0.00941814 -0.0107809 0.0240264
866.554 48.4459 0.0100201 0.0139504 0.0573474
252.22 89.96 0.00599028 0.00853 0.0376386
193.028 103.583 0.00758969 0.00461397 0.0219132
216.889 152.861 0.0235766 -0.00896053 0.0195571
784.733 199.523 0.00762882 0.00139832 0.0306029
525.403 205.333 0.00664465 0.000912146 0.00946131
831.318 216.864 0.00304685 -0.00329129 0.0412016
829.711 216.913 0.00156656 -0.000701772 0.0208646
422.654 407.918 0.00205058 -0.00313715 0.0272163
785.25 418.554 0.00445332 -0.0062031 0.0300463
698.725 469.5 0.0242499 -0.0147341 0.0184461
738.643 489.676 0.002953 -0.00113549 0.0126739
491.955 611.064 0.00939628 -0.0194623 0.0549952
491.977 611.151 0.00563248 -0.00962979 0.0259153
580.87 55.0652 0.0222285 -0.00376486 0.0095902
525.586 68.7586 0.00324698 -0.000816741 0.0257419
874.222 82.8889 0.0176046 -0.0183866 0.0422671
250.314 118.895 0.00694719 0.00835339 0.0420908
409.198 153.895 0.00972067 0.00672638 0.0253494
780.36 192.035 0.00236744 0.00420548 0.0962225
794.009 189.725 0.000476747 0.00144048 0.010531
715.54 195.46 0.00327037 -0.00429583 0.0419435
865.634 272.299 0.000794682 -0.000354091 0.0118641
856.158 267.425 0.000253356 0.000150361 0.00122211
449.931 346.862 0.00340316 0.00197479 0.0277554
447.109 346.773 0.0014275 0.00020997 0.0205542
434.426 337.129 0.000683168 -0.000562794 0.00110379
259.175 473.085 0.00113702 -0.0049837 0.0358699
260.42 473.394 0.000934619 -0.0033906 0.0229479
370.435 495.487 0.0033947 -0.00410404 0.0241041
369.195 494.676 0.00248196 -0.00408878 0.0149904
681.803 524.258 0.00345905 -0.000341023 0.0081919
427.413 534.312 0.00947878 -0.0203034 0.0543714
440.021 536.82 0.000872647 -0.0031311 0.016577
852.24 603.98 0.0107653 -0.0142753 0.0329654
242.597 647.917 0.00749629 -0.0135398 0.0322479
236.702 645.942 0.00413508 -0.00942924 0.0259644
762.645 24.3871 0.00575093 -0.000303423 0.0102301
762.134 24.9356 0.00508093 -0.000960181 0.00691659
522.012 40.1512 0.00799126 0.0106666 0.0346982
837.115 100.577 0.00485867 -0.00255991 0.0129548
721.18 152.86 0.00255696 0.00327692 0.0646601
258.921 262.5 0.0100808 0.0100596 0.0400384
257.375 264.663 0.00783719 0.00515169 0.00975134
805 275.091 0.0352957 -0.0141958 0.0125793
346.409 287.068 0.00332201 -0.000873767 0.0547261
529.725 450.486 0.00193818 -0.0039907 0.018515
783.909 500.977 0.0287019 -0.0255444 0.030445
259.921 627.895 0.0115129 -0.0223741 0.0632328
671.414 40.7414 0.0066555 0.00534333 0.020659
825.582 83.2123 0.0359962 -0.0106638 0.00480797
218.983 259.172 0.00299678 0.0049306 0.0352437
426.771 310.438 0.0149341 -0.00526623 0.00953335
832.775 358.725 0.0527509 -0.021514 0.0148971
515.239 356.457 0.0112313 -0.0046957 0.018322
115.074 621.819 0.0179427 -0.0390545 0.0955687
812.866 636.354 0.00694223 -0.00973611 0.0396594
438.713 85.7128 0.00574777 0.00608573 0.046253
438.275 73.245 0.00333868 6.51159e-005 0.000723144
406.16 185.564 0.00448571 0.00800011 0.035142
476.636 219.381 0.00767322 0.0171875 0.0494382
313.028 254.217 0.00294259 0.00717551 0.0523031
187.707 295.841 0.00451236 -0.00128161 0.00697459
126.132 355.941 0.00685781 -0.00606033 0.019316
139.43 356.859 0.000275227 -0.000655613 0.0132518
166.041 502.417 0.000813917 -0.00162823 0.0205769
838.573 594.354 0.0080494 -0.0263849 0.119113
830.657 591.907 0.00334711 -0.00954698 0.0339602
182.443 632.814 0.00769938 -0.00928725 0.0604047
470.348 78.2391 0.00294197 0.00251362 0.0406334
474.869 77.3468 0.00113448 0.00277257 0.0258535
478.968 67.2439 0.00173142 0.000964476 0.00140132
529.125 244.792 0.00244444 -0.00339046 0.0295817
361.72 258.646 0.00610705 -0.00619836 0.0397709
361.257 258.986 0.00420069 -0.00301484 0.0166832
384.139 435.566 0.00268098 -0.00590377 0.0467931
217.72 439.22 0.00518656 -0.00999934 0.0374206
678.957 576.157 0.0147166 0.00319326 0.0100893
288.299 636.889 0.00354759 -0.00808811 0.021032
289.338 636.276 0.00202637 -0.00393091 0.00941611
214.038 98.3654 0.00417514 0.00633109 0.0419737
210.865 95.9683 0.00272446 -0.00151838 0.00631544
796 160.306 0.00273125 -0.00379209 0.0254192
9.23835 171.116 0.00253428 -0.000942036 0.00281755
12.6956 171.345 0.00109452 0.000112247 0.000195056
123.042 309.417 0.00396263 0.00610429 0.0614265
133.654 309.587 0.000478303 0.000443378 0.0192839
20.2805 374.134 0.00723667 -0.0041247 0.0365501
21.5 373.333 0.00520165 0.00346042 0.011836
510.443 378.757 0.0116806 -0.0120779 0.0380429
366.722 402.056 0.00545124 -0.00165204 0.0467124
743.786 406.765 0.00312033 -0.00668864 0.0457046
411.968 79.4668 0.000984927 0.000275942 0.00112776
183.976 182.095 0.00577264 0.0089472 0.0515727
124.196 222.022 0.0417774 0.00756808 0.00489724
215.222 285.222 0.00466994 0.00351278 0.0474432
699.417 389.021 0.0141818 -0.00727073 0.0160237
296.523 480.663 0.00414861 -0.00775655 0.0532026
306.659 482.824 0.00142849 -0.00568016 0.0319692
416.463 624.3 0.00400937 -0.00456536 0.0157144
838.581 50.8784 0.00290363 0.000578935 0.0647356
381.253 86.2628 0.00126013 0.00076005 0.00282193
164.5 83.5278 0.00795307 0.00474832 0.0391415
269.776 176.845 0.00547572 0.00327021 0.0138799
264.099 173.782 0.0017487 -0.000837304 0.00262738
188.063 233.375 0.00731895 -0.00765414 0.0230611
463.354 313.313 0.00381815 -0.00626428 0.0462866
334.206 341.559 0.0103248 -0.00566372 0.0180665
332.24 341.05 0.00300666 -0.00238245 0.014512
332.473 338.783 0.0017509 -0.000788209 0.00365679
565.62 421.26 0.00278439 -0.00720629 0.0713606
477.72 513.833 0.000908485 -0.00120809 0.0076966
144.875 545.625 0.0107365 -0.0281176 0.0987101
141.511 544.005 0.00432393 -0.00962559 0.0263411
529.74 589.38 0.00327086 -0.00616493 0.0244211
522.735 587.255 0.00108588 -0.00274217 0.00932802
705.16 611.096 0.00556443 -0.00926336 0.0444375
568.893 630.293 0.00447241 -0.00725113 0.0139983
135.136 673.273 0.0213876 -0.0351311 0.0682266
137.5 674.057 0.0111654 -0.0212908 0.0455355
707.106 23.803 0.00676136 0.0157851 0.0915317
179.72 79.3049 0.00284678 0.00327166 0.0251398
179.541 78.5984 0.00258384 0.000613775 0.0104084
338.203 254.446 0.00664459 -0.00453219 0.0503091
197.822 256.833 0.00287477 -0.00443661 0.0239147
217.01 263.714 0.000542837 -0.000756944 0.00184361
174.927 272.833 0.00692828 0.000384179 0.00181803
297.418 291.357 0.00502625 -0.00261303 0.0268616
14.6224 353.408 0.00202732 -0.000734277 0.0158774
12.6089 358.642 0.00198898 0.000700006 0.00150516
104.942 376.57 0.00960292 -0.0160709 0.0526441
771.061 425.793 0.0124939 -0.00845541 0.0251493
161.441 617.618 0.0149216 -0.0156783 0.0443011
191.339 674.177 0.0156669 -0.0235714 0.06051
197.597 675.328 0.00238054 -0.00443257 0.019325
527.658 55.0658 0.0124699 0.00523094 0.00660469
514.818 51.8329 0.000637274 0.000239455 0.00123944
35.6667 88.4444 0.0038789 -0.0130689 0.121917
166.316 357.211 0.00576156 -0.0149579 0.0893838
188.814 460.167 0.00381371 -0.00515391 0.0541291
793.737 485.079 0.0639938 -0.00740886 0.00545664
721.81 604.471 0.00627361 -0.00235086 0.00149313
749.955 627.727 0.00716438 -0.0106891 0.0505854
374.085 132.159 0.0152534 0.00228861 0.0110815
470.865 144.154 0.00268617 0.00011531 0.0122183
72.2949 176.603 0.0108829 -0.00814248 0.0203599
377.679 249.5 0.00194468 0.00329341 0.0479163
368.812 249.112 0.0006267 -0.001577 0.0140629
298.158 257.788 0.00381135 -0.0141221 0.0661923
357.605 310.763 0.0239367 -0.00338265 0.0139314
174.646 383.354 0.00608614 -0.0169868 0.083739
283.942 393.384 0.00497106 -0.0119775 0.0708501
286.316 392.248 0.00193617 -0.00151805 0.00760196
523.036 417.232 0.00294489 -0.00962364 0.0688228
210.9 464.567 0.00316957 -0.0113733 0.0713643
568.551 510.603 0.00971867 -0.00578007 0.0101555
573.692 514.531 0.0038499 -0.0017295 0.00338554
294.339 667.929 0.00291933 -0.00461965 0.0469116
107.567 141.767 0.00888717 -0.00547886 0.0160153
107.968 138.649 0.00530643 -0.00081495 0.0045476
108.202 137.16 0.00507778 -0.000849809 0.00251628
265.353 314.735 0.0106631 0.00215938 0.0232988
264.331 317.669 0.0121435 0.0031476 0.0058398
310.976 317.776 0.00270769 -0.0001786 0.00540973
231.13 468.826 0.00429083 -0.000294408 0.0261703
126.474 471.974 0.0125032 -0.0157239 0.046568
129.473 472.18 0.00301056 -0.00604133 0.0263033
483.792 547.454 0.0224017 -0.0225343 0.0263136
257.75 175.05 0.00813274 -0.00166766 0.0196868
221.797 177.257 0.0178058 -0.010304 0.0175314
212.958 182.333 0.0113739 -0.000229071 0.00788552
187.861 335.083 0.00526887 0.000395395 0.0471501
193.195 327.565 0.00292229 0.000384521 0.00138996
725.058 403.221 0.00981181 -0.0156132 0.0432227
379.515 553.828 0.0169675 -0.0153915 0.0167867
487.794 142.265 0.00647863 -0.0017561 0.0406075
492.316 135.798 0.00424109 0.00128727 0.00201747
137.619 148.024 0.0140364 0.0129657 0.0213524
258.063 445.604 0.0021486 -0.00312494 0.0121307
246.339 442.972 0.000304276 -0.000640496 0.00385971
370.912 90.4412 0.0127784 -0.00670749 0.0138339
65.5896 184.381 0.00632778 -0.00230535 0.0102157
64.5234 186.594 0.00560601 0.00076106 0.00413651
432.197 184.409 0.00496349 -0.000298029 0.0400841
507.207 217.543 0.0042712 -0.00307934 0.00721358
509.716 221.386 0.00402432 -0.00282586 0.00370901
223.689 297.764 0.00623817 -0.00358553 0.0158217
205.288 314.742 0.0293575 0.0204343 0.0236492
238.137 333.181 0.00400065 0.00279005 0.00805256
832.373 456.009 0.0234673 -0.0110044 0.00785772
261.167 497.096 0.0100925 -0.0165887 0.0377918
264.103 495.921 0.00209901 -0.000897573 0.00860761
198.393 509.625 0.00445689 0.00256633 0.0314456
787.9 540.078 0.0130172 -0.0131351 0.0268589
666.427 22.5732 0.035639 -0.00580396 0.00754623
485.887 102.297 0.000150602 -1.96439e-005 0.000466354
305.343 137.618 0.00650108 0.00926618 0.0311606
778.667 541.917 0.0424723 -0.0200638 0.0120686
539.571 556.071 0.00605636 0.00117588 0.0348654
83.5 570.28 0.0175243 -0.0219985 0.0419756
564.873 140.898 0.00451729 0.0042374 0.00881034
267.407 201.611 0.00389968 0.00336386 0.0281196
266.957 200.914 0.00114091 0.00121711 0.00484259
10.3072 221.054 0.00246903 0.000401103 0.00498958
9.478 229.27 0.00165977 4.26318e-005 0.000598973
555.21 245.457 0.00540249 -0.00846715 0.0185255
252.258 283.521 0.00545974 -0.00231709 0.00735493
137.1 332.047 0.00301039 -0.000869822 0.00976259
424.833 470.802 0.00695431 -0.0055698 0.00998709
16.6591 483.25 0.00799241 -0.0150872 0.0446643
25 495 0.00243882 -0.00159763 0.00170076
5.21795 523.679 0.00626779 -0.0100397 0.039748
496.678 550.144 0.0304356 -0.0196387 0.0210409
796.77 588.878 0.0377054 -0.0346406 0.0381816
96.6176 655.971 0.0221822 -0.0366936 0.0797899
103.256 658.895 0.00994445 -0.0207513 0.0482167
213.697 223.43 0.00150285 -0.000184606 0.00422885
340.447 402.5 0.00621624 0.00197721 0.0349662
534.912 484.488 0.00655709 -0.000209005 0.00365518
505.037 582.963 0.00538369 -0.0071197 0.0204476
496.957 673.426 0.00712344 -0.0117326 0.0230046
787.795 3.85897 0.00147032 0.000564512 0.012799
739.022 130.341 0.011292 0.00468863 0.00668063
415.676 196.853 0.0309657 -0.027684 0.036783
416.914 198.357 0.0139412 -0.0134075 0.0186177
839.108 206.595 0.0011268 -0.000709228 0.0136041
104.713 260.649 0.00435899 -0.00125079 0.030998
291.553 313.079 0.0021597 0.000284816 0.00948354
713.136 431.932 0.0153027 -0.00491692 0.0144026
198.218 436.654 0.00416894 -0.011789 0.0909243
194.675 433.448 0.00404944 -0.00407463 0.00826715
367.62 458 0.00167499 0.00092005 0.00443784
315.529 484.157 0.00601957 -0.0146737 0.0650132
668.883 60.4574 0.0252384 -0.001858 0.00618312
493.907 117.574 0.0166342 -0.011478 0.015622
144.008 231.9 0.00924722 -0.00271464 0.00591976
144.264 225.556 0.00281157 -0.000164378 0.00157359
240.982 248.972 0.00232616 -0.000558022 0.00234236
249.075 245.156 0.000616778 0.000230501 0.00128942
251.954 243.515 0.000462118 2.60482e-006 0.000691621
116.139 403.123 0.00717782 -0.00718222 0.0151391
356.89 433.085 0.0150481 -0.0173699 0.0287849
260.245 439.16 0.00523389 0.00202975 0.0332565
759.684 491.214 0.00702271 -0.00140706 0.00736967
330.305 651.159 0.0118749 -0.0334323 0.11502
244.049 668.284 0.0148057 -0.0106643 0.0130576
184.469 263.422 0.00380709 -0.00859204 0.0332826
130.832 258.864 0.00106822 0.00105942 0.00988369
93.0962 272.712 0.0150023 0.00812189 0.0104945
195.524 309.976 0.00683208 -0.0138472 0.0554159
786.047 46.6333 0.00414796 -0.00607034 0.0175176
496.179 305.024 0.0070966 -0.000720817 0.00726546
124.833 399.972 0.0127506 -0.0107619 0.0233264
122.354 589.656 0.00205324 -0.000155442 0.0026389
303.072 6.31095 0.00215043 1.06883e-005 0.00341975
468.618 124.059 0.0437216 -0.00298629 0.00583735
93.3627 146.578 0.00843322 0.0074403 0.0197392
240.833 182.357 0.00179558 0.000714242 0.00819448
4.64634 331.305 0.00879786 -0.00178156 0.0324499
3.96154 334.103 0.00880915 0.00227129 0.00408984
86.1889 374.567 0.0136044 -0.0191196 0.0426225
393.102 403.03 0.00193417 -0.00260396 0.0201541
525.8 460.891 0.00338363 -0.00802119 0.0295698
202.379 608.863 0.0027487 -0.00589937 0.0189777
485.786 646.69 0.0122585 -0.00571122 0.016929
840.84 18.2872 0.0352448 -0.0133762 0.0110255
877.694 38.9167 0.0362417 -0.0067722 0.0132495
825.5 125.952 0.0103916 -0.00175304 0.0155658
55.939 133.402 0.0118569 0.0147144 0.0332436
187.117 216.599 0.00308579 0.00102141 0.0115891
65.454 240.339 0.00739864 -0.002449 0.00506201
93.6628 252.826 0.0131756 -0.00653375 0.0171631
479.888 339.663 0.00724081 -0.00413967 0.00520834
481.935 332.627 0.00240446 -0.000321324 0.00110783
443.367 143.908 0.00337401 -0.00234907 0.0122353
549.705 322.886 0.00392035 0.00230058 0.0242479
821.563 359.729 0.020485 -0.000722278 0.0102826
233.115 385.256 0.00404115 -0.00367095 0.00671333
139.203 629.203 0.0260558 -0.0237635 0.0343224
455.643 223.333 0.00712873 0.00494183 0.0191131
158.167 431.038 0.0075897 -0.00429198 0.0236334
158.065 478.609 0.0105842 -0.0140716 0.0389134
2.52381 492.048 0.0336661 -0.00811725 0.0112032
379.132 563.921 0.0130688 -0.00040869 0.00836282
559.426 595.519 0.029063 -0.0181504 0.0159366
559.113 675.94 0.00692239 -0.00364868 0.0130645
232.452 131.74 0.00620559 0.00408001 0.00812795
534.31 216.429 0.0139684 0.000204217 0.0107486
330.159 274.733 0.00456495 -0.00443809 0.00647874
203.691 356.049 0.00207025 -0.00106635 0.00308531
123.158 424.658 0.0131197 -0.0199052 0.0538982
122.375 421.688 0.0100803 -0.00321956 0.00503198
555.485 465.784 0.00509883 0.00582563 0.0234601
472.578 469.951 0.0747118 -0.00997847 0.00341758
823.557 488.9 0.021471 -0.0111575 0.0227139
524.244 649.151 0.0262392 -0.0133436 0.01601
278.561 101.398 0.0450997 -0.00981553 0.00498093
285.256 104.607 0.00119748 -0.00112766 0.00276076
93.5909 180.327 0.00500292 0.00251806 0.00932827
163.256 232.524 0.0113478 -0.00431053 0.0163313
2.91026 244.013 0.016126 0.00347743 0.0126405
269.45 255.1 0.00473776 0.00535235 0.0532759
155.394 258.117 0.0064381 -0.000183889 0.0205439
284.849 277.593 0.0193529 -0.014415 0.0213507
248.024 395.286 0.0137025 -0.0113886 0.0229566
760.361 393.5 0.030685 0.00727075 0.0107589
76.6842 390.263 0.0800835 -0.0111157 0.00454907
77.3953 386.965 0.0159581 0.00100069 0.00176663
98.5784 398.343 0.0052459 -0.00141636 0.0192439
439.167 418.633 0.000840201 0.0015356 0.0418962
336.943 571.975 0.0101375 -0.0211612 0.0554418
815.897 623.706 0.0247142 -0.00402571 0.00347633
150.425 632.75 0.0138768 -0.0172751 0.0376519
477.903 677.742 0.00339445 -0.0015706 0.0279125
815.643 18.9156 0.00193893 0.00116864 0.012613
499.694 162.944 0.0107433 0.00141754 0.00562328
94.701 231.319 0.00496647 -0.000123656 0.00174315
309.525 250.288 0.000293354 -1.83457e-006 0.000287744
154.248 320.961 0.00617 -0.00283449 0.00520808
780.573 594.793 0.0152216 -0.00233304 0.0159917
16.8623 661.268 0.013881 -0.0252283 0.0506432
727.709 9.78872 0.000250665 0.000230413 0.00180819
741.185 9.34809 9.95018e-005 0.00020072 0.00189903
181.988 5.61628 0.0296107 0.00940441 0.00712146
347.65 145.435 0.00720238 -0.00403709 0.00646499
349.195 145.622 0.00382946 -0.00190458 0.00511861
329.313 425.146 0.00994444 -0.0139027 0.0358319
373.523 615.318 0.0091485 0.000157005 0.0167493
531.691 672.926 0.0443495 0.00263273 0.00365579
566.52 321.971 0.0035539 0.00189136 0.035297
101.452 331.643 0.00504074 -0.00240844 0.0574295
152.296 403.778 0.0036867 -0.000316409 0.0137839
574.444 468.007 0.00342259 -0.00461022 0.0277865
290.192 237.523 0.00475575 -0.00255959 0.00396372
80.1364 305.727 0.00621113 -0.00514612 0.0294022
484.3 445.04 0.0095938 -0.00929736 0.0224459
26 525.293 0.00630676 -0.00966635 0.0261313
22.8633 522.504 0.00198369 -0.0010686 0.0026406
508.777 610.9 0.00505784 -0.00110738 0.010373
393.509 171.853 0.000318658 5.76628e-005 0.00286619
389.49 174.392 0.000278113 5.21041e-005 0.000639942
285.066 185.059 0.00640804 0.000282992 0.00170419
291.495 179.954 0.00140262 0.000819642 0.00143217
451.604 461.229 0.00667792 -0.00539573 0.0154103
14.125 501.229 0.00805269 -0.00504164 0.0193308
216.417 521.361 0.00640708 -0.0046005 0.0412424
76.0104 146.719 0.00637599 -0.0027037 0.00838931
435.879 232.091 0.0252066 -0.00101805 0.00490864
436.439 231.868 0.00761462 0.000110737 0.00407764
529.598 254.232 0.00673628 0.00487259 0.0349796
80.1957 350.391 0.002376 0.00260805 0.0369712
279.564 522.117 0.0146358 0.000148024 0.0160514
278.683 521.965 0.0023227 -0.000908482 0.00694328
279.58 523.212 0.00182811 -0.00180039 0.00392419
516.731 535.375 0.0144175 0.00101661 0.00205578
517.016 535.41 0.0104687 0.00053685 0.0014239
510.157 256.122 0.0068055 0.00139422 0.00117306
527.628 341.096 0.0147284 -0.00486676 0.00806084
191.595 381.378 0.00925974 -0.00881622 0.015975
868.226 434.095 0.00940863 -0.00220142 0.00775409
572.676 489.125 0.0061052 -0.00220611 0.00252369
718.283 545.978 0.00986261 -0.00326603 0.020598
267.41 102.246 0.00933327 -0.000258099 0.00232417
185.424 194.508 0.000954935 0.000897656 0.00363582
10.3394 267.252 0.00222256 0.00125259 0.00524361
193.217 277.142 0.00975636 0.00192907 0.00697208
190.898 278.721 0.00476063 0.00273215 0.0062486
69.45 282.65 0.0176159 0.00902058 0.0108833
165.224 339.603 0.0101322 0.00178077 0.00795723
821.786 382.833 0.00783821 0.00627536 0.0170562
471.544 426.399 0.0022431 -5.02716e-005 0.00155686
305.344 450.656 0.0133721 -0.0120531 0.0205738
455.831 650.978 0.0096747 -0.00345606 0.00340891
449.948 202.09 0.0013927 0.000325438 0.00580959
412.655 307.833 0.00357106 0.00233208 0.00426067
394.415 44.2094 0.00758613 0.00272059 0.00418591
249.176 351.441 0.0304055 -0.0225744 0.0303199
79.2292 505.104 0.0099149 -0.0105599 0.0300581
687.438 15.0432 0.00745594 -0.00207216 0.00288348
75.474 119.786 0.00216933 9.73157e-005 0.00257848
182.737 240.289 0.00772213 -0.00950382 0.0271707
515.245 321.956 0.000985398 -0.000209755 0.00682535
141.833 452.268 0.00217257 -0.00741309 0.0392332
148.607 129.397 0.00114786 0.000243926 0.00293007
148.699 129.119 0.00092821 0.000127938 0.0022163
9.46875 133.531 0.00588778 0.00629594 0.0215873
8.34865 129.803 0.00253168 -9.32403e-006 0.0029418
173.476 110.667 0.0262476 -0.0090075 0.00735712
223.656 115.344 0.00429259 0.0030025 0.00810555
223.524 112.861 0.0019685 0.000229602 0.00171462
134.455 269.307 0.00363729 0.00206738 0.00967519
131.764 272.894 0.00188684 -1.48983e-005 0.00193326
118.117 331.585 0.00586546 -0.00533872 0.0376526
336.303 443.197 0.00155033 -0.000210893 0.00217063
453.489 672.194 0.00296085 -0.00107737 0.00311513
323.41 306.608 0.00199495 -0.00132305 0.00358534
146.265 379.01 0.00205887 0.0035346 0.0509656
34.1154 479.654 0.0288511 -0.0153794 0.0180936
360.89 217.841 0.0147503 -0.00214076 0.0102184
358.736 215.741 0.00149518 -0.000131628 0.0032163
394.929 485.232 0.0300929 -0.000145379 0.00109663
217.235 136.42 0.00215576 -0.00062844 0.00309195
79.7353 238.076 0.00564745 0.00380195 0.0142653
386.197 358.399 0.0190263 -0.00735688 0.00470162
399.087 447.37 0.0149756 -0.00707554 0.0121337
509.112 641.296 0.00327756 -0.000576457 0.00321886
295.244 183.244 0.0237069 -0.00480676 0.00988042
268.026 241.842 0.0490169 0.00117294 0.00727512
159.107 596.265 0.00102177 -6.20876e-005 0.000682673
525.014 669.965 0.002661 -0.000817217 0.0018327
192.745 206.833 0.00105855 0.00237556 0.0260854
763.716 467.657 0.0439051 -0.0128507 0.0077607
287.963 511.463 0.00574185 -0.0115946 0.0326235
304.934 524.959 0.00430243 0.000702392 0.00648763
194.84 528.66 0.0210678 -0.00584859 0.00849346
180.104 529.833 0.00717848 -0.0121292 0.0398906
79.8878 548.867 0.00664231 -0.0032833 0.0260309
121.04 158.449 0.00505118 0.00172999 0.00515173
381.387 227.572 0.00508958 -0.000475144 0.00421223
449.455 385.761 0.00414478 0.00430192 0.0178041
164.378 165.908 0.00370686 -0.00160354 0.0203351
424.888 218.459 0.0169135 -0.00253156 0.00831282
485.095 124.905 0.0360465 -0.00660072 0.00808729
242.313 405.176 0.000446529 -0.000223307 0.00150173
212.212 563.678 0.00546373 -0.00946219 0.0280625
429.554 6.69231 0.0060565 0.00199708 0.00446766
372.78 44.4867 0.00464807 0.00163253 0.0154432
384.419 90.8243 0.00688572 3.04128e-006 0.0377912
218.375 241.538 0.00599096 -0.00208022 0.0125832
175.2 251.843 0.00687227 -0.00852654 0.0182329
258.273 305.318 0.0143125 0.0108305 0.0140441
224.811 398.389 0.0238877 -0.00482209 0.00829392
354.026 580.816 0.0137421 -0.0106279 0.0291673
155.75 277.846 0.0275503 0.000380095 0.00528034
219.063 330.134 0.0112428 -0.00295527 0.00618579
227.068 345.568 0.00472847 0.00128374 0.0231773
250.643 111.421 0.00571146 0.000624041 0.00178233
248.451 109.126 0.00247081 -2.39941e-005 0.00143097
380.941 208.9 0.00203834 -0.000996315 0.00166068
241.972 307.722 0.00450935 0.00216405 0.0257036
188.991 353.132 0.015413 0.00360898 0.00311993
169.757 395.73 0.00531544 0.000492661 0.00497952
318.662 468.16 0.000900944 -0.000791291 0.00285254
235.167 489.45 0.0168909 -0.00271088 0.00410489
388.189 509.264 0.00345429 -0.000168735 0.00525481
288.711 544.275 0.00176255 0.00041145 0.00302496
119.554 133.878 0.0662956 0.00091832 0.00475353
361.624 596.454 0.00250879 0.000210923 0.00388074
145.417 436.542 0.0111299 -0.00368661 0.00903533
107.75 521.432 0.0223367 -0.0105949 0.0159182
128.622 178.275 0.00234065 0.000614725 0.00170023
286.089 596.089 0.0318855 0.000672916 0.00345834
62.3313 145.94 0.00898217 0.00149104 0.00226023
11.7713 147.926 0.00860353 0.0011746 0.00321863
477.188 241.188 0.00956872 0.00206745 0.0163777
74.0417 477.438 0.0203749 -0.00260181 0.010792
463.086 261.5 0.0176211 -0.0049147 0.00761179
160.122 292.595 0.00520978 -0.000773722 0.0131613
156.092 294.107 0.00135705 -0.000266529 0.0050904
155.425 295.615 0.00124494 -0.00101932 0.00295533
70.4697 161.727 0.010727 -0.00148023 0.00903552
346.316 595.026 0.0363533 -0.00549617 0.0106191
130.417 606.083 0.00539338 -0.00274274 0.0184726
201.988 445.329 0.013275 0.00483933 0.0182728
239.553 348.43 0.0243797 -0.00471051 0.00488406
241.814 538.213 0.00232281 -0.000795243 0.00250867
178.06 479.236 0.00306746 -0.00236502 0.00827732
340.66 230.858 0.00309702 0.00064387 0.0169323
293.711 379.377 0.0383736 -0.00555167 0.00374038
162.963 270.963 0.0280347 -0.00878283 0.00653547
350.57 79.8488 0.0129609 0.00587263 0.0216739
64.9261 619.378 0.00338331 -0.000934243 0.00734709
234.372 317.885 0.0144936 -0.0035997 0.0211255
64.525 316.888 0.0125411 -0.00338499 0.00455888
347.871 554.414 0.0212221 -0.000219651 0.020321
258.295 531.372 0.00953764 -0.000205555 0.0266121
227.574 533.784 0.018751 -0.00047141 0.00139082
69.0625 662.338 0.0204543 -0.000745366 0.00351014
45.6522 383 0.0158866 -0.000874771 0.0109659
49.3864 384.061 0.00353565 -0.000372801 0.00488793
53.6385 362.238 0.0187327 -0.00468093 0.00467796
20.2391 67.0507 0.00905952 -0.00378961 0.0139482
20.2179 67.0256 0.00757756 -0.00224764 0.0122752
28.5469 69.7551 0.000801173 -2.2271e-006 0.00297444
30.005 71.6564 0.000707667 -0.000210419 0.00176453
30.5 73.4112 0.00064893 -0.000164795 0.00145864
686.962 159.628 0.00294801 -0.00311163 0.0255225
695.774 161.137 0.000836939 -0.000890072 0.004626
37.7667 67.9444 0.010576 0.00528169 0.019907
37.7895 67.7763 0.00583448 0.0040236 0.0157696
25.5222 135.389 0.00590742 -0.00852827 0.050219
29.5367 134.885 0.00173044 -0.00170403 0.0250967
29.7824 126.546 0.00150933 -2.47307e-005 0.00107068
31.4155 126.542 0.00088503 9.75678e-005 0.00116886
376.184 609.947 0.0145914 -0.0155235 0.0388027
375.384 609.616 0.00606144 -0.00991167 0.0236111
64.5185 439.148 0.0215241 -0.00820451 0.00725928
288.446 507.257 0.00740027 -0.0148932 0.0699166
293.283 508.359 0.00307564 -0.00707276 0.0332347
41.5333 201.217 0.00427484 0.00309994 0.0258057
792.556 358.861 0.0179164 0.00418374 0.0241
51.745 333.672 0.000750069 -0.000507333 0.00440735
53.9253 334.239 0.000866135 -0.000100046 0.000789229
410.118 343.464 0.00740104 -0.00680923 0.0255213
411.368 341.818 0.00271767 -0.00174999 0.00392954
730.25 493.583 0.00968339 -0.0112572 0.0253585
4.66667 140.333 0.00769983 0.00227194 0.010327
31.6389 377.583 0.00683361 -0.00433825 0.0479802
55.7895 277.368 0.0372312 -0.00240559 0.00847391
35.3933 289.3 0.00167717 0.0028755 0.0393337
392.238 346.828 0.0163468 0.00472422 0.00752915
390.286 346.827 0.00308502 0.000202705 0.00503497
387.384 348.188 0.00136245 -0.000362918 0.00136433
314.72 399.72 0.0051783 0.00132933 0.0474105
461.983 84.6333 0.00530936 0.000855384 0.0265587
450.045 87.7022 0.000330726 0.000885847 0.0045543
731.762 241.571 0.0180277 0.0114245 0.0214841
708.104 280.142 0.0195167 -0.0099865 0.014399
708.678 279.015 0.00892217 -0.00198205 0.00646573
704.142 280.304 0.00178245 0.00121204 0.00406546
706.011 283.974 0.000412446 -0.000140689 0.00148846
706.089 288.585 0.000326431 -7.62996e-005 0.000857083
442.196 600.714 0.00253848 -0.00203736 0.0134557
702.922 184.433 0.034249 -0.0117848 0.0109056
223.762 315.405 0.0115609 0.00761081 0.0244377
226.707 319.023 0.00136753 -0.00052436 0.00215707
152.628 408.585 0.0026843 -0.00163428 0.0487001
404.068 614.257 0.0213553 -0.00799284 0.0192889
107.643 169.464 0.00415104 -0.000883427 0.0191484
105.671 170.043 0.00198798 0.00178796 0.0129853
100.493 172.628 0.000675495 0.00071579 0.00332516
342.969 547.667 0.00251936 -0.00473507 0.0242316
514.321 73.6667 0.00625979 -0.00241014 0.010537
69.8333 536.654 0.0550037 -0.00507935 0.00624065
37.3915 94.1124 0.00144099 -0.00205603 0.0074903
33.5588 99.263 0.00060872 6.79019e-005 0.00200893
759.864 203.25 0.01907 0.00184286 0.0158105
52.6757 218.081 0.0173766 -0.00392196 0.00519081
46.6205 216.016 0.000847355 -9.75901e-005 5.27131e-005
43.9359 228.366 0.000492261 -4.16723e-006 2.79927e-005
42.7167 228.03 0.000450692 -1.1327e-006 2.81983e-005
61.1737 392.353 0.0161878 -3.32434e-005 0.00189591
56.7488 392.654 0.000843121 -0.000279712 0.00034436
453.918 498.157 0.0479909 -0.000867534 0.00220272
453.063 497.595 0.0120692 0.000813918 0.00102265
65.2073 548.793 0.00729574 -0.00296344 0.0149877
533.574 38.5556 0.00758382 -0.00159295 0.00900326
531.599 38.0385 0.00350423 -0.00260611 0.00791119
33.0529 158.1 0.000972666 -0.00203818 0.051084
472.4 183.5 0.00844072 0.00452181 0.0406877
242.053 203.842 0.0135815 -0.00443343 0.0230934
239.753 205.18 0.00372285 0.00287693 0.0115133
823.005 280.335 0.00309095 -0.00146818 0.016426
825.661 279.89 0.00104389 -0.000936418 0.00471385
707.478 325.043 0.016714 -0.0147897 0.025965
180.767 351.014 0.00395251 -0.000973801 0.00518133
281.974 377.342 0.0380439 -0.0228952 0.022194
64.4134 479.252 0.00336731 -0.000329836 0.00024684
442.603 616.038 0.0162053 -0.00277486 0.0166237
36.4625 268.175 0.00196653 -0.00225202 0.0358642
354.134 285.134 0.00607298 -0.00657078 0.0112863
350.702 277.511 0.00486967 -0.00254288 0.00184403
341.156 459.172 0.00166548 -0.00122353 0.0146871
336.366 459.408 0.000722699 -0.000160353 0.00143944
345.463 591.887 0.00437972 -0.000225909 0.000601954
480.421 272.645 0.00260897 -0.000792868 0.00248815
481.203 271.504 0.0020348 -0.000425386 0.00183844
135.808 429.115 0.00395918 -0.00846841 0.0433774
211.265 515.794 0.00874518 0.0050484 0.0472848
353.681 567.457 0.023391 -0.00109416 0.00154698
348.744 558.359 0.00259903 -0.0011494 0.00105165
349.805 573.005 0.000434037 -7.60889e-005 0.000141303
343.432 659.682 0.0126445 -0.012309 0.0318794
342.277 659.809 0.0055591 -0.00861538 0.0223093
695.558 11.4612 0.0217376 -0.00274005 0.00159141
691.089 8.89713 0.0012305 -0.000827509 0.00167953
106.548 19.129 0.00432024 0.00237592 0.0173433
104.903 25.9369 0.00312474 0.00055433 0.00135519
84.3533 131.247 0.00492008 0.00175111 0.00279898
344.908 264.52 0.0288267 -0.00696429 0.00448941
152.114 303.659 0.00651984 0.00234007 0.0296197
506.394 418.67 0.00454353 -0.00143736 0.0378489
449.222 631.417 0.0132501 -0.020712 0.058017
445.371 628.841 0.00925259 -0.0133189 0.0244838
309.354 98.3542 0.0510214 -0.00760292 0.0037785
747.679 208.821 0.000687631 -0.000230613 0.00100761
748.491 224.651 0.000307626 -2.06542e-005 0.000140789
365.794 311.441 0.00866004 -0.0101563 0.0428356
399.585 314.314 0.00596501 -0.00648191 0.0282525
184.483 375.862 0.0305056 -0.00166468 0.00225602
323.833 455.363 0.0131694 0.00244697 0.00753345
416.808 572.808 0.0536433 -0.00331267 0.00459205
323.895 579.921 0.0286987 -0.00669372 0.015177
75.0075 627.224 0.0223097 0.00205428 0.00104201
428.393 657.875 0.0105073 -0.0136566 0.0297448
432.601 660.442 0.00163476 -0.00102122 0.00361198
434.783 661.55 0.000596194 0.000173141 0.00190539
129.815 285.407 0.00202653 0.000749864 0.0365533
132.818 284.513 0.00019378 -0.000454461 0.00767238
497.17 320.196 0.00282373 -0.00255509 0.00673799
90.0091 399.991 0.00933656 -0.0152597 0.0330798
438.517 472.093 0.030779 -0.00442986 0.00380783
65.8226 552.472 0.00117766 -0.000151641 0.000124456
251.833 601.19 0.0116428 -0.016577 0.0397585
514.925 619.325 0.0222457 -0.00485653 0.0147134
803.91 54.0641 0.0104562 -0.00196747 0.0245422
178.201 158.978 0.0040012 -0.00385471 0.0264347
176.583 158.986 0.000870006 0.00118827 0.0121531
806.458 194.417 0.00224777 0.00357856 0.0433541
810.99 193.745 0.000798958 0.00272482 0.0304631
818.739 193.293 0.000386917 0.00170498 0.0212003
824.617 194.873 0.000155739 -0.000121819 0.00523513
110.636 364.568 0.00737601 -0.00228041 0.00173174
329.056 373.106 0.00509776 0.00215229 0.00237358
324.369 383.002 0.00391755 0.00206567 0.00145148
326.866 383.68 0.00122734 0.000565752 0.000614712
151.675 386.179 0.000660688 0.000606518 0.00296112
274.818 395.364 0.00791839 -0.00859812 0.0306791
192.939 534.329 0.0119445 -0.00772826 0.0156233
366.614 582.071 0.0160556 -0.00443845 0.0215781
371.48 583.45 0.00286959 -0.00320467 0.0148385
264.7 604 0.0301353 -0.0268198 0.0312365
479.833 611.14 0.00482339 -0.00668247 0.0203783
270.606 634.457 0.0162375 -0.0140116 0.0233963
790.486 11.7029 0.00382749 -2.17009e-005 0.00763409
788.04 12.9787 0.00126419 0.00147081 0.0062551
27.6277 201.138 0.0105074 0.00343278 0.0189496
421.76 234.698 0.0038663 -0.00279065 0.00824638
421.284 234.746 0.00353062 -0.00247601 0.00615286
571.556 316.472 0.0130329 -0.000801182 0.0341545
790.786 325.325 0.00269931 0.00031901 0.0392834
795.281 325.315 0.000818026 0.000243247 0.019278
766.611 396.678 0.0216023 -9.58846e-006 0.0112353
240.527 451.635 0.0159537 0.00454442 0.00876844
247.125 456.931 0.00248393 -0.00121005 0.00201866
183.044 510.996 0.00440816 -0.00105896 0.00179239
186.466 514.66 0.00292919 -0.000924154 0.000552589
840.5 539.114 0.0173763 -0.00219133 0.0131209
71.8902 562.134 0.0449397 0.00083788 0.00588042
247.316 68.7895 0.0130675 0.01158 0.0244848
243.842 69.8816 0.00478707 0.00750233 0.0202662
242.475 77.2044 0.00132762 0.00056521 0.00116705
819.048 77.9524 0.0269946 0.00116189 0.00738436
818.689 81.9234 0.0171538 -0.000410986 0.00216546
394.262 94.9048 0.00995624 -0.00821767 0.022826
382.843 121.829 0.0182943 -0.0026349 0.00204599
382.517 116.929 0.00588534 -0.000472926 0.00055552
297.133 145.01 0.00435828 0.00192183 0.0201902
766.066 153.562 0.00223612 -0.00104615 0.00476378
754.583 154.284 0.000320834 0.000333424 0.00509928
729.708 159.534 8.73357e-005 0.000158962 0.000983805
732.343 155.035 9.27113e-005 9.21526e-005 0.000306462
705.141 162.295 0.00683314 0.000900578 0.00662548
445.3 186.9 0.00746904 -0.0088815 0.0389272
450.076 187.614 0.00172023 -0.000169574 0.00706622
164.536 187.114 0.000935579 0.000930681 0.0378267
205.675 195.3 0.0763574 0.00169064 0.00337195
206.43 197.05 0.0290051 -0.00314623 0.00116418
359.3 239.26 0.0081797 -0.00462336 0.00828179
541.079 325.096 0.0328768 0.0059323 0.00337704
543.136 321.661 0.00546839 0.00262631 0.00279595
63.5192 410.519 0.0361328 -0.00341405 0.00426048
492.205 421.955 0.0259996 0.00514421 0.00816855
675.476 446.988 0.0106311 -0.0104348 0.0320209
677.707 447.521 0.0015712 0.000627831 0.00889197
207.563 451.563 0.020197 -0.000143808 0.00488023
208.746 451.737 0.00648373 -0.00117301 0.00355712
293.85 461.683 0.00975775 -0.00461394 0.0170636
470.32 477.992 0.0121567 -0.00296495 0.00340737
384.851 572.693 0.0406079 7.0999e-005 0.00334951
512.936 626.449 0.0117329 -0.00577195 0.0308093
507.92 626.432 0.00200545 -0.00156125 0.01029
462.354 626.376 0.00820685 -0.00100943 0.00107257
551.225 668.6 0.0595949 -0.00759716 0.00454536
56.7254 35.6549 0.00372355 0.00389224 0.0150739
690.718 71.9091 0.00110147 0.00220017 0.0291466
687.522 73.3152 0.000487312 0.00161034 0.0134637
367.307 146.892 0.00113176 -0.000501089 0.000581184
842.289 147.5 0.00171569 0.00551925 0.0402324
845.634 149.75 0.000867952 -0.000617018 0.00565343
162.929 160.614 0.00499446 -0.00179804 0.052167
236.4 176.45 0.00852559 0.00917662 0.0372796
234.281 176.774 0.00285164 0.00245914 0.0237846
662.386 265.449 0.0140289 0.000253923 0.00267585
453.214 275.238 0.0245973 -0.00159515 0.00826528
876.7 283.329 0.0175735 0.000386287 0.0267218
277.457 312.413 0.00172512 -0.00128198 0.0444131
764.663 316.52 0.0598423 -0.00804304 0.00390343
761.101 315.029 0.0019569 0.000297374 0.000593839
761.641 308.551 0.00175619 0.000172968 0.000274261
686.212 365.093 0.00450322 -0.00056925 0.0273557
322.738 513.964 0.00188124 0.000283408 0.00684416
339.505 517.152 0.000304693 -0.000531751 0.002812
409.587 517.326 0.0822645 -0.00165564 0.00220077
409.813 519.49 0.0474689 -0.000864125 0.000908722
752.68 544.91 0.0031393 -0.00413014 0.0259489
745.88 541.817 0.00150383 -0.00240075 0.00601264
474.859 29.6282 0.0597233 -0.000919468 0.00141937
91.8261 26.1522 0.0296625 0.00152707 0.00756037
482.285 47.9557 0.00441584 0.0123879 0.0482361
407.6 123.85 0.0075318 0.00503187 0.0352359
411.618 123.715 0.00078085 0.00130592 0.0208436
423.326 122.161 0.000390157 0.00128778 0.0102349
484.553 179.553 0.0234874 -0.00713584 0.0178901
120 191.205 0.00754231 0.00239814 0.0180771
128.778 189.657 0.00121225 0.0015898 0.0048419
14.18 203.34 0.00237218 0.00156836 0.0177583
260.69 377.457 0.000313816 0.000231584 0.00173114
221.183 390.717 0.00786798 0.00121069 0.0122371
381.567 405.05 0.00312992 -0.00538924 0.0360939
346 475.214 0.0251851 0.00832138 0.013869
349.376 476.037 0.00172266 0.000662615 0.00728213
770.7 492.557 0.0109452 -0.00146775 0.00533418
771.539 495.243 0.0112659 -0.0036221 0.00248588
770.944 492.682 0.00717305 -0.00213433 0.00146962
740.462 536.635 0.00678037 -0.0102066 0.0406775
482.708 593.838 0.0164408 -0.00472596 0.00445606
31.8721 605.872 0.0207592 -0.0073091 0.0123239
50.5571 633.614 0.0164727 -0.000140477 0.0241833
50.9776 632.828 0.00534936 -0.000921928 0.0167523
505.811 39.7459 0.00483897 0.0130598 0.0571084
323.111 76.6389 0.00810663 -0.00338726 0.0406785
224.453 125.523 0.00520873 0.00291021 0.0445847
748.271 231.071 0.0101735 -0.00249807 0.0330265
193.524 243.988 0.00755758 0.00746865 0.033093
420.227 298.386 0.0735415 -0.00492674 0.00279842
421.367 315.3 0.00356519 -0.00747709 0.0553219
427.907 316.916 0.00150112 -0.00284275 0.0120913
497.713 348.096 0.0112921 -0.00304515 0.014469
494.005 348.163 0.00235324 -0.00101584 0.0170638
504.003 347.523 0.000555785 -0.000339314 0.00299465
129.808 377.885 0.00614134 -0.0065251 0.0327317
180.105 406.658 0.0252686 -0.0119673 0.00941252
458.194 433.133 0.0123554 -0.00621011 0.0137746
824.01 440.01 0.0145236 -0.00711095 0.0155101
239.709 485.231 0.0192319 -0.00367352 0.00462717
191.934 574.142 0.032153 -0.0074153 0.00550626
287.843 613.575 0.00965473 -0.0184449 0.0424304
286.144 608.552 0.00169988 -0.000883731 0.00118985
397.979 648.458 0.00682466 -0.000712464 0.0137159
763.114 17.0682 0.00574472 -0.0110067 0.0528944
744.127 21.5522 0.000636093 0.00199116 0.0104062
740.947 25.6306 0.000163785 5.80224e-005 0.00118057
216.809 337.383 0.00368748 -0.00406289 0.012687
457.673 375.673 0.0293494 -0.0105253 0.00665635
762.359 411.844 0.00497581 -0.00243826 0.0154922
761.79 411.694 0.00361465 -0.000769878 0.0107656
764.531 410.414 0.00174918 -2.40235e-005 0.000817837
104.025 423.644 0.0014183 -0.00276738 0.0121019
105.826 423.943 0.00115058 -0.00165354 0.0043575
104.373 423.477 0.000845834 -0.000827599 0.00181263
461.856 442.433 0.00382309 -0.00238778 0.0464554
19.1053 461.868 0.0263439 -0.000438497 0.00716072
40.4455 525.864 0.0176626 -0.00463964 0.00766433
413.468 592.644 0.00147095 -0.00183679 0.00820401
783.311 628.365 0.0142984 -0.0151272 0.0397446
1.77778 101.917 0.0618952 -0.00668549 0.00750434
101.8 140.567 0.00804633 -0.00299148 0.00236354
518.482 142.2 0.000819457 0.00302332 0.0326208
514.415 137.919 0.000410341 -0.000328536 0.00160104
261.94 150.647 0.00567102 -0.00219411 0.00461808
419.987 193.577 0.0271388 -0.0158536 0.0197668
331.409 196.659 0.00819898 0.00502463 0.0277312
202.804 250.435 0.0229987 -0.00281774 0.00538345
537.182 257.955 0.0348969 0.00316313 0.0054118
527.707 266.549 0.000943393 -0.000221644 0.000609804
152.603 285.705 0.00376956 -0.00258807 0.0456097
165.423 317.544 0.0030541 -0.00290524 0.00798436
146.563 300.247 0.000191663 -0.000165931 0.00027927
230.066 365.274 0.00503224 -0.00292724 0.0289214
349.967 400.05 0.0119861 0.000599514 0.00879474
715.985 492.136 0.0251562 -0.0161456 0.0252664
715.241 494.794 0.00899358 -0.000912663 0.00337046
345.25 602.885 0.0189747 -0.0120067 0.0164617
19.9474 36.0395 0.0016713 -0.00429724 0.0401518
31.5 41.3341 0.000719906 -0.000808114 0.00205805
235.42 112.2 0.0718116 -0.00525654 0.00239485
236.885 114.545 0.00480928 -0.00223207 0.00178746
222.77 116.498 0.000294608 -9.77062e-005 0.000633178
441.871 119.629 0.00472955 0.00347914 0.0145885
328 125.758 0.0025072 -0.000208303 0.000471129
320.938 115.344 0.000849113 -0.000339019 0.000394885
64.9868 136.105 0.00292034 -0.000249062 0.00322099
398.04 209.44 0.00475406 0.00423048 0.0146536
753.956 217.956 0.00662744 -0.00341952 0.0122657
326.669 226.134 0.00255329 -0.00325852 0.0198723
696.591 282.518 0.00428014 3.55134e-006 0.031374
298.198 382.96 0.0515052 -0.00348727 0.00202841
210.792 573.608 0.0121039 -0.00170455 0.00210387
568.761 597.109 0.0133871 -0.00140348 0.00546344
571.759 597.439 0.00494379 -0.00227273 0.0035795
224.667 631.667 0.0135159 -0.0073598 0.00973282
361.433 670.793 0.0232036 -0.00365182 0.00372113
781.232 674.963 0.00999654 -0.0105691 0.0266474
353.759 202.966 0.0151361 0.00265632 0.00543694
353.935 203.9 0.00800558 2.89221e-005 0.00288528
489.009 304.028 0.0339158 -0.00684967 0.00432096
96.5441 310.559 0.00263601 -0.000111698 0.0309293
319.197 313.106 0.00370281 -0.00522856 0.0303946
512.528 317.75 0.00650476 -0.00598176 0.0507269
176.986 335.443 0.00602811 0.000776476 0.0468391
832.256 367.938 0.000526131 -0.000352158 0.00162197
830.182 367.892 0.000428847 -0.000143374 0.00108054
35.4429 412.357 0.00724422 0.0023866 0.0116584
202.905 414.405 0.00753918 -0.00618662 0.0305327
296.065 454.177 0.00266197 0.00029271 0.0172762
264.027 539.73 0.0110599 -0.00494267 0.00811368
265.263 541.586 0.00571687 -0.00186608 0.0030126
22.9658 561.116 0.00552998 -0.00569213 0.0143816
309.429 615.629 0.0301754 -0.0088249 0.00518865
372.063 667.75 0.0249368 -0.00130018 0.0161106
148.85 3.975 0.0088049 0.00828738 0.0247715
142.721 6.5974 0.00231532 0.00556155 0.0176515
530.978 61.9783 0.00641802 0.00306407 0.00595051
531.202 61.9574 0.00548397 0.00231178 0.00486742
496.907 66.1148 0.013758 -0.00190204 0.00169566
517.783 106.083 0.00507011 -0.00309852 0.0214673
517.947 105.782 0.00435375 -0.00283477 0.0143662
89.5976 112.061 0.0170434 0.00112267 0.0165515
88.4532 110.64 0.00373374 -0.00100832 0.00350029
114.351 129.041 0.00828641 -0.00305918 0.00341838
145.786 145.908 0.0162966 0.00194732 0.00240172
152.156 143.797 0.000763635 0.000448538 0.00128055
744.883 155.154 0.00129049 0.00280304 0.0236352
417.377 170.469 0.072126 -0.000460627 0.00155153
858.363 189.127 0.0082423 0.000732341 0.0161496
196.409 214.561 0.0403024 -0.0100806 0.0130107
365.5 254.522 0.00803911 -0.00728208 0.0316374
374.684 281.895 0.0279751 -0.00708035 0.0126742
230.225 494.735 0.0072844 -0.0122314 0.0359049
227.5 495.575 0.00212208 0.000646529 0.0019386
210.425 537.475 0.0626067 -0.00897188 0.00490729
132.581 562.069 0.00296181 -0.00350629 0.0106967
819.079 599.789 0.0187968 -0.00209299 0.00745228
64.3095 610.738 0.0077054 0.0133446 0.0580555
350.94 57.2706 0.0139635 -0.00426862 0.0024498
349.181 60.2899 0.00202091 -0.000742205 0.000868594
203.184 156.553 0.0153113 -0.0150393 0.0270739
222.819 154.75 0.00193753 0.000914918 0.00393882
874.818 187.864 0.0118176 0.00720887 0.0159595
519.289 213.605 0.0112171 0.00311151 0.0196014
520.416 217.276 0.00253929 5.68779e-005 0.00139455
291.176 218.471 0.00769775 -8.05498e-005 0.00105921
276.904 242.728 0.0256822 -0.00130742 0.00252551
452.729 256.984 0.00106657 -0.00026233 0.000348465
728.665 325.335 0.00920703 -0.00482276 0.00968779
474.765 347.706 0.00944188 0.000758723 0.0352477
276.346 542.115 0.06454 -0.00366851 0.00167789
807.682 551.555 0.012536 -0.00993458 0.0192022
800.06 548.778 0.00129839 -0.00111438 0.00332743
212.316 555.869 0.00252512 -0.00117341 0.0058458
301.069 562.3 0.00687882 -0.000715153 0.00507856
762.426 585.338 0.00646249 -0.002555 0.0136256
748.922 585.281 0.000473986 -0.000942924 0.00585888
154.241 662.112 0.00433793 -0.00354849 0.00991803
54.1709 675.171 0.00281204 0.00535426 0.0322346
54.8697 674.878 0.00229694 0.00451175 0.0227407
332.766 29.6875 0.0407526 0.00173272 0.00204695
395.159 73.7045 0.0423824 -0.00379938 0.00507523
393.639 73.0492 0.00858529 -0.00208568 0.00161879
348.852 219.189 0.00213385 -0.00128801 0.00243639
259.509 274.962 0.00212184 -0.000370037 0.00737099
375.922 315.344 0.018789 -0.00337617 0.00537635
370.796 314.73 0.0034066 -0.00184055 0.00161025
870.352 325.75 0.00179244 -0.00118447 0.014748
271.365 326.558 0.0414677 -0.00550299 0.00231939
711.742 358.195 0.00743809 -0.00180177 0.00462941
710.994 350.984 0.00411076 -0.0015245 0.00110919
237.288 392.519 0.00649136 -0.00389585 0.0247035
306.53 415.924 0.00935553 -0.00763112 0.0107199
246.284 422.176 0.0100643 -0.0138402 0.0423461
244.671 422.158 0.00294187 -0.00513446 0.0144661
148.457 538.011 0.0251031 -0.00340289 0.0065854
147.696 533.065 0.000993929 6.57958e-005 0.00263065
19.9259 598.389 0.0225 -0.015 0.0162059
24.6582 600.908 0.00274406 -0.00300482 0.00661945
499.643 646.857 0.00749988 -0.00728328 0.0402408
249.167 676.656 0.012671 -0.0191736 0.0491513
284.154 143.827 0.0119482 -0.0107468 0.0253081
372.216 159.919 0.00471943 -0.00128468 0.00731318
102.959 265.824 0.0112203 -0.0134303 0.0365057
178.767 276.678 0.0425907 -0.0100479 0.00786011
305.399 304.587 0.035061 0.00162213 0.00109619
107.125 323.604 0.0346482 -0.011044 0.00823365
103.269 323.432 0.00344685 -0.00099387 0.0059675
386.904 321.606 0.0164832 0.0024341 0.0131099
199.512 364.259 0.0045473 -0.00404321 0.00860177
508.962 383.397 0.0135822 -0.00789025 0.0235025
253.733 537.9 0.0406061 -0.00545792 0.00210552
475.157 536.243 0.0485385 -0.00754102 0.0103781
214.912 590.941 0.021099 -0.0334624 0.0671231
453.46 53.9 0.00295274 -0.00367564 0.0160575
454.784 58.4898 0.000683699 -0.000542291 0.00225194
425.022 91.5652 0.00339764 0.00371299 0.042577
431.347 92.3983 0.000574254 -0.000640954 0.00860637
162.557 100.929 0.0483325 -0.00511672 0.00311071
166.324 108.236 0.0148123 -0.00481768 0.00203086
313.555 154.7 0.0622209 -0.00441405 0.00201371
312.955 153.233 0.0336441 -0.00281538 0.00146894
575.824 208.265 0.0189298 0.000236602 0.0188164
223 208.792 0.0049779 -1.62015e-005 0.00976409
167.441 213.347 0.000521861 0.000725685 0.0130258
158.862 238.032 0.00246058 0.00189798 0.0357731
181.042 245.708 0.0150697 0.00382137 0.012423
150.87 262.296 0.00531813 -0.00219877 0.0123397
154.197 262.913 0.00152531 -0.00127847 0.00997093
76.25 267.911 0.00246491 -0.00205267 0.00926518
323.632 285.645 0.00138362 -0.00336066 0.0465492
312.087 276.239 0.000224292 -1.64346e-005 0.000501261
471.313 333.625 0.029015 -0.00793395 0.0111717
467.556 325.889 0.00322618 -0.00165686 0.00183058
450.375 323.63 0.000265135 -0.000329694 0.000861819
298.486 351.683 0.00736885 -0.00200205 0.00821416
445.053 380 0.00416515 -0.00042052 0.0685521
722.128 407.919 0.0178992 -0.0183312 0.0302563
356.762 447.808 0.0183882 0.00356176 0.00480482
545.241 462.179 0.00382357 6.42404e-005 0.00508185
865.773 606.432 0.00802651 -0.00226087 0.0191601
152.469 614.344 0.0157174 -0.00603541 0.037476
279.595 675.262 0.0213453 0.000498181 0.0101421
421.598 5.86585 0.0645139 0.00698688 0.00487031
420.603 9.87383 0.0247851 0.000627737 0.00146217
80.1316 93.0439 0.0415856 0.00374913 0.00380721
80.1667 92.9286 0.0212825 0.000907529 0.00323685
77.3906 93.3602 0.00135427 -3.35941e-005 0.00316966
137.657 188.245 0.00899752 0.00678102 0.0166621
737.559 199.088 0.011582 0.0136218 0.0497144
114.544 242.033 0.00950383 0.00241951 0.0161589
319.742 275.955 0.0528745 -0.0120123 0.00870847
108.741 281.815 0.0168713 -0.00915552 0.00811045
857.566 281.648 0.00464572 -0.0010094 0.0293768
158.509 338.852 0.00409119 0.00182495 0.00192578
252.038 356.269 0.00738567 0.0128009 0.0470151
525.186 370.586 0.0457381 -0.00389174 0.00634638
524.038 373.551 0.0132492 0.00127496 0.00150725
757.716 460.095 0.00437216 -0.00106998 0.012369
803.567 462.344 0.0121709 0.00172636 0.0105978
798.845 461.064 0.00230291 -0.00290148 0.0129939
245.226 573.655 0.00976602 -0.00266091 0.00386498
232.343 580.89 0.00481587 -0.0017153 0.00125702
274.173 655.227 0.0315693 -0.00754244 0.00590653
83.9706 105.971 0.00960631 0.000361024 0.0315868
59.0818 123.191 0.0221645 0.00080437 0.00520359
400.445 149.197 0.0301423 0.00149709 0.00121432
400.051 149.592 0.00834987 -0.000554808 0.00118589
281.007 171.514 0.0035518 0.00180432 0.0181897
501.716 195.554 0.0719365 -0.00542 0.00450146
717.114 292.159 0.018327 -0.00477957 0.00902467
523.67 315.585 0.00634193 -0.00234045 0.0179844
458.639 392.708 0.0076081 -0.00313727 0.00610202
458.458 392.795 0.00604906 -0.00216115 0.00562435
278.912 460.853 0.0200579 -0.0102224 0.00923498
278.852 461.214 0.0138336 -0.00421429 0.00375636
534.793 496.549 0.00955032 -0.00929185 0.0329178
557.256 560.744 0.00596408 -0.00354296 0.0326551
558.273 562.201 0.0037717 -0.00503279 0.0138277
557.774 561.915 0.0030097 -0.00345508 0.00694129
157.654 574.357 0.00776998 -0.00721167 0.010287
743.023 586.623 0.00413588 -0.0109358 0.050027
139.519 595.16 0.0419467 0.00346517 0.00185296
294.556 655.921 0.00349914 -0.00033122 0.00383348
295.477 655.732 0.00364954 -0.00075271 0.00221748
450.6 657.55 0.0290669 -0.0181996 0.0215072
770.598 661.01 0.0251712 -0.00413106 0.00541427
771.079 657.745 0.0109518 -0.00144311 0.00177846
231.938 667.459 0.00806727 -0.0113795 0.0247097
235.736 672.632 0.0012295 -0.00112353 0.00363022
408.392 37.2838 0.0286657 0.00285643 0.0118846
408.267 41.814 0.0158245 0.000229912 0.00133323
1.95946 55.9324 0.0484032 -0.00785907 0.00708395
370.42 98.92 0.00621406 -0.00469491 0.0223332
555.316 103.921 0.00700439 0.0043805 0.0302185
556.718 102.853 0.001688 0.00211992 0.0158707
569.844 113.561 0.000589083 -0.000261951 0.00048936
577.529 127.853 0.0457891 0.00252039 0.0047523
576.068 129.602 0.00964329 0.00197284 0.00420349
250.988 198.058 0.0172464 -0.0167966 0.0306394
315.056 214.452 0.00797825 -0.00133919 0.00499112
464.611 213.848 0.00307883 0.00164767 0.00359664
171.987 257.808 0.00878373 0.0036299 0.0192199
439.064 387.859 0.0377806 -0.00109742 0.00640902
438.438 392.219 0.0238772 -0.00108596 0.00105519
447.268 388.645 0.000601524 2.06873e-005 0.000528492
505.672 481.313 0.0205126 0.00329149 0.00380394
503.316 480.969 0.00402972 0.00124307 0.00292224
506.816 483.033 0.00138393 -0.000664081 0.002387
485.537 483.296 0.00582301 -0.00460408 0.0167594
514.944 487.889 0.0098918 -0.00300115 0.0254858
168.573 509.061 0.0165415 -0.0117341 0.0137128
10.5847 519.415 0.0129125 -0.00404315 0.00449641
349.813 619.646 0.00766117 -0.00418638 0.0180788
231.5 676.396 0.015519 -0.00968065 0.0181122
673.354 26.5 0.0475374 -0.0107731 0.00647421
680.513 16.1723 0.000544978 4.4831e-005 0.000590492
364.918 76.5545 0.0288208 0.00164466 0.00247865
150.088 89.7941 0.00785814 0.0198742 0.0790224
458.117 149.862 0.000288048 0.00134993 0.0134034
223.368 237.278 0.00167082 -0.00100617 0.0027995
229.356 242.727 0.00039358 -0.000185786 0.000482329
686.198 236.477 0.00990008 -0.0113451 0.0373091
689.086 236.68 0.0035744 0.00100979 0.00726713
309.857 248.75 0.00649694 0.00207964 0.0131138
309.978 248.717 0.00409859 0.00324216 0.0140344
170.18 297.167 0.0234563 -0.00427458 0.00270727
503.417 339.958 0.042199 -0.00682595 0.00532999
209.181 346.032 0.0149154 -0.00951619 0.021563
101.306 365.327 0.0100753 -0.00677017 0.00794034
692.095 404.419 0.0113738 -0.0100231 0.0429203
376.705 442.591 0.0531364 0.00191056 0.00338473
205.364 501.619 0.00355913 -0.000251489 0.0104614
511.902 550.563 0.00837807 -0.00158462 0.00273713
511.383 550.474 0.00669568 -0.00143676 0.00260175
230.794 557.814 0.00835656 -0.00370487 0.0263078
481.769 658.923 0.0716832 -0.00199339 0.00210587
515.198 669.36 0.121855 -0.00186034 0.00107545
283.186 113.529 0.015304 -0.0139065 0.0359356
86.3788 280.833 0.00389551 0.000619541 0.0186657
411.978 282.63 0.00289453 0.00178739 0.0284715
265.672 432.328 0.00832201 0.00516018 0.010601
711.8 439.9 0.0208825 -0.00303805 0.0077748
82.7059 33.0882 0.0949785 -0.000615099 0.00477853
210.314 60.0349 0.085459 0.00474053 0.00338694
210.158 61.5132 0.0301175 0.00208106 0.00207837
573.125 66.75 0.00758866 0.0181781 0.063152
170.756 119.269 0.0449512 -0.00445803 0.00327586
702.55 227.275 0.0265883 -0.00659864 0.00889858
236.37 269.963 0.00756044 -0.00259153 0.0149552
168.256 275.5 0.0239682 -0.00354762 0.00610282
257.329 312.214 0.0142922 -0.0028334 0.0309186
710.833 345.472 0.0265833 -0.0077203 0.0138417
518.682 350.205 0.00590829 -0.00274665 0.0329495
139.022 348.891 0.0156014 -0.00356193 0.00961092
738.959 366.959 0.0177663 -0.00528188 0.0142573
433.633 438.033 0.00804932 -0.00541111 0.0140949
145.47 494.127 0.0191781 -0.00349348 0.00182221
818.176 501.716 0.0103972 -0.0126069 0.0364332
831.972 503.355 0.00118511 -0.00189502 0.00452123
39.3913 512.957 0.0110651 0.000529034 0.0141707
302.763 583.289 0.0145214 -0.00944204 0.0129093
103.459 619.786 0.0160303 -0.0204304 0.037635
546.398 16.1735 0.0307793 0.00291214 0.00567811
543.212 10.6919 0.00274784 -0.000993296 0.0019482
540.414 10.4539 0.000966527 -0.000335559 0.00196175
540.502 10.2537 0.000580277 -9.54536e-005 0.00187739
1.73529 41.5588 0.059227 0.00617388 0.00815996
150.987 119.756 0.023136 -0.010084 0.0103594
355.47 131.007 0.00341208 0.00143507 0.0199606
511.278 196.233 0.0193867 0.00229236 0.00910013
514.14 199.975 0.00701038 -0.00161736 0.00357621
242.611 215.611 0.0208671 -0.00144383 0.0148486
190.942 227.953 0.00382711 -0.00254714 0.00846068
444.112 237.704 0.0101173 -0.00165547 0.0119579
443.079 238.818 0.00251602 0.000917639 0.00682669
295.217 324.802 0.0401749 -0.000916807 0.00241853
295.696 328.314 0.0286415 -0.000874261 0.00101879
145.474 333.885 0.0108499 -0.0064963 0.0334419
868.978 342.652 0.00643025 -0.00845721 0.0282598
864.207 343.049 0.00102909 -0.000460663 0.000867712
537.819 421.45 0.000955813 0.000564207 0.0145372
158.04 451.437 0.0170495 0.000428252 0.00128133
497.969 451.891 0.00399195 -0.00224147 0.0258637
164.342 495.417 0.00116868 -0.000482564 0.0149873
162.651 494.535 0.0011398 -0.00082292 0.00633015
202.402 521.159 0.0261414 -0.0128114 0.0157471
714.405 535.738 0.0179772 -0.00744266 0.016674
713.963 533.378 0.0146248 -0.00272262 0.00533441
713.988 617.159 0.0187504 0.00153533 0.0173658
716.325 617.888 0.00432981 -0.00317894 0.0148448
130.459 652.593 0.00570705 -0.00514912 0.00847248
754.194 36.8061 0.0398158 -0.00959101 0.00658463
169.575 69.975 0.0629115 -0.00320122 0.00289421
340.012 164.833 0.00380061 0.00477717 0.0157329
339.636 165.112 0.00164722 0.00170755 0.00650312
92.186 222.326 0.00255928 0.00163811 0.00413483
101.516 238.453 0.000353179 -0.000172844 0.000710371
242.616 295.826 0.032027 -0.0025362 0.0082708
238.667 300.605 0.00475178 0.00331635 0.00472144
242.951 296.005 0.00108188 0.000448266 0.00160547
262.615 342.192 0.00425483 -0.00844642 0.0289209
120.484 342.929 0.00525945 -0.00518698 0.00697047
119.952 334.798 0.000811553 -0.000676986 0.00110275
79.1154 375.058 0.00395595 -0.00154261 0.00990958
1.33636 391.736 0.0963201 -0.00122794 0.00133853
542.484 403.453 0.0311526 -0.00435953 0.00267599
474.331 414.007 0.00476203 -0.00530211 0.0134803
169.817 442.402 0.0274533 0.00327962 0.0127694
111.726 500.369 0.000913214 -0.000377117 0.00147077
524.632 512.533 0.0343274 0.000256741 0.00100527
151.667 72.5833 0.0159114 0.00342685 0.00410555
154.54 70.31 0.00546491 0.00373844 0.00453291
154.609 70.5652 0.00490516 0.00325158 0.00415386
130.423 123.254 0.00253195 0.000306491 0.0168606
355.557 186.671 0.0508487 -0.00387337 0.00365069
819.274 249.84 0.00769654 -0.00138088 0.0044605
787.145 249.048 0.016602 -0.00848755 0.0284792
298.058 305.154 0.0183958 -0.0110293 0.0130855
581.375 343.775 0.0477027 -0.00576808 0.00570439
580.784 338.739 0.0314583 -0.0018961 0.0013329
845.947 372.579 0.00492211 -0.005608 0.0763869
160.046 401.981 0.00471331 -0.00256346 0.00208693
4.90625 540.688 0.0193635 -0.0252278 0.0487991
143.538 596.462 0.0038732 -0.000519765 0.00222496
828.682 609.348 0.0165012 2.22515e-005 0.0025495
131.105 77.407 0.0564452 -0.00113571 0.00437711
128.19 82.2034 0.00699357 0.00332178 0.00345471
403.932 195.068 0.0106817 0.00458292 0.0091
275 259.159 0.00457383 -0.00137941 0.0190534
433.064 285.038 0.0126538 0.0148891 0.0314524
8.66327 288.888 0.00739344 -0.00329895 0.0165052
468.137 496.553 0.00637414 -0.00137216 0.00322942
472.079 498.2 0.00171432 -0.000257119 0.00220256
237.2 508.125 0.031537 0.00126496 0.0087704
296.225 523.55 0.0332087 -0.00716516 0.00800202
584.555 616.664 0.0181566 0.000149014 0.00245639
587.905 624.921 0.00724795 -0.00263961 0.00156773
588.548 630.304 0.00399497 -0.000993792 0.000588105
571.561 52.2121 0.0238715 -0.00421756 0.00268265
798.905 99.4459 0.00602364 0.000269256 0.0472298
273.639 135.611 0.0713307 -0.00872719 0.00540673
537.679 191.167 0.0613957 -0.00847271 0.00616498
128.966 207.086 0.0299356 -0.00134911 0.00345213
537.04 209.28 0.00882003 0.0015062 0.0215524
333.452 272.881 0.0143349 -0.00901579 0.0123429
114.9 278.122 0.0232852 -0.00398188 0.00767149
522.821 330.417 0.0031431 -0.00334658 0.00766383
696.414 376.071 0.047838 -0.0146677 0.00991877
694.216 376.721 0.00778996 0.000497186 0.00482671
95.7759 388.293 0.00418102 -0.0025066 0.00730879
711.237 400.289 0.00500935 -0.00831961 0.0710705
708.084 398.758 0.00269623 -0.00380523 0.0207163
415.36 439.245 0.00255033 -0.0031048 0.00797518
142.25 440.681 0.00150349 -0.000643736 0.00470221
140.824 438.03 0.00155645 -0.000775119 0.00180056
389.986 14.2714 0.0659559 -0.00218621 0.00494345
175.755 85.1182 0.00291945 0.00235818 0.0350965
818.795 106.893 0.00249343 0.0122327 0.095432
502.238 132.143 0.0476828 -0.00979186 0.00503798
761.938 134.5 0.0295782 -0.00725712 0.00735676
252.395 185.816 0.0219736 -0.0011851 0.0105091
498.922 213.586 0.00552224 0.00313632 0.0040019
760.793 236.11 0.03582 -0.00607673 0.00616439
285.98 269.54 0.0126363 -0.00672815 0.0137256
188.275 288.45 0.00512989 -0.00833946 0.0496669
188.206 288.088 0.00166048 -0.0029602 0.0276295
146.015 320.187 0.00698722 -0.000973531 0.00191696
545.176 479.851 0.059645 -0.00189711 0.00562571
545.16 486.067 0.0192629 -0.00115136 0.00171807
545.269 491.423 0.0184163 -0.00904987 0.0167566
380.524 545.866 0.0169541 -0.00689809 0.0148412
405.317 11.0493 0.00341095 -0.000219642 0.00331219
407.495 11.2861 0.000542936 0.000137731 0.00175195
200.779 76.197 0.00128821 -0.000852418 0.00191694
529.393 196.073 0.011825 -0.00140907 0.00408526
518.756 250.09 0.00670034 -0.00926431 0.0333468
333.623 328.541 0.0182511 -0.00411109 0.00242935
814.292 352.142 0.0146119 -0.000422597 0.00637501
832.228 486.69 0.00241879 -0.00116785 0.0015579
683.105 483.965 0.0181198 -0.0182414 0.0294563
422.804 490.357 0.0314323 -0.00123413 0.00471809
421.982 490.229 0.0152168 -0.00097329 0.00425239
691.278 532.211 0.0171125 -0.00186582 0.0107374
227.121 604 0.0146526 0.00420008 0.00607981
814.203 1.44595 0.00481942 0.0020715 0.0866172
822.511 1.48864 0.00064225 0.00129278 0.0553236
549.554 32.6964 0.00294455 0.00319511 0.0246143
282.449 95.2288 0.0222364 -0.000751291 0.00220401
290.142 98.9013 0.0012054 -0.000413724 0.00229079
133.2 94.25 0.0164001 0.00299434 0.0162865
212.84 102.223 0.00211716 0.00263247 0.0369135
341 102.789 0.00801147 -0.00700371 0.0232112
706.185 109.788 0.00372619 -0.00210392 0.0195081
706.652 110.071 0.00350648 -0.00186008 0.0123314
371.077 210.5 0.0471358 -0.00403694 0.00231983
707.555 206.127 0.00207432 -0.000337239 0.0125802
804.446 238.357 0.00947373 -0.000167895 0.0173707
67.8548 255.371 0.00749595 0.00768384 0.0186363
539.577 352.049 0.00234022 -0.00160925 0.0118761
200.021 390.208 0.00446159 -0.0087942 0.0514574
200.635 389.41 0.00324636 -0.00189093 0.0107135
422.851 413.342 0.00418458 -0.00665999 0.0363536
217.42 416.96 0.00557167 -0.000971945 0.00324705
151.362 421.414 0.00945723 -0.00380251 0.0115593
852.325 477.025 0.00507068 0.0001701 0.0360764
548.09 499.038 0.0034612 -0.00491463 0.0767362
825.833 546.628 0.0173957 0.00694596 0.0125387
132.017 631.9 0.00843212 -0.0119722 0.0262486
770.989 196.167 0.00553998 0.0023149 0.0330186
501.5 229.716 0.0295206 -0.0085148 0.0127176
499.937 231.58 0.0121967 0.00154505 0.00370903
538.685 275.148 0.0435701 -0.0113595 0.0046586
296.653 286.694 0.00105763 -0.000148418 0.0353766
21.8617 500.84 0.022567 0.00364447 0.00520387
387.043 518.63 0.00956793 0.00443478 0.0164991
99.2692 524.859 0.00956419 0.00959935 0.0260793
303.327 538.404 0.0081 -0.00234935 0.0194836
788.957 548.7 0.0063813 -0.00352495 0.0470347
684.129 652.586 0.0214116 -0.00986562 0.0195636
697.791 659.781 0.00143302 -0.00191169 0.0037412
694.514 665.252 0.000499399 -0.000269145 0.00101664
387.071 35.3571 0.00372107 0.00297124 0.0301084
380.265 37.1327 0.00195591 0.00710053 0.0343441
257.958 104.729 0.0791823 -0.000391051 0.00248851
875.956 140.886 0.020795 0.00961601 0.0127652
874.836 141.898 0.00539394 0.000441689 0.00652448
507.435 169.21 0.00420254 -0.00170038 0.0148334
264.765 229.418 0.0117053 1.8696e-005 0.00521052
788.071 239.014 0.017696 0.00641216 0.0230267
799.682 252.409 0.00762592 3.22256e-006 0.0159788
427.593 270.977 0.00421843 0.00140603 0.00284526
746.157 425.386 0.0147812 -0.0110521 0.0314218
848.417 458.389 0.0111632 0.00559014 0.0338101
848.386 457.981 0.00180837 -0.000326211 0.0260041
393.386 474.858 0.000926913 7.53058e-005 0.000473864
394.548 473.978 0.000925131 0.00014024 0.000223413
175.261 469.57 0.0109102 -0.00299411 0.00699719
560.743 497.797 0.0406687 -0.00688864 0.00851245
106.525 497.6 0.0256157 -0.00153231 0.0126587
528.456 571.122 0.0127153 -0.0014119 0.0141963
597.648 577.151 0.00667213 -0.00765945 0.0103336
597.447 571.556 0.000950751 -0.00033516 0.000747845
130.447 168.158 0.0140578 -0.00762016 0.0224394
128.837 166.205 0.00395715 -0.00104064 0.00523952
196.729 263.208 0.00673081 -0.00424498 0.019539
579.183 279.483 0.00564985 0.000151265 0.0107804
576.754 279.831 0.00215643 0.000296379 0.00863687
766.452 285.294 0.00381307 0.00238692 0.0293078
211.128 489.128 0.0207586 -0.0105489 0.0121536
559.614 513.045 0.0120291 0.00215819 0.0122113
293.518 551.429 0.0183057 -0.00606919 0.0106674
503.066 664.566 0.00255917 -0.000706475 0.00671474
314.805 54.1336 0.00156829 0.0028635 0.0190276
537.586 71.2143 0.00843764 0.00245431 0.0427331
85.5 149.826 0.00622681 -0.00291604 0.0127041
181.478 168.989 0.0155204 -0.0023221 0.0182621
675.511 199.728 0.00295848 0.00235981 0.00912526
827.86 225.184 0.00207441 -0.000138857 0.00744757
872.886 233.816 0.00828069 -8.32583e-005 0.00883934
499.522 298.7 0.0241147 -0.0123119 0.0152159
519.964 340.964 0.017702 -0.00281677 0.00732991
97.0429 438.8 0.00681235 -0.00154412 0.011059
773.86 457.34 0.00548225 -0.00699958 0.0311178
773.389 547.411 0.0238038 -0.00386259 0.00983617
773.986 547.375 0.0107674 -0.00483934 0.00752022
362.943 564.809 0.0141535 0.00325839 0.00322786
550.942 604.523 0.0585033 -0.00805051 0.00467896
671.5 623.878 0.065951 -0.00698214 0.00420146
29.0758 629.591 0.0248385 -0.0028853 0.0160223
874.789 42.5889 0.0435632 -0.0160695 0.00981562
872.546 41.9122 0.00341912 -0.00024696 0.00238783
146.073 274.59 0.00497322 -0.00191077 0.00648826
194.033 374.1 0.0124422 -0.00529641 0.0187453
193.888 373.888 0.00728213 -0.000720051 0.00976762
532.391 385.37 0.0166181 -0.00439567 0.0128
812.835 603.956 0.000651297 -0.000797735 0.0022214
813.702 608.586 0.000540926 -0.000423264 0.000753736
471.544 668.985 0.00704186 -0.00285937 0.00642975
469.418 668.11 0.00298901 -0.00218873 0.00741144
657.5 92.4474 0.0447299 0.0108912 0.0114137
397.367 182.45 0.00504073 -0.00135554 0.0229753
146.523 200.36 0.0203603 0.000680113 0.00534718
482.637 234.814 0.0323093 -0.00165942 0.00523275
480.045 238.941 0.00274613 0.000561595 0.00274789
563.208 291.083 0.0413442 -0.000145884 0.00171709
503.939 388.988 0.0196875 -0.0138272 0.016681
505.959 405.484 0.0557644 -0.0019075 0.00245993
501.867 415.396 0.00161007 0.000687728 0.00133992
78.3718 480.013 0.0564475 -0.0015495 0.00434152
478.849 631.477 0.0145484 -0.00773506 0.0106268
540.694 666.672 0.00420987 -0.00378094 0.0102744
543.813 668.108 0.00213002 -0.00063471 0.00301557
216.963 666.159 0.0214813 -0.00343928 0.0109404
528.149 26.9054 0.0230913 -0.0110579 0.015619
295.043 68.9714 0.0545324 -0.00472359 0.0021389
412.52 61.949 0.00255706 0.00419926 0.0678951
382.958 70.9576 0.00308 -0.00342586 0.0217493
110.286 87.8036 0.00894902 0.00130002 0.0149876
110.686 85.4292 0.00784067 0.00253789 0.00445285
868.972 97.7037 0.00105938 0.001056 0.0111799
5.9186 251.174 0.0125364 -0.00192952 0.0176329
446.484 328.375 0.0147782 0.00301141 0.00554989
451.134 332.563 0.00180482 -0.000380848 0.00180133
390.013 386.987 0.0294866 -0.00718156 0.00963761
388.715 385.892 0.0181351 -0.00473136 0.00399675
126.951 393.971 0.00784555 -0.0120215 0.0336746
589.256 398.81 0.00200865 0.000175019 0.00135138
270.005 484.612 0.00349728 0.00169772 0.00552183
419.284 546.892 0.017759 -0.00847733 0.0131955
535.092 561.745 0.00792789 0.00188318 0.0231082
183.962 655.923 0.0032936 -0.000918465 0.00419922
381.862 48.7766 0.0126162 -0.00120045 0.0138846
288.458 103.042 0.0156761 0.00324571 0.0128713
598.437 135.198 0.00354157 0.00563256 0.0206588
263.878 286.176 0.0114027 -0.00241409 0.0213086
127.244 409.211 0.00547686 -0.000840971 0.00266436
333.117 492.617 0.00315591 0.00199815 0.00832483
428.194 527.435 0.00948769 -0.00898434 0.0170259
431.078 523.76 0.00104 -0.000249189 0.00201545
130.775 577.942 0.00191106 -0.000661321 0.00649142
160.397 608.941 0.0116822 0.000189141 0.00772428
426.875 67.7083 0.0510423 0.000906677 0.00200825
575.595 107.429 0.0112368 -0.0104715 0.0196907
541.472 177.361 0.0192157 0.0216877 0.043991
343.721 301.469 0.00510357 0.00148484 0.00312633
435.315 361.123 0.00870397 -0.000186478 0.0013943
730.884 409.758 0.00107449 -0.00191367 0.012252
832.237 555.64 0.00874663 -0.00527755 0.0197059
666.405 242.772 0.00182371 0.00107701 0.00446287
202.096 280.798 0.00862766 -0.00380991 0.0203041
319.031 357.296 0.0254157 -0.0070905 0.00696555
413.861 365.127 0.00308098 -9.0318e-005 0.0124625
402.223 486.372 0.00399351 0.000813345 0.00301579
527.045 542.5 0.0256147 0.00702051 0.0101168
526.952 540.254 0.00444532 -0.000532296 0.00213751
766.821 629.518 0.0212217 -0.00667724 0.0055675
873.409 87.4545 0.00476495 -0.00321258 0.0499291
389.929 274.536 0.00924783 -0.00285525 0.00730835
453.714 422.524 0.0166589 0.0133303 0.0255413
827.3 428.157 0.026661 0.00132739 0.0116523
284.649 494.596 0.00757985 0.00117885 0.00351389
405.643 583.024 0.0161358 0.00142931 0.0106276
539.05 115.8 0.0326414 0.00273068 0.00684687
135.742 216.5 0.0190098 0.0231501 0.047513
501.5 266.976 0.01628 -0.0018587 0.00235499
218.833 268.389 0.00498219 -0.00336236 0.0103136
803.941 281.265 0.0256919 -0.0148695 0.0270921
352.624 342.894 0.0037273 -0.00120162 0.0010333
487.591 674.173 0.00645481 -0.00994655 0.0404748
305.853 677.088 0.021366 -0.00916941 0.0267677
307.229 675.529 0.00901544 0.00123186 0.00989538
173.429 15.9706 0.00973798 0.00484841 0.0081618
173.35 16.1903 0.00758891 0.00328023 0.00582757
175.925 13.0341 0.00149303 0.000638268 0.00170199
661.643 41.6714 0.0190123 0.00807378 0.0197669
78.0429 344.757 0.00656004 -0.000708417 0.0081903
283.142 410.105 0.00545901 -4.94142e-006 0.00843599
283.609 411.361 0.00209333 -0.000342013 0.00562555
363.409 508.591 0.0148283 0.00224405 0.0111111
472.518 520.411 0.0149772 -0.0063313 0.00714515
825.888 10.525 0.00265803 0.00297789 0.023287
663.521 120.146 0.0146288 0.00726949 0.0145224
387.65 182.025 0.0232687 0.00636206 0.0127378
385.826 312.709 0.0104811 -0.00389598 0.0214
866.16 421.649 0.00662483 -0.010179 0.045653
364.144 426.008 0.0248344 -0.00109619 0.0018634
871.563 442.625 0.0083632 -0.0172744 0.0572248
871.805 441.669 0.00208862 0.000689333 0.00917294
862.492 433.074 0.000844094 -0.00102827 0.00201434
306.744 468.28 0.0254806 -0.00402876 0.00825348
869.767 591.122 0.0161704 -0.00403872 0.0149094
669.621 11.8485 0.00352692 0.00122214 0.0187989
308.243 54.6143 0.0055641 0.00357301 0.0424619
441.778 162.056 0.0418476 -0.00912771 0.00849589
587.847 173.822 0.00197262 0.00322949 0.0121217
588.52 175.429 0.000876873 0.00123201 0.0043021
864.9 177.9 0.0186556 -0.00110685 0.00957378
268.397 189.5 0.017586 -0.00555698 0.00449627
849.971 234.441 0.00548138 -0.00216507 0.0204016
853.226 234.765 0.00178791 -0.00143717 0.0195735
857.084 234.578 0.000373328 0.000741775 0.0109482
683.432 321.591 0.00386708 -0.00319579 0.0423218
765.964 369.514 0.0154581 -0.00919233 0.00950147
470.833 383.716 0.00849278 -0.00299942 0.0100413
232.021 399.938 0.00768451 -0.00459484 0.0173238
467.276 456.5 0.0201482 -0.00797014 0.00769067
216.75 89.3393 0.0121636 0.0102569 0.015731
751.061 110.427 0.0128941 -0.0067864 0.0156478
563.476 210.959 0.00267093 -0.00177679 0.00988829
567.017 210.395 0.00107457 0.000277947 0.00778103
393.851 421.581 0.0255701 0.00496487 0.00883394
481.963 429.939 0.0172434 0.00889761 0.0204566
26.68 653 0.0126639 0.00180822 0.00965198
810.913 45.8043 0.00930666 -0.00765664 0.0236632
662.3 51.1545 0.0128169 0.00120665 0.00968828
544.48 214.3 0.00622032 0.00589085 0.0221864
577.429 354.286 0.00820232 0.00244931 0.0290879
479.255 373.357 0.00740606 0.00653182 0.0244251
537.221 613.802 0.0161451 -0.0179127 0.0300286
740.284 623.23 0.0120472 -0.0074866 0.0252299
830.014 262.986 0.00981444 -0.00730401 0.0328589
465.639 284.444 0.0186002 0.0080733 0.0151689
792.5 459.106 0.0130919 -0.0201742 0.0587244
768.141 468.628 0.0416688 -0.00713663 0.00857282
329.3 471.129 0.0470735 0.000611591 0.00790255
546.81 513.5 0.00871332 -0.012833 0.040867
876.548 8.42857 0.00610509 -0.000673537 0.0093734
875.768 11.9698 0.00656133 -0.000147869 0.00108398
475.06 124.044 0.0057274 -0.000229177 0.00175638
562.89 333.565 0.00163941 -0.00061861 0.00183541
170.455 371.341 0.0180924 0.0024601 0.0145425
772.684 420.395 0.0179188 -0.0147802 0.0251876
534.638 447.1 0.00441139 -0.00510606 0.0224906
515.686 590.709 0.0137932 0.00155243 0.00665532
316.432 7.68182 0.0308467 -0.00702206 0.00614991
765.664 349.815 0.0106551 -0.0051881 0.00763054
871.242 374.129 0.00324534 -0.00731307 0.0505799
819.223 402.59 0.0022344 0.000609692 0.00250541
818.041 401.539 0.00185043 4.88905e-005 0.00194706
818.808 399.584 0.00137771 8.17764e-006 0.00142828
437.985 546.162 0.0111138 -0.00798269 0.0100142
300.84 600.32 0.0129661 -0.00679579 0.0126581
703.824 635.415 0.00787176 0.000981416 0.0121348
704.158 635.842 0.00600074 0.000219566 0.00664325
704.12 635.88 0.00491567 -0.000420073 0.00415669
808.509 657.361 0.00323733 -0.00235794 0.00360696
344.689 36.5811 0.00953677 0.00602691 0.0279375
317.585 32.5845 0.00820498 -0.00177578 0.00174661
331.247 30.317 0.000396421 0.000444009 0.00145995
660.557 210.802 0.0191324 0.00135077 0.00791549
663.135 213.703 0.00552578 -0.000835002 0.002456
664.739 215.566 0.00455269 -0.0015606 0.00223659
582.685 422.63 0.00991657 0.00167946 0.00622014
582.044 420.384 0.0060506 -0.000462572 0.00160232
826.625 463.425 0.00657879 -0.00578201 0.0397518
824.819 452.271 0.00441639 -0.000208989 0.00063203
120.682 524.636 0.0173864 0.000239004 0.0122337
594.605 73.2895 0.0450764 -0.0124872 0.0110354
729.186 78.2429 0.0208997 -0.00357537 0.0174902
780.104 91.1458 0.0218259 0.0101095 0.0121643
623.22 96.0333 0.00210722 0.00160431 0.0106927
824.594 120.019 0.000117502 8.68333e-005 0.000455329
800.986 186.986 0.00865434 -0.00549813 0.0476866
720.3 342.925 0.0225002 -0.0112348 0.0166177
717.929 426.173 0.0881421 -0.00548038 0.00255857
500.64 503.337 0.0360262 -0.00473606 0.00632318
388.727 641.205 0.0848436 -0.0132786 0.00425242
569.711 64.2833 0.000339285 0.000867103 0.00737413
816.696 113.957 0.00407422 -0.00514043 0.0468386
139.183 53.85 0.016217 -0.000421364 0.00341185
792.691 273.926 0.0105975 5.31639e-005 0.0177596
378.148 503.296 0.0108952 -0.00524651 0.00750974
211 6.52632 0.0707917 -0.00544923 0.00493346
210 5.84211 0.0147683 -0.000866747 0.0044759
871.608 278.311 0.00679212 0.00610686 0.0571563
248.625 402.75 0.0132177 -0.00639872 0.026945
612.261 501.688 0.00283668 -0.00675085 0.0245333
443.024 8.19841 0.0138685 -0.00419424 0.00926306
446.036 7.29235 0.00289301 -6.14037e-005 0.00402383
279.377 16.0439 0.00422836 -0.00674314 0.0151962
279.788 16.856 0.00235869 -0.00251617 0.00626286
595.415 84.6064 0.015672 0.000334112 0.00953256
576.765 264.941 0.0445115 -0.0107011 0.0115308
599.042 94.9237 0.00391753 0.00162318 0.0181221
828.656 529.233 0.0180493 -0.0112977 0.0167516
829.357 525.265 0.00871516 0.000166737 0.00249956
410.89 203.549 0.0263689 0.00381283 0.00437984
774.085 223.793 0.0246294 -0.00155652 0.00781896
785.469 222.469 0.0237015 0.0178172 0.0247811
281.218 46.7308 0.0386556 0.00596147 0.00808485
282.965 42.7254 0.00735735 -0.000401344 0.0020722
67.4778 68.1444 0.00572046 -0.00649702 0.0354868
859.684 653.816 0.0131063 -0.0173497 0.0446807
867.974 656.928 0.00192152 -0.0024658 0.00718439
592.17 25.511 0.0026413 0.00406236 0.0183859
594.851 25.0497 0.00104798 0.00173417 0.0135946
162.739 177 0.0311447 -0.00271844 0.00395495
85.5233 259.035 0.00675676 -0.00382223 0.0300753
737.5 398.017 0.00440042 -0.00121328 0.00392766
803.15 495.15 0.0227671 -0.0130093 0.0186729
469.352 5.62963 0.00863145 0.00619973 0.0151812
845.717 168.391 0.012901 -0.0113421 0.0243257
595.547 350.779 0.00730821 -0.0126418 0.0438542
596.947 349.636 0.0045495 -0.00137026 0.00480187
572.732 378.411 0.0170568 -0.00146615 0.00761714
183.19 445.548 0.0198619 -0.000586844 0.00732108
676.958 530.839 0.00689841 -0.00127898 0.018301
768.883 109.947 0.00806983 0.00437999 0.0175555
832.921 40.1211 0.00464889 0.00132639 0.0104715
853.026 51.9211 0.004094 0.00386825 0.0688488
605.441 207.483 0.00208332 -0.00222199 0.0150644
604.677 208.669 0.00139353 0.00102701 0.00413615
752.49 394.718 0.00471361 -0.00083431 0.00593034
870.344 491.078 0.0109896 -0.00729293 0.0242728
224.937 31.7652 0.0015108 -2.82576e-005 0.00305887
865.778 215.806 0.0331472 -0.0188192 0.0204401
512.294 233.706 0.0161829 -0.00399509 0.00430747
827.031 325.378 0.00245989 -0.000838513 0.0317449
504.167 154.859 0.0103409 -0.000313041 0.0110777
665.169 175.366 0.00302003 0.00112139 0.00202526
264.486 670.944 0.012875 -0.00900967 0.0112294
549.69 164.024 0.0325807 0.0020658 0.00763149
566.244 245.384 0.00415722 -0.00699697 0.0537674
746.218 629.91 0.00764506 -0.0290796 0.140089
698.809 122.936 0.00403676 0.0031933 0.0149758
6.09459 678.338 0.00516947 -0.00387575 0.0427008
619.64 319.64 0.0044999 -0.000596707 0.0319063
620.727 320.407 0.00346437 -0.000459047 0.00961939
742.989 442.5 0.0216484 -0.0098883 0.0103001
789.606 491.182 0.0241481 -0.00681843 0.00469032
422.512 642.953 0.0208628 -0.0102897 0.00774052
671.442 125.415 0.00138248 -0.000813814 0.00260349
551.425 650.349 0.0191375 -0.00632655 0.00598298
708.45 419.767 0.0121313 -0.00122694 0.00822811
726.122 133.122 0.0353787 0.00863311 0.0104918
728.297 131.676 0.00500162 0.0027897 0.00411423
812.917 415.972 0.0132631 -0.000483718 0.0281524
842.905 444.743 0.0196668 -0.0114829 0.0223407
150.759 19.8704 0.0294074 -0.00336371 0.00403303
484.044 336.618 0.0083432 -0.00509493 0.0109134
668.686 390.895 0.0263389 -0.00646749 0.00893374
614.5 524.595 0.00395013 -0.00201526 0.00347328
179.39 44.3991 0.00404649 0.00173402 0.00590807
606.139 662.964 0.0142277 -0.0037345 0.00175304
549.52 393.765 0.0193723 -0.00641544 0.0103211
868.944 518.778 0.00562859 -0.01215 0.0960548
402.948 400.569 0.00869903 -0.00379866 0.0120588
591.571 677.714 0.00729249 -0.00336733 0.0358366
719.884 43.4884 0.00383964 -0.00678222 0.0221955
862.755 353.774 0.00496816 -0.000339255 0.00328687
3.9127 622.897 0.0172808 -0.00766196 0.00950816
273.259 103.034 0.0169687 -0.000848889 0.00501323
669.833 288.2 0.0112198 -0.00614134 0.0117396
852.579 181.947 0.00729381 0.000522949 0.0392539
725.262 523.881 0.025344 -0.00219744 0.0129702
743.738 479.705 0.00726277 -0.00478963 0.00645375
682.281 397.25 0.0168292 -0.0130508 0.0392469
679.437 433.682 0.00216732 -0.00238879 0.00718937
607.311 282.365 0.00737336 -0.00103445 0.0404272
105.488 62 0.0108869 0.000287555 0.00334999
621.019 120.942 0.0277919 -0.00073832 0.00616142
622.671 341.592 0.0285551 -0.00193565 0.0021588
3.73077 21.7692 0.0159414 -0.00273899 0.0129435
613.33 39.2075 0.0321951 -4.6409e-006 0.00129781
637.919 369.03 0.00599335 0.000365002 0.00194208
640.101 469.561 0.000961081 0.000750168 0.0132431
584.236 148.569 0.0092671 0.00433861 0.00721166
733.611 482.852 0.012134 -0.00238282 0.00876409
611.722 651.1 0.0268735 -0.0180033 0.0191178
626.929 653.663 0.0127284 -0.00471567 0.016006
673.77 304.527 0.0147877 2.73639e-005 0.015833
714.161 480.144 0.0164306 -0.0077472 0.0105013
634.159 393.136 0.00545198 0.00111087 0.0364828
803.575 313.764 0.00894849 -0.00422754 0.0162312
619.587 254.077 0.0147162 0.0012602 0.00259068
649.071 311.262 0.0206182 -0.00373562 0.0139937
605.33 613.911 0.00253225 -0.00205778 0.0142071
636.371 595.412 0.00425596 -0.000295348 0.0024778
646.474 296.859 0.0824454 -0.0024312 0.00328644
595.094 6.10377 0.00941178 -0.00206402 0.00375492
637.28 616.88 0.00799027 -0.00112276 0.0110864
628.893 305.304 0.00567244 0.00198691 0.019362
643.784 523.994 0.00365476 -0.000221621 0.00461991
659.063 647.896 0.00829081 0.00138811 0.0214369
656.923 647.263 0.00378692 -0.0018634 0.0126744
648.519 1.59615 0.0030854 0.0049438 0.065087
15.3861 5.60127 0.0107202 -0.0060932 0.0111329
