1.0
1052
97.25 123.089 0.0118916 -0.0138407 0.0304407
93.7396 122.797 0.00319688 -0.00516435 0.0126684
93.2143 122.733 0.00248769 -0.00358207 0.00798061
94.3267 124.333 0.00204278 -0.00192448 0.00237859
365.84 89.6942 0.0153134 0.00531382 0.00478786
997.397 40.7564 0.0256339 0.0059549 0.0148736
372.476 2.15854 0.00897456 0.000928379 0.0318746
112.236 97.9906 0.0171476 -0.0113468 0.0138827
112.75 98.4211 0.0123611 -0.00862425 0.0109968
416.355 108.955 0.0253447 0.00395527 0.00668822
329.777 237.04 0.00339359 0.00106893 0.00698746
73.5732 65.7439 0.0189331 -0.00860661 0.020031
72.8421 65.3947 0.0104323 -0.00565343 0.00970249
300.929 42.6905 0.0122948 0.000395119 0.00964068
305.771 42.5467 0.00162773 -0.000747233 0.00569011
306.13 42.0103 0.00149595 -0.000560795 0.00384909
303.68 46.2191 0.000576269 2.85611e-005 0.000125957
30.4089 42.0653 0.000241033 -0.000199956 0.000370451
541.451 98.5732 0.0269654 0.0111599 0.0174185
325.207 131.317 0.00496148 -0.00183109 0.00457879
302.44 69.5698 0.000945873 -0.000831217 0.00223669
94.5625 82.6406 0.0120934 -0.00931593 0.0185701
94.2685 82.213 0.00728929 -0.00438901 0.00925321
94.4276 81.7961 0.00543704 -0.00237897 0.00543836
771.756 535.081 0.00141265 8.02687e-005 0.000399194
113.326 500.826 0.0320255 0.00281347 0.00855781
305.5 16.6475 0.00707264 0.00591618 0.0165456
305.79 16.414 0.0042277 0.00401172 0.0124427
75.0802 477.278 0.00229598 0.00051935 0.00165706
742.396 536.815 0.0100403 -0.000326151 0.000192636
742.093 534.924 0.00686934 -0.000184103 0.00016202
348.561 156.194 0.0451191 -0.0280749 0.0219435
331.783 98.7174 0.0323411 -0.02769 0.0288449
802.322 62.6556 0.0243059 -0.0129787 0.0182865
64.5784 112.284 0.0249938 -0.00201248 0.00875653
64.4221 112.604 0.0141711 -0.000780804 0.00626405
64.0603 112.276 0.00908902 -0.000166449 0.00420878
514.898 500.352 0.00636924 -0.00218022 0.00554578
268.783 27.066 0.0172924 -0.00804103 0.0125155
873.692 389.034 0.00959779 7.90888e-005 0.0108059
740.862 473.761 0.0617038 -0.00235807 0.00174682
273.065 208.258 0.00943493 -0.00236994 0.0144081
69.7846 267.134 0.00557509 0.00390945 0.00851811
70.8644 264.247 0.0040522 0.00182684 0.00212479
106.91 357.414 0.00473516 0.00366332 0.00490524
30.1943 418.105 0.00556454 -0.00140656 0.00341373
30.2746 418.129 0.00403364 -0.001103 0.00303213
30 417.493 0.00326766 -0.000827846 0.00245406
24.5852 405.999 0.00151295 -0.00069365 0.000692923
70.9966 5.06463 0.00238829 0.000111218 0.00485504
60.0385 252.013 0.0240412 0.00222744 0.0136737
24.0484 392.565 0.0109932 -0.000900281 0.0128664
19.6264 392.808 0.00164498 -0.000304421 0.00812408
18.1118 392.538 0.00129886 -0.000953993 0.00694435
4.4901 429.431 0.00746223 0.000290196 0.00645964
4.66788 430.318 0.00632083 0.000976591 0.00368057
4.68605 431.372 0.00564109 0.000967005 0.00208352
5.37727 431.732 0.00383418 0.000549054 0.00153311
6.09536 428.781 0.00229246 -0.000205626 0.000439241
2.25556 71.7667 0.0330423 -0.00295263 0.0078951
472.575 462.745 0.0169296 0.00831674 0.0133325
61.7368 25.4474 0.0355191 -0.0164003 0.0151107
66.7945 351.162 0.000792232 -5.86351e-005 0.000368831
259.02 628.711 0.000476426 0.00030269 0.000752534
232.827 247.055 0.0106319 0.00256152 0.00415669
200.907 333.802 0.0192385 -0.000975598 0.00309772
32.4386 366.886 0.00572941 0.000393596 0.00752296
32.6857 366.857 0.00502649 0.000251001 0.00538786
67.2941 41.8824 0.0166442 -0.00256142 0.0188945
308.722 347.125 0.00499099 -0.00336432 0.0055712
308.325 346.74 0.00364843 -0.00221934 0.00404497
1.88462 406.628 0.0414355 0.00299056 0.00789037
2.89506 369.611 0.0301761 -0.00696415 0.00340067
40.0789 7.9386 0.0229317 0.00133676 0.00375521
66.8421 299.586 0.0112198 0.0011598 0.00148866
372.904 401.989 0.020348 -0.00506889 0.0135196
912.808 501.49 0.00183301 -0.000511943 0.00161318
333.631 261.331 0.00763815 0.00379314 0.00559525
276.591 592.067 0.00015692 -0.000165667 0.000564237
268.111 602.513 8.38324e-005 -5.22925e-006 0.000137731
209.281 424.786 0.00174405 0.00110221 0.0259196
218.212 427.052 0.000571023 -0.000850249 0.00496936
366.146 569.771 0.00685643 -0.00926464 0.0206163
367.077 570.437 0.00539337 -0.00651689 0.0126401
43.0761 304.842 0.00727874 0.00422866 0.00445503
45.0205 305.73 0.00191284 2.13911e-005 0.00131908
324.136 583.127 0.00437908 -0.000136447 0.0101611
324.507 582.764 0.00327143 -0.000244208 0.00661098
373.796 495.519 0.00657645 -0.00546303 0.0103523
415.905 6.2619 0.0311137 0.00205378 0.00927812
15.1154 249.869 0.011435 -0.00740064 0.0158725
14.4339 249.459 0.00529083 -0.00224142 0.00801153
14.5867 249.153 0.00414581 -0.000909427 0.00576503
14.1718 248.705 0.00232807 -0.000529712 0.00489237
16.6647 245.243 0.00146683 0.000933881 0.00231216
98.5881 291.267 0.00574337 0.00178388 0.00362913
52.2273 386.545 0.0164888 -0.00160881 0.0163739
53.7788 386.865 0.00477936 -0.00134726 0.00876924
92.0584 413.955 0.00717761 -0.00684879 0.0132051
807.453 468.081 0.0185319 0.000986282 0.0162375
349.309 590.032 0.0232688 -0.00402186 0.0104993
345.168 586.853 0.0041379 -0.000781481 0.000908707
91.3 564.6 0.0258547 0.0015263 0.00847561
91.0694 564.389 0.0175222 0.00163083 0.0058544
207.13 631.278 0.00862994 -6.85499e-005 0.0172346
209.704 631.323 0.00271722 -0.00154587 0.0121636
210.247 631.182 0.00224382 -0.000860971 0.00939138
210.117 630.701 0.00217396 -0.000602026 0.00550776
330.842 154.632 0.0209163 0.000760772 0.0183662
273.5 637.186 0.0107716 0.0034643 0.0190992
351.103 610.069 0.00928555 -0.00578057 0.0191527
334.267 546.616 0.00516226 -0.0102674 0.0557821
230.94 668.28 0.00851469 -0.0079979 0.0288077
228.9 663.94 0.00613272 -0.00321346 0.00356643
30.8953 277.942 0.0271357 0.0125529 0.0162973
30.1901 278.57 0.0132869 0.00815674 0.0108727
275.855 655.419 0.0065631 -0.00361544 0.0185682
275.53 656.312 0.00570076 -0.00184885 0.00797539
241.924 459.195 0.0106371 -0.00856287 0.0178215
11.7 319.1 0.0126599 0.00613624 0.0259241
94.9719 388.511 0.00742728 -0.00613079 0.0100431
304.524 635.714 0.0120143 0.00246185 0.0189163
208.608 674.77 0.0147931 0.0045043 0.00367697
208.377 674.827 0.00878735 0.00272121 0.00282909
208.328 674.839 0.00574103 0.0017472 0.00224673
10.2436 216.192 0.0519488 -0.00860897 0.00828211
267.405 690.905 0.0369102 3.93184e-005 0.00734025
275.989 695.358 0.00053139 -0.000763303 0.0040307
282.107 6.33607 0.00777715 0.00290228 0.00576418
272.244 7.85967 0.000740088 1.36277e-005 0.00294846
273.098 8.65717 0.000706774 -0.000120492 0.00217341
274.175 9.52003 0.000660881 -0.000220865 0.00192287
274.958 10.7216 0.000635466 -0.000243904 0.00149361
274.024 11.1338 0.000530647 -0.000314079 0.00129099
126.417 43.8426 0.00820157 0.000121851 0.00630242
126.037 43.2721 0.00758675 -0.00103586 0.00402756
127.402 48.6882 0.00760635 -0.00235987 0.00120243
367.297 51.1076 0.00271594 -0.00138941 0.00451838
366.016 51.7957 0.00157939 -0.000169196 0.00287917
96.4412 63.5686 0.000649684 -0.000595791 0.00457985
90.6656 59.5299 0.00061015 -0.000746104 0.00203391
90.3513 58.8502 0.000591802 -0.000659609 0.00168578
97.7763 43.4629 0.000173994 -2.78314e-005 0.00018445
88.3442 39.3031 0.00011545 -6.35449e-005 0.000186712
323.505 68.3352 0.00538936 0.00025196 0.00331825
324.063 66.9581 0.00472274 -0.00010594 0.00106209
18.9481 78.3605 0.00341113 0.00127109 0.00190954
16.8621 75.3828 0.001314 -0.000277722 0.000887112
345.283 76.9704 0.00318999 0.000804059 0.00278383
343.61 80.9509 0.00293743 0.00090215 0.00113561
335.174 75.1423 0.000711222 -0.000338727 0.000640104
337.084 77.5962 0.000672676 -0.000359895 0.000516527
336.804 77.5755 0.00061982 -0.000325561 0.000462884
291.189 80.317 0.00387618 -0.00320377 0.00512871
289.716 82.006 0.00161895 -0.00088445 0.00192878
286.847 83.3706 0.000962716 -0.000278426 0.000812074
104.506 112.381 0.00260956 -0.00142863 0.0022508
104.882 112.21 0.00222419 -0.00129864 0.00154742
103.579 110.539 0.00151739 -0.000893595 0.00113103
103.805 110.677 0.00124933 -0.000715643 0.000973994
105.132 112.614 0.00111115 -0.000592131 0.000702943
74.9545 136.715 0.00358357 -0.000473761 0.00124112
74.4898 135.329 0.00336247 -0.000647085 0.00107332
79.6852 135.813 0.000655081 -0.000239852 0.00123326
76.7407 137.926 0.000393791 -0.000505852 0.000890221
209.21 153.666 0.00418981 0.0017291 0.00535146
210.773 154.156 0.00237119 0.000476559 0.00392803
98.2391 157.859 0.00110042 -0.00070943 0.0044253
98.9737 157.776 0.000911977 -0.000560715 0.00407627
99.9454 157.771 0.000761313 -0.000423924 0.00345237
23.736 232.631 0.00034136 6.37208e-005 6.8418e-005
281.807 221.948 0.00604762 -0.000697366 0.00332909
283.334 224.262 0.00237359 -9.88939e-006 0.00172192
277.994 222.948 0.000556188 -0.000275082 0.00169329
219.531 240.566 0.00476581 8.47346e-005 0.0013505
219.254 239.976 0.00343815 -0.000183899 0.00109159
219.196 239.821 0.00292859 -0.000100359 0.00100655
225.055 237.974 0.000431772 -3.90235e-005 0.000909794
235.042 261.24 0.00534893 -0.00181191 0.00719488
235.195 261.093 0.0041968 -0.00127519 0.00555908
84.581 272.376 0.00301108 0.00157053 0.00519375
89.2241 273.259 0.00109713 -6.81117e-005 0.00133219
100.985 278.368 0.0114383 -0.00061393 0.0112326
53.6026 281.955 0.00443937 -0.00268549 0.00245164
20.1941 307.194 0.00908601 -0.000249182 0.00908601
19.7018 307.28 0.00624699 -0.000531891 0.00811889
3.62 315.5 0.0105251 0.00252822 0.00331723
181.269 320.336 0.00162007 0.000241386 0.000469532
183.948 326.888 0.0010607 -0.000218778 0.000258688
184.957 331.878 0.000983919 -0.000175258 0.000206255
185.545 335.182 0.000651987 -4.04978e-005 0.000150247
497.104 334.39 0.00564354 -0.0013851 0.00486306
497.586 334.586 0.00450199 -0.0014641 0.00434325
498.234 334.941 0.00354414 -0.00138966 0.00378335
492.605 333.76 0.00117647 -0.000543739 0.000573547
49.3661 363.26 0.00390567 0.00238936 0.00349087
50.4048 365.68 0.00219719 0.000467103 0.00151185
294.311 365.296 0.0021011 -0.000206731 0.000872503
294.28 370.773 0.000364171 0.000136983 0.000433365
295.275 369.588 0.000260593 9.26554e-005 0.000346392
320.822 407.08 0.000209836 -0.000124999 0.00010571
100.061 384.005 0.000782663 -0.000363817 0.000599346
100.317 386.903 0.00073423 -0.000218257 0.000339548
97.2373 389.726 0.000480468 -6.42778e-005 0.00028778
275.722 376.479 0.00755711 -0.00222385 0.00423019
275.608 376.274 0.00461315 -0.00140622 0.00365429
108.551 401.089 0.0072847 -0.00146337 0.00289506
10.3902 412.39 0.0065466 0.000407779 0.00308554
9.4174 408.296 0.00366093 -0.000792646 0.00112074
228.55 407.581 0.00123603 3.12616e-005 0.00204087
228.364 408.351 0.00112873 9.69989e-005 0.00152157
77.7247 416.86 0.0113128 -0.000434646 0.00673542
895.402 440.549 0.00517236 0.000663369 0.0162707
894.561 440.5 0.00372043 0.000438742 0.0121604
893.672 440.344 0.00241343 -0.000370108 0.00756354
888.281 439.811 0.000827929 -0.000791266 0.00548373
26.0284 446.194 0.000556771 0.000151467 0.00111878
25.7367 448.804 0.000517756 0.000155922 0.000557463
31.3121 451.334 0.000220416 -2.63181e-005 0.000428613
25.754 447.396 0.000193361 -3.14576e-005 0.000147959
255.517 449.045 0.00626655 0.000332871 0.00659329
204.728 443.001 0.00155912 -0.000609413 0.00173506
210.569 451.798 0.000408325 -0.000132108 0.000336713
231.38 443.471 8.9822e-005 -5.7972e-007 0.000115742
63.1183 463.416 0.00543692 0.000712981 0.0065151
61.85 462.744 0.00295961 -0.000833593 0.0052836
353.102 503.717 0.00396406 0.00301509 0.00693722
350.972 503.076 0.00120438 0.00046287 0.00476951
336.425 513.981 0.0031522 -0.00177673 0.00618146
491.579 516.988 0.00719297 0.00179053 0.00332441
489.291 517.592 0.00258842 0.000893427 0.00289759
477.823 508.546 0.000452916 -0.00028543 0.000849682
660.665 562.469 0.00141596 -9.31015e-006 0.000307495
752.864 542.321 0.0100333 -0.000742507 0.00305132
753.18 534.627 0.00624195 0.00021133 0.000535152
753.327 533.827 0.00495792 0.000239595 0.000505383
753.612 532.663 0.00402477 0.000291643 0.000461444
731.038 547.496 0.00725274 0.00112133 0.00135058
730.893 547.015 0.00501716 0.000715113 0.00118194
730.724 533.366 0.00497316 8.81005e-005 0.000183006
730.05 523.193 0.00460279 -0.000131894 0.000103633
729.783 512.304 0.00412476 -7.01943e-005 6.51259e-005
604.397 574.49 0.000296371 5.78154e-005 0.000241569
604.835 572.686 0.00027835 6.05331e-005 0.000209235
340.351 565.132 0.000552256 -0.000551906 0.00121691
71.4514 554.545 0.00403582 -0.000111413 0.000902248
81.9826 543.133 0.000396681 1.21958e-005 0.000304236
209.074 565.628 0.00260949 -0.00041015 0.00653971
209.046 565.566 0.00219538 -0.000158988 0.00519889
208.397 565.751 0.00136623 0.000232417 0.0048703
208.229 565.95 0.00104917 0.000431758 0.00452163
208.394 565.824 0.000920245 0.000417002 0.00377816
270.372 563.138 0.00071618 0.00039117 0.00380135
702.279 563.209 0.0068115 0.000849572 0.00218871
702.369 562.766 0.00602903 0.000843529 0.00171688
702.598 562.235 0.00515296 0.00072577 0.00115151
703.918 552.623 0.00459337 0.00066184 0.000351423
727.516 591.492 5.35555e-005 0.000128278 0.00630024
697.561 576.885 5.77461e-005 -8.14289e-005 0.000306306
698.756 572.066 5.56172e-005 -4.87058e-005 0.0001908
322.374 596.718 0.00143262 -0.00134642 0.003973
319.096 593.515 0.00133584 -0.0011408 0.00192956
320.721 592.655 0.000683475 -0.000490631 0.00125423
91.2466 634.162 0.00037707 4.77303e-006 4.54542e-005
191.791 607.362 0.000700607 1.72097e-005 0.00124595
611.5 620.113 0.00156553 0.0012116 0.0111124
615.348 619.485 0.00070628 0.00106052 0.0088502
259.682 637.393 0.00684402 0.000339233 0.00600129
6.23861 663.951 0.00432353 -0.000358294 0.000129012
743.958 641.476 0.00174616 0.00106061 0.0123642
744.993 641.467 0.00128249 0.00110543 0.0110787
746.423 641.288 0.000940061 0.00100218 0.00939542
186.136 2.5 0.00700522 -0.000960427 0.0249362
186.931 3.01389 0.00575989 -0.00155593 0.0182784
191.469 4.98958 0.00217894 -0.000363472 0.00641663
201.766 7.52712 0.000527368 6.52035e-005 0.00250591
196.995 20.5796 0.000666291 0.000239986 0.000363889
14.792 7.12774 0.00734756 -0.000101578 0.00424566
22.6676 6.72527 0.000920611 0.000266186 0.0042916
47.303 20.8793 0.00241107 0.000842385 0.00580892
47.2819 20.7469 0.00208601 0.000591581 0.00454528
47.6056 17.8385 0.00241544 0.000314545 0.00150301
50.8657 23.4185 0.0019699 -0.000529269 0.000652531
103.19 19.7063 0.013 -0.000448604 0.00257801
103.63 17.3773 0.0068026 0.000231526 0.00112831
334.717 24.3406 0.00277221 0.000462812 0.0111351
337.401 24.873 0.00133808 -0.000753998 0.00639998
336.942 17.2843 0.00133731 -0.000298961 0.000740125
337.485 23.1081 0.00118305 -0.000255429 0.000400635
337.413 23.8029 0.00110724 -0.000254677 0.000385297
331.785 24.0526 0.000367868 -0.000100204 0.000363719
91.6 36.4923 0.00753388 -4.8852e-005 0.00474671
709.747 34.9536 0.00769264 -0.00165682 0.00861497
710.098 35.123 0.00606057 -0.00162683 0.00702802
710.898 35.1265 0.00385792 -0.0016804 0.00622519
707.045 30.805 0.00240628 -0.0016166 0.00214271
214.036 44.3866 0.0103751 0.000450878 0.006132
214.443 44.7131 0.00842163 0.000705915 0.00477579
214.512 45.3402 0.00734865 0.00108612 0.00294984
221.267 47.138 0.000962884 -0.000537556 0.00264858
277.469 42.9961 0.00542394 0.000388463 0.00674099
285.581 48.3406 0.00167586 -0.00187073 0.00357584
280.095 50.3953 0.000370447 -2.48271e-005 0.00137862
270.74 51.3922 9.78157e-005 -4.82678e-005 9.26886e-005
413.926 78.6483 0.00463882 0.000845531 0.00292523
413.713 79.1087 0.00370005 0.000626529 0.00249276
410.493 79.6772 0.00126059 0.000284042 0.00199514
73.5 95.6143 0.00817426 -0.000517475 0.00673344
71.5545 87.2532 0.00224508 -0.000557118 0.00108078
71.7907 86.8093 0.00161413 -0.000331546 0.000990181
71.6208 86.7819 0.00132338 -0.000229011 0.000824431
242.32 99.4317 0.00426902 0.000783966 0.00341403
243.58 99.2018 0.00258909 0.000742726 0.00303788
244.081 99.3211 0.00220702 0.000592805 0.0027231
246.785 100.273 0.00104792 -0.000112614 0.00230573
248.952 103.916 0.00106665 -0.000286738 0.00105169
249.224 104.995 0.00101573 -0.00020846 0.000878946
53.1423 118.836 0.00635032 -0.00039346 0.00505531
54.6711 122.017 0.00420418 -0.00140019 0.00237067
351.733 141.034 0.00496141 0.00139436 0.00727205
351.512 141.131 0.00437106 0.000663326 0.00495476
351.764 142.522 0.00390371 -0.000749134 0.00234321
351.887 143.62 0.00340148 -0.00109714 0.00163805
306.798 150.649 0.00700902 -0.000302946 0.00588731
312.524 152.375 0.00127509 -0.000914548 0.00474143
322.391 153.677 0.000508351 -0.000413019 0.00147998
450.2 156.563 0.00985796 -0.000884574 0.00952485
449.986 156.443 0.0071755 -0.00125566 0.00782924
442.938 154.207 0.00140494 -0.00180887 0.00678373
442.973 154.024 0.00115026 -0.00109429 0.00424539
445.042 153.41 0.000550324 -0.000309282 0.00298275
446.236 152.674 0.000411871 -0.000144616 0.00210832
447.136 146.68 0.000440031 1.71855e-006 0.000583727
51.3557 173.644 0.00826963 -0.00114515 0.00793039
222 205.448 0.00339919 -0.00186118 0.00651973
222.195 205.738 0.00256556 -0.000813077 0.00458746
225.542 207.845 0.000863885 -0.000247316 0.00230404
264.009 219.292 0.0123998 0.00255205 0.0169944
264.183 219.356 0.00704035 0.00114653 0.00804167
263.42 219.06 0.00393044 0.000993496 0.00688379
101.612 228.939 0.00858436 -0.000743585 0.00721728
101.665 229.35 0.00629706 -0.00103754 0.00537252
83.8118 300.299 0.00289445 -0.000445237 0.00251482
80.7251 302.655 0.0017779 0.000657914 0.00138027
84.8923 287.379 0.00114528 0.000317562 0.000324553
104.716 329.767 0.00363842 0.00229581 0.00644157
104.172 330.068 0.00270626 0.00158796 0.00481546
99.8797 336.761 0.00246511 0.00142045 0.00151132
98.447 338.339 0.00195029 0.00123254 0.00136196
98.3971 338.297 0.0017843 0.00107293 0.00121137
98.6787 337.13 0.00153163 0.000791302 0.000875203
76.9094 332.917 0.00712523 -0.000617514 0.00533299
77.0063 331.987 0.00661999 -0.000380456 0.00365955
77.4854 331.204 0.00469627 5.3158e-005 0.00280922
253.093 334.988 0.00914239 -1.65814e-005 0.0089189
253.221 334.806 0.00730955 -0.000159513 0.00673346
93.1098 347.256 0.0147128 4.87822e-005 0.0060584
93.105 347.139 0.0095311 -0.000330843 0.0044614
437.229 356.5 0.0112852 0 0.0107803
323.067 355.634 0.0110155 0.00411907 0.0124063
320.833 357.386 0.00711924 0.00511463 0.00803578
374.982 387.782 0.00894715 0.00132686 0.00951193
374.963 387.796 0.00708965 0.00166939 0.0076238
375.171 387.25 0.00556768 0.00173009 0.00572151
375.327 383.155 0.00440954 0.000228392 0.00122189
375.124 382.029 0.00337654 -2.599e-005 0.00102122
375.417 381.488 0.00262214 -0.000192567 0.000942303
326.778 400.315 0.0081798 -0.00219921 0.00673157
327.144 400.72 0.00647854 -0.00243862 0.00618738
322.759 400.293 0.00133688 -0.000796741 0.00519526
320.644 399.476 0.000962708 -0.000377696 0.00294684
82.7037 400.037 0.0123519 -0.000124311 0.016233
82.78 400.06 0.00877437 0.000430352 0.0068819
242.245 425.833 0.0138831 -0.000568282 0.0156802
242.252 426.035 0.00931427 0.00165198 0.00659575
91.5988 430.605 0.00698076 -0.000830443 0.00311513
88.1245 428.188 0.0021357 -0.00152895 0.00183653
88.2342 428.664 0.00179722 -0.00122958 0.00151395
260.184 430.426 0.00713686 0.00106321 0.00467823
260.387 431.048 0.00536174 0.000368514 0.00344962
254.832 436.112 0.000819796 -0.000186582 0.00043918
334.16 442.964 0.00941412 -0.00461466 0.00465218
223.614 459.97 0.00817952 -0.00023297 0.00399238
354.575 463.353 0.00170177 -0.00170078 0.00199436
356.078 464.6 0.00135792 -0.00134379 0.00159177
356.221 464.883 0.00111986 -0.00108761 0.0013041
594.628 498.819 0.00798672 0.000984702 0.00846351
594.357 498.921 0.00620569 0.00110234 0.00626655
929.65 504.28 0.00800585 -0.000176622 0.00753862
929.578 504.221 0.00630211 -0.000432398 0.0057449
927.167 503.181 0.00281621 -0.00158693 0.00503837
200.176 582.951 0.0107325 -9.64479e-006 0.0108897
205.129 582.972 0.00178162 -0.000372301 0.00874758
232.296 590.909 0.00711811 -0.00109644 0.00982063
119.181 93.0966 0.00835193 -0.000502026 0.0051294
121.297 89.5259 0.00509488 0.00180147 0.00243037
122.182 89.6438 0.00359023 0.000733562 0.00157709
46.9167 418 0.0107271 0 0.0107143
46.8083 418.2 0.00689279 0.000365965 0.00606197
50.1667 420.167 0.00223224 -0.00148794 0.00451401
291.529 494.543 0.0128052 -0.00346963 0.0103547
291.2 493.673 0.00964348 -0.00347437 0.00634101
291.089 493.699 0.00841802 -0.00335375 0.00489503
304.827 563.071 0.0162305 -0.000475125 0.01532
997.476 628.378 0.0232228 0.000359257 0.0127033
686.944 686.816 0.00357597 0.00182332 0.0131365
685.906 687.094 0.00217789 0.00145365 0.010464
685.22 687.191 0.00156698 0.00102192 0.00944679
684.95 687.195 0.00129043 0.000896143 0.00802052
683.961 687.497 0.00104718 0.000804559 0.00658777
71.709 312.754 0.0125358 0.000494481 0.0106404
424.265 361.735 0.0113685 -0.000144871 0.0113685
430.106 360.177 0.00226015 0.00230356 0.00548042
216.525 367.125 0.0110494 -0.000145778 0.00851377
70.1447 433.211 0.0109515 -4.72766e-005 0.00938821
67.4267 437.668 0.00670806 0.00304107 0.00349128
306.974 26.069 0.00554644 -0.00123129 0.0081357
308 26.0592 0.00319492 -0.000155689 0.00707534
623.261 29.7394 0.0121701 0.00024963 0.00833304
626.265 34.7212 0.00366169 -0.00154973 0.00252186
624.735 23.0855 0.00287988 -0.00030037 0.000342761
624.208 23.4533 0.00213717 -0.000195374 0.0003346
622.882 23.6469 0.0014583 -0.000107591 0.000354542
56.9014 35.3299 0.00651906 0.000291062 0.00433246
191.9 41.575 0.0101921 0.000791162 0.00921529
191.338 42.1857 0.00866801 0.00261066 0.00662804
190.24 44.1095 0.00724549 0.00266151 0.00368301
191.452 41.2528 0.00660234 0.00267431 0.00224326
852.426 279.981 0.00848374 0.00106918 0.0107486
853.743 278.5 0.00531247 0.00195497 0.00530732
853.974 278.363 0.00447079 0.0011441 0.00377899
371.645 562.227 0.0100601 0.000921264 0.0168125
374.037 560.574 0.00314657 0.00184844 0.00778259
69.0758 51.5606 0.00965291 -0.00286103 0.0146321
235.148 563.977 0.00982348 -0.00162082 0.00392943
236.203 564.449 0.00454627 -0.00101783 0.00361731
337.62 7.90361 0.00459788 0.000231373 0.00379291
75.0357 81.4643 0.00999134 0.0002668 0.00855911
274.605 181.532 0.00645521 -0.00513429 0.0122304
274.764 181.49 0.00373187 -0.00182961 0.00474584
273.098 187.035 0.00202945 0.000330427 0.00100997
275.836 178.787 0.00132917 0.000306125 0.000389509
354.774 292.732 0.0135849 -0.00367413 0.00553021
354.913 293.038 0.00953463 -0.00182866 0.00325491
354.975 292.805 0.00768243 -0.00104756 0.00250952
353.353 281.848 0.00542193 -0.00095206 0.000558287
721.054 665.189 0.00756718 0.000470178 0.0142155
721.067 665.221 0.00467891 0.000662625 0.0119642
721.219 665.233 0.00302624 0.000580945 0.0110459
721.183 664.973 0.002251 0.000489224 0.00972131
720.299 665 0.00138003 0.000405539 0.00955591
287.289 165.803 0.0112595 -0.00248232 0.00974605
285.907 164.833 0.00608254 -0.00332228 0.00820063
284.06 163.614 0.00342379 -0.00270356 0.00689694
283.068 162.904 0.00256496 -0.00184441 0.00558625
255.518 183.644 0.00776235 0.000284575 0.00632331
241.923 232.373 0.0107358 -0.00105308 0.0110391
241.157 232.559 0.00580391 -0.000492237 0.00904411
240.015 487.66 0.00665946 0.00282373 0.00421723
240.872 487.993 0.00291762 0.000550235 0.00280257
581.865 507.965 0.00679992 -0.00188715 0.00262231
586.014 506.132 0.00141377 0.000498204 0.00126003
587.241 502.417 0.000680797 7.54343e-005 0.000416468
74.0093 522.282 0.0022472 -5.88265e-005 0.00368526
350.596 184.048 0.00439504 -6.57032e-005 0.00979228
348.591 184.148 0.00269526 -1.09048e-005 0.00394664
348.383 184.38 0.00242894 7.39e-005 0.00307281
346.43 186.887 0.000957484 0.000226486 0.00188547
214.239 300.094 0.0113285 0.000346406 0.0107279
213.793 297.711 0.00876512 0.00071484 0.00308192
211.867 297.892 0.0039312 0.000838584 0.00246855
211.028 297.298 0.002795 0.000433712 0.00215629
283.52 511.796 0.00612863 -0.000541394 0.0101787
283.845 511.536 0.00399115 -0.000633921 0.00784077
538.117 503.767 0.0125026 -0.00335685 0.0136247
537.971 503.571 0.0110594 -0.00347138 0.00780869
537.457 501.287 0.00872857 -0.00208487 0.00360386
537.832 500.104 0.00576287 -0.000630092 0.00232612
538.187 500.22 0.00363539 -0.000833975 0.00170387
538.856 501.413 0.00313894 -0.000777006 0.00132087
192.563 80.8924 0.0115663 0.000292609 0.00835597
192.697 82.0738 0.00938584 0.000500281 0.00431519
183.768 361.472 0.0130635 -0.000222173 0.00884588
252.678 510.833 0.0134078 0.000868791 0.0210843
253.105 510.645 0.00951786 0.000844402 0.0109759
251.557 511.343 0.00422354 0.00159964 0.00594768
251.334 511.51 0.00354289 0.00131363 0.00487333
320.611 530.294 0.012482 -9.37182e-005 0.012095
281.618 96.2368 0.0107503 -0.000313271 0.00964265
327.261 281.034 0.0104431 -0.000310485 0.00736974
328.504 296.71 0.00263035 -0.00060235 0.000507614
331.227 286.81 0.000161874 1.22245e-006 0.000342685
501.11 387.159 0.0152528 0.00143326 0.0194544
500.2 387.19 0.00575604 -0.000639116 0.0103215
500.02 387.244 0.00479287 -0.000645356 0.00813916
499.503 383.223 0.00303784 0.000139625 0.00177708
712.31 579.569 0.00917469 0.00187624 0.0179333
394.823 108.792 0.0142882 0.00280563 0.00960156
395.558 107.86 0.00680716 0.00246463 0.00327906
396.43 107.577 0.00473615 0.00171542 0.00219562
398.538 119.338 0.00304554 -0.000164538 0.000329371
400.142 120.139 0.00189286 -0.000235301 0.000309548
295.887 323.638 0.0108367 0.000229844 0.00865309
352.347 388.54 0.00988139 0.00100193 0.00269119
352.401 388.522 0.00810348 0.0006719 0.00225959
352.366 386.542 0.00725734 -7.57839e-005 0.00118843
353.961 384.503 0.00369394 0.000477237 0.00107013
107.608 477.577 0.0117988 0.0011776 0.0122072
105.698 478.276 0.0046903 0.00279645 0.0100795
100.303 475.902 0.00197707 -0.0014867 0.00374444
100.598 480.075 0.00192545 -0.000705935 0.00108283
710.557 526.764 0.0123182 0.00179265 0.0164416
878.052 211.707 0.0144838 -0.000795156 0.0121938
876.471 217.249 0.00843992 0.00197837 0.00263228
876.451 218.121 0.005825 0.00100295 0.00202812
873.883 212.37 0.00132961 -0.000114662 0.000513247
873.404 212.663 0.00119302 -6.00625e-005 0.000480931
186.189 274.135 0.0107072 0.000127355 0.0102041
184.706 275.036 0.00545376 0.00401334 0.00536849
784.364 536.712 0.0126845 0.00128896 0.0105865
558.352 695.746 0.00853946 0.00123241 0.0186497
558.298 695.792 0.00585728 8.93739e-005 0.0125913
557.978 695.709 0.00392891 0.000267211 0.011526
559.799 695.832 0.00135207 0.000382446 0.0118415
560.172 695.967 0.00088212 -1.02254e-005 0.0101731
231.752 305.005 0.00623015 -0.000201187 0.00909476
206.669 416.592 0.0113052 -0.000682851 0.0123197
206.307 416.739 0.00784112 0.000617576 0.0094774
204.322 417.043 0.00313951 0.00132359 0.0100125
471.875 479.893 0.0124365 -0.0020418 0.0151642
473.483 480.541 0.00478484 -0.00218881 0.00917803
473.792 480.312 0.0041707 -0.00192201 0.00671069
511.632 483.395 0.0136739 0.00347302 0.00824084
512.921 480.494 0.00912653 0.00322106 0.00320754
510.478 477.98 0.00164117 0.000190785 0.00177894
497.786 543.5 0.0123779 -3.40102e-020 0.012181
417.889 251.759 0.0131989 0.00168455 0.0153583
417.125 251.833 0.00571407 0.00124952 0.0111166
416.453 251.733 0.00352685 0.000723497 0.0094609
413.319 253.821 0.00223791 0.00160478 0.00353874
412.407 250.857 0.00145664 5.01875e-005 0.00117041
412.729 250.41 0.00136368 -8.98916e-005 0.000963537
412.973 250.203 0.00130174 -0.000171902 0.000823079
4.26786 397.071 0.0133792 -0.00276657 0.014118
292.112 464.48 0.0157891 -0.00381743 0.0161545
292.089 464.719 0.0106535 -0.00187723 0.0108295
622.29 8.02 0.018333 3.19748e-005 0.0026718
623.209 7.67877 0.00576065 0.000855435 0.00250472
241.392 533.651 0.00814263 -0.000928572 0.00865818
241.343 533.657 0.00695656 -0.000647427 0.00656616
433.708 151.764 0.00941331 -0.00166081 0.0121356
876.389 437.9 0.0138382 -0.00499917 0.0193239
982.789 631.104 0.0010453 0.000946161 0.00326038
982.552 630.689 0.00103684 0.000851718 0.00265641
982.446 630.115 0.00101886 0.00076367 0.00217065
778.684 684.296 0.0120911 -0.000360901 0.0189101
778.566 684.237 0.00732266 0.000228049 0.0138527
778.708 684.243 0.00499341 0.000363621 0.0116362
36.7987 117.656 0.00989793 -0.00130077 0.0101441
34.1805 115.382 0.00519439 -0.00341588 0.00609322
261.342 56.9211 0.0113986 0.000965464 0.00923647
231.698 50.0116 0.00951654 -4.51908e-006 0.00844256
828.213 133.233 0.0102766 -0.00101859 0.00582815
828.306 133.355 0.0083687 -0.000859645 0.0047298
828.366 133.697 0.00637364 -0.000635273 0.00385198
828.671 134.065 0.00511112 -0.000785885 0.00324137
486.597 314.226 0.012318 5.42719e-005 0.0126016
441 338 0.0112833 -2.93326e-005 0.0110486
440.661 338.19 0.00873013 0.000139124 0.0089769
440.161 338.796 0.00660523 0.00189137 0.00660426
436.646 352.426 0.00107723 0.000681911 0.00100439
435.778 353.77 0.000906464 0.000571691 0.000827729
263.841 494.451 0.020893 -0.00234841 0.0165525
264.167 494.473 0.00920279 -0.0025403 0.0120183
264.355 494.555 0.00649269 -0.00178724 0.00815778
479.893 502.434 0.0158636 0.00354434 0.0106479
481.927 501.209 0.00549479 0.0037379 0.00854708
293.125 506.827 0.000878764 -0.000254754 0.00040153
875.268 571.879 0.00153571 0.000992921 0.00976502
432.657 9.58571 0.0113108 0.000289059 0.0093693
431.924 7.66754 0.00262183 0.00148327 0.00531589
33.3125 48.1875 0.0147476 -0.00219044 0.0173406
33.3722 48.6353 0.00755124 -0.000310608 0.00455352
33.2607 48.5552 0.00592375 -0.000481297 0.00388622
484.703 270.188 0.0121077 -0.000761059 0.0119852
485.511 270.435 0.00841467 -0.00199263 0.00867121
486.164 271.148 0.00568858 -0.00158898 0.00688587
486.694 271.688 0.00472038 -0.00120362 0.00487212
703.167 505.878 0.0109786 -2.09334e-005 0.0044094
703 504.485 0.00852109 -0.000421753 0.00154237
340.682 345.955 0.0184053 -0.001445 0.0107158
340.543 346.274 0.0115974 0.000576234 0.00603323
340.563 346.414 0.00887903 0.000610549 0.00416841
295.947 477.968 0.0162332 -0.00338188 0.015569
295.794 477.485 0.012439 -0.00173204 0.0103928
466.965 512.384 0.0211245 -0.00473622 0.0132777
467.528 512.287 0.00640125 -0.00292813 0.00912397
861.729 698.729 0.00234964 0.00278671 0.095672
859.975 698.278 0.000959388 0.000215418 0.056627
296.895 55.5247 0.00400896 0.00232548 0.0161213
263.625 90 0.0101747 0 0.00928218
442.833 268.271 0.0161786 -0.00127704 0.0152157
442.884 268.535 0.00990832 0.00194155 0.00748965
441.403 273.087 0.00802669 0.00262637 0.00236801
444.469 272.684 0.00139276 0.000555313 0.00179698
445.592 272.857 0.000989632 0.000247694 0.00144633
111.335 291.465 0.011518 -0.00116601 0.00733633
107.516 295.899 0.00445964 0.00220994 0.00280224
2.04054 381.527 0.0362692 -0.00372653 0.010097
93.4028 471.111 0.0128076 -0.00189088 0.00922351
183.646 500.82 0.00285178 0.000398818 0.000737603
184.901 501.44 0.00145235 0.000106187 0.000684067
70.4556 24.5667 0.0231247 -0.000280245 0.0108814
70.8561 27.0606 0.010784 -0.00124225 0.0031634
132.162 63.1125 0.0129397 -0.00488871 0.00832658
344.768 212.951 0.00996556 -0.00109389 0.0118752
67.5659 254.819 0.0116837 -0.000244714 0.00624592
217.276 264.803 0.0104548 0.000523545 0.0099974
751.333 14.3519 0.0132195 -0.00228894 0.0155095
751.447 14.38 0.0106657 -0.00143484 0.0101206
612.659 65.5 0.0103518 -0.00034723 0.0120662
612.695 65.3161 0.00800895 -1.82683e-006 0.00980954
102.678 301.651 0.011065 -0.000341142 0.0100286
211.784 391.231 0.0137414 -0.000447872 0.00969114
943.394 502.727 0.0132049 0.000774546 0.0103814
943.344 502.889 0.0101731 -0.000229018 0.00726426
350.058 600.942 0.0134494 -0.00076669 0.023999
630.445 40.0455 0.0124876 0.0100994 0.0189703
770.132 579.114 0.0122868 0.000203177 0.0143533
323.871 298.148 0.00584732 -0.00210269 0.00916191
731.422 511.719 0.0169534 3.2395e-005 0.00843406
354.979 101.007 0.0122864 -0.000902108 0.00838696
336.109 124.813 0.0140711 -0.00108373 0.0104172
333.31 116.93 0.00831912 -0.00267003 0.00185047
400.944 131.778 0.00999568 0.00173948 0.00315356
400.908 132.592 0.00802271 0.00114526 0.00214394
400.398 132.513 0.00570564 0.00024074 0.00164494
381.357 402.471 0.0114458 0.000231435 0.0106812
751.434 474.566 0.0111493 0.00174899 0.00928757
752.842 478.231 0.00436009 0.000363851 0.000419932
406.662 8.88235 0.0123644 -0.000657689 0.0104078
406.711 7.875 0.00914943 -0.00122456 0.00378271
407.282 9.7887 0.00483985 -0.00115213 0.00208202
425.856 17.5078 0.000381227 -0.000177394 0.00049287
427.069 17.8666 0.000332994 -0.000133267 0.000455369
102.122 512.486 0.0101614 0.00031677 0.0107869
102.193 512.381 0.0085017 0.000519656 0.00696103
400.467 688.183 0.0127336 -0.00281215 0.0132907
298.754 278.619 0.0122317 -0.00150981 0.0109614
299.011 278.935 0.00915048 -0.00225749 0.00811999
300.133 283.742 0.00813522 -0.00144331 0.00159104
754 686 0.00604839 0 0.0241935
98.3077 137.308 0.0121207 0.00185542 0.018101
98.2246 137.283 0.0100415 0.000119358 0.0124119
861.433 295.811 0.0203188 0.000526876 0.0144076
861.637 295.647 0.00608476 -0.000300812 0.0108526
861.28 295.72 0.00502116 -0.000394473 0.00858564
226.443 535.529 0.0114803 -0.000899714 0.0107471
257.738 588.31 0.0126237 -0.000608501 0.0119987
257.802 588.221 0.00958301 -0.000246304 0.00850477
558.23 339.96 0.0117889 0.00224736 0.0126986
559.331 339.556 0.00318282 0.00216496 0.00688815
558.94 339.569 0.00231892 0.00136496 0.00525098
328.806 421.387 0.0154138 -0.000761791 0.0100408
443.09 132.705 0.0095498 0.000415924 0.0104077
443.088 132.933 0.00717625 0.00112932 0.00912081
863.875 199.344 0.0103106 0.00124682 0.0134943
227.176 339.599 0.010544 -0.00155843 0.0114866
488.786 468.19 0.0247332 -0.00243219 0.013333
488.766 468.078 0.0156516 -0.00278266 0.00936503
488.87 468.261 0.0128128 -0.00437161 0.00670742
244.69 28.6013 0.0076905 -0.000622287 0.0119832
244.537 28.6776 0.00546434 0.000196066 0.00934004
335.42 161.428 0.00608608 0.00276364 0.00688855
270.923 352.308 0.014065 -0.001296 0.0142247
789.993 695.486 0.00601109 0.000699218 0.0186985
742.304 2.06863 0.00550357 -0.00510938 0.0370187
742.07 2.61392 0.00367166 -0.00367624 0.0232308
77.7877 13.0068 0.0117656 0.000601143 0.00949001
772.31 606.086 0.0114088 7.53646e-005 0.0154324
793.399 641.594 0.00171591 -0.000373768 0.0174259
208.5 183.645 0.00923444 -0.00130462 0.00946126
632.811 697.656 0.0088017 0.00123837 0.0302027
621.836 697.416 0.000439409 0.00113927 0.0246552
864.139 9.24699 0.0078495 0.001179 0.010623
863.5 9.66981 0.00654849 0.00221012 0.00884715
268.5 124.412 0.0165928 0.000202777 0.0108866
278.132 140.711 0.0228495 0.000507346 0.0172862
273.068 139.076 0.00366526 -0.00373084 0.0114951
271.615 134.415 0.00323054 -0.00117138 0.00158161
271.807 134.412 0.00273485 -0.00094085 0.00141443
336.06 314.38 0.0265602 -0.0028917 0.00798454
782.697 501.32 0.0113233 -0.00301703 0.0143186
835.769 586.135 0.0115739 -0.00112487 0.0175458
835.258 586.28 0.00493318 0.000552402 0.0133757
30.4847 5.79771 0.00552828 0.00120676 0.00656971
688.618 332.829 0.00961023 -2.25443e-005 0.0107197
688.667 332.875 0.00765963 2.17449e-005 0.00851674
288.27 336.315 0.00514869 -0.00346881 0.00818982
861.688 399.5 0.00715956 -0.00149165 0.00206551
870.941 393.308 0.000639477 0.000277893 0.000841422
800.456 461.368 0.0112911 -0.00145474 0.0116902
247.912 469.5 0.00950456 -0.00285949 0.0226552
104.483 492.717 0.0112058 0.000720628 0.0116497
438.533 433.172 0.0114834 -0.000701824 0.0140324
440.083 434.185 0.00502158 -0.00322439 0.00995319
209.75 66.5053 0.00337642 -0.00256839 0.00682791
209.895 66.7193 0.00274749 -0.00177123 0.00519011
274.878 319 0.010919 0 0.0100398
274.913 318.978 0.00937979 -0.000332561 0.00761135
106.578 258.019 0.01099 0.000107392 0.00919157
399.667 415.294 0.00347662 0.00266728 0.0111913
821.338 55.4902 0.00163936 -0.000715829 0.00181575
821.515 55.8598 0.00128993 -0.000580217 0.00139537
314.159 93.0909 0.0223193 -0.00594257 0.0151757
313.151 92.1789 0.00795452 -0.0048744 0.00883537
373.796 418.5 0.0171798 0.0018333 0.0118135
373.927 418.42 0.0137485 -0.000718654 0.00780128
506.186 508.114 0.0147013 -0.00466873 0.00917945
506.041 508.184 0.0105381 -0.00357141 0.00691674
929.486 682.616 0.00809397 0.00166836 0.0157006
928.957 682.643 0.00454609 0.00093691 0.012177
432.782 33.089 0.00632101 -0.00235122 0.00362273
346.355 225.973 0.00665024 0.0038079 0.0228518
344.748 226.161 0.00286621 0.00131459 0.0122881
348.787 220.19 0.0014282 0.000173894 0.000970271
346.906 219.202 0.000799666 -4.34149e-005 0.000922694
346.255 218.511 0.000638034 -5.25805e-005 0.000811144
242.183 247.992 0.0164547 0.00147832 0.00894162
791.25 351 0.00866949 -0.00534421 0.0135683
791.417 351 0.00728962 -0.00489827 0.0106085
791.048 352.068 0.00376138 -0.00272786 0.00687853
790.627 351.934 0.00287282 -0.00185951 0.00544414
394.119 560.167 0.0071424 -0.00326147 0.0131646
795.99 305.039 0.00534845 -0.00192836 0.0110469
796.206 305.213 0.00420443 -0.00151093 0.00796559
796.61 305.957 0.00311651 -0.0010213 0.005974
796.168 306.411 0.00251906 -0.000266038 0.00444645
175.017 373.533 0.0145398 -0.000208151 0.010812
433.824 403.147 0.017 -0.00480285 0.00864433
433.769 403.113 0.0119824 -0.00405257 0.00696057
426.724 414.656 0.000304256 -0.000125457 0.00046772
886.548 386.613 0.0118753 0.00132243 0.0130908
886.56 386.596 0.00799336 0.000292253 0.0108599
886.544 386.562 0.0051674 0.000679546 0.00916733
63.0208 79.8958 0.0152241 -0.00658528 0.0143217
449.761 94.5435 0.00958411 -0.000543919 0.0127664
441.504 95.7469 0.00104284 0.00131422 0.00835962
282.044 266.904 0.0149752 -0.00194426 0.0122688
282.154 266.872 0.011016 -0.00145046 0.00897923
282.139 267.102 0.00903058 -0.0011806 0.00579401
497.367 354.722 0.0228673 -0.00712303 0.0127317
497.432 355.212 0.0141875 -0.00468044 0.00893822
236.778 213.593 0.0166284 -0.00153724 0.0123246
69.6333 353.513 0.0112451 -0.000131094 0.00931623
177.789 397.411 0.019047 0.00766674 0.0176288
176.13 401.152 0.012607 0.00340967 0.00294271
175.953 401.573 0.00914763 0.00250491 0.00243261
390.56 27.68 0.0204324 -0.000256567 0.0113443
390.64 27.4884 0.0136296 -0.000479185 0.00589659
390.595 26.8966 0.0101435 -0.000997467 0.0042518
390.336 26.0031 0.00818033 -0.00101737 0.00259793
898.412 269.026 0.0170542 -0.00144055 0.0106318
898.619 269.183 0.0103801 -0.00118785 0.00570115
898.708 269.514 0.00737837 -0.000907065 0.00389307
898.95 269.39 0.00552282 -0.000484456 0.00293952
431.222 423.903 0.0156182 0.00201607 0.00752628
460.425 67.2676 0.00211921 0.000362376 0.00239035
463.009 64.5915 0.000685045 -0.000214332 0.000607744
512.238 102.605 0.00556873 0.00331192 0.00259891
513.935 98.9225 0.00357904 0.00178689 0.00126276
514.12 98.5606 0.00297253 0.00142672 0.00102514
747.566 166.645 0.00984916 -0.000393249 0.0103927
456.386 472.068 0.00794494 -0.00223204 0.00248272
215.69 5.44286 0.00780045 0.00536338 0.00994722
188.578 206.127 0.0147007 -0.00367148 0.0160831
188.345 205.545 0.00920798 -0.00265492 0.00611177
186.893 194.927 0.00109602 -0.000558475 0.00106725
190.524 230.381 0.00720554 -0.0025994 0.00378048
190.73 229.354 0.00318075 -0.00147182 0.00241651
451.365 348.135 0.0137074 0.00482377 0.016444
417.81 397.049 0.0146186 -0.0116827 0.0170472
194.032 378.432 0.00256382 0.00254045 0.00564336
270.57 528.376 0.00729049 0.00286478 0.0058551
504.886 3.91429 0.0090244 -0.000641749 0.0136826
505.49 4.20588 0.00522285 0.000559967 0.0106908
506.796 4.6831 0.00335917 -0.000406103 0.00847681
454.779 70.8256 0.0212359 -0.00299477 0.0149474
299.155 423.064 0.0137251 -0.000663781 0.0142302
299.536 423.283 0.00866652 -0.00295428 0.0108503
760.72 22.1688 0.00116356 -0.000806506 0.000990065
206.095 92.5886 0.00958713 -0.0023889 0.0106112
205.208 96.4675 0.000773353 -0.000540336 0.00100818
371.077 282.519 0.0170591 -0.00168547 0.012797
371.125 282.425 0.0103557 0.000336155 0.00890428
474.178 318.178 0.0138202 0.000789139 0.012345
84.1351 488.176 0.0106281 -0.000192812 0.0101821
996.52 521.704 0.0143642 -0.00221512 0.00420331
996.422 522.172 0.0129977 -0.00147839 0.0026095
995.89 536.796 0.00978503 5.59665e-005 0.000206305
994.791 538.184 0.0061712 0.000197077 0.000183633
507.364 435.374 0.0153298 0.00406307 0.00407673
507.081 435.735 0.0101782 0.00247306 0.00346303
507.554 435.799 0.00686753 0.00142957 0.00266779
507.826 436.254 0.00557998 0.000878727 0.00207901
181.823 552.677 0.0102506 -0.001042 0.0149975
254.122 115.922 0.0224091 -0.00251065 0.0127964
880.617 200.417 0.0128528 -0.00230205 0.0131855
182.655 263.865 0.00224104 -7.73929e-005 0.000488438
751.762 430.738 0.0167267 0.00119077 0.0195121
752.083 430.792 0.0124045 0.00229938 0.00966884
751.933 430.995 0.0109484 0.00224074 0.00620869
517.205 136.75 0.0196855 -0.00254035 0.014962
516.656 136.875 0.0118965 0.000804697 0.0119474
517.108 136.541 0.00793181 0.00131965 0.00826088
453.419 207.473 0.0177011 -0.00384704 0.0218481
452.905 207.631 0.0053376 0.000964835 0.0148985
444.403 208.006 0.000863939 0.000400788 0.00912834
354.043 251.783 0.0158751 -0.000468657 0.017213
354.254 251.869 0.0127962 3.13681e-006 0.0107886
645.644 117.671 0.00185472 -0.00027065 0.00025846
646.344 119.445 0.00158494 -0.000266252 0.000229042
648.01 123.811 0.00126942 -0.000306227 0.000190045
134.445 156.427 0.0168036 -0.00215728 0.0119575
134.651 156.522 0.0107317 5.08508e-005 0.00640374
134.583 156.905 0.00925763 -0.00033681 0.00424838
134.949 163.638 0.00556462 -3.39399e-005 0.000810914
529.33 378.747 0.00321493 0.00121031 0.00366254
528.686 380.32 0.00217151 0.000735052 0.00244966
527.279 379.184 0.00132788 -0.000163896 0.00134186
424.435 686.806 0.0107411 -0.000247358 0.0143393
57.7556 99.7778 0.00915393 -0.000125765 0.00804255
669.438 506.08 0.0021136 -0.000111478 0.00324271
681.667 17.1852 0.0136387 -0.00372826 0.0146199
681.35 17.175 0.0124717 -0.00276641 0.00785773
680.981 16.9537 0.00892814 -0.00266848 0.00649008
920.485 242.076 0.0110597 0.00112766 0.0123328
919.362 241.259 0.000735648 0.000675457 0.0025936
293.475 570.275 0.0199195 -0.00371218 0.0187674
319.622 253.135 0.014242 -0.00326714 0.00805233
806.946 332.319 0.00776754 0.00472405 0.0121166
806.153 332.302 0.00462615 0.00268766 0.00888007
804.951 332.887 0.00280286 0.0010682 0.00517273
340.029 372.721 0.0106487 -0.00106254 0.012202
797.866 113.841 0.0210311 0.00173963 0.0162972
797.715 113.748 0.00624659 -0.00216576 0.00734622
194.142 140.895 0.00942094 9.8017e-006 0.00969628
194.102 140.811 0.00705922 -0.000287929 0.00803214
106.467 204.28 0.00918476 -0.000379048 0.00775176
233.325 356.307 0.016322 -0.00792326 0.0147866
233.907 350.861 0.00163661 -0.000779918 0.00138628
314.625 422.083 0.0185192 0.00227555 0.01419
430.139 65.1213 0.00849259 -0.00204906 0.00263434
429.89 63.4851 0.00688977 -0.00158169 0.00131976
154.017 183.741 0.0145983 0.000846163 0.0122358
154.213 183.833 0.00828205 7.39241e-005 0.00623335
154.035 183.824 0.0060998 6.25789e-005 0.00489063
195.433 544.133 0.0160472 -0.00145857 0.010297
699.047 19.875 0.0142963 -0.00243686 0.0106108
624.971 186.294 0.0131801 -0.000927255 0.0098402
625.005 186.242 0.00956311 -0.000197365 0.00672048
700.08 440.22 0.0147017 -0.0020526 0.0163744
700.247 440.26 0.00881262 -0.000323038 0.0119112
700.646 439.947 0.00611553 -0.000587301 0.00885032
182.532 533.339 0.0126207 0.000181329 0.0119054
288.833 616.278 0.0116853 -0.00212138 0.0129997
436.229 207.714 0.00987678 -0.000441395 0.0121854
571.009 117.028 0.0168609 -0.00567298 0.0139269
570.587 116.359 0.0112022 -0.00472105 0.00815367
570.265 116.223 0.00909266 -0.00360952 0.00605886
727.315 199.074 0.0148029 -0.00685254 0.0169082
727.462 199.184 0.00984938 -0.00411064 0.0112535
727.605 480.044 0.0125593 -0.000541792 0.0143369
687.574 666.324 0.00688742 0.000820793 0.0187751
766.071 141.316 0.00522702 -0.00320734 0.0135935
766.123 141.254 0.00395403 -0.00245788 0.0102367
769.381 242.784 0.0120116 5.45554e-005 0.0109854
770.41 246.346 0.00880915 -0.00153411 0.00245852
305.609 331.155 0.0170174 -0.00190674 0.0111954
479.331 414.873 0.0117008 0.000199337 0.0147114
511.78 25.9 0.0159352 -0.00496999 0.0141424
511.486 25.8014 0.0110665 -0.00305969 0.00983692
511.444 25.7778 0.0082489 -0.00124566 0.00602384
510.697 25.3169 0.0053914 -0.00131959 0.00514878
510.254 25.0035 0.00197371 -0.000995939 0.00353743
523.609 320.781 0.0286254 0.00517642 0.00532073
523.416 321.317 0.00943497 0.00131243 0.0036867
500.577 374.923 0.0163344 -0.00106115 0.0130158
281.59 586.918 0.0115276 -0.000807588 0.0115644
838.848 45 0.0202083 0 0.0138666
932.868 237.066 0.0101364 0.00215193 0.0104568
793.392 367.716 0.00474693 0.00156813 0.0122421
484.802 102.594 0.022858 0.00257172 0.00926764
476.125 290.429 0.0116951 -0.00223957 0.0154903
227.438 321.488 0.0113494 -0.000835885 0.00817796
90.6556 2.21111 0.00817588 -0.00112987 0.0324858
344.457 419.926 0.0184242 -0.00201894 0.0149525
436.767 506.322 0.0165292 -0.0045398 0.0183621
123.886 359.797 0.00762933 -0.00209771 0.00368389
37.3361 483.336 0.0126492 -0.00348106 0.012968
38.3169 483.796 0.00557231 -0.00241451 0.00567003
424.407 174.453 0.0247861 0.00461381 0.0114608
424.685 174.285 0.0137566 0.00314723 0.00962118
425.37 174.21 0.00809727 0.00180142 0.00715808
425.355 173.768 0.00422283 0.00100818 0.00444014
633.076 209.987 0.00225732 -0.00254682 0.0101098
633.327 209.817 0.00196423 -0.00148665 0.00529221
790.038 62.5385 0.0123052 -0.00567143 0.0202524
789.935 62.2536 0.00902824 -0.00406661 0.0152847
789.365 62.1346 0.0055039 -0.00267978 0.0113235
789.37 62.1377 0.00419035 -0.00187469 0.00825242
493.357 227.929 0.0104981 0.00314201 0.0182345
492.006 227.063 0.00345675 -0.000804336 0.00574327
909.542 45.7361 0.0117529 -0.000772289 0.00981243
238.788 183.269 0.0192309 9.20064e-005 0.0101073
256.242 293.318 0.0122544 0.00119109 0.0112248
525.375 441.729 0.0139715 -0.000786785 0.0180646
45.3243 77.473 0.0134064 -0.00190682 0.00813535
267.547 261.174 0.00795994 0.0046771 0.00665996
731.765 413.01 0.0156632 -0.00162493 0.0157674
729.858 409.864 0.00660252 -0.00216527 0.0034751
572.025 463.35 0.0185422 0.00416513 0.020401
412.515 303.315 0.0156908 0.0040564 0.00967025
412.358 303.875 0.0078968 0.00176124 0.0056592
412.119 303.913 0.00557112 0.00122568 0.00436783
911.765 234.929 0.0159715 -0.00155087 0.0154567
295.741 198.833 0.0112617 -0.00287574 0.0180865
295.838 198.916 0.00934084 -0.0029184 0.011486
296.368 199.319 0.00419651 -0.00213639 0.007951
479.283 353.767 0.0126965 -0.00145152 0.0129762
991.139 431.189 0.0119478 0.000160845 0.0133249
991.066 431.139 0.00947837 0.00137059 0.00923449
989.859 431.955 0.00179748 -0.0012352 0.00367958
487.5 428.839 0.012951 0.00142557 0.0120051
490.135 146.243 0.0106482 -0.000489498 0.0101144
134.559 173.647 0.0110967 -0.00147506 0.0118656
571.869 317.192 0.0142235 0.000678395 0.00991047
462.796 437.037 0.0158078 -0.00146188 0.0129229
548.438 59.3923 0.00448245 -0.000787109 0.0018694
157.397 147.526 0.0105346 0.00102032 0.0093943
157.078 147.959 0.00749595 0.00183248 0.00713905
386.306 196.993 0.0092612 0.0018501 0.0144061
387.448 196.677 0.00564987 0.00291862 0.012417
388.192 196.308 0.00394764 0.00179457 0.00963749
125.308 222.577 0.0119207 -0.00236717 0.00859454
980 21 0.0166082 -0.00407857 0.0192538
979.955 21.0714 0.0104785 -0.00230863 0.0101476
979.877 21.1228 0.00772024 -0.00188585 0.00641662
980.01 21.2931 0.006449 -0.00163352 0.00478361
980.467 22.9813 0.00609332 -0.00150078 0.00224099
531.805 299.159 0.00358155 -0.000232253 0.0170262
530.968 299 0.00265698 -0.000783927 0.0120556
454.675 221.711 0.0119876 -0.0014801 0.01442
864.28 259.432 0.0125839 -0.00101102 0.0118757
963.468 259.643 0.0124237 -0.00141675 0.0122042
963.665 260.093 0.0094076 -0.00155806 0.00749829
575.909 4.11364 0.0248961 -0.00219106 0.0117427
575.978 5.91111 0.0132895 0.00112466 0.00473134
667.037 31.9146 0.0251597 -0.00248007 0.0143732
667.056 31.8968 0.0151097 -0.000349114 0.00999337
667.24 31.7188 0.0102875 0.000375359 0.00635347
995.293 110.5 0.0128859 -0.00117914 0.00662135
994.592 104.426 0.00582456 -8.99992e-005 0.000664952
919.97 172.389 0.0045364 -0.00355314 0.00553769
461.952 3.29032 0.00907152 0.00108381 0.016588
151.597 624.984 0.0102223 -0.00170328 0.0146012
151.803 625.017 0.00762589 -0.00193495 0.0102217
929.803 3.18807 0.00264611 -0.00234376 0.0140177
927.442 8.73853 0.00208429 0.000564497 0.0019818
692.578 180.528 0.00428376 -0.000665149 0.00121127
692.541 180.154 0.00367007 -0.000580602 0.000962985
699.3 423.469 0.0126761 -0.00242808 0.0116456
228.425 92.7388 0.012685 -0.000196545 0.010478
949.026 477.921 0.0160014 0.00291711 0.0119999
949.006 477.753 0.010178 0.00157737 0.00803807
949.537 477.331 0.00670408 0.00212972 0.00548849
541.643 111.357 0.0222691 0.0107725 0.0150875
320.562 176.838 0.00720169 0.00080745 0.0167421
320.964 177.005 0.00499806 -0.000244594 0.0117535
434.149 234.552 0.00783287 0.00349853 0.0096156
434.448 234.075 0.0055203 0.00181014 0.00518179
976.714 250.714 0.0123937 -0.00191309 0.0101131
976.798 250.979 0.0110773 -0.00137825 0.006183
934.804 424.893 0.0127453 -0.00163736 0.0150394
773.563 195.421 0.013519 -0.001712 0.0112199
972.076 276.348 0.0126201 -0.002761 0.0111274
922.063 374.952 0.00505672 0.00347604 0.00811879
922.799 374.703 0.0035257 0.00234057 0.00632331
719.875 441.979 0.0164114 0.00076687 0.0146004
989.867 458.406 0.00302686 0.000402609 0.00243625
990.791 464.794 0.00218057 -0.000374743 0.000619547
463.221 288.919 0.0215063 0.00365943 0.0153852
527.889 426.407 0.0145873 0.00186399 0.014125
118.867 493.051 0.0200707 -0.00213821 0.0122751
987.735 132.451 0.015347 -0.00155618 0.00568121
659.708 6.4375 0.0134852 0.00364407 0.0201159
662.352 4.54945 0.00202333 0.00101791 0.00655709
940.283 144.683 0.0159125 -0.00103362 0.0104843
827.163 181.837 0.00608055 -0.00389654 0.00518555
698.598 251.159 0.00299928 -0.00251451 0.0119687
787.402 269.695 0.0252407 -0.00748391 0.0137693
793.052 273.044 0.00389686 -0.00318603 0.00384296
793.644 273.273 0.00303886 -0.00249413 0.00321478
371.669 101.049 0.0139289 0.000684016 0.00822851
371.63 101.004 0.00917699 0.000438323 0.00481794
434.753 309.26 0.0105119 0.000348342 0.0100721
434.833 309.157 0.00803622 0.000153057 0.00752504
757.569 113.132 0.013337 -0.00332464 0.00674243
757.425 113.167 0.00960331 -0.00254434 0.00501271
757.46 113.187 0.00782544 -0.00211267 0.00394902
752.377 267.185 0.00995659 -0.002553 0.0114704
979.96 266.262 0.0130807 -0.00137658 0.0113731
839.817 367.433 0.0155824 0.00383154 0.0115734
481.445 179.931 0.00138518 -0.00034331 0.00258679
479.533 178.355 0.000870876 -0.000589346 0.00220323
638.524 194.31 0.0153437 -0.00457886 0.021878
802.543 240.007 0.0112793 -0.000302272 0.0110376
273.37 305.926 0.0155211 -0.00216028 0.0130028
561.082 174.064 0.0121761 -0.00105865 0.0158524
721.85 344.85 0.0128951 -0.00147267 0.0128951
548.279 14.3824 0.0125418 -0.000432579 0.0103123
613.276 156.172 0.014807 -0.00393318 0.0116563
613.285 156.435 0.0102846 -0.00365053 0.00793586
414.413 184.297 0.0113946 0.000501867 0.0110541
910.439 313.303 0.0116203 -0.000936826 0.0118633
905.378 1.89024 0.00715078 0.00281118 0.0429947
543.454 3.22308 0.00794839 -0.00138403 0.0174235
389.492 56.132 0.0106314 -0.00130518 0.0029272
405.758 277.775 0.00347029 -0.000316524 0.0108059
954.43 440.824 0.0115585 -0.00181989 0.0106191
954.664 441.069 0.00785209 -0.000703726 0.00575329
696.7 347.064 0.0140087 1.13841e-005 0.0139673
696.563 347.238 0.0103879 6.83835e-005 0.00892656
494.9 55.35 0.0122972 0.000489058 0.0131016
170.846 106.71 0.010711 0.000287164 0.00855659
595.875 168.65 0.00757793 -0.00196426 0.0126786
871.281 309.016 0.0143245 0.00124769 0.0101258
978.191 349.529 0.0113679 -0.000891644 0.011325
844.088 353.147 0.0126524 0.000296857 0.0100973
136 28.0769 0.0150153 -0.000951082 0.0147644
952.23 535.527 0.0100399 0.000152913 0.0109075
659.462 225.123 0.011112 -0.0012302 0.0182502
767.217 299.7 0.0142609 0.000375516 0.0114918
884.397 316.562 0.0167392 -0.000692137 0.00362929
884.53 316.463 0.0103877 -0.00076817 0.00315875
362.5 5.725 0.0116717 -0.00162874 0.00815603
176.264 136.25 0.0115808 -0.000348058 0.00984653
947.484 423.484 0.0116053 -0.000647873 0.0129785
596.925 253.588 0.00210589 -0.00233589 0.0106388
938.486 77.2101 0.0115594 -0.00137205 0.0108917
538.975 164.221 0.0141239 -0.000463977 0.0113167
512.877 168.384 0.0110333 0.00188277 0.0116455
