1.0
1524
810.368 46.9737 0.0205281 -0.0242169 0.0324579
339.675 44.9444 0.246639 0.013584 0.00104406
608.909 74.3864 0.00961602 0.000520071 0.0250058
619.578 164.923 0.000994428 -0.00017377 0.000470362
605.4 177.693 0.000324672 0.000155666 0.00016873
586.357 165.373 0.169009 0.0100614 0.00114266
323.936 180.808 0.0276835 -0.00685939 0.00504068
330.988 198.915 0.300049 -0.0147358 0.00140135
334.226 124.876 0.0126594 0.000657342 5.83575e-005
374.282 181.289 6.72041e-005 -1.91055e-005 4.25902e-005
619.686 204.672 0.00585829 0.000396809 0.00200465
472.13 208.283 0.0234351 0.00127151 0.00106026
476.303 183.2 0.00383338 0.0005743 0.00026512
479.242 186.264 0.00199983 4.25753e-005 8.17564e-005
315.693 188.365 0.111012 -0.006571 0.00046724
378.7 223.557 0.0495217 0.00181269 0.00858458
811.952 235.081 0.0241994 -0.00123044 0.0255119
580.96 208.577 0.0112924 0.00134281 0.000229303
561.662 241.257 0.0382962 -0.00541964 0.00885564
656.051 254.713 0.00170241 1.51293e-005 0.0338434
655.667 252.082 0.00160201 -5.63647e-005 0.00554528
773.701 251.061 0.0010977 -0.00045937 0.00866113
691.671 255.39 0.000990609 -0.0015209 0.0447446
700.968 253.752 0.000378972 0.000355643 0.0101638
423.026 262.5 0.00569148 0.00413787 0.0125657
337.329 269.443 0.0198957 0.00823392 0.0159218
800.613 182.197 0.00217337 4.58294e-005 9.09741e-006
380.134 277.451 0.131805 -0.00382354 0.00156085
499.214 272.031 0.00359142 -0.00180004 0.0138631
266.395 289.132 0.00385054 0.000160348 0.00211965
1.7 282.989 0.0625806 0.000207165 0.00388003
576.358 282.394 0.0507998 0.00326669 0.000693122
17.0196 289.583 0.00233321 0.000308958 0.0020853
434.909 300.784 0.0382057 -0.00186916 0.00161363
730.814 299.486 0.0727189 0.00184267 0.000637364
727.197 300.382 0.00357019 3.27251e-005 0.000597828
725.63 298.017 0.0043944 4.42789e-005 0.000635954
298.797 297.527 0.017734 0.00590607 0.014531
298.069 301.014 0.0195259 0.00495763 0.00357595
338.744 290.844 0.0278123 -0.00428426 0.00211276
443.639 292.639 0.0195595 -0.0010333 0.00386423
437.665 299.206 0.00230891 0.0001151 0.000853514
375.256 304.573 0.171522 0.00693807 0.000975052
151.304 304.978 0.00218358 -0.00122095 0.0229158
442.402 307.467 0.0205467 -0.00129078 0.00519842
653.813 317.146 0.0194735 -0.00841194 0.00997647
653.476 310.72 0.00232992 -0.000395329 0.000351346
653.823 319.547 0.000901077 -0.00011784 0.000307502
586.818 325.994 0.0205278 -0.0133969 0.0112114
829.833 328.628 0.0206982 0.0368729 0.0754526
837.382 327.131 0.00218966 0.00329657 0.00943225
39.3776 327.561 0.0155559 0.00755283 0.0128666
41.1082 327.49 0.00429011 0.00172035 0.00867658
165.621 328.753 0.00251406 -0.000927216 0.0155179
202.589 334.571 0.0128273 0.0141173 0.0214058
316.329 337.9 0.0304302 0.000120662 0.0144569
315.589 340.892 0.0100195 0.0037713 0.00543562
772.918 339.627 0.00333903 0.00362425 0.0216109
243.577 339 0.00735443 0.0121394 0.0404352
78.1 340.443 0.00485228 -0.00544264 0.042082
75.3647 337.076 0.00107394 -0.000732847 0.00417443
77.9029 330.026 0.000502359 0.000125787 0.000513871
177.744 348.28 0.0152641 0.001908 0.0131517
33.2925 344.764 0.0111648 -0.00494992 0.0109412
32.4747 342.646 0.000682374 0.000357235 0.00593414
607.373 346.391 0.00468207 -0.00377214 0.0248052
608.344 356.456 0.0168659 -0.00755655 0.0154223
412.809 338.524 0.015879 -0.000266061 0.000109107
410.559 334.129 0.0028035 2.53425e-005 0.000100403
397.498 323.17 0.000445189 -8.83427e-005 9.66202e-005
117.598 351.441 0.183194 0.0100843 0.00127805
119.702 342.429 0.00958161 0.00191117 0.000542735
127.926 330.014 0.000996496 0.000489406 0.000370857
627.064 360.227 0.0123798 -0.00705212 0.0129809
624.783 355.47 0.00497738 -0.000355589 0.00151452
576.394 391.851 0.00117206 3.95844e-005 2.08594e-005
566.911 400.847 0.000435824 2.85687e-005 1.95125e-005
243.745 364.01 0.0047077 -0.0102759 0.0647719
824.427 362.156 0.00173074 -0.000746388 0.0053995
453.44 364.64 0.00220576 -0.0215738 0.270887
475.69 366.113 0.000728052 -0.0094922 0.142379
299.229 366.296 0.00714402 0.000103852 0.00106917
299.602 366.232 0.00364075 -0.000253336 0.000914598
358.909 370.949 0.00176052 5.30019e-005 0.010699
640.921 373.684 0.00857489 -0.005732 0.0355502
83.9865 370.23 0.0108256 0.0101997 0.0189959
725.023 373.852 0.000168748 -0.00480884 0.266391
743.053 372.355 4.51748e-005 -0.000331467 0.00557846
742.079 369.929 4.29968e-005 -0.000158373 0.0028486
741.495 368.901 4.7e-005 -0.000144735 0.00244506
174.768 377.341 0.00583076 0.00827382 0.0155095
792.232 376.714 0.00624612 -0.00878229 0.0288503
628.82 386.4 0.0168234 -0.00587082 0.0117336
152.802 384.319 0.00129179 -0.000824908 0.00891245
167.724 383.291 0.000254344 -0.000185497 0.00104334
164.635 382.219 0.000195071 -0.000187508 0.00107267
171.36 392.237 0.00512555 0.000184341 0.00796214
218.076 387.318 0.00783415 -0.00843291 0.0506106
499.719 390 0.0234806 0.00738084 0.0243789
739.653 397.724 0.000874787 -3.09179e-005 0.000582034
738.29 416.135 0.00122732 3.51152e-005 0.000144666
735.34 429.874 0.000234047 3.51867e-005 0.000123385
726.683 425.065 0.00011156 -2.28611e-005 0.000113097
34.1905 390.19 0.0731368 0.0510209 0.0388801
491 390.794 0.0129615 0.0146014 0.0430471
494.973 389.145 0.00298825 0.00161321 0.00653241
16.8407 388.475 0.00162517 -0.000139415 0.00194156
17.9386 382.393 0.00117594 -6.21692e-005 0.000757087
53.0881 385.28 5.97594e-005 -3.12567e-005 0.000637241
200.467 387.478 0.0051505 -0.000206612 0.00122674
50.6812 391.148 0.00104717 0.000531252 0.00582451
331.307 393.633 0.00155637 -0.00090805 0.0295981
339.021 395.82 0.000877386 -0.00257941 0.0149212
367.022 403.519 5.58717e-005 2.58912e-005 0.000994537
684.562 398.517 0.00978301 -3.03852e-005 0.000773352
687.464 403.495 0.00111882 -0.000420892 0.00059166
82.2143 401.143 0.00937276 0.00176331 0.0235325
78.9205 400.227 0.00248952 -0.00157664 0.0157522
186.693 394.997 0.00385333 0.001298 0.00420647
453.891 399.217 0.00305397 -0.00750507 0.0438502
452.347 399.507 0.00128812 -0.000188595 0.00514136
512 400.521 0.00177057 -0.00607926 0.124396
334.07 407.06 0.00304741 0.000782413 0.0116693
405.52 403.55 0.00123106 0.00185818 0.0265615
409.187 402.684 0.000234752 0.000220658 0.0163176
33.6389 404.472 0.00811285 -0.0033775 0.0503487
515.705 418.545 0.0962256 0.00521214 0.00218205
515.616 421.172 0.0019306 -6.10718e-005 0.00084248
836.023 428.844 0.000979623 5.66749e-005 0.000391929
831.119 445.858 0.00026203 2.73132e-005 0.000144924
831.834 438.559 0.000283039 4.09453e-005 8.60543e-005
591.333 414.461 0.012792 0.000816181 0.00121532
403.725 413.084 0.002563 -0.00407981 0.0299613
651.731 418.449 0.00405658 -0.00141382 0.0902802
407.545 423.909 0.00167039 -0.000536967 0.00729138
412.415 423.821 0.000542317 -1.95832e-005 0.00764248
413.699 419.762 0.000506016 -4.41333e-005 0.00163804
699.485 419.792 0.000756481 -0.00773172 0.155873
764.622 421.541 0.00113474 -0.00793103 0.183028
800 422 0.000833333 0 0.1875
8.55 423.525 0.0117366 0.00396282 0.0189055
213.804 424.714 0.00100214 -0.000654791 0.125004
236.988 424.519 0.00012027 -0.000123638 0.0406012
268.783 420.963 8.87431e-005 0.000333503 0.00382038
388.975 432.575 0.0118311 4.65111e-005 0.0231251
74.9286 434.381 0.00263561 0.00263299 0.0574266
336.03 440.392 0.000392572 -0.00428399 0.173457
328.546 458.336 0.00023866 1.25936e-005 0.000263538
317.29 472.597 0.000109555 -8.51457e-006 0.000123683
283.799 475.023 2.79354e-005 2.37699e-007 0.000115926
179.965 450.941 0.00525703 0.000566894 0.0022154
283.65 445.483 0.0129596 0.00466877 0.00713267
258.208 443.764 0.0121267 -0.00153151 0.00752257
636.076 448.106 0.056031 -7.25159e-005 0.00550554
630.325 449.851 0.00214062 0.00186649 0.00777254
654.247 450.057 0.000998716 -0.00110996 0.00943437
655.518 451.535 0.000848117 0.000578158 0.00393816
825.547 446.198 0.0138509 -0.00678059 0.0196416
458.8 453.283 0.0130588 0.000333698 0.00561237
734.085 453.684 0.000206971 -0.00395283 0.168966
727.862 454.631 9.83016e-005 -0.000549969 0.0268957
44.1857 454.186 0.00334017 0.00807426 0.126436
499.674 456.152 0.0176013 0.00669979 0.0144172
498.841 457.112 0.010006 0.000698131 0.00250576
825.756 455.513 0.000318408 -0.00131922 0.151044
827.034 464.199 0.000237204 -0.000263182 0.00105041
22.6587 454.853 0.000301337 0.000502315 0.0260548
211.735 456.632 0.00356738 -0.00141759 0.0225299
323.977 463.008 0.0391614 0.0051755 0.00255639
515.509 455.462 0.00290448 -0.00128712 0.0148891
516.847 454.716 0.00199924 -0.000652192 0.0100395
517.776 457.964 0.00191076 -0.000152819 0.00221661
231.781 455.815 0.00217399 0.00185816 0.00843021
233.257 452.191 0.00208911 0.000804332 0.00205543
614.824 459.149 0.00453095 0.00401845 0.0424192
255.786 467.186 0.0884395 0.0340135 0.0164758
843.065 466 0.00615517 0.0107069 0.0548641
644.443 473.214 0.00646857 0.00404611 0.0346718
834.84 474.62 0.00146814 0.00258788 0.0438962
208.189 477.3 0.00380993 0.00340909 0.060507
204.292 467.848 0.00174527 6.15082e-005 0.000285004
227.247 477.335 0.00194888 -0.00198712 0.0447957
697.182 477.973 0.000634038 -0.00148766 0.0624604
540.84 484.553 0.0182335 0.00160244 0.00131242
540.954 493.262 0.0147439 0.000465839 0.000292882
781.333 481.667 0.0117195 -0.000142921 0.0274408
806.54 482.18 0.00151597 -0.00442466 0.0855099
429.063 488.208 0.0267894 -0.0074972 0.00904393
477.354 484.183 0.00210333 0.00579213 0.121426
665.831 491.796 0.0017253 0.00245268 0.00751929
261.261 491.097 0.111039 0.034825 0.0116737
256.848 485.12 0.0213478 0.00768621 0.00470254
258.208 489.225 0.00398027 0.000776671 0.000413275
257.992 492.811 0.00180269 5.41117e-005 0.000150503
279.366 493.799 0.0181222 0.00701779 0.00719329
277.485 498.562 0.0157546 0.00664645 0.00397667
250.403 504.5 0.0346566 0.00738152 0.00517628
295.019 499.759 0.0128045 -0.00037525 0.00720915
295.457 503.159 0.0084777 0.00111059 0.00232655
398.519 499.882 0.00209058 -0.000290238 0.000632148
415.031 506.281 0.000238201 -6.35034e-005 0.000314953
413.076 506.257 0.000151577 -6.28493e-005 0.000297733
419.93 507.481 8.96451e-005 -6.07155e-005 0.000235297
459.288 501.833 0.0083607 -0.00158047 0.0470852
264.114 515.386 0.0737543 0.0102381 0.00396724
263.507 510.712 0.0229082 0.0037004 0.0011221
299.32 516.084 0.0222731 0.00751614 0.0051889
722.388 519.579 1.41963e-005 3.37839e-005 0.00117004
377.338 516.608 0.00473251 -0.00271528 0.0143588
465.677 513.81 0.00267392 -0.00245755 0.0123253
424.954 516.67 0.00118688 0.000139114 0.000788818
76.3611 520.944 0.0140643 -0.00218889 0.0105731
71.3152 519.217 0.0019859 -0.00217674 0.0111737
78.4595 518.937 0.000384843 0.000495845 0.00977693
303.192 525.5 0.00929517 -0.00244253 0.0148754
472.152 528.378 0.00095423 0.000671832 0.0159186
472.334 526.929 0.000800414 -0.0002068 0.00432202
496.846 528.759 0.00612863 0.000311724 0.0127259
497.698 528.379 0.00517316 0.00184509 0.00619253
498.578 526.524 0.00377407 9.34059e-005 0.00265832
17.4106 527.776 0.000592316 0.000858119 0.0360516
69.2073 532.793 0.00447666 0.00521933 0.0352362
76.2778 530.23 0.00052743 0.00150448 0.0154883
836.474 535.868 0.00104561 -0.00105501 0.0604265
829.216 535.784 0.000335578 3.41867e-005 0.0379367
712.713 540.254 0.00466716 0.000230311 0.0213825
124.649 539.581 0.00709692 0.00264995 0.0085015
127.015 538.716 0.00528162 0.00372189 0.00474784
324.75 543.656 0.0296351 0.0137545 0.0234947
401.017 549.121 0.0234831 0.00994421 0.00958545
839.599 545.886 0.0017995 -0.00307927 0.0311022
376.871 547.471 0.0819483 0.0113463 0.00656654
45.4688 549.875 0.132071 -0.00741699 0.00294764
392.196 553.196 0.0323468 0.00814015 0.00395428
32.46 557.16 0.0309117 -0.0100926 0.00659377
509.925 554.471 0.000224498 -0.000103761 0.0017778
486.3 556.967 5.85543e-005 2.82015e-006 0.000852371
50.6754 559.044 0.0617491 -0.00235582 0.00166003
49.0561 558.98 0.0142188 -0.00186751 0.000782657
79.0789 554 0.0210896 0.00349803 0.0177076
79.1714 555.171 0.00333599 0.0010472 0.00668519
55.9872 559.269 0.145602 0.00221507 0.00226549
115.685 555.278 0.0118121 0.00608703 0.0106731
476.94 555.436 0.00103668 -0.00122087 0.0193827
347.9 551.125 0.0836202 0.0277039 0.0118417
359.144 550.483 0.0365675 0.0165152 0.00928624
410.511 551.096 0.0106175 0.0036916 0.00686358
410.157 553.447 0.00872765 0.0027661 0.00251921
15.7577 563.195 0.00145614 0.000365503 0.00111928
19.0788 563.582 0.000766799 -9.47504e-005 0.000639243
19.2636 563.392 0.000720939 -4.77229e-005 0.000482514
26.1808 561.177 0.000306283 4.68497e-005 0.000308552
31.6681 561.836 0.000198728 3.04657e-005 0.000258558
58.2094 562.287 5.07746e-005 3.51629e-005 0.000164996
163.88 555.665 0.0046482 0.00433942 0.0104776
166.79 563.235 0.00105928 0.000253842 0.000957166
193.183 554.983 0.00919043 0.00315848 0.00676744
210.379 556.197 0.0135202 0.0161476 0.0451576
267.646 558.11 0.0289844 0.0119271 0.0162881
534 558.219 0.0416248 0.0166542 0.0111972
424.211 554.011 0.0170934 0.00597472 0.00889839
547.354 557.037 0.0201838 0.0111848 0.0168924
543.933 562.809 0.0226446 0.0126194 0.00832557
737.222 563.287 0.00590856 6.20305e-005 0.00290625
177.014 548.264 0.0347098 0.00235498 0.00108704
99.5424 555.864 0.00112003 0.000214298 0.00618088
96.7966 561.623 0.00163069 0.000552307 0.00141634
183.3 560.414 0.0382594 0.015102 0.0150887
371.242 559.758 0.0357951 0.00477259 0.0150395
62.9483 563.922 0.0412581 -0.000373128 0.000939587
440.534 563.388 0.00139945 -0.000111537 0.0100081
443.634 567.147 0.000584834 8.01048e-005 0.0025582
480.62 569.063 0.00502835 0.00267068 0.00287082
498.651 563.096 0.00817914 0.00231061 0.00240475
563.334 563.223 0.00278226 0.000453378 0.00185362
568.964 560.62 0.00110538 0.000865466 0.00187034
357.407 567.384 0.0398261 0.00583047 0.00677315
469.106 567.12 0.0136588 0.00465851 0.00498493
521.902 569.391 0.00659156 0.00166212 0.0047998
77.6961 570.069 0.0151448 0.0021042 0.00655759
123.656 561.833 0.0574149 0.0311722 0.0198365
122.605 562.849 0.0237857 0.0109563 0.00662362
127.265 560.58 0.00361935 0.00265651 0.00379402
551.731 574.295 0.101013 0.0347046 0.0140696
104.654 572.756 0.0750147 0.0228584 0.0115072
29.3308 573.3 0.0145951 0.00192996 0.00721372
393.728 566.991 0.0399262 0.0218898 0.0144263
448.588 581.853 0.0704011 0.0252026 0.0133186
450.717 590.304 0.036339 0.0148155 0.0102865
438.768 598.995 0.0353674 0.00836677 0.00303396
498.887 592.21 0.0551909 0.00694352 0.0116994
501.526 591.097 0.00936348 0.00541444 0.00976942
307.743 67.7162 0.195394 -0.0182376 0.00295676
309.77 95.527 0.220659 -0.0151952 0.0024344
313.278 107.981 0.00602367 -0.00144595 0.000813963
365.485 145.985 0.0119965 -0.0137892 0.0205374
2.31395 170.547 0.046822 0.00371258 0.00162516
2.25451 181.587 0.0404898 0.000690874 0.000165395
1.77027 194.446 0.0507387 0.00247832 0.00698357
369.789 203.395 0.025044 0.000639616 0.010399
458.965 200.994 0.00236275 0.000124326 0.000442917
447.733 193.213 0.000505299 3.72103e-005 0.000124145
509.729 230.7 0.00834569 0.00340929 0.00950911
431.342 271.377 0.00440934 0.000209133 0.0208566
650.534 290.414 0.0433229 -0.00733317 0.00274454
264.541 329.452 0.00473325 0.00018085 8.57064e-005
262.656 329.958 0.00115599 3.86297e-005 9.10085e-005
255.635 330.474 0.000192713 -6.78427e-006 0.00010616
426.262 326.5 0.00383783 0.00582962 0.0753108
78.5968 330.952 0.0134848 -0.00644898 0.031468
803.538 333.572 0.00152758 0.00306695 0.0121443
153.464 358.75 0.00656986 0.013449 0.0422889
207.565 374.5 0.0244805 0.0160075 0.0339282
56.041 373.828 0.0141519 0.000408454 0.00382992
128.463 376.1 0.00559563 2.64028e-006 0.0117962
229.862 391.328 0.00550246 0.000883777 0.0273752
459.699 414.651 0.000478112 -0.00148399 0.0172297
167.7 415.7 0.0150917 -0.000352094 0.0171628
167.438 415.385 0.00498833 -0.00141014 0.0127509
103.533 415.75 0.00749993 0.000798637 0.0146059
116.658 420.026 0.0112607 -0.0216441 0.0703408
354.257 418.829 0.0072171 -0.00261554 0.00866019
234.235 424.588 0.00475835 -0.00701424 0.108862
768.239 426.022 0.0016176 -0.00148654 0.11495
501.5 427.372 0.0563992 0.000440955 0.00476783
479.558 430.225 0.00658885 0.00196362 0.0159039
468.375 432.279 0.000374155 0.000189732 0.00748865
291.764 450.274 0.00886625 0.00276687 0.0197166
595.935 453.804 0.0507887 -0.00419032 0.00466531
605.614 469.671 0.00401379 0.00221863 0.0255622
145.786 472.089 0.000827526 -0.000473568 0.173365
141.63 478.266 0.00143156 0.000939286 0.00196387
418.745 485.406 0.0249477 -0.00123803 0.0056859
345.299 482.952 0.000900647 0.000486705 0.0021561
374.029 488.8 0.00661173 0.000885059 0.00344412
510.733 529.267 0.0246947 -0.010258 0.0091719
510.726 526.689 0.0158093 -0.00321656 0.00293338
132.968 556.649 0.0158921 0.000866389 0.0112645
667.875 567.966 0.00230179 -0.00237151 0.0126054
350.595 576.857 0.0793174 0.00821989 0.00436523
345.529 580.644 0.001803 0.000560732 0.00293071
578.378 581.744 0.0455828 0.0321736 0.0278652
488.875 590.021 0.0360296 0.00402158 0.00356745
158.929 654.247 0.00967481 -1.22664e-005 0.00388288
158.849 651.182 0.00488615 -8.79104e-005 0.00176112
158.657 646.04 0.00366404 -0.000183201 0.000681486
306.759 43.4301 0.100613 -0.00352172 0.000249843
312.327 72.1445 0.00343232 -0.000203411 5.47134e-005
650.552 227.438 0.0182024 0.00408189 0.00289805
456.353 265.203 0.00103168 0.00019571 0.00185205
450.021 266.473 0.000307968 0.000239672 0.00186096
822.02 292.047 0.119538 -0.00247161 0.000584572
588.683 296.97 0.00527368 -0.000119737 0.000326521
587.704 285.071 0.00112732 3.76791e-005 0.000150127
223.396 312.583 0.00620361 0.0103947 0.0299347
144.53 322.864 0.01586 0.0064646 0.0220219
377.539 328.374 0.00648395 -0.000290692 0.00814178
132.188 327.563 0.0302756 0.008867 0.0206897
215.672 340.31 0.00275278 0.00202003 0.0127489
618.943 386.971 0.00563515 -0.00126561 0.0120679
621.483 387.616 0.0014155 0.000288549 0.00507158
300.28 422.232 0.00592321 0.00941099 0.0689391
649.338 423.23 0.00318977 -0.00119412 0.103773
649.833 424.065 0.0039414 -0.00345899 0.020804
665.451 422.232 0.0222032 -0.00409199 0.0070123
442.918 443.426 0.000175379 -0.00315505 0.0999594
470.284 444.147 0.000784601 -0.00360873 0.217107
159.101 468.682 0.000175031 -6.93926e-005 0.000366963
520.5 462.717 0.00661626 0.00249171 0.0370295
284.271 463.214 0.0166684 0.0114932 0.0108806
238.646 487.813 0.0438333 0.0129567 0.00808933
513.9 483.478 0.00318825 -0.000815992 0.0767858
362.522 497.056 0.0205582 0.00167644 0.00987322
479.319 500.879 0.00211027 0.000121454 0.007323
476.941 492.915 0.00137225 -0.000323382 0.00115167
36.2586 520.448 0.00602682 -0.00115161 0.0223672
341.891 530.016 0.00417608 -0.001516 0.0259766
145.23 557.122 0.0347131 0.0249101 0.0249737
531.3 574.843 0.0522595 0.0226307 0.0175903
639.559 670.176 0.0207943 -0.00618746 0.0239134
610.518 94.7182 0.132002 -0.0138008 0.00250057
479.284 140.539 0.0143369 0.00131182 0.00419522
353.218 279.205 0.0399524 0.000399234 0.00177625
353.164 275.852 0.0310217 0.000936343 0.000943188
351.475 274.513 0.00759227 0.0002775 0.000727066
501.435 294.139 0.00600447 -0.00148984 0.00177652
495.467 307.124 0.00193382 6.41119e-005 0.000402143
183.071 335.714 0.00213172 0.00252089 0.0189705
190.998 335.389 0.000623584 0.000538293 0.00676233
497.792 352.708 0.00986222 -0.00356152 0.0233585
493.174 352.485 0.0019782 -0.000672787 0.0160525
640.6 363.475 0.0134169 -0.00706677 0.0263859
79.9793 391.236 0.00238851 0.00207054 0.0147086
52.0882 432.75 0.00185855 0.00585834 0.0496207
40.3019 430.55 0.000192022 -0.000628235 0.00593643
65.4027 436.098 0.000153208 -0.000594093 0.003208
60.2774 439.55 4.42032e-005 -4.94754e-005 0.000608088
498.5 444.5 0.00619835 0 0.0833333
202.112 486.306 0.0059542 0.00213319 0.00714704
140.207 483.5 0.0473556 0.0126399 0.00623558
512.598 504.012 0.0183334 0.00827418 0.0074825
336.083 545.75 0.00560013 0.00487876 0.0347588
337.363 548.005 0.00548475 -0.00145093 0.00477656
669.427 555.5 0.00626364 0.00331321 0.0228956
365.258 570.318 0.0607865 0.0276124 0.017678
370.461 557.161 0.00871128 0.00304677 0.00175153
289.92 575.95 0.00954155 0.00175452 0.00190367
848.141 585.064 0.0553773 0.0105469 0.00746367
336.53 597.227 0.0346854 0.00415751 0.0036995
101.745 645.022 0.00140584 0.00067078 0.00196641
395.033 673.149 0.000253852 5.06474e-005 0.00264636
292.569 668.097 0.0145312 -0.0048424 0.00603708
326.045 224.441 0.0208751 -0.000336092 0.000504537
368.953 224.873 0.0132999 -0.00033941 0.00782381
366.413 224.698 0.00359088 -0.000758546 0.00673073
365.794 225.954 0.00379018 7.49445e-005 0.00348343
483.534 221.288 0.0115561 -0.000115767 0.000721353
446.348 243.621 0.0034244 -0.00141342 0.0244922
450.232 268.817 0.0119336 0.0118457 0.035866
531 273.175 0.00231741 -0.00985154 0.111116
320.406 274.888 0.0391084 0.000195697 0.000272534
790.151 297.484 0.145294 0.00327839 0.000886459
206.132 319.737 0.0108865 0.00654231 0.0398974
97.0536 351.679 0.00756628 0.0111158 0.0273755
820.672 347.586 0.0107795 0.000751679 0.00263542
822.735 347.115 0.00332486 -3.13537e-005 0.00388037
824.409 345.883 0.00187232 0.00017219 0.00309907
2.16667 385.833 0.0712564 0.00363262 0.0048932
143.298 396.702 0.00929825 -0.0270673 0.0830047
137.439 398.767 0.000303701 -0.000551452 0.00323344
132.85 399.469 0.000278215 -0.000367039 0.00195314
7.57407 408.093 0.00328344 -0.00434457 0.0148817
91.662 413.148 0.0050454 0.000150062 0.00378069
113.87 410.674 0.01984 0.00241167 0.0119592
123.022 412.61 0.00148344 -0.00346919 0.0135455
425.254 412.3 0.00292022 -0.0045881 0.0277453
590.826 462.895 0.0435178 -0.00647692 0.00405356
748.697 480.136 0.000745514 -0.00147942 0.0382608
722.664 478.943 0.000150306 -0.00106293 0.0219509
308.541 480.996 0.00292461 0.000890644 0.00573499
497.306 487.145 0.00716214 0.000654523 0.00729793
176.5 487.881 0.0264297 -0.00581867 0.00579595
560.167 590.144 0.0358882 0.0142669 0.00933345
845.608 595.041 0.0127067 0.00607189 0.0201239
436.449 194.487 0.0138876 -0.0063578 0.00688216
447.636 214.827 0.0123027 -0.00519347 0.0040857
502.695 225.305 0.0239085 0.0125197 0.0136769
837.397 246.191 0.00563923 0.0023193 0.00561304
623.5 336.33 0.00725402 0.00175286 0.0144662
133.627 345.191 0.00488653 0.00138694 0.0123158
487.143 352.214 0.0126919 -0.00453028 0.0221134
138.305 363.037 0.0177087 0.00225986 0.0135236
133.327 362.823 0.00205568 0.000208009 0.0132537
532.074 390.407 0.00278115 -0.00233418 0.0611311
591.178 388.989 0.00335302 0.00444651 0.0246473
316.149 450.23 0.0604554 0.00512423 0.00552368
63.7228 470.376 8.83633e-005 -0.00270812 0.151887
77.7482 477.846 5.41233e-005 -8.64445e-005 0.00187505
684.129 559.557 0.0109023 -0.00158999 0.0192864
219.833 566.778 0.0699504 0.0119663 0.00812449
412.62 579.62 0.0322234 -0.00270182 0.00514434
377.964 677.607 0.00415904 -0.00236783 0.0212317
508.035 674.472 0.0157869 -0.00200165 0.00457943
471.773 122.985 0.00281225 0.000605968 0.0163717
484.174 151.13 0.0158033 -0.00189813 0.0105493
534.609 158.391 0.0231444 0.000296249 0.00674803
502.167 181.088 0.0319533 0.00591931 0.00384296
434.567 218.728 0.00269987 -0.000298965 0.000710436
332.183 289.89 0.0856017 -0.00653873 0.00392906
332.075 289.61 0.0578827 -0.00105009 0.0013895
250.931 316.422 0.0165681 -0.00236194 0.00807456
683.357 316.929 0.00389496 0.00220817 0.0425905
691.39 315.997 0.000891195 0.000143885 0.00341417
749.826 340.993 0.000204502 0.000342129 0.00865837
732.579 340.977 7.33036e-005 0.00012754 0.00696273
724.133 324.525 8.36682e-005 -2.01742e-005 0.000177059
724.788 324.938 8.04198e-005 -1.61253e-005 0.000221355
498.636 340.992 0.00405575 0.00107595 0.0035041
493.614 339.294 0.00180548 -4.62099e-005 0.00332639
204.024 358.493 0.00299906 0.00248587 0.00605953
228.427 379.427 0.00177957 -0.000377821 0.00224962
444.755 421.862 0.00659122 -0.000669621 0.0256632
445.92 422.34 0.0041264 -0.00047874 0.0121765
213.353 437.985 0.000622542 -0.000820445 0.188703
104.2 444.45 0.000689536 -0.00045278 0.00310289
722 486.153 0.000504889 -0.00566271 0.118309
767.66 488.46 0.00128968 0.00300643 0.043309
369.658 551.316 0.0620837 0.0286573 0.0176682
201.407 559.852 0.0297807 0.00816791 0.00734753
748.789 564.658 0.00752764 -0.00157179 0.00862603
62.1571 634.243 0.0289081 0.0228637 0.0271373
303.705 651.41 0.0101782 -0.00345899 0.00464558
135.654 647.667 0.00103429 1.53351e-005 0.00142025
114.458 646.91 0.000124031 1.01373e-005 0.00119579
400.583 216.667 0.0219043 -0.0106863 0.0161358
241.705 330.144 0.0146593 0.00956484 0.0098595
364.392 349.448 0.000753378 -0.000502371 0.0120267
73.8846 356.321 0.00859954 0.00611749 0.0317414
696.88 424.782 0.000706409 -0.00191469 0.078801
143.988 439.939 0.00433667 0.00507959 0.0118608
47.1429 527.952 0.00508499 0.00465835 0.0512224
228.096 572.675 0.0287688 0.0113483 0.00892409
525.214 197.564 0.000316629 -3.38615e-005 0.000106469
521.729 196.37 0.000191664 -5.20609e-007 7.08332e-005
29.6509 319.708 0.012769 0.00552092 0.0131025
314.372 329.859 0.00603753 -0.00911367 0.0643021
55.2429 331.957 0.0226345 -0.00560157 0.020642
608.833 337.306 0.00388222 0.00245488 0.0177815
693.812 341.054 0.000760399 -0.000725212 0.0170721
437.561 339.183 0.0302379 -0.000123096 0.0021771
342.849 348.872 0.0305995 0.00168921 0.00547223
652.519 374.481 0.00383045 0.00452622 0.0194413
56.0902 415.156 0.00562353 0.00164572 0.0141537
498.719 500.71 0.00415016 0.00174291 0.0070412
505.807 493.821 0.00311823 0.00282599 0.00368537
502.639 491.546 0.00107901 0.000415161 0.00136733
257.017 552.453 0.00804889 0.0021847 0.00229699
287.608 606.581 0.0326921 0.015883 0.0168266
16.9219 642.391 0.00235866 0.000969143 0.00626703
13.0127 640.401 0.00111227 -0.000288754 0.0019827
347.284 660.284 0.0075689 -0.00414036 0.0231149
427.537 157.407 0.0268042 -0.00538073 0.00771031
540.77 291.608 0.0168604 0.00624623 0.0113243
71.3477 305.619 0.0011184 0.00176185 0.0211924
170.2 316.18 0.00873056 0.00115314 0.0116817
323.713 355.27 0.00115175 -0.000285874 0.00104905
35.8962 356.821 0.00803288 0.000790168 0.0118257
133.638 387.962 0.0152559 -0.036392 0.0914613
209.671 523.5 0.0154708 -0.00183638 0.0125826
305.173 669.589 0.00424996 0.000235337 0.00583307
526.182 676.159 0.0169684 -0.00288876 0.0159801
524.449 673.123 0.00406551 0.000231595 0.00325335
518.59 672.831 0.000815869 2.17043e-005 0.00332448
514.083 669.273 0.00031637 0.000114922 0.00103565
298.425 325.613 0.0128817 -0.00128829 0.00509579
512.712 385.462 0.00162954 0.000442606 0.0280757
382.012 458.714 0.18497 0.00195045 0.000384263
437.45 665.625 0.0152172 -0.00404314 0.0128829
314.813 37.375 0.327623 -0.0218889 0.00240842
318.765 94.1765 0.255344 -0.0182235 0.00248622
490.271 181.386 0.0445628 -1.24638e-005 0.00713798
489.696 293.52 0.0248124 -0.00622077 0.00613128
8.24576 348.686 0.0399254 0.00188692 0.00228953
801.483 426.3 0.000710236 -0.00163806 0.112159
801.197 427.283 0.000742015 -0.000313456 0.0305322
289.025 543.466 0.00533442 0.00634629 0.0217959
195.402 540.646 0.0498741 0.0147902 0.00892516
198.563 537.862 0.00559329 0.00258875 0.00479317
236.833 547.295 0.0215583 -0.0093272 0.0142082
236.049 546.199 0.00553978 -0.00169111 0.00364237
221.691 551.172 0.000604258 0.000519778 0.000994611
653.912 560.412 0.0034392 0.00281634 0.0588694
172.957 610.671 0.0138847 0.00548053 0.0210392
176.129 617.48 0.00418571 -0.000827075 0.00234222
313.867 649.745 0.00956805 0.000767057 0.014165
273.994 222.861 0.0139909 0.00278858 0.0031036
473.682 242.727 0.000766029 0.00072732 0.242047
473.116 242.664 0.000159199 0.00143125 0.0528506
190.798 307.011 0.00699601 0.00107504 0.0181138
630.813 323.469 0.0185993 -0.000110299 0.0065444
277.739 394.575 0.017906 0.00193405 0.00431344
278.615 393.712 0.00960123 -0.000426258 0.00262663
262.221 425.407 0.0022297 -0.000789481 0.0688186
238.392 574.568 0.0093322 0.004894 0.00545926
448.138 606.457 0.00931743 0.00553263 0.0148579
775.929 626.669 0.0145924 0.000507026 0.00394548
778.528 637.311 0.00679269 -0.00114729 0.000480559
777.494 651.551 0.00151601 0.000146464 0.000163987
551.114 670.605 0.0100812 -0.00199569 0.00215902
497.524 676.929 0.0143974 -0.00531638 0.0197253
626.652 131.696 0.00583962 0.00243741 0.0243776
301.25 338.375 0.016306 -0.00621649 0.0205243
335.117 363.436 0.00750366 -0.00696022 0.0334738
28.8226 442.887 0.0295475 -0.0617777 0.144797
368.776 447.5 0.016467 -0.000364498 0.00170279
779.186 551.127 0.0141686 0.0111278 0.0147293
692.197 568.409 0.019267 0.0062745 0.0193061
692.578 569.89 0.00924253 0.00310006 0.00804767
692.099 573.04 0.00688054 0.00339109 0.00316982
774.944 676.322 0.0155392 -0.00219395 0.00986543
775.727 675.473 0.00975131 0.000328348 0.00769301
776.854 671.652 0.00585727 0.0017493 0.00240111
831.777 677.862 0.00669014 -0.00281868 0.0297714
836.693 664.048 0.00116024 0.000431148 0.000829654
1.7 229.214 0.0648025 -0.00596233 0.00725748
371.778 243.463 0.000547675 -0.00274877 0.164292
645.679 332.885 0.0155001 -0.00541669 0.0235633
287.1 381.725 0.0508622 -0.0126911 0.00568605
266.425 395.349 0.0177137 -0.00248703 0.00532882
117.85 517.75 0.0259254 -0.00691491 0.0145455
608.333 573.5 0.0112037 0.00127006 0.00925329
609.056 572.631 0.00590307 0.00391527 0.00866574
485.143 108.786 0.00944069 0.0016171 0.00285793
279.913 324.151 0.161106 0.000642179 0.000790443
161.84 424.117 0.00528908 -0.00434873 0.019452
186.619 521.212 0.00554999 -0.00314793 0.0201296
164.725 570.2 0.0151333 0.00274078 0.00949782
542.712 583.015 0.072371 0.0289127 0.0168804
363.932 591.622 0.0366625 0.00708882 0.00278585
255.026 595.118 0.0548289 0.0179033 0.00702746
620.894 633.121 0.0257089 0.000470009 0.00171665
778.632 649.474 0.0313816 0.00820763 0.0138959
206.357 310.414 0.011956 0.00308547 0.0351588
46.7439 351.963 0.0112682 0.0140522 0.0372945
160.739 542.163 0.00254257 0.0046674 0.020109
302.236 547.274 0.0181044 0.00897416 0.0129485
275.797 577.149 0.0488384 0.0232478 0.0174986
526.194 131.5 0.0137285 0.00206621 0.00901558
408.824 245.716 0.00262572 -0.0154203 0.198856
411.545 250.89 6.43858e-005 -0.000630464 0.0277605
365.233 294.367 0.130638 0.0412777 0.0147236
169.589 308.189 0.00651937 0.0126859 0.0398556
832.921 318.553 0.00314192 -0.00509839 0.0899967
93.2429 323.357 0.0175143 -0.0141752 0.0292281
497.167 610.167 0.0213044 0.00788532 0.0192768
597.054 613.179 0.0198714 0.0114327 0.0130725
642.509 669.998 0.00333567 -0.00193288 0.00226303
746.047 676.709 0.00300275 0.000750599 0.0128825
564.895 677.081 0.00777889 0.000424818 0.0213444
565.39 675.126 0.0075116 0.000664772 0.0061425
283.984 215.242 0.188084 -0.0011658 0.00310961
37.2429 233.9 0.0035154 0.0039962 0.0265683
223.461 231.406 0.00204064 -0.00118898 0.00901779
412.878 280.527 0.00242274 -0.000471057 0.0679938
265.615 577.077 0.0115962 0.00206328 0.0143141
376.741 579.897 0.0255959 0.0133489 0.010643
848.173 665.051 0.0521628 -0.000715816 0.00389523
729.712 119.154 0.00957785 0.00311661 0.0229584
507.063 125.189 0.00274241 -0.00109355 0.0103605
298.871 140.79 0.090582 0.00438309 0.00153554
297.805 168.941 0.107082 0.00186011 0.00115742
296.98 205.56 0.18809 0.000644027 0.00113569
627.553 485.079 0.00858726 0.000813748 0.0437113
602.395 582.737 0.0072051 0.00333048 0.0471818
807.64 611.465 0.0952785 0.0203732 0.00562657
808.376 609.043 0.0408664 0.010267 0.00356201
700.428 673.487 0.00182778 -0.000474549 0.00468825
695.074 673.198 0.00058381 0.000219613 0.00359673
518 88.3571 0.0407947 -0.00523348 0.00141112
300.621 92.2414 0.107777 0.00223902 0.00120173
210.139 593.054 0.0137769 -0.000582633 0.002648
296.714 590.738 0.0498062 0.00662834 0.00559386
668.573 602.622 0.0519791 0.0277305 0.0207284
803.525 603.45 0.117944 0.00887291 0.00343534
422.114 622.295 0.0152907 -0.00199857 0.0113131
308.915 232.726 0.00323453 0.00425435 0.0425245
340.348 240.652 0.00189676 0.00458519 0.148654
376.924 337.379 0.00539418 -0.00671014 0.100981
145.157 543.414 0.00776168 0.00518913 0.00795494
799.268 656.036 0.0191914 0.00712936 0.00572682
486.363 54.5477 0.00397161 2.97371e-005 5.54943e-005
538.526 115.705 0.0203806 0.00675373 0.0166093
696.786 274.051 0.0606728 -0.0261659 0.0130124
70.2143 313.329 0.00324731 -0.00108091 0.1003
315.712 318.712 0.00754135 -0.00746086 0.0367343
683.87 676.444 0.0127405 -0.000338899 0.0126337
288.732 94.0797 0.291608 0.0121634 0.000763856
658.885 606.865 0.021491 0.0140962 0.0148072
827.451 626.019 0.0148658 0.00524329 0.0067693
362.624 630.376 0.0238761 0.000983819 0.00159298
625.111 664.056 0.0574135 -0.00164529 0.00509325
726.895 100.711 0.00301535 0.000981799 0.0549394
538.198 319.183 0.194373 0.0124473 0.00126838
309.957 309.243 0.0228864 -0.00642007 0.0125449
780.9 603 0.0265869 0.00603867 0.0132012
232.667 521.521 0.00271928 0.00141228 0.0864988
663.053 619.079 0.0164466 0.0157421 0.0312872
819.743 644.23 0.0401874 -0.0105252 0.0124574
797.22 592.64 0.0247066 0.0113563 0.0118381
640.488 599.858 0.00960789 -0.00220823 0.00476399
438.5 625.214 0.0419382 0.0223972 0.0213072
649.342 616.579 0.0431617 0.0102323 0.010189
843.308 632.865 0.0146328 0.010745 0.0139267
833.393 270.518 0.0131779 -0.0106814 0.0106884
17.9133 496.287 0.0009816 -0.00918964 0.148669
22.9874 494.543 0.000260535 -0.000448415 0.00749622
174.45 582.625 0.0164362 0.00596332 0.0163917
632.931 641.088 0.0259655 0.0108731 0.0123161
287.99 338.582 0.0172591 0.00283924 0.00443529
492.439 359.924 0.00257277 -0.0144294 0.241927
293.793 409.817 0.0186377 -0.0265118 0.048033
321.952 569.79 0.0658395 0.0286715 0.0178236
588.65 609.15 0.0214355 0.0170939 0.0234574
559.378 619.847 0.027493 0.0165321 0.0139539
676.033 641.283 0.0212846 0.00269267 0.00649643
524.62 600.34 0.05196 0.00127775 0.00148027
292.526 272.397 0.0919059 0.00461647 0.00384386
664.216 358.488 0.00707361 -0.00130923 0.0101351
789.5 358.109 0.00624576 0.000610272 0.00317574
695.565 604.196 0.012932 0.00142347 0.0151641
730.773 628.152 0.0158306 6.67886e-005 0.00368172
750.079 626.237 0.0227076 0.0250829 0.0410094
334.669 427.654 0.000842459 -0.00452293 0.112832
516.451 325.91 0.00163484 -0.000235505 0.0415475
447.884 320.872 0.00113 -0.0133968 0.196878
446.004 485.9 0.00157013 0.00020239 0.0218233
10.4556 13.5444 0.0542296 0.00141518 0.00110201
10.1447 24.6535 0.0359718 0.00112239 0.000262153
495.192 102.433 0.140132 0.00018239 0.00017946
496.605 69.0318 0.0330494 0.000267132 4.55849e-005
492.088 143.319 0.00043381 3.15176e-005 1.32948e-005
490.225 119.892 0.0789482 -0.00034016 0.00183504
263.524 118.738 0.00723194 0.00443271 0.0243899
264.868 117.25 0.00186808 0.000996405 0.00497245
469.069 118.48 0.00224185 0.0018092 0.0919359
546.014 122.386 0.0119831 -0.00165156 0.0376467
638.265 130.088 0.0264101 -0.00508473 0.0131171
355.404 143.596 0.0121975 -0.00283194 0.00405623
357.12 142.947 0.00392372 -0.000788748 0.00320083
518.233 159.389 0.00478814 -0.00486142 0.0341735
517.974 166.368 0.00697562 -0.00383077 0.0344128
517.547 162.805 0.00376165 0.000172401 0.00460089
514.825 162.033 0.0019466 -0.000618105 0.00383195
494.105 164.389 0.168821 0.000514836 0.000391871
495.422 161.165 0.0257559 -0.000273758 0.000273676
672.821 180.036 0.0572304 0.00426545 0.00283482
674.519 180.192 0.0090828 0.000293481 0.00269767
367.891 194.626 0.00679402 0.000858604 0.00453334
595.338 202.811 0.00254808 0.000137836 0.000601035
607.766 203.567 0.000321505 -8.95295e-006 0.000557974
365.853 226.06 0.00122685 0.000160127 0.000770256
367.643 220.725 0.00116184 6.67106e-006 0.000242089
491.83 226.84 0.000582864 7.13433e-005 0.000305148
483.704 228.177 0.000186342 0.000114798 0.000399104
450.282 238.245 0.00112404 0.00491117 0.14868
808.122 239.9 0.00696347 -0.00446668 0.0346269
821.661 239.597 0.00965831 0.0108052 0.0669858
52.8073 261.039 0.00012758 8.56218e-006 0.000262854
747.545 241.159 0.00326611 -0.00420743 0.0657892
494.883 248.734 0.0462683 -0.00759733 0.00576435
366.342 246.342 0.00146566 -0.00839283 0.151836
285.725 247.425 0.251372 0.00273748 0.000846776
354.346 251.934 0.000551829 -0.00186315 0.0279292
374.045 253.5 0.000194872 -0.00164965 0.0246453
415.22 249.56 0.00458282 -0.0052835 0.0501137
431.867 249.867 0.00234653 0.00105312 0.0743193
401.11 255.493 0.000812461 -0.00523281 0.0642426
486.22 252.646 0.00666662 -0.002397 0.0134516
546.6 258.24 0.002982 0.00360149 0.0478814
532.417 260.917 0.0066283 0.0059039 0.054439
528.004 260.67 0.0025828 0.00140888 0.00389389
671.5 263.146 0.191333 0.0053379 0.000449681
671.892 295.449 0.0457813 -0.000535688 8.27621e-005
406.811 267.257 0.0022823 -0.00130999 0.0223894
402.17 264.755 0.00119799 -0.00230673 0.0102482
513.768 267.866 0.0162774 0.002736 0.0183884
324.078 277.489 0.0591976 0.00166764 0.000740696
326.228 287.695 0.0109208 -0.000872683 0.00038743
326.655 289.281 0.00979768 -0.00064943 0.000219532
784.903 300.409 0.0383078 0.00254683 0.000266962
413.423 277.346 0.00252054 -0.0153902 0.194169
460.349 280.726 0.00166388 -0.0121271 0.15246
466.666 280.907 6.8413e-005 -0.000634652 0.0110597
508.109 284.094 0.000778868 -0.00770647 0.0980992
636.868 313.057 0.0107284 0.00127957 0.000223368
644.286 286.451 0.000395531 4.14447e-006 7.69149e-005
648.207 296.598 0.000309558 -7.5949e-006 5.97652e-005
397.565 282.5 0.199748 0.0135674 0.00280154
56.5909 294.827 0.00408721 0.00238675 0.0106172
174.423 291.365 0.00571194 0.00914107 0.0245256
216.986 293.068 0.0163632 0.0239362 0.0492745
352.945 300.591 0.00158664 0.000452467 0.000262161
360.595 297.875 0.000237403 1.20349e-005 7.14641e-005
506.896 311.613 0.153679 0.0061098 0.00118779
201.5 306.64 0.00556847 0.0101073 0.0657059
311.555 317.996 0.00162047 -0.000121564 0.000369835
120 317.917 0.0536518 0.0267618 0.0205202
328.242 315.145 0.00890603 -0.00323881 0.0123334
671.353 323.824 0.235276 0.00125557 0.00092254
45.859 316.115 0.026087 0.0165667 0.0240264
150.54 318.82 0.00777007 -0.00260685 0.0205229
147.226 319.9 0.00232468 0.00256968 0.0134675
165.217 317.516 0.00038287 0.000663209 0.00321175
157.437 324.881 0.000319818 0.000476863 0.00109917
444.167 312.199 0.000129941 -0.000137925 0.00107506
478.451 322.948 5.85884e-005 -2.52369e-005 0.000170204
476.535 317.737 5.19862e-005 -2.02053e-005 0.000119635
83.734 318.947 0.0119694 0.0112614 0.0269572
87.3824 318.608 0.00224795 0.00164555 0.0138959
51.6633 322.765 0.0161418 -0.00362759 0.0098857
50.9358 321.072 0.00125835 -0.000467072 0.00307047
40.3319 326.407 0.000343543 0.000141245 0.0013519
87.5 326.96 0.00403993 -0.00265533 0.0295017
87.6238 328.605 0.00483743 -0.000861216 0.00770861
96.9261 330.717 0.000903089 -0.000453854 0.00382817
95.0559 327.128 0.00083141 -0.000385019 0.00157972
328.167 326.927 0.0171756 5.45986e-006 0.00447026
329.547 331.721 0.00626772 0.000125956 0.00127197
658.877 336.368 0.0098051 0.0025171 0.0134609
420.577 337.946 0.0147669 -0.00180096 0.00894723
421.305 338.281 0.00924288 0.00154372 0.00293831
820.53 336.47 0.0032636 0.0196894 0.223378
282.773 338.518 0.130505 0.00418632 0.00125635
283.064 325.018 0.14702 0.00373209 0.000283588
284.886 290.677 0.0403735 0.00158947 8.35077e-005
287.977 206.842 0.0239958 0.000790952 3.27271e-005
294.269 211.761 0.000755245 1.74057e-007 7.25106e-006
220.913 345.435 0.0172878 0.0219206 0.0339037
366.306 333.526 0.000565509 -9.94569e-005 0.000977936
367.535 320.363 0.000997815 8.96287e-005 0.000205578
496.114 346.129 0.000580832 -0.000565185 0.00947532
44.5233 347.64 0.0105824 0.0140931 0.0414007
311.882 356.209 0.00222665 -0.00347264 0.0173133
281.814 364.029 0.132785 0.00808742 0.00177426
332.32 358.34 0.00565827 -0.00384111 0.0318441
214.893 362.268 0.0103452 -0.0014315 0.00710622
501.431 356.155 0.00113503 0.00125965 0.0123187
671.114 378.412 0.0409064 0.000110171 0.00025636
222.589 372.458 0.00368565 4.61507e-005 0.00380526
220.084 371.656 0.00266433 -0.000564976 0.0011721
422.896 366.557 0.00461114 -0.00652571 0.0490265
313.204 371.019 0.0388736 0.00306228 0.00448128
42.8854 369.344 0.00621304 0.0033401 0.0105082
48.6412 364.164 0.0029575 0.0021169 0.00262688
243.344 376.899 0.00130773 -0.00025496 0.0028544
320.969 372.994 0.0128161 -0.000554172 0.00497266
315.961 368.977 0.000807137 -0.000147994 0.000764264
315.075 370.443 0.000620755 7.87467e-006 0.000639769
586.5 374.912 0.00173399 -0.00721285 0.154501
634.008 385.056 0.0763984 0.00416517 0.00179655
272.608 380.808 0.0200285 0.00321614 0.00510547
597.405 375.839 0.000640944 -0.00273461 0.0369283
599.711 377.391 0.000242727 0.000285135 0.00702809
597.466 386.774 0.000358143 1.97946e-005 0.000452309
714.992 379.703 0.000411129 -0.0051928 0.289399
727.939 378.893 8.52773e-005 -0.000593498 0.0328336
694.096 386.066 5.88602e-005 2.47595e-005 0.000170726
221.5 383.639 0.0118719 -0.025486 0.0726682
781.545 410.801 0.122724 0.00284091 0.000218356
787.267 409.586 0.000224019 -9.39922e-008 0.000636679
785.839 406.192 0.000156724 1.02625e-005 0.000476752
785.827 405.511 0.000155935 6.17288e-006 0.00040695
787.157 414.55 0.00015774 -4.58873e-006 0.000169578
578.608 395.284 0.00766945 0.00285775 0.0460958
241.936 401.362 0.000112588 -0.000487671 0.0103877
218.107 407.345 3.18889e-005 3.657e-005 0.00166031
524.401 396.588 0.000208208 -0.000252776 0.0335905
503.808 399.061 0.000152556 0.000575122 0.00506151
78.3667 406.367 0.00316266 -0.00291381 0.0831566
633.015 420.597 0.103592 0.0032641 0.000498137
633.481 409.613 0.0513694 0.00147604 0.000190368
150.735 407.104 0.00130568 -0.00186425 0.00492758
46.8261 410.696 0.00346092 0.00223182 0.0577318
46.4459 410.419 0.00244511 0.00124713 0.0319538
38.1931 410.098 0.000599287 -0.000578096 0.0175985
77.2692 411.641 0.00189818 -0.0022663 0.039652
76.1289 409.32 0.00133311 -0.000170835 0.00708424
361.972 416.278 0.0269343 0.00142673 0.0145709
640.48 412.888 0.0455056 0.00319446 0.00423425
649.207 410.951 0.0115415 -0.00561375 0.00715955
647.917 409.4 0.00154563 -2.71079e-005 0.00214121
649.142 405.257 0.00158103 0.000249419 0.00101215
51.844 421.503 0.000416196 -0.00219609 0.0145765
670.515 419.654 0.0839706 0.000218617 0.00129771
670.341 421.29 0.016824 -0.00168221 0.000809998
713.674 415.902 0.0005885 0.000883938 0.00793851
708.719 401.843 0.000510267 9.96926e-008 0.00063472
374.914 427.757 0.00635554 0.000819573 0.0164789
387.306 427 0.013043 -0.00276456 0.0250425
388.391 425.063 0.00971292 0.00191665 0.00826646
113.131 430.146 0.00409068 -0.0119464 0.0634413
251.699 431.242 1.18375e-005 6.49118e-006 0.0055589
268.322 442.189 0.00758249 0.00190808 0.0334156
272.719 442.177 0.00120283 0.00161239 0.0248038
217.803 442.348 0.00662643 -0.00743157 0.0794738
212.691 442.197 0.00155953 -0.00122179 0.0423986
217.991 441.423 0.000433726 0.00120625 0.0240622
188.892 446.209 0.0112696 0.00421625 0.00661112
89.2394 457.293 0.000119083 -0.00143515 0.119848
67.4107 464.159 6.13903e-005 -8.06801e-006 0.0106206
71.1541 462.583 6.25947e-005 0.000101073 0.00492653
602.591 459.886 0.010895 0.0029854 0.00709517
510.538 462.764 0.0114095 -9.2914e-005 0.0183304
643.991 464.682 0.0120173 0.0052316 0.0157703
648.46 465.946 0.00255608 -0.000516358 0.00624165
469.011 469.068 0.0014563 0.000126408 0.00202053
474.463 469.7 0.000811704 -5.72837e-005 0.00301798
532.163 473.937 0.0034286 0.000869687 0.00156251
527.715 472.87 0.000813786 0.000243094 0.00147024
523.981 489.52 0.000881543 0.000170944 0.000137674
632.981 468.095 0.010461 0.00326295 0.00826152
431.227 469.985 0.000215458 -0.000106578 0.00174622
431.084 469.062 0.000266822 -0.000173273 0.00274607
750.16 472.28 0.00023645 -0.000341954 0.0440506
734.133 466.339 0.000113999 -0.000109905 0.00382327
757.568 467.012 4.65985e-005 -8.76176e-005 0.00318623
747.023 467.402 3.25731e-005 -1.22684e-005 0.00231623
690.772 475.841 2.65803e-005 0.000124277 0.00106026
498.049 472.615 0.00634942 -0.00139101 0.005853
630.18 482.691 0.000658471 -0.000415977 0.00337167
610.939 484.997 0.000152774 0.0001444 0.00345406
611.103 488.092 0.000152965 7.57072e-005 0.00164455
618.618 487.344 0.000109241 0.000126366 0.00157224
592.78 485.554 0.000821619 0.000159307 0.00411271
246.869 482.792 0.0223219 0.00206175 0.00547421
4.55263 486.132 0.00914241 -0.00482663 0.0408492
171.192 485.603 0.0178166 -0.00813036 0.024221
274.132 486.763 0.0257344 0.00578947 0.0168726
446.057 485.828 0.000911535 -0.000105939 0.00749522
449.577 487.695 0.000754962 -0.000786046 0.00401587
520.643 495.286 0.0265348 -0.00285994 0.00564284
521.345 515.007 0.0159792 -0.000506267 0.000223151
518.544 513.748 0.00217656 -0.000218453 0.00026294
464.5 492.694 0.0361017 0.00832049 0.0113461
610.146 496.162 0.000230613 0.00141955 0.0343724
508.563 497.781 0.0262071 0.0116378 0.0191408
601.45 509.213 0.000333004 0.00334309 0.155352
605.345 507.911 0.000254783 0.000908643 0.0268449
604.683 509.875 0.000244747 0.000263336 0.00443064
497.092 510.541 0.00775166 0.000711875 0.0306899
497.422 511.367 0.00713949 8.68582e-005 0.00987121
446.346 510.269 0.0118786 -0.00138995 0.0298256
446.615 510.303 0.00949967 -0.000828032 0.0149228
447.767 510.956 0.00652929 0.00183571 0.00450032
110.64 535.154 0.00351311 0.00796258 0.0322423
111.132 535.42 0.00188327 0.00323938 0.0159299
111.309 537.224 0.001308 0.00026158 0.002537
181.582 543.074 0.0699757 0.0115202 0.00323523
182.765 543.539 0.0131267 0.00207527 0.00159531
37.8824 538.382 0.0246064 0.0116605 0.0173075
38.4385 545.387 0.0099632 0.00114286 0.00164024
168.768 545.183 0.0110985 0.0176182 0.0557322
163.908 547.316 0.00461701 0.00980831 0.0303585
163.32 548.227 0.00180041 0.0030222 0.0117233
522.412 541.676 0.00964268 -0.00395643 0.0170471
341.438 9.59375 0.0331956 0.00167222 0.0174175
495.989 37.1413 0.141712 0.00226009 0.000394461
288.328 61.2634 0.198508 0.00762543 0.000533062
329.139 93 0.0571694 0.00454757 0.00766693
243.682 111.705 0.00635946 0.00849909 0.05378
213.589 119.429 0.0114632 0.00159778 0.00883531
213.807 119.702 0.00125809 0.000978938 0.00798109
645.733 130.3 0.0245765 -0.0105961 0.0223748
419.535 133.605 0.0055018 0.00506729 0.0304602
415.167 133.786 0.00131124 0.000805944 0.0265186
538.214 151.745 0.110242 -0.0298619 0.00978731
546.024 181.31 0.132414 -0.0357107 0.011464
552.745 208.112 0.108249 -0.023888 0.00650551
537.449 146.241 0.0239195 -0.00628965 0.00167382
536.845 137.397 0.00122549 -0.000304739 9.98178e-005
657.346 230.533 0.01012 -0.000906102 0.000539706
781.588 241.529 0.00451007 0.00058512 0.0893469
387.557 247.557 0.00519766 -0.00207168 0.0890229
393.657 248.043 0.00171263 -0.00605998 0.0812066
381.606 246.885 0.000297341 -0.000991831 0.026173
574.441 253.382 0.069987 -0.00229438 0.00654672
568.091 252.582 0.0140696 -0.000343261 0.00132204
569.379 252.731 0.00586867 -0.000346955 0.00170335
569.167 259.911 0.00559612 7.42268e-005 0.000585052
745.232 286.384 8.00053e-005 -2.10774e-005 0.000185023
503.894 265.803 0.0318516 0.00768316 0.0140057
533.645 277.491 0.0010851 -0.00227067 0.0430888
525.993 276.697 0.000552211 -0.00225431 0.0276649
391.553 276.053 0.142725 0.011585 0.00337735
130.5 290.919 0.00447856 0.00191175 0.0287967
666.293 301.241 0.153493 0.00508899 0.000760468
842.564 309.734 0.0233754 -0.00336067 0.00290616
834.602 288.537 0.000860879 -6.36642e-005 0.000234497
827.373 284.046 0.000313819 1.14945e-005 0.00017373
110.958 307.958 0.00920299 0.0100124 0.0246598
792.707 308.621 0.04679 -0.00218681 0.0028547
177.316 320.658 0.00669251 0.00457442 0.0401093
27.7128 329.713 0.00617607 -0.000314061 0.00654681
29.4752 331.345 0.00370639 -0.00208739 0.00555719
52.6579 337.184 0.01369 0.00124149 0.0266854
128.142 337.711 0.00851047 0.005096 0.0082429
127.835 342 0.00474555 0.000892603 0.00163395
642.443 341.656 0.00655111 -0.000148503 0.00466353
296.932 341.041 0.0177461 -0.0092631 0.0206447
694.964 348.036 0.00201992 -0.0140957 0.167542
694.038 349.629 0.000686278 -0.00108321 0.0147431
736.203 348.649 0.000802334 0.00563494 0.14582
736.496 350.339 0.000509882 0.000637266 0.0145424
231.384 351.761 0.0112764 -0.00290822 0.00863317
226.7 349.513 0.00155342 -0.000802139 0.00338049
28.6471 352.647 0.0238503 -0.00256059 0.0063971
29.7653 358.714 0.0128378 -0.0015028 0.00191862
34.3078 355.131 0.00163603 0.00128122 0.00241844
814.667 350.481 0.00412948 -0.00178488 0.00319
822.923 344.936 0.000657105 0.000166326 0.00102542
815.739 353.535 0.000706587 0.000523226 0.000842866
825.422 352.689 0.000232425 0.000193898 0.000668719
367.402 361.625 0.000516768 -0.0027823 0.0306765
455.349 369.613 0.00173647 -0.0122162 0.152541
465.658 369.806 0.000627595 -0.00497433 0.0637558
476.925 370.265 0.000113524 -0.00106808 0.0186662
471.084 374.122 5.31033e-005 -1.49835e-005 0.00291033
436.581 376.81 2.17733e-005 6.43972e-005 0.00216831
623.67 376.67 0.00659382 -0.00431475 0.0367614
755.118 380.471 0.000681743 -0.00226135 0.566135
477.833 403.934 0.000897047 -0.000680888 0.00783291
438.346 402.615 0.00650199 -0.00173253 0.0143719
438.479 403.205 0.00665269 -0.00195925 0.00896729
752.554 410.098 0.0277592 -0.000601369 0.00216032
422.57 434.282 0.000353966 -0.00238661 0.0421066
433.732 436.758 0.000122806 -0.000509198 0.00778678
215.732 450.532 0.00126173 -0.00119758 0.0229417
651.935 466.903 0.0158372 0.00837057 0.0130336
818.405 470.595 0.0072501 0.00501099 0.00903524
799.231 468.39 0.000391525 -2.71882e-005 0.00356952
553.091 511.5 0.0506417 0 0.00590551
552.663 509.783 0.0345798 0.00072684 0.00132557
548.518 510.924 0.00500019 0.000203031 0.000291708
384.833 509.015 0.041468 0.00165623 0.00957109
485 510.5 0.0159441 -0.00459715 0.0305017
478.296 510.268 0.00157551 -0.00224366 0.0122405
601.538 514.417 0.000338624 0.00129872 0.0641017
384 519.6 0.0557836 0.00192387 0.00581436
374.641 520.669 0.00570686 0.00118436 0.0177239
245.289 117.658 0.00671299 0.00345171 0.0554844
245.142 116.741 0.00466703 -0.000736128 0.00276033
508.7 252 0.0971503 0 0.00344669
523.248 248.644 0.00861613 0.00103471 0.00488594
385.598 273.618 0.0148356 -0.000420623 0.00284389
387.457 275.23 0.00546167 -0.000354106 0.00218442
386.942 278.698 0.00458167 0.000368986 0.000893767
626.372 291.936 0.0278475 0.008424 0.0104922
150.188 308.313 0.0121184 0.0111427 0.0541614
683.102 296.463 0.00609116 -0.000544349 0.000473626
144.422 334.029 0.0140182 0.0241018 0.0490835
188.392 365.392 0.00352836 0.000147916 0.0128167
189.372 358.073 0.00282331 -0.000179431 0.000919783
199.139 345.445 6.05465e-005 2.26757e-005 0.000366153
599.979 410.042 0.00750465 0.000877563 0.00411376
600.275 402.055 0.00685932 -0.000125169 0.00111718
474.761 440.326 0.00130669 -0.00245514 0.0266534
387.196 470.039 0.0158519 -0.00322112 0.003289
387.368 473.109 0.0163868 -0.00175865 0.00151413
622.637 467.774 0.0136218 0.00756475 0.0106036
619.467 467.613 0.00309183 0.00147446 0.00572933
624.303 467.929 0.00103014 0.000314038 0.00464104
282.5 484.5 0.0266876 -0.0222906 0.0391027
21.7308 488.449 0.0019537 -0.0114749 0.194699
29.236 488.472 0.000383993 -0.00346554 0.0463573
2.32979 538.564 0.0291527 0.00769005 0.00459016
3.53604 539.626 0.0151995 0.00284496 0.00304656
291.392 75.4231 0.209379 0.00816817 0.000752215
415.313 243.813 0.00292515 -0.00753339 0.167094
548.959 254.794 0.00145081 -6.1676e-005 0.000920495
543.143 255.866 0.000510351 0.000122635 0.000885933
569.094 269.961 0.00559476 -0.000418717 0.00590302
2.44595 294.203 0.0298516 -0.00258737 0.0117399
717 297.778 0.1875 0 0.00187153
59.6429 342.814 0.0350283 0.0128316 0.0165595
520.39 355.628 0.00729181 -0.00316967 0.0074643
801.844 365.975 0.00397204 0.00551994 0.0165312
658.545 377.818 0.00702348 0.000138117 0.0330508
819.061 379.64 0.00411496 0.000965166 0.0391068
816.587 379.908 0.0016329 0.00155871 0.0262993
824.342 378.387 0.000541414 0.00188396 0.0162548
801.739 418.978 0.000673366 0.000655133 0.172964
483.569 424.167 0.00242162 -0.00186614 0.0173101
33.3571 439.992 0.00268184 -0.00408344 0.0156601
50.7016 444.726 0.00575028 -0.00206529 0.00610135
441.348 440.261 0.000685806 -0.00608795 0.289643
440.633 439.8 0.000107582 -0.00122692 0.0502854
85.88 449.24 0.0175072 0.00560039 0.0126502
276.074 476.351 0.0283424 0.0166597 0.0167556
279.976 477.559 0.0010489 -1.15537e-005 0.000794464
176.741 501.102 0.0018608 -0.000620518 0.035545
175.352 501.074 0.000605254 -0.00096616 0.0262985
236.828 504.025 0.00350257 -0.000954367 0.0354643
169.188 511.292 0.0010477 -0.000143489 0.00538406
373.865 510.071 0.00652534 0.00296653 0.0188737
373.635 510.152 0.0050559 0.00106749 0.0128784
515.212 101.138 0.0299307 1.35556e-005 0.00067851
667.731 236.885 0.105813 0.0059854 0.00282459
434.794 244.892 0.00227151 -0.00706501 0.0937536
426.092 244.196 0.000776478 -0.00374897 0.0577853
532.797 244.068 0.0100456 0.00253953 0.0326869
472.636 246.977 0.00658367 0.00170627 0.0363224
655.553 277.433 0.00908608 -0.00162437 0.00957411
91.3 348.55 0.00791861 0.00139291 0.00988884
90.8871 349.121 0.00293941 0.00169706 0.00402197
421.388 357.288 0.00563046 -0.00227367 0.0139371
655.346 407.038 0.0191514 -0.00886049 0.00908971
131.439 424.5 0.00437548 -0.016079 0.12616
160.401 449.77 0.000767549 0.000401486 0.00215579
247.458 462.345 0.0215542 0.00882745 0.00592019
246.923 472.13 0.0118865 0.0008845 0.00060133
151.452 499.81 0.0119504 0.00156044 0.0258195
205.75 502.643 0.0030951 -0.00129056 0.033706
209.176 502.643 0.00146572 -0.000436717 0.0317403
221.452 503.226 0.000365105 -0.00105866 0.0234421
275.361 515.401 0.00695279 0.00306498 0.0086284
538.975 581.95 0.0551855 0.0258388 0.0153997
542.384 103.919 0.00837137 0.00554783 0.0268351
577.75 129.813 0.00823923 0.00921156 0.069926
789.01 235.8 0.00244132 -0.000346839 0.00468119
746.263 238.34 6.54935e-005 8.42136e-005 0.00529278
458.269 246.254 0.00329816 -0.000870377 0.0394892
464.305 246.789 0.000934084 -0.000745155 0.0176189
692.982 275.818 0.0198142 -0.00697645 0.00558964
681.888 276.602 0.025944 -0.00154709 0.00660028
510.74 275.56 0.00477728 -0.00413435 0.039503
555.864 276.258 0.0104678 0.00602994 0.0158379
819.5 296.284 0.247577 -0.0137909 0.00169492
625.715 314.836 0.0120391 -0.000262995 0.00214588
233.652 319.652 0.00431832 5.65884e-006 0.0577679
17.8913 323.196 0.0157777 0.00624674 0.0130597
249.185 356.778 0.0186775 -0.00821531 0.0114381
247.49 354.112 0.00886661 -0.00382682 0.00460863
646.85 360.583 0.00872679 -0.0149597 0.0317361
274.688 357.854 0.0428439 0.00746878 0.0065746
274.988 355.878 0.0339717 0.00385937 0.00260995
375.057 377.249 0.000169459 -0.000244974 0.0100885
374.381 378.005 0.000171794 -7.59661e-005 0.00409831
302.671 380.614 0.00422907 0.00728442 0.109945
508.616 408.965 0.00644553 -0.000878906 0.0478713
62.8368 446.742 0.00887472 -0.00163644 0.00700815
62.0949 445.789 0.000562573 -0.00047899 0.00500511
58.3575 444.374 0.000292309 -0.000649398 0.00448501
44.8389 444.567 9.57869e-005 -0.00010466 0.00270802
8.5443 447.475 0.0026359 -0.00289416 0.00984522
684.023 465.459 0.00475756 0.00116613 0.00358637
156.75 510.322 3.67787e-005 -0.000226834 0.00571258
131.824 510.503 1.65682e-005 -4.88032e-005 0.00391228
123.109 506.9 1.36589e-005 -1.53371e-005 0.00148369
116.834 505.116 1.28701e-005 -2.65048e-005 0.0010561
335.128 517.546 0.000215599 -0.000318298 0.00891102
335.26 514.178 0.000212012 -8.80437e-005 0.00229971
472.067 134.722 0.00469256 -0.00151331 0.00586024
471.388 135.283 0.00342395 -0.000541755 0.00395444
440.517 136.912 9.59526e-005 -0.000101429 0.00394055
257.357 178.762 0.00491067 -0.00596596 0.0544441
262.334 178.66 0.00130873 0.00233815 0.00860387
847.266 247.047 0.0239921 -0.000280679 0.00570785
295.176 259.965 0.144522 0.00375373 0.000726254
513.641 251.013 0.0320579 -0.00105075 0.00282018
501.157 252.933 0.000602375 -0.000159103 0.00177044
275.99 265.603 0.0374904 0.00281451 0.000512027
830.8 256.25 0.00125678 0.00166482 0.197011
809.996 287.18 0.00524612 -0.000394997 0.00026424
140.472 312.25 0.0234256 0.0171968 0.0299653
734.093 352.444 0.000908022 0.00954111 0.215311
846.89 358.292 0.0149121 2.64681e-005 0.00483628
68.7619 363.714 0.00427771 0.00129014 0.0112555
457.796 377.839 0.000145529 -0.000576991 0.017225
176.74 464.78 0.00613958 -0.00362213 0.0229361
139 499.409 0.00420089 -9.06963e-005 0.0296879
288.216 515.948 0.0157909 -7.09399e-005 0.00750278
363.656 558.233 0.0461296 0.0103119 0.00324405
366.008 552.345 0.00808059 0.00235167 0.00104617
606.278 128.75 0.0132787 0.00590164 0.034881
601.663 133.771 0.00741544 0.0083275 0.0120072
584.914 129.644 0.00143297 0.00320441 0.0345927
307.689 238.554 0.0031027 0.00464265 0.107599
307.14 263.54 0.00226526 1.13145e-006 0.000443093
1.48276 256.672 0.0828329 0.000448979 0.00200176
1.97321 252.679 0.0450882 2.08661e-005 0.000935118
3.7212 254.565 0.0130319 -0.000761993 0.000958274
580.441 272 0.0859778 0 0.00572262
16.7121 294.015 0.0394067 0.00604249 0.0132774
847.373 343.103 0.0233509 0.0049983 0.00390604
22.0957 444.194 0.0035012 -0.00742947 0.0184397
254.768 450.476 0.0122945 -0.00557523 0.017567
287.528 478 0.0493076 0.00570689 0.00760496
101.442 497.48 0.000282552 -0.00141639 0.0279461
267.949 504.663 0.0515909 0.00562141 0.00277107
339.614 508.701 0.00041369 -0.00146656 0.0306733
223.905 551.284 0.0385631 0.0159854 0.0170734
224.875 550.931 0.0101884 0.00565873 0.0124471
225.187 552.261 0.00512236 0.00190412 0.00524581
324.068 170.014 0.0440327 0.0121401 0.00890163
104.564 220.713 0.0128347 -0.0111017 0.0204909
204.833 226.692 0.00165131 0.00307256 0.0336385
825.536 231.837 0.00164267 -0.00136525 0.0212826
822.373 233.524 0.000952294 -0.000361313 0.00484143
823.054 235.155 0.000395276 9.15874e-005 0.00412912
179.467 308.959 0.00514459 0.00614766 0.0314408
14.2838 350.284 0.0417785 0.000121291 0.00920054
13.5429 351.357 0.0228157 0.00173181 0.00375793
538.341 520.056 0.10416 -0.0111285 0.00196579
584.569 577.259 0.0256534 0.0069712 0.00434462
559.085 582.671 0.0186988 0.0036155 0.0073858
344.842 139.474 0.129324 -0.00495648 0.00276549
692.551 238.705 0.0340989 0.0115515 0.00912597
544.262 324.745 0.0199234 0.00150373 0.0004559
545.126 321.085 0.00777808 0.000742261 0.000304074
352.321 464.048 0.00381487 -0.00087413 0.00237024
357.208 530.333 0.00322978 -0.00152925 0.034815
352.768 554.5 0.0202552 0.00221133 0.00185628
352.417 552.506 0.00874861 -0.00012546 0.000819067
571.967 569.367 0.0407583 0.011218 0.00582092
418.69 568.821 0.0219342 0.00789336 0.00564305
576.439 578.076 0.0345003 0.0237883 0.030645
621.873 587.618 0.0347447 0.0116224 0.00743913
666.609 596.826 0.015649 0.0188752 0.0298487
477.04 206.06 0.168892 -0.000950322 0.00118705
516.511 203.489 0.0862647 2.2335e-005 0.000748445
183.149 227.122 0.00964538 0.00171498 0.041758
339.671 243.695 0.00312314 0.00778838 0.0778527
29.2895 295.579 0.0132839 -0.00944344 0.0241855
198.632 323.526 0.00833472 -0.00201257 0.03088
198.668 326.049 0.00408894 0.00195877 0.00823884
217.035 331.256 0.00586514 -0.00131851 0.0106921
221.438 330.422 0.00130215 -0.00017484 0.00644118
175.577 384.705 0.011185 -0.00174872 0.0287459
178.007 384.78 0.00383601 -0.00190257 0.0151753
598.5 560.031 0.00279297 0.00229436 0.0103374
378.623 558.741 0.00413255 0.00264794 0.0023962
198.526 573.553 0.0123664 0.0101537 0.0333208
444.339 584.696 0.0509132 0.00676043 0.00254434
601.808 582.665 0.000935264 0.000309492 0.00138603
574.33 597.899 0.00559528 0.00299634 0.00320703
710.089 623.638 4.24914e-005 3.32289e-005 0.000180309
169.427 632.037 0.0407402 0.00828579 0.00587492
605.09 104.269 0.00796415 0.00620719 0.0395734
590.735 114.192 0.00095281 0.000429859 0.0062322
623.042 127.75 0.0030185 0.0031109 0.0644306
305 229.25 0.00569044 0.000758725 0.0667678
231.118 329.853 0.00628455 -0.00374384 0.0267689
105.988 370.942 0.0086631 -0.0144174 0.0493027
205.232 367.875 0.00850297 0.000808255 0.00792803
323.355 530.226 0.00341828 -0.00298296 0.0196356
305.971 531.018 0.00023618 0.000284804 0.0188936
293.178 531.176 0.000118469 0.000181161 0.0117935
482.075 536.75 0.000216524 -0.00108252 0.0306277
327.515 557.603 0.0180039 0.00298945 0.00526124
625.781 557.369 0.0012159 0.000677528 0.00467016
262.789 557.278 0.0514321 0.0179846 0.0103676
312.167 561.6 0.0392879 0.0102167 0.0137384
542.427 557.817 0.0886871 0.0316503 0.0147197
278.843 579.471 0.0369097 0.0257393 0.0303864
434.221 587.663 0.0124392 0.00676679 0.0141202
463.188 600.288 0.00274689 0.00180234 0.00209307
762.217 599.949 0.00233321 0.000326428 0.000980823
647.628 640.423 0.00751048 0.00290351 0.0340531
646.711 640.816 0.00496096 0.00128948 0.00584079
748.543 652.777 0.0524164 -0.00237848 0.003487
697.864 677.652 0.0160007 0.00376397 0.0336275
638.136 82.8864 0.00343889 0.00627503 0.0767732
704.025 96.425 0.0106278 0.000329956 0.0320171
589.864 102.568 0.00643447 0.00105018 0.0299133
619.087 100.967 0.0043943 0.000478448 0.00600097
811.141 125.038 0.00589734 -0.00323258 0.0585341
812.328 126.522 0.00490936 -0.00238661 0.0106313
205.3 338.557 0.0447109 0.0101148 0.00800267
107.138 355.43 0.00297308 0.00098337 0.00170788
533.09 441.042 0.00045834 0.00259702 0.079951
535.056 439.256 0.00053441 0.00112051 0.0131389
530.219 432.301 0.000583419 -0.00010224 0.000597658
141.188 553.625 0.0131333 0.00673975 0.0106487
462.603 567.121 0.0205497 0.00274789 0.00199557
785.59 566.821 0.00876141 0.00429564 0.00767444
394.14 581.126 0.00626406 0.00109435 0.00195045
785.633 589.572 0.0032767 0.000676022 0.0039921
638.904 616.923 0.0103981 0.0092287 0.0136345
478.136 76.8182 0.222177 -0.00534956 0.00121267
478.548 87.119 0.158532 -0.00423042 0.000370833
478.067 61.6686 0.0897973 -0.0014115 9.65943e-005
749.429 93.7857 0.00526806 -0.00162542 0.0161199
746.571 104.833 0.00482428 -0.00150665 0.00465623
667.361 113.736 0.00102799 -0.00076039 0.00469783
647.838 114.317 0.000147116 8.2966e-005 0.00342455
740.239 118.065 0.0100278 1.68809e-005 0.0222631
257.379 136.439 0.0212102 0.0156585 0.0312725
630.558 136.346 0.0105242 0.00166161 0.00809173
558.649 150.628 0.00783063 0.00274456 0.0168274
237.271 208.917 0.00280011 -0.000920342 0.0459878
1.55405 322.851 0.0628006 -0.00102883 0.00409163
250.783 330.174 0.0150934 0.00847653 0.0125319
253.021 330.585 0.00496522 0.00156805 0.00659496
73.2609 345.174 0.0100487 0.000269103 0.0214717
289.944 488.306 0.0141733 0.00533783 0.0262981
280.025 554.25 0.0185291 0.00495903 0.0137753
185.541 570.966 0.0110099 0.00345593 0.00640085
187.072 573.507 0.00545203 -0.000960735 0.00225553
186.86 578.596 0.00338021 -0.00014387 0.000663526
429.553 574.079 0.0722501 0.0312002 0.0158521
303.146 572.104 0.0323688 0.00699268 0.0068347
134.697 584.123 0.0530827 0.0271143 0.0154468
141.56 576.9 0.00133692 0.000701637 0.00110342
113.5 594.281 0.0090509 -0.00147247 0.00953602
821.427 597.866 0.0442832 0.00520118 0.00619455
816.957 619.909 0.00332597 0.000821075 0.000504062
756.024 117.786 0.0138855 0.00372518 0.0221566
176.333 208.167 0.00620083 -0.0028427 0.0183057
35.0588 229.647 0.00868788 0.009113 0.0481265
143.068 347.682 0.0288521 0.00378112 0.00710273
331.217 350.891 0.00653909 -0.0018789 0.0322064
155.451 392.439 0.0126827 -0.0312788 0.081569
497.679 406.885 0.0743652 0.00137475 0.00387929
498.065 431.758 0.0253103 -0.00257749 0.00258418
498.03 432.423 0.0129124 -0.000728424 0.001172
122.867 443.133 0.0192716 -0.00945704 0.0294862
41.875 480.016 0.00550712 1.26451e-005 0.0244922
41.8298 479.202 0.00478818 0.000291609 0.0133854
41.1316 477.377 0.00386217 -0.000666323 0.00487623
147.191 535.956 0.00476587 0.00798985 0.0233123
403.321 553.833 0.0543906 0.0201643 0.0115522
528.472 558.583 0.0252418 0.0240443 0.0296452
768.536 576.027 0.0391633 0.000929608 0.00264954
433.203 597.5 0.0306941 0.0244409 0.024634
705.286 598 0.0889699 0.0403522 0.0210418
557.078 102.544 0.0122034 0.000441777 0.0142449
314.827 108.867 0.0189331 0.00284601 0.0066591
631.11 111.22 0.00159545 0.0024156 0.0206183
629.631 115.241 0.0011912 0.000794605 0.00399163
709.82 110.112 0.00111887 0.000807966 0.0357516
158.205 343.057 0.00421481 0.000234915 0.00968624
157.736 344.245 0.000792461 0.000573404 0.00240657
481.453 417.709 0.00274171 -0.00466391 0.108591
222.592 467.821 0.000600552 -0.000136963 0.00353322
166.9 524.077 0.000649678 -0.00128306 0.0519068
166.39 525.317 0.000522128 -0.000524143 0.00540823
283.487 565.386 0.00864423 0.00544024 0.00845921
153.643 569.071 0.0577407 0.0196759 0.0120731
472.311 572.014 0.0446742 0.00241605 0.00692561
219.033 579.933 0.00935296 0.00555896 0.0115325
504.552 583.376 0.00522567 -0.0013304 0.00344036
811.115 590.859 0.0559734 0.032649 0.0249285
402.905 599.057 0.00863725 0.0021577 0.00151115
631.543 605 0.00592391 0.00137537 0.0109555
654.189 656.233 0.0441569 0.0199434 0.0121305
772.725 92.85 0.00454225 0.0044347 0.0302543
778.146 110.981 0.000682154 -0.000996146 0.007956
749.998 107.933 8.28139e-005 -7.61482e-005 0.00147199
742.309 104.493 6.52826e-005 -3.33107e-005 0.000740677
707.164 105.095 2.3978e-005 -2.58734e-005 0.000381412
189.659 192.817 0.00679546 -0.00510129 0.0219829
190.473 194.084 0.00414549 -0.00127092 0.00423045
683.132 222.588 0.00745307 0.00162323 0.015579
754.27 251.648 0.00512015 0.00261922 0.0296319
212.5 391.689 0.00486587 0.00506628 0.0357965
90.8143 401.7 0.0222767 -0.0076304 0.0235433
95.6949 403.966 0.00515856 -0.00582019 0.0135692
99.3648 403.254 0.00158459 -0.000410106 0.00264122
337.786 415.48 0.0110417 -0.00758187 0.0132853
353.329 448.549 0.0107274 -0.00696098 0.0288478
350.312 447.705 0.00347922 -0.00101523 0.00947327
585.536 468.036 0.00499669 -0.00139535 0.00235533
588.121 468.628 0.00217522 -0.00131132 0.00259724
594.195 466.183 0.000757913 0.000232193 0.00154031
310.72 466.92 0.0228727 0.00041788 0.00863197
314.167 462.636 0.00270306 0.000118441 0.00192802
314.063 459.123 0.00258324 0.000216053 0.000943847
230.61 525.875 0.000761014 -0.00189238 0.0358175
234.654 561.038 0.0232289 0.012669 0.019543
2.74242 562.288 0.0156772 0.00707609 0.00800983
168.029 560.735 0.0156551 0.0158365 0.0222526
239.977 588.873 0.00600099 0.00297839 0.00178446
45.593 599.291 0.0778315 -0.00373776 0.00249093
318.245 582.535 0.00105025 0.000296692 0.000269302
315.727 583.622 0.000581557 0.000142701 0.000186455
783.566 100.974 0.00359455 0.00353154 0.0175529
584.237 112.342 0.00974919 -0.00321666 0.013417
707.59 117.972 0.00130861 -9.39282e-005 0.0202821
242.025 219.065 0.00114726 -2.92263e-005 0.00117434
683.069 232.983 0.012699 0.000972516 0.0133375
504.244 388.474 0.0190947 -0.0158326 0.0222836
44.5278 399.667 0.00459657 0.00480451 0.0371647
363.973 451.5 0.142152 -0.000786113 0.00095483
390.053 460.096 0.0532354 -0.0151907 0.00829761
105.792 522.958 0.0144342 0.000251071 0.0118193
406.773 571.848 0.0141122 0.0103468 0.0117676
36.3929 585.125 0.0333922 -0.00583015 0.00443659
356 598.818 0.014394 0.00616164 0.0085236
613.418 623.547 0.0097258 0.000936842 0.00220771
799.419 633.167 0.015906 0.00116509 0.0014543
605.37 83.8913 0.0175444 -0.00190144 0.0108232
623.955 119.667 0.00298867 0.00459723 0.0464824
375.625 162.781 0.00976564 0.00187369 0.0542164
163.69 306.595 0.00750211 -0.000250159 0.039118
247.656 309.5 0.0276924 0.0152171 0.0232134
451.775 402.814 0.00539909 -0.00549998 0.0306557
375.925 458.462 0.00832153 0.000522785 0.000293279
375.623 446.202 0.00618579 2.48144e-005 0.000153581
672.122 461.311 0.0378642 -0.00175737 0.00707306
91.373 522.325 0.00478879 1.04224e-005 0.0215956
825.72 567.232 0.0623492 0.0269008 0.0145268
264.755 571.931 0.0087214 0.00871874 0.0151069
266.241 569.767 0.00806269 0.00612474 0.00570998
811.287 568.053 0.0375772 0.0130115 0.00797133
265.352 584.481 0.00876839 0.00514995 0.0151007
62.1438 590.678 0.010219 0.00228145 0.00198266
264.636 606.977 0.0397053 0.0114478 0.00756655
102.588 607.5 0.026539 0.00506013 0.00574829
771.675 653.875 0.0208745 0.00409607 0.0111042
120.82 226.655 0.00557165 0.00124053 0.00277708
358.387 354.858 0.00198326 -0.015035 0.188242
658.75 429.977 0.106342 0.000731931 0.0022993
658.112 430.935 0.0326395 0.00466209 0.00216072
431.313 532.813 0.00894431 0.00723323 0.0654768
811.808 550.885 0.00699525 0.00382673 0.0503791
812.28 546.726 0.00329963 -0.000729119 0.00435451
28.9865 633.392 0.0109949 0.00868164 0.0293829
477.5 18.5 0.75 0 0.000547845
841.135 95.2692 0.00809153 0.0052896 0.0215573
841.78 97.7034 0.00637774 -0.000522131 0.00444061
841.301 97.3578 0.00237208 -0.000370886 0.00365002
823.973 103.511 0.000348344 -2.7748e-005 9.71527e-005
823.505 106.129 0.000341117 -2.8094e-005 8.43664e-005
726.726 126.952 0.00517567 -0.00125244 0.068861
728.294 125.219 0.000697263 0.000950132 0.00461703
49.2248 130.116 0.000244361 0.000850407 0.00901081
256.926 172.025 0.00376535 -0.00452463 0.0361096
264.649 185.436 0.00424445 -0.00488789 0.0471629
845.75 236.175 0.0127909 -0.00772011 0.0277845
484.738 274.525 0.0010998 -0.00398092 0.0721353
163.96 370.54 0.00867058 -0.00845625 0.027527
268.559 454.676 0.011026 -0.00273036 0.00629522
647.529 456.071 0.00459995 0.00913216 0.0977098
273.74 466.7 0.0425642 0.025387 0.0199781
702.919 536.849 0.00683633 0.00232257 0.0355334
842.941 623.415 0.0105788 0.00996154 0.0138911
593.603 368.483 0.000693014 -0.00555843 0.174903
346.406 415.938 0.0628895 -0.00490303 0.00805857
637.808 452.859 0.0205244 0.00526841 0.00478436
637.167 454.637 0.000636257 0.000218514 0.00452506
337.778 474.722 0.0605447 0.0498478 0.046974
88.7105 480.605 0.0131576 -0.0066952 0.0301687
87.006 480.367 0.00523874 0.000539824 0.0160438
85.6131 478.595 0.00309392 -0.000174104 0.00469212
809.95 542.867 0.00591863 0.00259184 0.014389
126.5 601.889 0.0123403 -0.00056403 0.00703755
6.41 596.32 0.00351814 -0.00133698 0.00206162
475.447 660.447 0.0140983 -0.0255161 0.0579931
620.401 668.798 0.0103802 -0.00361627 0.0034434
844.514 674.254 0.0124792 -0.000388449 0.00361617
203.269 174.936 0.0138574 0.01048 0.0240854
175.229 184.583 0.00548867 -0.00589224 0.0470495
105.449 193.603 0.026758 0.00037492 0.00900504
391.877 222.582 0.00388467 0.00362916 0.0121013
226.092 482.204 0.000572084 -0.000776733 0.00661046
118.758 524.71 0.00284461 -0.00432847 0.0218759
244.235 544.618 0.0240918 0.00735152 0.00610438
415.329 554.271 0.106397 0.0413104 0.0195729
834.449 666.432 0.0178912 0.00425857 0.00656172
237.875 167.563 0.00763641 -0.00339295 0.00610585
46.6778 221.811 0.0178739 0.0156203 0.0268307
2.4359 350.192 0.0322482 4.90794e-005 0.00133969
72 380.296 0.0141816 -9.25069e-005 0.00880665
320.103 462 0.044965 -0.000314631 0.00188109
131.737 480.833 0.00489215 -0.000936127 0.00519676
521.233 557.2 0.111726 0.0293477 0.0127656
707.488 559.799 0.000619158 0.0014833 0.00805269
102.783 126.239 0.00420206 0.0045932 0.0595718
832.679 144.782 0.0185474 0.00171899 0.0134683
175.004 165.13 0.000977448 -0.000655407 0.0111916
321.024 204.603 0.0200487 0.00208866 0.00141912
334.329 401.329 0.00651413 -0.00633792 0.0707172
149.794 464.5 0.00147261 -0.000270647 0.0305877
740.04 539.12 0.00679702 0.00247359 0.0288153
733.067 540.687 0.000985226 -5.30314e-005 0.00337945
340.939 588.402 0.0187246 -0.00370687 0.0123275
52.1538 642.673 0.00491881 0.00128976 0.0118722
436.95 657.475 0.00946396 0.00989106 0.028413
617.845 84.3276 0.0034407 -0.00301015 0.0245886
479.866 155.256 0.119214 -0.00880415 0.00253028
93.0645 215.016 0.00103166 -0.00102319 0.00398153
442.162 416.882 0.00186193 -0.00389315 0.025436
752.074 436.377 0.0208367 0.000224295 0.000988581
398.605 450.026 0.0508754 -0.0154071 0.00984424
311.257 447.608 0.0266437 0.00654849 0.0169595
752.542 484.458 0.00186473 -0.0120974 0.17876
774.237 491.553 0.000968025 -0.00220869 0.0896753
19.051 134.337 0.00421424 0.00541933 0.0422606
235.261 194.908 0.00625588 -0.00360256 0.0110743
72.3205 197.833 0.00822537 0.000807398 0.0359688
20.949 316.051 0.00269262 -0.000285843 0.0413007
708.299 436.404 0.000514563 5.30262e-005 0.00105484
813.5 491.415 0.0024272 -0.000896001 0.010593
23.15 531.367 0.00140787 -0.000500628 0.0940845
117.205 617.341 0.0156002 -0.00774815 0.0146941
346.658 650.5 0.0135697 0.00410906 0.0115182
210.708 171.815 0.00271819 0.00335044 0.00897346
223.357 220.471 0.0156384 -0.0111507 0.0212983
750.797 368.284 0.0437913 0.000157333 0.00512404
112.474 378.447 0.0119577 0.00714297 0.00957933
599.935 431.865 0.0109286 -5.18771e-005 0.000982381
385.43 441.826 0.0467138 0.00293712 0.0023785
427.282 452.057 0.000248037 -0.000234177 0.00447841
548.136 469.212 0.0345151 -0.00437078 0.00398804
722.652 489.538 0.000501059 -0.00328972 0.0732224
440.593 541.753 0.00222769 -0.00267533 0.0464409
210.224 187.086 0.0119886 0.00622162 0.0116413
266.583 193.667 0.00625863 0.0112063 0.0504708
266.95 196.143 0.00350575 0.000182549 0.00759883
581.714 335.429 0.00814889 0.00715551 0.0122725
257.25 470.3 0.103774 0.0450765 0.0216603
263.125 477.2 0.0978697 0.0294003 0.011481
319.221 479.849 0.0558644 0.045335 0.0407933
841.04 491.72 0.00237493 -3.88496e-005 0.00892717
726.194 543.861 0.00246958 0.00448078 0.124677
4.95946 675.959 0.00838399 -0.00503719 0.0113366
8.2875 86.875 0.0873186 0.00227902 0.000770173
845.591 323.591 0.0112506 0.0146566 0.0562712
272.207 662.276 0.00614962 -0.000351739 0.00859149
664.409 461.955 0.0668911 0.00315698 0.00728736
831.919 481.64 0.019134 0.00249782 0.0130784
549.82 489.16 0.015131 -0.000628717 0.0104641
636.181 31.875 0.0017509 0.00304266 0.0203439
341.87 86.837 0.0236489 0.00259457 0.00130303
60.4714 169.957 0.0176972 0.0114163 0.0288946
588.899 232.798 0.00879239 0.00119979 0.00184206
589.743 232.755 0.00536773 0.000632549 0.00170298
423.678 479.278 0.0224604 0.00477718 0.012471
709.03 546.015 0.00382576 -0.00944576 0.0375464
566.227 545.818 0.0165813 -0.00091866 0.015569
676.024 560.667 0.0234428 0.00581265 0.0095099
311.654 49.6385 0.0334014 0.0015872 0.00414945
312.677 64.8548 0.0219859 -0.00218264 0.00661783
582.833 409 0.0523256 0 0.0078125
585.824 408.195 0.00718698 0.000499403 0.00687778
577 418 0.1875 0 0.000956633
509.357 419.049 0.009105 -0.00178927 0.0044138
848.167 475.773 0.0489589 0.0100153 0.00745798
545.5 505.238 0.0389932 0.00265701 0.00577069
567.553 282.447 0.00724853 0.00496067 0.0388102
705.016 366.868 0.000936679 -0.00118942 0.0501697
828.621 30.0552 0.000368786 -8.85683e-005 0.000199157
578.907 295.278 0.0896989 0.00629714 0.00120122
579.576 289.601 0.0389905 0.00138102 0.000345268
595.089 520.089 0.00058145 0.00437507 0.121798
493.75 339.386 0.00696474 -0.0062843 0.0449009
331.167 464.936 0.0411729 0.0185513 0.0138137
576.5 459.5 0.0833333 0 0.00443787
415.976 491.329 0.00235458 0.000344553 0.00549348
705.202 498.956 0.00744162 0.000599643 0.0118882
414.833 504.458 0.00485128 -0.00257856 0.0362881
845.057 421.418 0.00716249 -0.000263442 0.00514121
754.016 528.226 0.000554151 0.00187822 0.147248
826.647 530.779 0.000393371 -0.00117129 0.0242836
