1.0
1884
38.8741 34.3357 0.00102162 -0.000493058 0.00467663
42.7333 33.2387 0.00053149 0.000395172 0.00245754
40.1088 33.5174 0.000449597 0.000362721 0.00155629
13.3039 81.9902 0.014136 0.0171664 0.0291689
102.899 17.7403 0.000411141 0.000204075 0.00126411
110.537 14.7333 0.000221847 0.000316449 0.00132453
816.736 406.791 0.00944904 -0.00919243 0.0210497
816.478 406.331 0.00766163 -0.00619459 0.0118262
813.953 405.657 0.000708204 -0.00107051 0.00503624
155.652 3.43478 0.00951674 0.0175932 0.0488002
150.042 3.31356 0.00124334 0.00058561 0.0157783
650.703 255.688 0.00584997 0.00867634 0.0340229
651.92 254.982 0.00187749 0.002794 0.00957615
261.458 25.1901 0.00673472 0.0123074 0.0349878
267.788 21.6415 0.00308426 0.00644319 0.0169329
265.456 22.4436 0.00189642 0.00368923 0.00917072
649.58 94.7159 0.00204306 0.00227229 0.0260083
224.61 38.3837 0.00341009 0.00629253 0.017008
225.274 37.6464 0.00213952 0.00348854 0.00968023
585.378 149.031 0.00360441 0.00411673 0.0310375
10.1944 13.8333 0.0140001 -0.00197252 0.0234738
599.915 101.255 0.00264775 -0.00130042 0.010924
603.825 101.331 0.000734054 -0.000481349 0.0109773
584.295 233.733 0.00712901 -0.0046007 0.00995471
774.528 479.722 0.00793666 -0.00838517 0.0586133
681.167 34.5303 0.0080715 0.0110284 0.054947
678.133 33.0083 0.000701119 -0.000295863 0.00961862
684.165 28.2892 0.000323766 -4.82155e-005 0.00163143
148.764 70.2521 0.00778037 0.0160286 0.0376249
150.913 68.84 0.0043162 0.00918122 0.0208239
719.218 80.0128 0.0231094 -0.00187064 0.00971049
724.568 79.3559 0.00193609 0.000216794 0.00921563
726.484 76.8992 0.00228032 0.00109821 0.00364052
3.88235 132.059 0.0132266 0.0117499 0.040277
683.962 94.9615 0.0253294 0.0237162 0.0286381
681.512 94.9186 0.00276254 0.00152063 0.00739113
734.708 284.896 0.017197 -0.00448202 0.00985173
316.205 2.24359 0.00245796 0.0046911 0.0411586
306.931 7.5 0.00256915 0.00372982 0.00739135
625.5 264.665 0.0160576 -0.00327571 0.00325804
46.325 5.3 0.0184166 -0.0049116 0.016961
44.0952 5.7619 0.00224153 0.000769607 0.0107383
490.773 7.80909 0.00651856 0.00484643 0.0237848
24.9368 14.6839 0.00361823 0.00140525 0.0119617
24.2677 9.23548 0.000314578 0.000124304 0.00222883
192.592 50.979 0.00494241 0.00731707 0.0180422
729.971 69.8824 0.0153546 0.00416061 0.0329089
717.914 135.125 0.00119781 0.00336168 0.0306736
720.904 133.428 0.000263146 0.00043818 0.00763707
723.792 132.949 0.000166871 0.000375605 0.00377658
725.364 132.049 0.000130519 0.00033718 0.00297656
736.316 125.263 8.70747e-005 0.000131066 0.00049134
609.865 252.846 0.0040616 -0.0124842 0.0678906
761.456 467.037 0.000558983 -0.00168723 0.0107058
749.914 467.624 0.000120287 -7.1432e-005 0.004143
747.094 468.061 9.23313e-005 -0.000136586 0.00226247
2.875 72.0469 0.02537 0.00366335 0.00456452
772.204 404.528 0.00234797 0.000221414 0.01425
768.712 403.177 0.00110142 -0.0012425 0.00801289
617.232 442.695 0.0128636 0.0058412 0.017224
160.921 36.6203 0.0010221 0.0021247 0.00486599
180.141 27.9673 0.000364378 0.000769172 0.00185016
282.623 44.9262 0.00372203 0.00755516 0.0212651
282.765 44.2568 0.00188285 0.00292318 0.00940166
239.955 60.0636 0.0072957 0.0108466 0.0381453
239.674 56.2443 0.0023915 0.000255973 0.00302777
239.713 54.7066 0.00220916 0.00017742 0.00194377
607.655 199.242 0.00252127 -0.00117145 0.0153801
671.833 502.468 0.0012507 -0.00372526 0.0186083
682.701 504.125 0.000462594 -0.00135839 0.00661295
689.026 507.643 0.000294683 -0.000537351 0.00210434
21.8111 125.789 0.0100226 0.0180454 0.0569479
20.7394 125.894 0.00757209 0.0124234 0.0335554
837.583 246.819 0.00160497 -0.00285661 0.0414766
858.664 417.694 0.00220612 -0.00293231 0.0236442
764.986 510.968 0.00577142 -0.00345229 0.00741147
765.231 510.944 0.0052611 -0.00292304 0.00388707
804.531 533.3 0.00381453 -0.0145368 0.0787709
801.885 532.975 0.0015532 -0.0067037 0.0363154
809.204 534.513 0.000885653 -0.0037479 0.0194839
799.287 527.14 0.000316288 -0.000615983 0.00163308
9.85556 3.43333 0.0121714 -0.0161397 0.0368084
678.421 25.5635 0.00591065 -0.00287239 0.00814979
632.111 98.0278 0.00854897 0.00364687 0.0504983
789.28 366.793 0.0217595 -0.00744697 0.0123328
789.861 367.584 0.0123184 -0.00299649 0.00518045
564.081 457.811 0.00356827 0.00238645 0.0159586
858.449 543.127 0.00268233 0.00387379 0.047161
473.793 138.646 0.00864508 0.00798282 0.0363135
472.531 139.109 0.00487035 0.00599777 0.0285987
596.109 205.348 0.00700024 0.00655955 0.036167
584.187 457.453 0.00376939 -0.000455755 0.00351302
63.7742 1.53226 0.00160954 0.00251922 0.0555394
528.597 83.1667 0.00939134 -0.000485509 0.0104418
528.436 83 0.00740727 -0.00208756 0.00832538
690.538 242.047 0.00563047 -0.00413051 0.0271125
685.683 238.967 0.00350156 -0.0034275 0.00569073
817.817 246.305 0.00578436 -0.00316461 0.0279179
786.321 311.357 0.0115599 -0.0102927 0.0125314
786.837 312.1 0.00843501 -0.00737762 0.00902011
830.956 659.793 0.0018803 -0.00576373 0.0193002
807.051 651.392 0.000270463 -0.000601211 0.00173186
509.647 95.7632 0.00315141 0.00180805 0.0158686
506.761 95.6902 0.00139853 -0.000960641 0.00666296
472.662 98.1216 0.00719459 0.000735987 0.0352271
838.523 115.058 0.0042447 -0.00642418 0.0409046
578.527 201.743 0.00516987 0.00532533 0.0184848
579.553 298.727 0.00622901 0.00486734 0.014423
224.883 6.8 0.00203144 0.00374589 0.0111537
647.253 36.8506 0.00494641 0.0046754 0.0178639
56.6327 68.4364 0.00143594 0.00181684 0.00356945
56.4645 68.713 0.00116642 0.00133051 0.00257361
185.682 80.0152 0.0154027 0.0214632 0.0491855
190.428 78.1988 0.00504846 0.0104791 0.0308784
197.194 74.5228 0.00170958 0.00302755 0.00858131
195.256 71.0525 0.000763361 0.00061145 0.00173984
79.2368 85.9211 0.00918212 0.00510049 0.039695
74.7135 87.1629 0.00414642 0.00868397 0.0316457
644.32 234.926 0.0104384 -0.00851405 0.018224
644.484 233.76 0.00586129 -0.00145243 0.0060716
646.086 233.935 0.00274037 -0.000363417 0.00503702
642.798 233.251 0.00116794 -0.000567897 0.00361267
736.938 241.172 0.0023522 0.0042796 0.0335193
729.17 239.665 0.000427186 -0.000303821 0.00985949
599.355 436.318 0.00784979 -0.0145848 0.0379502
815.708 477.458 0.014919 -0.0206985 0.0364906
785.563 586.388 0.0032311 -0.00910759 0.0414619
785.919 586.824 0.00177526 -0.004526 0.0186012
784.53 586.179 0.00135079 -0.00294402 0.00978931
12.1067 57.7697 0.00339295 -0.00261303 0.00488566
10.9588 64.9137 0.00130791 8.51083e-005 0.000558384
648.411 132.617 0.000509979 -0.000950757 0.00772503
641.433 134.483 0.000305465 0.000102764 0.00216695
853.75 174.633 0.00235359 -0.00327561 0.0386704
851.817 173.5 0.00232521 -0.00327379 0.0129546
712.99 187.867 0.00404962 0.0118404 0.0763022
701.886 188.778 0.000641948 0.00263121 0.032303
694.797 291.875 0.00949641 -0.0128509 0.0212877
694.888 288.259 0.00314012 -0.00143876 0.00237645
610.833 337.917 0.00729195 -0.000535189 0.0275622
778.814 421.581 0.0031216 -0.0116956 0.0588507
426.643 432.179 0.00315431 -0.00530753 0.040496
428.047 473.179 0.00419856 -0.00992487 0.0565981
426.764 472.632 0.00353441 -0.00776791 0.0278034
426.922 473.195 0.00200409 -0.00349114 0.0121067
81.5702 3.58772 0.00898837 0.0113462 0.0261458
74.4487 6.78846 0.00285442 0.00594439 0.0164915
289.398 65.7045 0.00282665 -0.000700915 0.00151768
288.909 64.0539 0.00294019 -0.000409534 0.00109827
703.814 87.1429 0.00382689 0.00906547 0.0408416
19.4815 106.602 0.00170283 0.00229321 0.00554501
832.1 125.54 0.00447835 0.00560221 0.0395308
481.353 170.265 0.00839294 0.00750148 0.0539784
486.345 168.621 0.00058037 0.00165106 0.00779845
554.797 288.419 0.00114223 0.00153509 0.0126301
680.257 396.108 0.00562699 -0.0085063 0.0215232
848.071 605.082 0.00280346 -0.00513351 0.014582
837.267 602.413 0.000595778 -0.00181817 0.00872051
816.007 597.177 0.000330562 -0.000730783 0.00203211
577.241 641.687 0.000527047 3.386e-005 0.000107159
506.897 126.738 0.00408574 0.00922665 0.0436386
447.605 293.3 0.00231721 -0.00128677 0.0234534
663.556 13.5833 0.0472585 -0.0162127 0.0130682
629.583 50.1458 0.0121629 0.00743201 0.0183675
631.33 51.4057 0.00362208 -0.000532513 0.00772938
852.052 50.0315 0.000709979 0.00188997 0.0344768
850.913 50.1927 0.000553579 0.000600366 0.0123106
26.5541 68.3919 0.0194897 0.0128205 0.02399
30.0714 100.316 0.0172016 0.0101915 0.018829
85.1765 108.515 0.00138414 0.00390128 0.0860154
90.0616 108.63 0.000446388 0.000281684 0.0371669
88.5968 107.258 0.00042659 -0.000724389 0.00685795
521.896 167.123 0.00494483 0.00901145 0.0402758
487.184 249.297 0.00228619 -0.00190358 0.020193
795.426 251.167 0.00327716 0.00215271 0.00773628
652.314 295.7 0.00170893 -0.00322663 0.032602
673.988 295.427 0.00704649 0.00360617 0.0228157
676.085 295.72 0.00268003 -0.000335981 0.0181592
673.105 294.092 0.00151123 -0.00215395 0.00958709
618.167 28.5926 0.00551289 0.00409493 0.0287978
628.11 22.2298 0.00019001 7.84443e-005 0.000609313
646.509 25.6823 5.24368e-005 -3.75819e-005 0.000423664
668.5 32.473 0.0186298 -0.010896 0.0119849
746.858 181.491 0.000749469 -0.000620825 0.0121816
422.932 295.77 0.015491 0.016693 0.0405754
420.704 293.755 0.00293816 -0.00141971 0.00778507
653.342 346.632 0.0206932 -0.00540953 0.0155925
738.567 352.81 0.000384738 -0.000347751 0.00194547
643.3 393.111 0.00574368 -0.00425513 0.0069621
641.388 392.967 0.0026657 -0.00104475 0.001398
811.078 484.567 0.00854982 -0.0123764 0.0287935
388.737 8.02632 0.00467189 0.00579758 0.0164849
379.892 9.84432 0.001583 0.00472725 0.0161151
337.264 25.75 0.00250802 0.00234916 0.0264591
817.175 54.4518 0.00650327 0.00834492 0.0230969
833.179 295.991 0.00361673 -0.00599298 0.0390739
690.853 305.574 0.00327148 0.000292248 0.00832204
359.158 386.07 0.0028516 -0.00696504 0.0417058
358.608 385.692 0.00215573 -0.00292539 0.0149049
786.313 541.25 0.00482571 -0.00555662 0.028296
432.575 27.925 0.00749489 0.0099312 0.0369444
429.641 28.3235 0.00308756 0.00654212 0.0288928
783.761 207.428 0.0257959 -0.00367029 0.00130256
785.286 210.766 0.0072868 -0.00132883 0.000855662
785.231 211.519 0.0065408 -0.00129094 0.000757323
683.311 249.878 0.00573777 0.00246035 0.037309
510.333 285.813 0.00434937 0.00117189 0.0202742
512.453 282.676 0.00123185 0.000370382 0.00327637
575.5 286.129 0.010577 -0.00505757 0.0110365
484.458 295.754 0.0125022 0.0137296 0.019979
479.817 295.747 0.00116665 -7.8971e-005 0.00338404
730.639 306.083 0.0012476 -0.00307376 0.0323663
706.238 400.269 0.00332108 0.00248289 0.0348968
695.977 398.159 0.000448967 -0.00130345 0.00901923
689.807 396.498 0.000155103 -0.000150727 0.00279367
861.872 620.221 0.0142077 -0.0162473 0.02817
695.176 664.851 0.00918525 -0.0113376 0.0221796
620.214 2.10714 0.0043823 0.00333302 0.0316959
618.49 3 0.00198542 0.00163931 0.0160373
815.656 8.21111 0.00496203 0.00148084 0.0369705
355.9 17.32 0.00833979 0.00964527 0.0293717
395.022 38.4104 0.00277946 0.00573624 0.0147921
414.652 25.8923 0.000227812 0.000381457 0.00128319
829.897 61.3448 0.00725619 -0.00176517 0.0239018
765.962 66.2035 0.00102475 0.00276719 0.0138372
312.381 71.9576 0.0160799 0.00340423 0.00831501
316.285 80.5723 0.00205241 -0.000117495 0.000988816
45.2381 120.167 0.0126078 0.0142176 0.0307114
367.853 151.539 0.00337566 0.0039321 0.0407314
809.729 237.614 0.00432938 0.00865784 0.114711
618.557 246.814 0.00900171 -0.00432376 0.0252349
695.085 455.89 0.00583109 -0.0118351 0.0572259
756.562 636.364 0.00719802 -0.00848703 0.0123591
676.463 83.0185 0.00125838 0.00223642 0.0199713
248.885 87.3718 0.0146006 0.00322279 0.0221665
741.342 220.342 0.00272531 -0.0024796 0.0244069
740.226 220.433 0.00160976 -0.000741867 0.0129042
698.456 267.233 0.00826705 -0.00643946 0.0174304
626.936 342.141 0.00543712 -0.00682134 0.0432681
310.043 350.848 0.00743653 0.00281379 0.029177
298.753 351.027 0.000654571 -0.000343774 0.00610834
92.2885 444.269 0.00228648 -0.00459933 0.0373747
92.51 443.36 0.00151574 -0.00205678 0.0180956
227.256 498.167 0.010423 0.00117978 0.0163206
226.753 496.258 0.00536247 -0.00207793 0.00512477
650.756 20.4048 0.0030366 -2.31802e-005 0.00332667
558.181 32.625 0.00674288 0.0129785 0.0327409
856.638 105.569 0.00520707 0.00402289 0.0117549
670.598 191.232 0.00436603 -0.000229353 0.0649423
664.295 394.955 0.0205204 -0.0153673 0.0205373
662.222 394.69 0.00614652 -0.00566926 0.0136443
812.145 426.934 0.00207119 -0.00292988 0.0182394
722.56 469.94 0.00459367 -0.00546478 0.0358475
836.696 518.783 0.0162527 -0.0137494 0.0197267
616.403 588.419 0.014778 -0.00993662 0.0122189
616.5 588.125 0.00902106 -0.00612599 0.00829652
520.545 2 0.00669948 0.00138292 0.0381295
472.804 7.80435 0.00899269 0.0050988 0.028659
478.577 6.1332 0.000604288 -0.000209568 0.00611338
624.722 37.8889 0.0127088 0.0174272 0.0397922
653.579 190.5 0.0207562 -0.0235535 0.0428659
659.839 191.148 0.0005692 -0.000152063 0.0156334
630.373 194.468 0.00322739 -0.000288128 0.014231
289.768 348.427 0.00747941 -0.00269884 0.0169698
844.065 431.712 0.00234573 0.00414548 0.0170333
64.2391 10.9348 0.00710438 0.00451956 0.0204983
386.149 253.419 0.00458425 0.00529058 0.0744418
574.132 311.662 0.0138391 -0.000345334 0.00705803
612.853 346.794 0.0145599 -0.00664654 0.0296325
349.833 351.544 0.00344079 -0.000277856 0.0524347
351.893 350.536 0.00281283 0.00286916 0.0196521
518.981 370.056 0.0022388 -0.00141046 0.042131
519.298 369.84 0.00180207 -0.00132932 0.0203739
263.807 373.102 0.00527333 -0.00527657 0.0156491
264.015 372.754 0.00271224 -0.0026617 0.0112591
742.971 470.412 0.0125574 -0.00278566 0.0178149
796.183 476.89 0.0220477 -0.014344 0.0228778
804.551 480.806 0.00397601 -0.00644161 0.01301
696.963 519.22 0.00281768 -0.00832517 0.037178
658.545 524.409 0.00886728 -0.000845065 0.0173432
428.083 575.208 0.00809804 -0.0164606 0.0489293
281.523 668.682 0.0188658 -0.0145925 0.0217748
588.455 10.306 0.00801639 0.00405576 0.0117889
447.843 20.3657 0.00893428 0.00651863 0.0167418
605.968 54.2872 0.00630765 0.00831189 0.0436685
608.121 57.4739 0.00122172 -0.0013991 0.00568764
772.381 133.69 0.00555044 0.00364255 0.0476677
442.24 253.1 0.00342156 -0.000232279 0.0312138
447.964 255.046 0.00103286 -0.00269813 0.0135062
386.013 389.833 0.00674366 -0.0106532 0.0604208
393.795 390.956 0.00116439 -0.00402186 0.0230093
394.681 391.065 0.000723809 -0.00185933 0.0122568
715.703 411.534 0.00525705 -0.000600398 0.015905
672.9 447.725 0.0186118 -0.00501206 0.0184369
836.789 480.053 0.00489614 -0.0156575 0.115031
828.558 477.202 0.000659082 -0.00122042 0.00339565
489.778 483.25 0.00449524 -0.00502618 0.076486
489.956 468.152 0.000260403 -0.000224801 0.000862069
399.867 533.483 0.00801564 -0.0123473 0.0323184
611.04 539.056 0.00386377 -0.000431326 0.00848314
617.705 540.816 0.000591733 -0.000317557 0.00573915
829.69 610.25 0.00281176 -0.00300681 0.0195833
832.022 610.649 0.00194555 -0.00364657 0.0174876
324.658 626.605 0.018383 -0.0222282 0.0416525
321.453 623.266 0.00525639 -0.00597323 0.0109569
317.313 620.524 0.00252078 -0.00371464 0.00739014
229.308 626.363 0.00985627 -0.0145906 0.0265868
800.141 39.3333 0.0254936 -0.0165168 0.0131393
799.003 36.026 0.00926471 -0.00363962 0.00210359
778.237 75.1053 0.00599371 0.00538724 0.0429974
746.853 76.9412 0.00364752 -0.00139249 0.00937782
43.1842 100.237 0.0142868 0.0227597 0.0598811
343.382 157.147 0.00432765 -0.000848931 0.0137943
343.033 158.067 0.00372304 -0.00103177 0.00447869
678.289 233.053 0.091686 -0.0131855 0.00551356
585.636 537.496 0.00431808 0.000213211 0.0012589
376.885 557.223 0.00988277 -0.0188092 0.0458933
377.01 557.402 0.00560471 -0.0101005 0.0259436
708.235 567.316 0.00583628 -0.00360883 0.0283108
624.792 111.375 0.0095076 -0.0194528 0.0565373
872.192 116.244 0.00476732 -0.00322382 0.0522459
807.346 130.833 0.0170554 0.00264394 0.0175854
566.558 147.453 0.000506337 5.48414e-005 0.000547376
692.115 189.923 0.00244525 0.00282642 0.0565233
746.375 294.9 0.0147031 -0.020147 0.0427641
442.392 398.62 0.0037777 -0.00883419 0.0335084
417.03 539.576 0.0164509 -0.00526065 0.00414622
408.779 534.191 0.0011194 -0.000820318 0.0026535
409.772 529.675 0.000927054 -0.000101898 0.000795285
445.123 548.601 0.00148785 -0.00181669 0.0067525
456.33 537.773 0.000292831 -0.0001436 0.000510123
725.913 571.978 0.0130994 -0.0226821 0.0513896
753.267 591.217 0.0103207 -0.0141692 0.0288469
749.364 586.799 0.00308738 -0.00270346 0.00419969
774.7 10.0778 0.011954 0.0119972 0.0335547
356.547 52.0059 0.00411023 0.00481337 0.0235644
357.081 51.1977 0.00291798 0.00353264 0.0127107
467.761 69.1377 0.0151517 0.00317188 0.0061528
488.372 96.0128 0.00674339 -0.000212268 0.0168178
431.338 102.575 0.00388769 0.00572775 0.0184745
636.724 142.776 0.00286913 0.0054888 0.0445637
222.071 159.167 0.0226249 0.00197814 0.00470272
415.067 217.35 0.00518773 0.00227695 0.0229742
457.5 257.303 0.00396802 -0.00575489 0.0317759
716.024 291.452 0.0470866 -0.0144599 0.00957341
369.591 292.841 0.00943907 0.0103849 0.0213334
369.302 293.578 0.000940382 0.00134361 0.0152477
578.578 343.833 0.00397197 0.00525245 0.0195156
150.337 471.151 0.00649536 -0.0123069 0.0580624
653.906 547.516 0.0039832 -0.00216459 0.0151468
653.665 546.481 0.00349834 -0.00191709 0.00876435
612.403 634.532 0.00613185 -0.00347306 0.00523873
479.738 17.3095 0.0117335 0.0146376 0.0357631
564.553 52.0143 0.000992288 0.000211361 0.000765519
564.412 42.2244 0.000905009 0.000108949 0.000188226
328.231 59.5385 0.00600897 0.00513059 0.0272267
15.2869 142.533 0.0139522 0.0054315 0.00746144
320.853 158.765 0.0056595 0.0103195 0.0294706
328.288 144.19 0.000980194 0.000639293 0.00109524
14.7308 162.5 0.00699225 0.0137992 0.0507265
10.7431 161.583 0.0018032 0.00126226 0.00681636
696.357 198.405 0.00772476 0.0015817 0.0231263
390.194 296.337 0.00758918 -0.00706966 0.0293084
848.4 310.45 0.0194028 0.00445712 0.0173389
419.672 361.891 0.00279634 -1.34148e-005 0.0272912
419.419 361.801 0.00123306 0.000168064 0.0205711
408.797 350.302 0.000786431 -0.000557471 0.000844302
490.419 377.23 0.0134751 -0.00628967 0.0221457
493.062 377.129 0.00173954 -0.000429944 0.0158115
586.746 394.025 0.00962065 0.000108845 0.00437188
841.32 397.478 0.0173295 -0.0100703 0.00833145
841.283 397.756 0.00660131 -0.00341633 0.00304965
399.724 428.194 0.00403623 -0.00690173 0.025384
376.008 486.722 0.00344315 -0.00176024 0.00849921
162.33 544.16 0.0132741 -0.0216419 0.0478129
163.266 544.513 0.00772954 -0.01343 0.0330097
575.5 565.337 0.00160104 -0.000249744 0.00234135
576.052 569.64 0.00114457 -0.000530627 0.00071108
783.189 53.0111 0.016646 -0.0126086 0.0244319
151.233 93.5889 0.0128439 0.017025 0.0399935
155.239 91.7386 0.00654675 0.0122884 0.0303281
155.098 91.7768 0.00489855 0.00901276 0.0234603
127.397 102.368 0.00861811 0.0136055 0.0327383
437.95 137.225 0.00375511 0.0053763 0.0513211
181.407 362.64 0.0106977 -0.00318409 0.0247845
615.959 496.527 0.0147601 -0.013763 0.0311782
614.478 497.896 0.0031044 0.000548481 0.0132825
853.777 555.436 0.00394359 -0.00603457 0.0416122
404.779 567.549 0.0171583 -0.0256543 0.0450939
414.69 571.083 0.00248321 -0.00580848 0.016407
488.433 636.633 0.0087575 -0.0113533 0.0306129
491.243 638.553 0.00649839 -0.00894939 0.0161278
747.625 14.4583 0.0032633 0.00177239 0.0350859
754.883 12.1478 0.000477043 0.00198651 0.0174773
260.803 111.833 0.0134968 0.012582 0.0411585
695.31 120.095 0.0129164 -0.0104006 0.0289438
707.854 151.563 0.0096401 -0.00537086 0.0209766
329.849 189.186 0.0016024 0.0028111 0.0191628
301.5 377.346 0.00597265 -0.00756248 0.0343652
301.905 377.411 0.00380945 -0.00268357 0.0208107
305.798 376.778 0.00151594 -0.000390634 0.00230131
657.436 447.862 0.00476491 -0.00863449 0.0365143
357.516 520.438 0.00648032 -0.0083342 0.0255837
821.029 108.735 0.00510733 -0.000992073 0.0101715
439.11 173.72 0.00716376 0.00275128 0.0226919
316.443 201.071 0.0125348 0.00859214 0.032734
483.144 206.211 0.00799778 0.00388264 0.0236881
480.723 205.862 0.0035332 0.00281389 0.00837657
310.333 256.917 0.00469936 0.00916445 0.044265
606.278 302.139 0.0203007 -0.0107592 0.0252157
155.574 451.296 0.00785953 -0.0146952 0.0497889
314.583 562.95 0.0129391 -0.0110963 0.0149051
678.462 609.615 0.00972528 -0.000174611 0.0137953
675.365 607.202 0.0034887 -0.00224249 0.00506019
482.5 49.9828 0.0044057 0.000472085 0.0204943
735.463 55.2778 0.0397389 -0.00994067 0.00365887
181.629 108.387 0.00728068 0.0133038 0.0407727
175.674 110.141 0.00368591 0.00840382 0.0238826
177.332 104.693 0.00119279 0.00119159 0.00210937
173.957 103.881 0.000602506 0.000627477 0.001536
605.468 158.694 0.0229571 -0.00543985 0.0164944
145.255 159.127 0.00228786 0.00127555 0.00249276
359.994 186.411 0.00183943 0.00697518 0.056381
368.79 185.112 0.00061586 0.00223832 0.0188173
550.965 187.917 0.00201837 0.000295326 0.000814871
632.7 217.869 0.00402171 0.000831651 0.0112549
720.23 250.77 0.00917167 0.00932272 0.0293464
267.882 265.265 0.0176711 0.0117754 0.0322858
266.81 267.702 0.00976467 0.00429707 0.00782614
727.027 526.434 0.00142604 -0.00283468 0.0272448
730.919 527.138 0.00117592 -0.00288378 0.0139293
300.65 9.55 0.0151719 0.00990643 0.0249549
232.881 90.7619 0.0077569 0.00734609 0.0383494
230.827 88.5099 0.00448055 -0.00187774 0.00633685
385.727 146.818 0.0187605 0.00276616 0.00918785
9.85417 196.958 0.0146432 -0.00174031 0.00543407
6.5 195.132 0.00538663 -0.00191673 0.00493001
9.25194 192.93 0.00218226 0.000645233 0.00281839
395.623 254.461 0.000706138 -0.000698859 0.00905686
393.997 255.472 0.000579361 1.76578e-005 0.00403195
523.571 553.571 0.0117181 -0.00690548 0.00820792
525.844 557.242 0.00967081 -0.00453823 0.00377554
458.337 657.908 0.0221438 -0.0331797 0.0578191
262.473 673.257 0.0109833 -0.0130311 0.0361276
250.624 665.771 0.00467445 -0.00623063 0.00965478
440.274 61.2024 0.00209736 0.00424195 0.0242717
439.174 49.4208 0.000774084 0.000350626 0.000839171
283.094 110.781 0.0137163 0.00550964 0.0398528
211.525 118.875 0.00673093 0.000705802 0.00238624
215.35 117.291 0.00141031 0.000368807 0.00226282
402.935 320.5 0.0116068 -0.00321917 0.00862481
816.158 365.158 0.00345957 -0.00965828 0.101839
475.935 375.283 0.0137089 -0.00411554 0.0133327
67.1875 436.688 0.0155764 -0.0238182 0.0475605
520.5 451.223 0.00387977 -0.00978925 0.0647634
513.388 447.034 0.00200758 -0.00298718 0.00674979
696.519 564.179 0.0292348 -0.020088 0.0182199
635.939 569.763 0.0275225 -0.0158516 0.012119
409.7 71.6556 0.00810402 0.00735734 0.0380476
409.413 57.7613 0.0051056 6.56368e-005 0.000592242
140.5 194.2 0.00547857 0.0126539 0.0434991
854.172 282.798 0.0103784 -0.00256322 0.00362523
76.9203 309.442 0.00357267 -0.00506767 0.028378
743.122 395.456 0.0654608 -0.0234972 0.0121562
58.8684 452.842 0.016433 -0.0273442 0.0653382
50.169 450.017 0.00207465 -0.0046819 0.0147185
271.706 489.023 0.00320717 -0.00931232 0.0362051
98.425 511 0.00472944 -0.00705291 0.0541225
601.29 582.742 0.00412295 -0.00210969 0.00879038
631.246 642.5 0.00766419 -0.00504981 0.00844225
395.241 664.111 0.00878836 -0.0072876 0.0149403
392.928 668.036 0.000464388 -0.000166966 0.00123905
51.725 205.5 0.00772497 0.00763408 0.0296031
56.8077 203.929 0.00396566 0.00971865 0.0332672
472.5 250.381 0.00441539 0.00048518 0.0321027
348.765 263.153 0.00735511 -0.00129433 0.029343
234.056 397.056 0.020595 -0.00652569 0.0199406
483.077 444.261 0.00243287 -0.00406251 0.0258414
368.019 456.222 0.00584282 -0.0120519 0.0480819
182.053 584.605 0.0145336 0.00547474 0.0243115
428.971 610.706 0.010353 -0.0176581 0.057225
842.788 641.577 0.0155789 -0.0108102 0.0137509
734.563 676.021 0.0113587 -0.0135525 0.0242786
729.222 674.91 0.00143193 -0.00202778 0.0109157
262.192 80.8846 0.0153752 0.0178628 0.0440824
218.742 95.5909 0.0120076 0.0173716 0.0566313
135.157 216.643 0.00860863 0.0126577 0.061334
135.024 216.468 0.00484298 0.00815678 0.0370112
183.952 311.643 0.00429424 -0.00671229 0.0603563
639.9 553.071 0.0161472 0.00651208 0.0145481
392.778 593.426 0.0158643 -0.0243427 0.0429382
736.795 606.773 0.0253096 -0.020068 0.024549
409.553 103.816 0.0151316 0.00375051 0.0248284
383.256 182.817 0.00654552 0.00881361 0.0309488
706.414 251.086 0.0139987 -0.00122314 0.00632575
336.314 293.337 0.00521729 -0.00167848 0.040388
272.795 344.682 0.00613027 0.00261504 0.0362763
170.06 359.68 0.00922931 -0.00847544 0.0215166
176.186 361.029 0.00179346 -0.00287148 0.0130684
683.64 472.826 0.0131584 -0.00925066 0.0218583
743.195 514.585 0.0256588 -0.00971193 0.00529796
705.654 546.423 0.07662 -0.0102591 0.00486566
675.368 110.211 0.024977 -0.00246303 0.00978171
805.097 281.112 0.00882912 -0.0022228 0.00696747
168.575 311.525 0.0059019 0.00306831 0.0555811
176.174 312.039 0.000965005 -0.000322108 0.0202833
432.214 325.133 0.00607807 -0.00779224 0.0343979
234.182 476.773 0.0116364 -0.0286075 0.0888616
498.269 601.346 0.00901673 -0.00265684 0.0277682
4.03488 25.6163 0.0117703 -0.00503424 0.0245486
484.066 33.4394 0.0122152 0.00369701 0.00367164
480.859 28.081 0.00391886 -0.000373135 0.00123951
473.468 30.581 0.000928896 0.000270063 0.000991286
215.132 234.289 0.0167894 -0.0113643 0.0165713
616.777 424.181 0.0166971 -0.00792678 0.0105609
239.5 450.65 0.010381 -0.0135102 0.0327864
616.614 519.227 0.0297641 -0.0134711 0.0126697
617.431 520.171 0.0030682 -0.00262585 0.00586757
420.697 607.583 0.00384559 -0.00842374 0.0238405
427.513 609.648 0.00230052 -0.00557602 0.0157401
845.105 625.919 0.00507523 -0.0100968 0.0252744
652.085 116.238 0.0153618 0.00745249 0.00868109
517.549 130.574 0.00708315 0.0051638 0.00703847
850.847 232.5 0.00794681 -0.00706476 0.0159695
601.397 458.885 0.0227662 -0.0017911 0.00864934
308.466 502.761 0.00370472 -0.00934661 0.0287496
295.786 665.357 0.0159574 -0.0245094 0.0401102
296.367 665.227 0.00902885 -0.0127121 0.0194556
471.304 292.206 0.00723411 0.00201574 0.011018
354 418.579 0.00806202 -0.00560591 0.0479368
375.688 421.453 0.00468293 -0.00664535 0.0215443
541.464 17.015 0.000889614 0.000259018 0.000828279
387.674 65.2755 0.00148157 0.000294462 0.000913304
215.563 299.548 0.0115742 -0.000358136 0.0047317
273.172 323.762 0.0192185 0.00421678 0.00600255
217.625 470.675 0.00851316 -0.00947293 0.0456985
274.981 513.812 0.00355247 -0.00170731 0.00930914
354.425 79.125 0.0201665 -0.00850892 0.0141517
363.075 73.839 0.0022846 0.000967737 0.00215972
62.8243 157.878 0.0121627 0.0245862 0.074894
361.308 253.058 0.00280801 0.0024621 0.0394464
360.654 252.777 0.00270224 0.00219412 0.0284328
700.068 611.541 0.0118092 -0.0113583 0.0168613
636.324 668.809 0.0110566 -0.00377282 0.0022748
695.969 11.7041 0.00371436 -0.00378825 0.00952398
586.547 31.4535 0.0296245 -0.00186208 0.00394817
100.095 84.2568 0.00280469 -0.00805326 0.11243
254.343 250.364 0.00463493 -0.000761225 0.00201258
262.851 246.987 0.000747088 2.36128e-005 0.00099364
237.969 260.929 0.00539914 0.00596217 0.02977
187.663 556.919 0.0163432 -0.0288099 0.064636
264.454 174.718 0.000954936 0.000886023 0.00269221
13.7549 177.755 0.0110217 -0.00309203 0.00853087
14.125 175.402 0.00680608 -0.000503671 0.00349363
749.888 208.172 0.00113147 -0.000725711 0.00571937
491.409 217.25 0.0127045 0.00593871 0.0117654
442.405 220.627 0.0058891 0.00777637 0.0190923
438.18 227.182 0.000704115 0.000178902 0.00168525
779.461 277.147 0.0207428 0.00271399 0.00874553
207.593 390.593 0.011077 -0.0140078 0.0327103
639.038 522.739 0.00164575 -0.000811143 0.00295488
451.158 585.816 0.00948225 -0.00605829 0.00699239
774.683 628.433 0.0183971 -0.0148656 0.0149264
651.756 2.63953 0.0114431 0.00546531 0.0238141
207.853 71.5784 0.0088739 0.00984899 0.0321903
294.389 100.972 0.00536914 0.0137631 0.0693851
464.833 214.417 0.0104967 0.000969992 0.0297926
852.869 255.665 0.00312312 -0.00239983 0.0148026
852.162 258.105 0.00277449 -0.000107602 0.00335436
217.421 340.105 0.00419081 0.00134987 0.0477026
290.476 405.915 0.00636465 -0.0112375 0.0590424
291.21 405.732 0.00444828 -0.0088114 0.0360393
471.198 629.267 0.00639258 -0.011737 0.0430051
490.04 675.167 0.0147367 -0.0172889 0.0275311
734.952 107.839 0.0103112 -0.00188331 0.00807768
156.279 135.786 0.0133519 -0.0014691 0.00647618
156.22 133.06 0.0111281 -0.00129832 0.00234115
252.451 339.648 0.013788 0.0102637 0.0147431
325.949 351.486 0.00585398 -0.00418785 0.0164416
327.5 350.7 0.00278892 6.48599e-005 0.00928788
6.96154 447.833 0.0218278 -0.0311494 0.0564052
511.212 501.246 0.00585624 0.00302015 0.0192771
841.658 76.3421 0.0245329 -0.00778175 0.00699889
844.285 73.8242 0.0040051 0.00101054 0.00274713
295.5 107.694 0.0172493 0.0224199 0.0471926
302.864 131.568 0.0105358 0.00881845 0.0216696
232.818 222.911 0.00276402 0.000146603 0.00416507
57.3333 223.521 0.00444251 -0.0015707 0.0335299
263.532 287.167 0.00755562 -0.00190956 0.00516099
178.061 334.256 0.00713105 0.00666217 0.0363791
231.744 368.671 0.0122695 0.00398039 0.0180154
218.083 441.313 0.00381525 -0.0037705 0.00628897
461.15 590.5 0.0517417 -0.0282876 0.0212077
709.628 672.397 0.0622744 -0.045353 0.0369181
59.0263 114.421 0.00952513 0.0117853 0.0450578
59.6185 107.87 0.00451338 0.000824713 0.00237728
276.275 173.85 0.0111333 0.00399098 0.0139036
779 389.976 0.0336345 -0.0119165 0.0108178
271.451 460.5 0.00888232 -0.0218563 0.0759828
266.823 457.371 0.00143572 -0.00110736 0.00395408
260.44 456.037 0.000606867 -0.000733771 0.00239229
854.942 500.458 0.00411353 -0.00514001 0.0130071
202.059 514.11 0.00315209 -0.00761573 0.0397214
493.09 521.102 0.00886117 -0.000265017 0.00296411
852.071 654.214 0.0514615 -0.00410673 0.00382739
216.882 649.882 0.011711 -0.013842 0.0481423
391.139 195.306 0.0409421 -0.0274604 0.0271174
294.311 258.608 0.00516253 -0.00423523 0.0416025
80.5508 353.941 0.0045616 -0.00236518 0.0185013
56.2857 372.762 0.0143206 -0.0109042 0.0265804
156.472 380.222 0.0200165 -0.0228582 0.0454628
818.661 511.925 0.00251922 -0.00108312 0.00253163
357.409 124.864 0.0232566 0.00689318 0.0142917
455.007 126.736 0.00573477 0.00122413 0.00149418
861.9 326.18 0.0312178 -0.00397624 0.00208763
774.475 553.1 0.0477169 -0.0046024 0.0063831
769.672 552.789 0.00269566 -0.00104664 0.00394155
412.384 440.826 0.00112365 -0.00113683 0.0297329
176.833 144.881 0.021736 0.0137039 0.0159845
365.806 214.184 0.00229562 -0.00111207 0.00776705
470.208 221.931 0.00632756 0.00227893 0.0143916
182.05 230.875 0.0486303 -0.00639187 0.00523606
790.042 240.625 0.0107924 -0.00532425 0.0254838
325.714 283.5 0.0128786 -0.0125474 0.019329
323.47 279.449 0.00704708 -0.00512561 0.00562548
293.942 321.385 0.00386956 0.00401909 0.0261872
3.67857 394.071 0.0152549 -0.00203486 0.00317508
630.221 475.733 0.0178663 -0.00341513 0.0089666
225.407 522.942 0.00882314 -0.00069798 0.0274262
863.038 566.295 0.0233043 -0.0195662 0.0281686
165.833 631.381 0.0416949 -0.0508356 0.066415
830.632 78.7941 0.0131609 -0.00401749 0.00776701
125.897 182.517 0.0127296 -0.00164119 0.00779819
125.481 184.578 0.0121082 0.000794436 0.00408069
274.333 200.125 0.00630479 0.00382908 0.0232679
277.471 198.275 0.00318474 0.000308564 0.00233264
459.402 317.167 0.0164897 0.0020147 0.0089651
732.955 395.75 0.026854 -0.000571489 0.00732761
323.783 441.674 0.0107772 -0.0116229 0.0255769
485.906 493.5 0.00574819 -0.00950791 0.0219601
276.225 257.025 0.00786998 0.00664476 0.0298097
287.78 284.36 0.0147417 -0.000299368 0.00490277
288.395 287.474 0.00331785 -0.00203053 0.0017069
218.824 313.743 0.00594751 -0.0136881 0.0590674
505.548 338.476 0.00562953 0.00234159 0.0247348
520.174 338.5 0.00398733 0.00131176 0.0454707
861.519 519.651 0.0447035 -0.0105989 0.00527976
66.6304 611.413 0.0429947 -0.0529166 0.0704772
515.22 648.08 0.0435981 -0.0220619 0.0143322
58.2381 306.333 0.0133813 0.00951747 0.0264568
498.098 29.2749 0.0049278 0.00136733 0.00131178
499.21 30.0424 0.00287678 0.000582546 0.00103998
486.9 260.6 0.00772902 0.00413682 0.0303251
724.266 270.819 0.0270785 -0.0173382 0.0169517
62.7273 493.068 0.00740619 -0.000185525 0.0207653
145.825 143.025 0.0180468 0.00937626 0.0165916
144.895 136.618 0.0108063 0.000196288 0.00117293
300.209 164.864 0.00366257 0.00144522 0.0256048
213.54 215.927 0.00656653 0.00180034 0.00946323
338.896 508.015 0.00568524 -0.000511213 0.00362927
673.695 551.646 0.0087245 -0.00224159 0.0110548
694.087 676.217 0.0111468 -0.00459644 0.019959
272.929 126.439 0.0213847 0.00562774 0.00882693
423.307 131.058 0.000741346 -0.000281427 0.00146708
527.861 504.972 0.00483851 -0.0062865 0.0242425
355.176 545.908 0.00703239 -0.0114941 0.0246479
58.398 47.3163 0.040734 0.00278222 0.00284056
450.148 192.479 0.00237374 0.000174254 0.000935591
321.48 312.187 0.000761621 -0.000875912 0.00214347
28.6087 475.13 0.0143705 -0.0182485 0.0354307
503.486 560.472 0.00274029 -0.00335381 0.00626777
99.8191 619.138 0.0044526 -0.000241745 0.0214911
75.3571 220.273 0.00373443 0.00110102 0.00491342
173.312 260.064 0.00264454 0.00150437 0.0133993
331.175 600.125 0.0371423 -0.050826 0.0773952
158.5 668.601 0.0220231 -0.028629 0.0408102
118.583 130.361 0.0203688 0.0150458 0.0245623
335.87 138.809 0.0132301 -0.00450013 0.00580633
461.087 156.563 0.0133111 0.00160632 0.00470417
187.711 192.852 0.00673842 -0.00179552 0.00562566
159.328 213.707 0.00262933 0.00518143 0.0384536
198.825 226.23 0.0107013 0.00203326 0.00222915
449.755 472.479 0.0137362 -0.00949222 0.0167984
778.202 490.628 0.00584952 -0.00142017 0.00431895
221.604 258.487 0.00406246 -0.00415652 0.0208818
238.328 266.944 0.00101208 -0.000963528 0.00159198
146.605 272.974 0.0334934 0.0144569 0.0131715
721.559 1.91176 0.00732595 0.00536892 0.0411706
273.047 93.686 0.0221673 3.62725e-005 0.00234908
749.196 103.25 0.0245633 9.70956e-005 0.00325569
372.861 167.123 0.000494533 7.5697e-005 0.00207817
308.688 241.359 0.00865703 -0.00446225 0.0109381
308.653 255.361 0.000446154 -7.96909e-005 0.00022751
281.478 92.8111 0.0667989 -0.00753811 0.00300518
422.75 201.231 0.00501606 0.00141555 0.00625993
419.306 200.663 0.0019785 0.000218881 0.0040096
242.56 302.08 0.0115409 -0.00435493 0.0132887
475.759 313.556 0.0073176 -0.00183959 0.0125448
400.578 334.706 0.00547827 -0.0022645 0.00765241
634.798 611.237 0.0103034 -0.00464917 0.0115273
207.389 240.478 0.00477265 0.00153483 0.0230427
476.996 337.35 0.00163147 0.00182261 0.015022
443.41 417.216 0.0246203 -0.00500225 0.00486092
438.701 451.847 0.00332584 -0.000338462 0.00130382
284.707 541.232 0.00419745 -0.00196138 0.00456958
247.342 125.684 0.0113527 0.00550302 0.00866683
407.922 234.453 0.0323618 -0.00116386 0.00390214
408.222 233.843 0.00989216 0.00034742 0.00361927
55.4808 265.038 0.0132416 -0.0100552 0.0193575
71.5909 330.477 0.0102436 -0.0112371 0.032162
220.257 388.703 0.00801029 -0.00496183 0.0105801
96 482.75 0.0302862 -0.0138276 0.0158249
407.676 631.147 0.00414993 0.000438782 0.0100105
240.567 108.424 0.00823316 0.00438198 0.00770192
240.337 105.906 0.00368357 0.000247278 0.00153826
147.158 230.171 0.0106304 -0.000366242 0.00178263
210.917 264.472 0.0100536 -0.0153874 0.038965
210.214 267.945 0.00284179 -0.000159795 0.00470049
369.646 317.451 0.0013173 -0.000691277 0.0244647
478.133 576.456 0.0231811 0.000522432 0.00164822
185.348 124.75 0.00180001 -9.94931e-007 0.00256269
145.9 177.887 0.0116283 0.00414439 0.00984707
217.208 205.746 0.00202446 0.00435501 0.0428107
191.043 258.957 0.0122973 -0.00280187 0.0311891
192.825 254.244 0.00457087 -0.00103759 0.00206821
481.476 408.232 0.00891282 -0.00454397 0.0149109
448.522 347.089 0.00271623 -0.000356265 0.000952866
194.175 438.725 0.00831592 -0.0110272 0.0368826
394.063 122.492 0.0037655 0.00364881 0.00700324
732.527 424.158 0.00712564 0.00379275 0.0106513
217.296 140.215 0.000297195 0.000333765 0.00148829
53.525 129.608 0.00905982 0.0050731 0.00660277
191.075 325.725 0.0174519 -0.0117311 0.0223945
190.966 324.352 0.0141278 -0.00443525 0.00482471
326.061 325.183 0.00348604 0.00140979 0.0295923
132.743 116.151 0.00398066 0.000173793 0.0024878
287.195 184.186 0.0105125 -0.00156356 0.00270395
290.5 180.668 0.00270801 0.000413925 0.00143562
212.574 192.183 0.00211545 0.00146989 0.00352234
330.47 461.485 0.00253214 -0.000334079 0.00175188
37.877 330.975 0.00999302 -0.00122905 0.00208027
199.107 344.125 0.00841078 -0.00158815 0.00727489
136.36 388.781 0.0291623 0.000810448 0.00189924
360.818 476.163 0.00171977 0.000890953 0.0024262
480.892 612.351 0.0111806 0.0034366 0.0071137
200.361 161.842 0.00279249 0.00208595 0.0160651
346.067 217.538 0.00303603 0.00133712 0.00803864
346.467 214.224 0.00226114 0.000199442 0.00176812
291.451 238.069 0.00684773 -0.00272149 0.00336858
217.91 279.893 0.00987044 0.00316049 0.00780013
130.045 282.209 0.0298794 0.0067615 0.00626539
329.486 429.233 0.000850916 -0.000160708 0.000831749
183.679 459.964 0.00555344 -0.0118287 0.034639
678.118 522.445 0.0484199 -0.0105935 0.00503419
355.813 27.9375 0.00876119 0.00335408 0.0133656
68.9727 166.773 0.025857 0.00526452 0.00451801
33.7093 238.57 0.028998 -0.000256307 0.0100163
380.061 470.402 0.0269189 -0.0101374 0.0105078
140.194 553.908 0.011245 -0.00331975 0.00983326
30.5408 220.112 0.0492015 -0.0103307 0.00616864
236.667 580.907 0.0141863 -0.0178718 0.030962
363.473 227.623 0.00843678 0.00231675 0.00824068
365.135 227.196 0.00416458 0.00243881 0.00470427
314.649 231.798 0.0228871 0.012547 0.0146548
175.974 270.272 0.00774751 0.00233516 0.00897362
173.608 273.835 0.00255289 -0.000156869 0.00195077
15.4 299.94 0.00942807 -0.00356337 0.0104183
420.865 404.692 0.00715687 0.00465634 0.0258509
421.399 404.803 0.00551027 0.00366145 0.0116521
306.406 547.125 0.00764838 0.000616911 0.00692655
75.7391 266.533 0.00434308 0.00147338 0.00501826
2.2013 354.903 0.0438946 0.00226752 0.00197601
190.139 410.025 0.00660948 -0.00102783 0.0112331
139.4 510.025 0.016995 -0.0130188 0.0252813
245.214 365.325 0.0070586 -0.000738848 0.010165
26.9211 152.263 0.0172986 -0.00156556 0.00331243
316.315 486.937 0.00158425 -0.00110641 0.00232933
74.2273 130.773 0.0140771 0.0107841 0.0233387
244.364 407.25 0.0243405 0.00149099 0.00561434
126.778 317.185 0.0274433 -0.00688753 0.00652161
320.332 641.082 0.00289931 -0.00115407 0.001669
237.09 242.451 0.0114078 -0.00307197 0.0125243
128.922 158.656 0.0233019 -0.000224739 0.00891204
321.336 206.888 0.00177283 -0.0006412 0.00198202
260.192 224.212 0.0163983 0.00121017 0.0055884
371.533 536.721 0.00557521 8.73105e-005 0.00500074
212.797 543.311 0.0153207 -0.0160937 0.029422
165.625 155.35 0.0131238 0.00282585 0.00502985
182.641 223.547 0.00591459 -0.000478334 0.00141823
204.083 251.056 0.0178707 -0.0121469 0.0291112
219.735 333.124 0.00556753 0.000811606 0.00165773
203.187 402.91 0.0106852 0.000389805 0.00536774
16.1429 382.371 0.00480757 -0.00243929 0.01783
30.2 432.14 0.00440536 0.000435726 0.00929724
65.8908 124.144 0.0161959 0.000219971 0.00437677
123.748 142.642 0.0195585 0.0017447 0.002208
273.233 601.286 0.000548187 -0.000148522 0.000355034
3.31081 242.662 0.037827 0.00281215 0.00807176
3.43671 244.082 0.0193074 0.00210177 0.0035654
238.682 335.379 0.0199105 -0.00424643 0.00609741
258.356 556.545 0.00465234 -0.00140649 0.00246347
431.009 267.915 0.0294307 -0.00635744 0.00553847
223.471 425.882 0.0137572 -0.0223535 0.0518477
336 536.87 0.00615875 -0.00200435 0.00816765
126.853 625.836 0.00329766 -0.00139497 0.00797634
28.7459 278.943 0.0233568 -0.000816658 0.00402433
195.087 295.847 0.0102077 -0.0036439 0.0075739
190.2 296.575 0.00201456 -0.00130725 0.00399026
33.1154 204.654 0.0517002 -0.00410214 0.00282721
262.705 521.955 0.0166902 0.000317317 0.0169212
877.802 225.764 0.043058 0.000875616 0.00210808
130.909 669.455 0.01806 -0.00063596 0.0033254
191.65 279.575 0.0516177 4.269e-005 0.00459471
332.593 527.819 0.00244045 -0.000132138 0.00120966
339.794 582.235 0.0253806 -0.000911118 0.0164482
877.982 286.554 0.0421555 0.0038053 0.00408479
108.2 385.08 0.0131512 -0.00167155 0.0102174
116.925 364.062 0.0185387 -0.00404547 0.00418403
211.321 490.885 0.00524989 -0.00202154 0.00965882
247.382 549.912 0.0344561 -0.00210232 0.00131075
624.371 362.565 0.0297 -0.0105107 0.0226305
621.295 359.807 0.0115864 -0.00533731 0.00683049
83.5946 62.6622 0.00793139 -0.00305707 0.0131533
84.3095 65.2959 0.00707891 -0.00134658 0.00319697
92.4487 65.3744 0.000725243 0.000108235 0.00287259
93.991 67.3291 0.000642296 -0.00014137 0.00174809
94.3197 68.9022 0.000593135 -0.000139514 0.00138542
866.156 412.156 0.0186816 -0.00347206 0.0250697
606.883 151.947 0.00781631 -0.00086048 0.0296073
612.354 152.871 0.000916882 -0.000828143 0.0037753
646.379 550.591 0.0111554 -0.0113973 0.0192418
703.553 393.263 0.0196122 0.00345054 0.0191567
703.379 393.155 0.00858371 -0.000461819 0.0155205
796.271 245.986 0.0263305 0.000226283 0.0168731
868.569 299.172 0.00531159 0.000125943 0.0232985
868.531 299.167 0.00254404 0.000214885 0.0174939
866.602 301.227 0.000737644 -5.86703e-005 0.00532688
876.387 430.613 0.0144103 -0.00228182 0.0109195
875.208 429.472 0.00732919 0.00151883 0.00433051
872.137 429.346 0.00178207 0.00021312 0.00407229
876.466 488.948 0.0106471 0.00192245 0.00995796
875.99 489.071 0.00823679 0.000529435 0.00505384
872.772 488.348 0.00187467 -0.00064526 0.00524621
362.563 644.75 0.0218964 -0.01982 0.0386302
359.712 642.712 0.011013 -0.0134507 0.0235336
793.529 207.618 0.0213687 0.00648836 0.0208821
373.692 359.577 0.0203194 0.00452597 0.00630106
372.929 359.702 0.00898576 0.000642486 0.00371583
645.389 249.544 0.0170899 0.0101583 0.0171258
645.946 248.935 0.00369466 0.00344652 0.0127622
630.371 389.735 0.00533866 -0.00281984 0.00394717
629.285 385.175 0.0043946 -0.00118608 0.0011754
800.133 463.969 0.0252392 0.000389366 0.00553112
799.85 464.51 0.0154288 0.00179726 0.00323845
798.414 450.526 0.00513252 -0.000748984 0.000391637
295.043 527.587 0.0100549 -0.0188936 0.05704
816.112 70.624 0.00151733 -0.000268325 0.00648239
812.598 70.1132 0.000559608 0.000414716 0.00427407
801.858 73.8877 0.000286835 0.000124087 0.000590194
88.2778 132.211 0.00616616 -0.00587765 0.0394904
92.6545 131.845 0.00153421 -0.0013942 0.0275035
93.0678 123.29 0.00142362 2.57766e-005 0.00102684
93.59 122.991 0.000783786 1.35985e-005 0.00103223
89.2842 124.413 0.000355125 9.81556e-005 0.00087339
619.457 181.614 0.0209992 -0.00586984 0.00600304
625.245 293.953 0.0100467 -0.00183485 0.00479609
621.148 295.361 0.00195389 0.0010179 0.00321251
622.502 304.904 0.000412514 -8.57343e-005 0.000577231
116.77 532.878 0.00705121 0.00384466 0.0574378
660.48 236.745 0.0111216 -0.00392139 0.012048
127.287 442.372 0.024698 -0.00802354 0.00653817
416.858 641.191 0.00564072 -0.00566422 0.0166924
101.873 63.2108 0.00551791 0.00409654 0.0144681
2.81429 604.957 0.020606 0.00955571 0.0210534
429.245 69.7979 0.0094349 0.00536672 0.0298189
418.317 73.4086 0.00048897 0.00104356 0.00377768
312.586 413.7 0.00851885 -0.00100836 0.03511
320.117 396.261 0.0057421 0.00218116 0.00115363
127.726 485.534 0.00421557 -0.000524715 0.000299306
127.098 482.908 0.00315979 -0.000266269 0.000218763
137.202 633.973 0.0255333 0.0023602 0.00103499
385.149 651.986 0.0263023 -0.00769252 0.0149331
70.1275 137.225 0.0100535 -0.00133049 0.0080192
105.157 199.216 0.00381969 0.00256761 0.0236277
243.547 325.304 0.0033362 -0.00191852 0.00290836
336.512 574.695 0.00519347 -0.00700595 0.019666
658.464 204.656 0.000693071 0.000373494 0.00235655
660.084 210.151 0.000624983 -0.000147105 0.000680174
690.402 230.574 4.4651e-005 5.50448e-006 7.64999e-005
97.9333 289.667 0.00183085 0.00642611 0.0782481
96.6379 288.586 0.00128357 -0.000332464 0.0167603
735.495 299.153 0.00149298 -0.0007397 0.00831012
736.959 299.623 0.00102089 -0.000787674 0.00763978
736.134 297.97 0.00111274 -0.000814924 0.00297748
94.0128 379.09 0.00690664 -0.0074385 0.049546
186.473 414.608 0.0117943 -0.0216592 0.0684481
134.329 567.9 0.0538156 -0.00311834 0.00610379
417.1 658.633 0.0132379 -0.00135739 0.0142759
116.124 333.072 0.00068079 -9.45254e-006 0.0015623
117.386 334.576 0.000779205 -5.29047e-005 0.00074604
472.205 56.4836 0.00737885 -0.00414416 0.0183419
713.611 192.917 0.00610933 -0.000487771 0.0539312
718.314 192.431 0.00172697 0.00271284 0.0271094
722.541 191.867 0.00092409 0.00242007 0.021795
728.661 191.246 0.000413034 0.00148141 0.0145905
672.389 203.522 0.0230919 0.00422635 0.0119909
426.552 676.069 0.00378669 -0.00640186 0.0286752
425.346 670.605 0.00108492 7.78768e-005 0.00137333
436.01 179.676 0.00501699 -0.005299 0.026074
399.238 206.5 0.0182371 0.00725188 0.0106156
702.461 352.447 0.00289167 -0.000754131 0.0223802
705.061 352.527 0.00108553 -0.000683875 0.0141503
706.27 352.855 0.000856947 -0.000613543 0.00708752
266.278 623.111 0.0260306 -0.0274496 0.0408159
621.476 152.19 0.00514428 0.000239731 0.0283969
156.048 166.5 0.00795739 -0.00139179 0.0202054
153.296 167.571 0.00311016 0.00403048 0.0133179
152.262 169.516 0.00192778 0.00107008 0.00279705
388.3 356.64 0.0109859 -0.00620197 0.0186574
389.844 356.618 0.00470683 -0.00431949 0.00971074
604.635 394.846 0.00584113 -0.0018157 0.0267524
491.775 488.075 0.00572531 0.00443393 0.0443448
338.306 613.16 0.00760139 -0.00291353 0.00484279
477.816 669.132 0.026812 -0.00487034 0.0124133
729.207 47.4756 0.0267748 -0.0058632 0.011357
728.558 53.9317 0.0152806 -0.000146956 0.0013589
726.483 45.7458 0.006803 -0.00124731 0.000634422
789.67 304.628 0.00713521 -0.00728022 0.0285384
792.309 307.376 0.0073776 -0.00531241 0.00799806
379.188 324.396 0.0102863 -0.00758156 0.0257929
375.5 323.704 0.00337881 -0.00558075 0.0220526
210.767 356.483 0.00739861 -0.00147887 0.00465354
286.912 388.118 0.0573369 -0.0240232 0.0175251
219.105 419.13 0.0037743 -0.00453433 0.00762798
226.078 423.146 0.000873222 -0.00111315 0.00302256
679.741 437.379 0.0202212 0.00121766 0.00608505
456.989 447.372 0.0315038 0.00482626 0.00629071
132.476 541.573 0.0508027 -0.00798171 0.00654629
713.381 20.2857 0.0105967 -0.000399985 0.020119
120.438 295.008 0.017318 -0.00348716 0.00361298
191.284 349.905 0.13215 -0.00686101 0.00197334
194.024 343.626 0.00787131 0.0023383 0.00171194
124.056 395.13 0.0163546 -0.000604787 0.00218247
124.492 397.711 0.0119013 -0.000795 0.000379523
596.134 490.915 0.0141616 -0.0116913 0.0255318
595.152 491.288 0.00600315 -0.00136436 0.0113239
597.614 491.75 0.00200654 0.00013989 0.00595463
395.92 608.52 0.0545859 -0.00388725 0.00338582
751.696 616.873 0.0159862 -0.00153074 0.0102281
744.705 135.841 0.00560917 0.0116857 0.0627782
752.248 134.561 0.00183058 0.00413984 0.0218731
90.2857 199.738 0.0118674 0.00310336 0.0199555
624.448 348.603 0.0162654 -0.0104233 0.0156034
468.808 444.731 0.0061667 -0.00407719 0.0270286
438.54 510.1 0.0107193 -0.00317327 0.00561637
449.648 635.759 0.0280605 -0.00449219 0.00526234
291.769 635.13 0.00514628 -0.00235943 0.00234241
829.237 54.4737 0.0117418 0.00073462 0.0349005
832.618 55.6828 0.00574917 -0.00520704 0.0131935
387.6 114.317 0.00130392 0.00202591 0.0181487
397.233 112.432 0.000725875 0.00202539 0.0108549
114.236 174.75 0.00813167 -0.000120088 0.00165285
116.663 216.963 0.0159203 -0.00390214 0.00493557
108.354 225.485 0.000511231 -1.00177e-005 2.58365e-005
727.063 246.375 0.00556179 -0.00347961 0.0222774
684.136 552.121 0.0118706 -0.000489846 0.00552733
685.344 556.598 0.0131926 -0.00359922 0.00178384
683.973 552.955 0.00635936 -0.00156486 0.000829433
276.09 627.474 0.0489725 -0.0301507 0.0233028
646.037 651.593 0.0051985 -0.00731856 0.0283478
447.865 656.527 0.00746363 -0.00799515 0.0158582
448.775 648.495 0.00433995 0.000172706 0.00065897
152.866 10.3537 0.00935446 0.00540977 0.0221751
487.436 14.0769 0.00365947 -0.00278142 0.0106736
96.5932 155.424 0.000804631 -0.0017109 0.0387324
875.399 180.463 0.00882626 -0.000375277 0.00395169
874.717 190.293 0.00663662 -2.7741e-005 0.000582936
253.456 203.211 0.0102601 0.00620612 0.0177469
821.432 240.318 0.0182176 -0.00868557 0.0178764
818.385 240.846 0.0027324 0.00106667 0.0151822
826.9 239.945 0.000677485 0.00122357 0.0146098
443.35 278.892 0.00720027 0.000146906 0.00187025
445.477 278.592 0.00279612 -0.000493634 0.00140641
458.442 332.939 0.00187721 -0.00119895 0.00376577
485.441 335.927 0.000120545 4.66224e-007 0.00111554
873.223 362.078 0.00855939 0.00487614 0.0109709
872.959 362.205 0.00553757 0.00241665 0.00732756
871.161 362.355 0.00194453 0.000151787 0.0055199
734.679 494.232 0.01586 -0.00637228 0.0101748
735.625 509.537 0.00449921 -0.000230926 0.000442578
631.941 548.647 0.0101457 -0.00255492 0.00567776
310.962 643.992 0.0458377 -0.0100878 0.0043837
281.729 660.157 0.0370971 -0.0265017 0.0272563
677.686 146.1 0.00406284 0.000691786 0.0228293
678.288 142.688 0.00240392 -0.000882699 0.00292577
665.075 144.275 0.000293424 0.000350628 0.00314344
643.193 151.422 0.000108392 0.000159796 0.000639802
785.811 182.944 0.0101664 0.0130026 0.0310633
55.7877 242.158 0.00732462 0.00126717 0.00188163
98.5676 267.784 0.00193023 -0.00222283 0.0407176
677.336 340.682 0.0479512 -0.00472592 0.00249887
673.991 339.142 0.00220339 0.000290333 0.000436208
674.4 330.085 0.00175251 0.000150335 0.000189404
814.011 358.585 0.0107365 -0.00661733 0.0239835
816.304 358.569 0.00129813 -0.00262972 0.0121166
810.677 357.545 0.000632007 -0.00130862 0.006035
161.214 365.243 0.0719896 -0.0130618 0.00603038
160.486 367.651 0.0154338 -0.00366507 0.0018697
330.085 477.557 0.00183821 -0.00237652 0.00760647
425.274 529.823 0.0593123 -0.00106431 0.00187253
424.329 528.438 0.0143817 0.000648226 0.000832555
320.885 607.295 0.02438 -0.00289318 0.0140673
810.278 123.144 0.0328404 -0.0112776 0.0107991
197.042 184.694 0.00163894 0.000719158 0.0393517
394.344 191.567 0.025904 -0.0102988 0.013151
397.84 190.5 0.00146271 -0.00108705 0.005802
345.685 241.722 0.0127129 -0.00455361 0.00671516
582.435 277 0.016617 -0.000318177 0.00169993
188.678 306.144 0.01234 0.00354883 0.019763
202.291 320.331 0.00250208 5.82936e-005 0.00223726
190.907 304.785 0.000418236 -0.000330017 0.000465247
497.237 343.842 0.038619 0.00595772 0.00717371
499.978 337.25 0.00920933 0.00385218 0.00281152
513.28 410.82 0.00588576 -0.00824207 0.030946
365.5 422.798 0.00506669 -0.00710637 0.0303616
675.634 455.341 0.00509646 -0.00199188 0.0102382
677.588 458.755 0.00184979 -0.000511479 0.0016161
231.389 463.704 0.0341086 -0.00124564 0.005134
232.511 463.253 0.0129662 -0.00130618 0.00332691
236.089 463.111 0.00104274 -0.000320463 0.00165065
256.451 465.89 0.0254902 -0.00101825 0.00521564
450.986 516.581 0.0105835 -0.00983807 0.0287692
7.53226 89.8548 0.00283415 0.000203898 0.0108581
16.452 86.1967 0.000839432 0.000350818 0.000965396
96.051 87.9898 0.00223708 -0.00031497 0.0491794
101.126 89.8165 0.00125241 -0.00180144 0.0074131
207.089 155.339 0.00677689 -0.00303536 0.0199548
208.949 154.673 0.00355847 0.000161663 0.0108631
768.85 185.5 0.0195978 -0.00601048 0.0157839
227.047 193.538 0.0441939 0.00104788 0.00315474
226.433 192.167 0.0119489 0.00189636 0.00172509
263.536 280.3 0.00324096 0.000287568 0.00702107
269.007 280.666 0.00193597 -0.000185224 0.00151753
358.601 615.487 0.00573048 -0.00602551 0.0149441
126.316 617 0.00712442 0.0146615 0.0736175
338.409 633.718 0.0244075 -0.0101912 0.00923741
465.42 17.7 0.00965504 0.0191619 0.0533358
446.709 27.8433 0.00740302 0.0150641 0.0401125
255.483 60.0424 0.00898981 0.0108879 0.0205387
254.962 68.0499 0.00312422 0.00105406 0.00113047
665.763 221.063 0.00705144 -0.00403813 0.0111722
666.919 221.887 0.00546466 -0.00221954 0.00533576
334.819 268.436 0.0389119 -0.00943793 0.00433087
492.682 264.882 0.0158141 0.00363451 0.0050194
487.216 266.104 0.00154335 0.000335252 0.00395157
485.204 274.227 0.00125548 -0.000206765 0.000479
282.84 318.745 0.00352158 -0.00490733 0.0471227
525.181 331.67 0.00796259 0.00498322 0.0274851
653.15 400.175 0.0206283 -0.00497755 0.00964392
414.388 502.084 0.0102736 -0.00440231 0.00402828
319.731 537.638 0.00306458 -0.00251527 0.0171571
333.075 542.154 0.000935199 -0.0015334 0.00377998
764.471 561.441 0.0286067 -0.027304 0.0385081
768.373 560.799 0.00385821 -0.000988222 0.00331726
771.643 558.423 0.00119069 -0.000485098 0.000641546
303.4 586.6 0.0114428 -0.000824879 0.00461043
303.825 590.303 0.0013811 -0.000154768 0.00251971
664.091 612.823 0.00268181 -0.00526648 0.0162203
187.752 138.409 0.00167726 0.00121507 0.00249416
416.049 184.304 0.00852496 -0.00573728 0.0247917
419.836 184.56 0.00279748 0.000542215 0.00660009
173.229 286.708 0.00342177 0.00254228 0.0345271
349.357 309.69 0.0250768 -0.00267669 0.00782933
457.291 365.128 0.00347018 -0.00174094 0.0143358
282.988 407.57 0.0127736 -0.0150676 0.0343249
296.827 478.673 0.0160806 -0.00605394 0.0145075
221.447 591.105 0.0410522 -0.00640362 0.00901588
223.363 597.242 0.00135692 -0.000806399 0.001086
471.037 675.63 0.00338072 -0.00217884 0.0100597
607.189 46.8333 0.00133034 0.00251733 0.0190824
605.117 48.9392 0.000454567 0.000765461 0.00521923
693.771 81.8333 0.00950581 -0.00178375 0.0110236
737.352 392.204 0.0410746 -0.001687 0.0018782
16.8333 397.167 0.0190281 -0.00378159 0.0130673
20.5741 395.233 0.00488251 0.00201123 0.0045724
749.224 411.567 0.00259379 -0.0067891 0.0278155
742.156 406.69 0.000520074 -0.000293103 0.00102369
740.277 407.408 0.000419779 -0.000166027 0.000945919
340.56 415.86 0.0200867 0.00113033 0.00707526
341.913 414.163 0.00964105 0.00371612 0.0052197
337.5 496.806 0.0390114 0.0106756 0.0139164
214.451 523.467 0.00743878 -0.0013486 0.00161381
389.469 551.344 0.0837339 -0.00457066 0.00128582
389.406 550.49 0.050437 -0.00169954 0.000798101
729.25 568.55 0.0141862 -0.012621 0.0219474
742.809 572.161 0.00160018 -0.0018735 0.00302571
655.816 602.553 0.00979718 -0.0108416 0.0258274
653.349 602.382 0.00285069 -0.00411642 0.0190516
720.258 628.065 0.0146727 -0.00978695 0.0134674
717.169 626.531 0.00451123 -0.00372197 0.00692684
713.646 625.646 0.00176449 -0.00224752 0.00630959
367.536 17.7182 0.00448542 0.00480145 0.0190026
315.09 64.9359 0.00536662 0.00121152 0.0501816
412.451 109.205 0.00512126 0.00417332 0.0130828
365.119 113.376 0.012006 -0.00201019 0.00160472
361.822 103.061 0.00401766 -0.000890405 0.000551217
239.375 120.146 0.00553387 0.00863447 0.0370982
139.127 128.396 0.0107679 0.00236551 0.00228665
655.138 146.138 0.00155408 0.00224254 0.0411674
654.676 145.63 0.00100639 0.00255896 0.0201138
479.191 214.759 0.00327116 -0.00124067 0.0138526
479.685 215.152 0.00266321 0.000363773 0.00623605
487.412 223.033 0.000680649 -0.000186586 0.00059133
143.632 221.274 0.0144855 0.00457051 0.00410552
395.988 237.108 0.00514249 -0.00267208 0.00652753
281.629 242.258 0.0389154 -0.00578251 0.00214467
642.952 350.226 0.0144993 -0.00692852 0.00738329
778.526 356.408 0.00399732 -0.00557103 0.0185429
28.5435 355.109 0.00651005 -0.00655143 0.015765
325.3 382.131 0.00675831 0.00241663 0.0111086
189.167 392.263 0.00129112 0.000718342 0.00230367
189.695 391.698 0.000503741 -2.15666e-006 0.000381166
145.591 403.523 0.0222863 -0.0241184 0.0328973
255.727 499.242 0.0321277 -0.00315078 0.00300839
503.794 494.99 0.00436742 0.000267496 0.0119548
503.563 495.788 0.00394268 0.000131431 0.00470781
507.312 496.233 0.00113167 0.000590098 0.00350041
128.176 558.579 0.00108461 -0.000142002 0.000118086
223.071 549.536 0.0190211 -0.0120111 0.011709
127.25 554.525 0.0102706 -0.0056789 0.0125277
392.818 629.491 0.00244236 -0.0025521 0.00647321
402.716 634.548 0.00186097 -0.00324255 0.00701368
417.942 35.5 0.00330623 0.00752952 0.0385476
419.102 37.4205 0.000919668 -8.20088e-005 0.00730391
424.492 41.7603 0.000997141 -0.000492423 0.00150562
401.621 78.2582 0.00112425 0.00290821 0.0313934
55.6522 120.022 0.00360873 0.00453752 0.0266432
869.955 122.864 0.0124335 -0.00522422 0.0176577
871.808 122.071 0.00376926 0.000664903 0.0111424
869.413 122.644 0.00159399 -0.000794661 0.00122914
171.52 187.637 0.00251404 0.00365889 0.0128911
256.287 231.926 0.00396055 0.00218186 0.0381954
423.99 278.74 0.0116175 0.00288657 0.00344412
396.851 325.932 0.00555276 -0.00914902 0.0432192
401.842 327.995 0.00170272 -0.00230453 0.00851789
7.96667 353.722 0.0162993 0.000668966 0.0119687
7.29333 353.66 0.0117998 -0.00299304 0.00157806
851.909 396.879 0.00494962 -5.86139e-005 0.0102357
850.049 393.801 0.00547729 -0.0031156 0.00407418
179.367 435.878 0.00820084 -0.0129523 0.039418
429.672 468.621 0.00288641 -0.0057993 0.0523874
298.867 470.582 0.00438628 0.000504021 0.0124188
342.967 593.787 0.00829647 -0.00200927 0.00148607
340.425 586.553 0.00407064 -0.00134971 0.000882974
369.708 605.783 0.0512953 -0.0011952 0.00325902
514.371 610.199 0.00561504 -0.00582114 0.0109887
513.238 609.03 0.00454931 -0.00390955 0.00553483
246.636 652.5 0.0255024 -0.010248 0.00834672
802.247 3.31013 0.00417047 0.00374611 0.0220156
802.842 3.7735 0.00248306 0.00108937 0.014677
338.246 45.5881 0.00616687 -0.000805089 0.000754409
225.48 153.541 0.0176263 -0.0081604 0.00918877
821.454 180.192 0.00573818 -0.00802635 0.0284949
818.108 180.514 0.00125001 -0.00106886 0.0139826
822.446 180.454 0.000533237 -0.000308354 0.0131403
832.258 181.07 0.000197478 -0.000227691 0.00908178
78.2857 201.738 0.0049018 0.00148008 0.0163445
867.913 240.354 0.00131342 0.000649994 0.00878762
867.922 238.893 0.00122687 0.000477162 0.00268197
862.868 207.785 0.000211256 -6.92211e-006 1.90496e-005
477.833 368.111 0.00787744 -0.00462085 0.0309927
474.987 368.923 0.00238412 0.00157621 0.0220969
70.5638 394.266 0.017659 0.00301669 0.00472173
70.487 394.838 0.0149097 0.0016847 0.00249781
413.8 407.462 0.00754975 0.00114987 0.000954163
422.566 408.997 0.000789083 8.07922e-005 0.000578773
261.971 435.069 0.0154577 -0.013002 0.0200759
258.66 433.543 0.00550106 -0.00735424 0.0158164
610.443 442.014 0.0170189 -0.0134825 0.0350787
875.295 554.682 0.00956441 -0.00179044 0.0295246
875.262 552.303 0.00659665 0.00184837 0.00449871
867.882 550.597 0.000757564 -0.000336333 0.00414641
868.001 549.764 0.000953772 -1.01366e-005 0.00121607
284.658 563.57 0.0984725 -0.00437771 0.00133921
676.925 663.293 0.00683724 -0.00263654 0.00815696
440.202 10.131 0.0423014 0.000498072 0.00162296
440.304 9.63072 0.0104625 0.000280967 0.00141792
586.425 53.1038 0.00600738 0.00376218 0.0301698
160.693 125.096 0.0199091 -0.00461861 0.00339008
355.978 154.739 0.00730183 -0.000903809 0.00604517
358.644 155.594 0.00112582 0.000327983 0.00488108
324.059 194.647 0.0128463 0.00566995 0.0287054
650.882 198.471 0.0164224 0.0167399 0.0397173
340.875 201.531 0.01346 0.000506436 0.00491339
319.969 226.828 0.00398345 -0.00409635 0.017223
240.949 238.738 0.00260924 -0.00108259 0.00163881
243.429 245.56 0.00174739 -0.00101117 0.00093319
237.125 343.75 0.00602476 -0.00530338 0.0154987
142.843 18.4429 0.062081 0.00779778 0.00717981
696.083 26.1389 0.00812211 0.00446696 0.0431398
117.4 29.32 0.0153411 0.0160091 0.0250275
99.1976 33.5629 0.000237274 -0.000111193 0.00126173
305.81 89.3571 0.0627678 -0.00685632 0.00322385
221.724 123.663 0.00846358 0.00318616 0.0187218
477.255 133.274 0.00126012 0.00374573 0.0272378
270.136 144.045 0.00962834 -0.0033262 0.0127732
381.632 194 0.0235215 0.00517628 0.00582662
261.735 196.529 0.0290424 -0.0214368 0.0279103
355.421 209.579 0.0382243 -0.00262465 0.00121737
350.806 257.99 0.00986442 -0.00853561 0.0255794
767.703 301.041 0.00421608 -0.00129352 0.0209941
453.647 318.147 0.0573058 -0.00854421 0.00716692
247.789 373.433 0.00891283 -0.00707944 0.0335943
248.447 372.492 0.00294763 0.00124095 0.00374175
378.457 493.598 0.00231278 -0.00152403 0.0137881
373.613 500.744 0.000793696 -3.33181e-005 0.000315935
714.963 519.315 0.0119217 0.000510171 0.00747795
710.908 517.604 0.00305849 -0.00339087 0.00921479
877.026 610.553 0.0148037 0.00577519 0.0171843
871.354 54.4675 0.00243387 0.00244298 0.0141331
68.4767 98.593 0.0424104 -0.00467505 0.00680615
152.037 138.47 0.0118292 -0.00321613 0.00227983
249.57 173.872 0.0116986 0.011904 0.0310885
248.829 174.007 0.0050735 0.0038913 0.0160828
376.962 209.1 0.00414827 0.00207789 0.00852218
161.427 241.695 0.0171625 0.0045691 0.0153073
157.841 283.341 0.0265603 -0.0100305 0.00695055
342.198 291.056 0.00939651 -0.00792945 0.0105039
339.886 283.271 0.00754817 -0.00299562 0.00162455
314.661 320.571 0.00662014 -0.00787479 0.0268339
299.887 399.21 0.0658304 -0.00247276 0.00549026
299.862 395.413 0.0526645 -0.00347594 0.00159016
248.121 508.052 0.00616858 -0.00270364 0.00580177
468.609 514.047 0.0323579 0.00412697 0.00269886
466.146 514.333 0.0049864 0.00121621 0.00249069
461.154 515.426 0.000482961 -0.00061233 0.00216426
176.218 571.808 0.0133306 -0.0172221 0.0381231
443.414 573.357 0.0588456 -0.00227481 0.00681452
87.0789 601.921 0.0561158 -0.0239055 0.0154333
90.2704 604.7 0.00719731 -0.00531926 0.00665054
658.103 662.265 0.00734143 -0.0138133 0.0358307
668.046 662.559 0.000825602 -0.00125958 0.00644303
663.585 661.274 0.000741123 -0.00124335 0.00393619
662.732 662.971 0.000470973 -0.000534286 0.00200788
667.886 666.037 0.000292519 -0.000376699 0.00139997
319.898 119.332 0.0032222 -3.8026e-005 0.000450715
316.342 107.655 0.00187857 -0.000536908 0.000343824
13.06 233.927 0.00271625 0.00341437 0.023938
619.058 232.096 0.0241381 -0.00467063 0.0058667
387.714 289.738 0.00583233 -0.00420225 0.0289873
694.145 297.145 0.00909922 -0.00416903 0.0483951
632.478 309.739 0.0217474 -0.00298779 0.0055243
358.492 328.023 0.00472932 -0.00142502 0.00126763
356.321 324.155 0.00499273 -0.00188268 0.00118589
58.1104 329.617 0.00554291 0.00407554 0.0142839
438.659 347.818 0.0343881 -0.00743909 0.00757183
281.017 362.972 0.0105423 1.53347e-005 0.00298805
645.133 450.594 0.00142604 -0.00259096 0.00977419
346.037 467.87 0.0308051 0.00414599 0.00481349
274.557 558.934 0.0219583 -0.0112162 0.0129078
88.5208 564.479 0.0121264 -0.00978881 0.0168045
88.5602 563.548 0.00944101 -0.00413494 0.00739663
194.364 585.727 0.00776087 -0.00575997 0.00716847
182.965 582.123 0.000860394 -0.000361942 0.00104162
111.806 639.071 0.00671172 -0.00115395 0.0217527
111.615 638.59 0.00471641 -0.00166707 0.0148074
699.469 20.4375 0.00654367 0.00593986 0.0465935
444.868 65.0789 0.00457262 0.00276362 0.043758
249.457 104.777 0.082908 -0.00447384 0.00218508
244.954 109.631 0.000852857 -0.000183132 0.000535825
242.564 109.291 0.000467408 -0.000242911 0.000704528
41.4318 128.432 0.0146097 -0.00305558 0.0199424
337.018 219.883 0.00246147 -0.000726603 0.00152762
733.5 260.111 0.0376883 0.00649062 0.00829356
357.81 288.017 0.00606408 -0.00313675 0.012
779.042 377.347 0.00507732 -0.005146 0.0145619
241.143 399.857 0.0161428 0.00322964 0.0129618
246.531 401.019 0.00178145 -0.00163275 0.0109712
599.403 423.823 0.0197758 -0.00536757 0.0209572
428.26 458.34 0.0161361 -0.00694642 0.0115547
369.259 546.222 0.00703348 -0.00199404 0.0137833
235.379 590.603 0.0260462 -0.00331098 0.00205656
261.155 594.414 0.0176488 -0.00488007 0.00479062
260.974 594.851 0.0147281 -0.00237811 0.00255992
458.015 47.1733 0.0195741 -0.00107544 0.00176765
458.206 48.0804 0.0157132 -0.0012913 0.0012495
463.286 52.1364 0.00130716 -0.000471545 0.00122251
528.183 116.256 0.0393905 -0.00163881 0.00364221
527.577 117.99 0.00825522 0.000929297 0.003193
236.038 153.013 0.0117297 -0.00618063 0.0147007
239.651 151.554 0.00351593 0.00156185 0.00614397
284.601 167.79 0.00584014 0.00258872 0.014061
199.792 212.305 0.00100177 0.000854582 0.012717
318.25 291.109 0.00290224 -0.00660385 0.0443161
311.707 289.178 0.000457367 -9.12133e-006 0.00242435
369.291 331.616 0.0254167 0.00485118 0.0118506
299.036 361.482 0.0124351 -0.00207942 0.0078001
738.565 367.629 0.0505249 -0.0114132 0.0123602
263.794 364.676 0.0087858 0.0122574 0.0494082
532.843 362.814 0.0628619 -0.000199841 0.005661
532.657 357.489 0.0429943 -0.00193682 0.000903057
721.849 369.314 0.0111659 -0.00492796 0.0125077
253.368 402.447 0.0128088 -0.00736816 0.0260152
472.387 405.821 0.00915464 -0.0090924 0.0200736
628.86 485.24 0.0204035 -0.00262952 0.00526956
628.958 485.295 0.0186798 -0.00619728 0.00447735
493.105 534.198 0.0153315 -0.0116707 0.0250103
206.5 541 0.0152794 -0.00410988 0.00413456
85.2935 31.1739 0.00115574 -0.00336342 0.0371843
35.475 53.025 0.0200222 0.0116082 0.0136494
728.905 61.2143 0.0189739 0.00506841 0.0110735
476 92.3148 0.00693913 -0.0026024 0.016998
476.066 92.2368 0.0058721 -0.00197113 0.0122734
798.7 117.122 0.0133938 -0.0109801 0.0293335
466.706 164.214 0.00405886 -0.000574996 0.0106631
430.745 215.802 0.0147951 0.0135305 0.0183147
432.085 214.046 0.00443194 0.00177523 0.00267693
29.6622 232.095 0.01288 0.00742341 0.0311673
317.132 262.721 0.00457863 0.00231286 0.00492558
2.04 274.2 0.0455628 -4.88522e-006 0.00335061
811.632 301.047 0.0118476 -0.000703296 0.0130041
813.285 303.058 0.00288297 0.000344841 0.00391576
805.545 305.457 0.000625691 0.000375919 0.00278195
202.294 299.913 0.0410301 -0.00483178 0.00241368
271.048 387.535 0.00052366 0.000213097 0.00147488
97.1143 414.786 0.00635583 0.00139409 0.0133999
20.5172 503.207 0.00700896 -0.00215211 0.0090744
203.474 520.132 0.0322884 -0.0171491 0.0141613
762.255 541.622 0.00506748 -0.00204214 0.0180912
234.32 573.484 0.0130892 -0.00998473 0.0121549
177.344 664.344 0.0139665 -0.0100286 0.0105743
446.844 214.5 0.0135788 0.0227412 0.0672122
48.1585 226.256 0.0077352 0.00177801 0.0123285
209.789 246.368 0.0214533 0.00332994 0.0138965
698.25 259.4 0.018548 -0.00811164 0.0161145
151.271 266.188 0.00544793 -0.00589191 0.0263305
208.419 279.176 0.0695028 -0.0121951 0.0070268
149.598 312.11 0.00533094 -0.00139752 0.0409297
478.77 330.579 0.00224436 0.00182896 0.0175061
440.474 363.842 0.00834616 0.00478244 0.0388789
73.3929 416.196 0.0120415 0.000725495 0.00382134
799.532 440.661 0.0637777 -0.00396824 0.006646
799.422 439.126 0.0266106 -0.00341446 0.00162407
29.4333 470.011 0.0101937 -0.0080342 0.0210578
286.5 480.233 0.023971 -0.00524837 0.00935959
285.725 477.534 0.0221163 -0.00547029 0.00354272
230.24 514.98 0.00575419 -0.00237483 0.0100474
188.873 544.307 0.00205012 4.534e-005 0.0025491
250.068 576.041 0.0186865 -0.0077058 0.0245358
195.3 95.575 0.0594962 -0.00506561 0.00278068
392.379 166.273 0.081852 0.000528688 0.00128324
306.548 251.056 0.0078384 0.00249502 0.011356
732.648 449.222 0.00398862 -0.000217416 0.00868052
730.55 446.189 0.00318721 -0.000886822 0.00203409
728.837 443.935 0.00136867 -7.60727e-005 0.000928245
83.9808 474.731 0.0128808 -0.0126983 0.0187978
88.162 480.239 0.00888821 -0.00725563 0.00700271
672.139 513.066 0.00521994 -0.00129827 0.00828771
477.477 523.205 0.00878365 -0.00722845 0.0232632
631.434 596.329 0.018002 -0.00226261 0.00352646
324.451 14.123 0.0548763 0.00232872 0.00163773
217.443 180.614 0.0121761 0.0217359 0.0647015
594.029 199.305 0.00366289 0.00230229 0.00668085
715.621 246.455 0.00909779 -0.000851758 0.011655
142.375 281.107 0.00474252 0.00149121 0.0188876
416.95 323.825 0.00377311 -0.00929507 0.0659215
296.265 332.578 0.0503884 -0.000530571 0.00211103
465.522 356.109 0.0547913 -0.00400365 0.00382975
825.744 359.646 0.0090398 -0.00670485 0.0294855
161.194 431.139 0.00727171 -0.014017 0.062561
157.663 429.393 0.00300736 -0.00320821 0.00510608
484.577 551.588 0.0483771 0.000409224 0.000853245
804.38 552.5 0.0137846 -0.000684289 0.0103759
702.115 622.423 0.00796316 -0.00565708 0.0344803
194.596 676.115 0.0134913 -0.0128461 0.0221209
487.359 41.3732 0.00878781 0.00320176 0.00434122
374.322 59.7444 0.0538474 -0.000582365 0.00340279
373.107 58.8084 0.0130737 -0.00223865 0.00137913
259.147 85.9412 0.00713963 0.00629788 0.0440408
141.813 105.735 0.00746018 -0.00144364 0.00345091
201.144 112.737 0.0328892 -0.00608614 0.00321951
287.421 138.316 0.0197763 -0.0174448 0.0335349
291.657 138.815 0.00206787 -0.00143671 0.0168635
288.924 136.609 0.00198123 -0.00197874 0.00436353
705.035 164.012 0.0160737 0.00272546 0.0113724
707.421 170.619 0.00184582 -0.000744309 0.00112487
493.731 209.538 0.00956137 0.000906108 0.0177243
240.353 207.926 0.00869357 0.00130044 0.00858878
246.104 210.559 0.00203249 0.000616776 0.00137844
737.536 230.638 0.00194557 -0.000110182 0.00445828
836.518 238.427 0.00302294 -0.000635159 0.0344082
359.465 238.576 0.00545753 -0.00349804 0.0039576
428.478 413.181 0.00847175 -0.00237067 0.00443159
627.878 438.3 0.00690582 -0.010357 0.0433933
624.188 436.214 0.00342254 -0.00446406 0.0143157
842.696 487.13 0.00710629 -0.00671303 0.0283636
841.908 486.824 0.00426263 -0.0067799 0.0287155
843.8 487.515 0.00319552 -0.00520536 0.0174196
6.14045 502.354 0.00868556 -0.000338425 0.00243956
768.658 530.211 0.0179715 -0.0129284 0.0254589
67.0403 559.21 0.00779168 -0.00274313 0.00422769
385.167 18.9524 0.0230758 0.00401514 0.00787262
372.96 22.0839 0.000367613 -8.39246e-005 0.00150038
508.934 88.1038 0.00256765 0.00313608 0.0135702
673.824 117.662 0.0261597 -0.00682173 0.0140722
674.152 118.703 0.0270044 -0.00805064 0.00492658
674.407 243.058 0.0302722 -0.00399422 0.00429003
414.52 240.06 0.0168988 -0.000398328 0.0078124
783.515 242.091 0.00795601 2.72139e-005 0.00544596
401.408 277.283 0.00567089 0.00162812 0.00250584
231.31 352.143 0.0236308 -0.0106023 0.0176788
153.452 368.75 0.0229824 -0.010806 0.00806932
627.705 372.808 0.0296241 -0.0046646 0.00898161
304.667 609.143 0.0250286 -0.0163177 0.018471
784.522 5.54444 0.0273935 -0.00946319 0.0116481
779.929 7.44706 0.00114855 -0.000315147 0.00465697
726.841 33.5976 0.0223323 -0.0109963 0.0157879
730.086 84.4655 0.00393182 0.0140413 0.0683821
121.396 119.333 0.0427617 -0.00267261 0.00521188
791.168 121.451 0.00347463 0.00324818 0.00543938
795.081 123.582 0.000676618 0.000269052 0.00215162
45.4388 143.949 0.0088922 0.0133501 0.0318123
309.394 149.576 0.0654859 -0.00209396 0.00159128
343.394 181.197 0.02736 -0.00205461 0.00137926
462.5 195.229 0.0243741 0.00416874 0.00454206
373.143 225.143 0.013047 0.0148194 0.0279018
677.523 269.909 0.0216447 -0.00306621 0.00770367
216.025 291.275 0.00547671 -0.00781161 0.0500172
149.667 391.845 0.0086941 -0.00392272 0.00761631
147.289 391.015 0.00319571 -0.00200168 0.00551351
499.458 426.563 0.03721 -0.00487919 0.0052073
461.333 481.53 0.00459135 -0.000933958 0.0168607
603.447 535.763 0.0280295 -0.0157356 0.0183899
492.742 52.0455 0.00953311 0.00276702 0.0397684
475.147 68.6471 0.0647696 -0.00938382 0.00708578
414.716 144.912 0.00199332 0.00329877 0.0205943
426.246 142.811 0.000487483 0.00176322 0.0116973
441.774 138.335 0.000187268 0.000537137 0.00243632
501.637 172.021 0.00278102 0.00443819 0.0170817
290.328 273.31 0.00593463 -0.00167563 0.0114664
495.5 285.167 0.0297024 -0.00725727 0.00295927
256.725 300.706 0.00195221 0.000633842 0.00147585
184.784 323.772 0.0110167 -0.00121821 0.00186917
174.069 380.324 0.0109829 -0.00136155 0.00407666
876.743 396.939 0.0166478 -0.000267476 0.00193751
875.002 395.447 0.00714833 -0.00109226 0.0007145
871.391 384.825 0.00192925 -0.00010696 0.000191972
150.27 444.025 0.0128951 0.00144028 0.00781194
660.346 470.808 0.0157066 -0.00985198 0.0209026
738.167 479.972 0.0267377 0.00158382 0.00939241
201.518 506.875 0.00325968 0.0006278 0.0332048
517.18 537.14 0.0074257 0.000160454 0.00692198
365.581 575.932 0.0292975 -0.00886578 0.0119268
473.923 589.846 0.0233036 -0.00206385 0.00355379
473.965 593.056 0.00936579 -0.00210072 0.00232016
610.974 592.237 0.0232239 -0.0051555 0.0124253
687.136 619.091 0.0294546 -0.00371188 0.00720297
688.167 619.219 0.0106606 -0.00353832 0.00464379
666.591 4.90909 0.0280119 -0.0110604 0.013464
667.603 6.37179 0.0138289 -0.00358724 0.00541446
668.213 7.83913 0.00896171 -0.00176356 0.00294617
669.367 7.34242 0.00426919 -0.000160753 0.00278896
522.615 28.4885 0.0249108 -0.00332515 0.00191574
230.5 50.2381 0.100423 0.00401873 0.00325044
349.288 62.7885 0.0251226 0.00413385 0.00411208
782.623 58.6644 0.00265672 -0.00467995 0.0371003
135.373 88.2091 0.0468812 0.00263062 0.00336044
135.81 88.3929 0.0203382 0.000458888 0.00328131
618.382 206.559 0.020043 0.0128666 0.0238029
623.777 206.567 0.00203531 -0.000358186 0.00786424
836.892 260.127 0.00771023 -0.00799062 0.024205
187.775 264.025 0.00786984 0.00170766 0.0327086
791.632 355.132 0.0380847 0.00216861 0.00683236
137.872 377.523 0.00852452 -0.00288007 0.00940945
167.294 398.154 0.00267213 -0.00185956 0.00520691
306.86 430.907 0.0132735 -0.00726564 0.00781109
489.667 449.806 0.00401885 -0.00616557 0.0442678
495.846 449.567 0.00127823 -0.00021244 0.0105668
723.632 455.895 0.00582414 0.00769682 0.0509472
363.233 462.5 0.015959 0.00143518 0.00539839
401.063 464.281 0.00161757 0.000635065 0.0133955
397.456 461.833 0.0010066 -0.000904558 0.00471393
709.013 76.3718 0.00606156 0.000708597 0.0384029
712.245 73.6931 0.00268137 0.00307519 0.00856528
5.23913 176.92 0.00491827 -4.72954e-005 0.00179841
472.944 195.792 0.00823496 -0.003771 0.0075044
473.547 198.709 0.00797189 -0.00166105 0.00287699
31.0966 277.055 0.00537865 -0.0023186 0.00188329
75.2353 288.441 0.0155814 -0.00398426 0.0163379
272.448 350.276 0.00722522 -0.00998563 0.0228877
173.316 351.102 0.00317235 -0.00314162 0.00984458
165.49 338.883 0.00262242 -0.00181007 0.00171353
261.12 354.22 0.0153618 -0.0116255 0.0194183
268.535 356.537 0.00083844 -0.000599147 0.00160261
189.734 375.457 0.00733069 -0.000598316 0.00544041
253.962 392.115 0.00720054 -0.00231973 0.0106971
274.947 446.117 0.0146671 0.00789552 0.0120416
276.549 503.671 0.0321344 -0.00541794 0.00720612
738 624.048 0.016223 0.00564548 0.00987347
599.688 635.833 0.00477583 -0.0032262 0.0189541
644.581 32.4189 0.0079111 -0.00183157 0.035547
373.174 82.6628 0.0133639 -0.0060342 0.0151989
332.84 91.98 0.00518935 0.00214228 0.0117108
684.375 195.45 0.0112672 0.012051 0.0345845
419.557 211.643 0.0101099 -0.0052007 0.03101
310.417 213.444 0.00715574 -0.00182786 0.00410834
603.622 242.817 0.011275 -0.0112859 0.0319131
593.169 247.297 0.000961586 0.00117883 0.00469878
325.696 277.069 0.0254698 -0.0125936 0.0119935
5.31818 383.477 0.0156981 -0.0154792 0.028834
826.544 424.967 0.0074389 0.00133648 0.0255894
826.182 423.648 0.00315508 -0.00113663 0.00422253
254.079 524.5 0.0475701 0.0042532 0.0079641
304.734 561.181 0.0129128 -0.00372904 0.0201356
217.568 672.205 0.024267 -0.00932446 0.0118455
216.885 672.885 0.00565879 -0.00257588 0.0067698
502.225 7.7549 0.00438558 0.00392704 0.0165834
523.239 46.1087 0.0126517 0.0217708 0.0500287
45.2647 50.9118 0.0385808 -0.00910686 0.012123
620.655 91.3621 0.0110545 -0.000430862 0.010687
622.368 92.0877 0.00396342 -0.000894423 0.00867266
622.397 88.3433 0.00130493 -0.000489733 0.00125286
266.3 96.5889 0.104567 -0.000633129 0.00193896
230.569 109.276 0.0198792 0.000290558 0.00376104
330.25 160.422 0.00721441 0.00702674 0.0150416
330.364 160.712 0.00283027 0.00248395 0.00673941
171.516 204.611 0.0501201 -0.00161586 0.00249855
460.135 214.979 0.00883879 0.00363886 0.0034336
189.32 428.26 0.0157952 -0.00561934 0.0110496
183.227 448.54 0.00300775 -0.0012256 0.00394831
758.878 518.662 0.0118891 0.00569226 0.030219
759.025 518.094 0.00169272 -0.00142532 0.0167186
73.4149 539.989 0.0178427 -0.014895 0.0199344
296.078 545.994 0.00449344 0.000793881 0.00455266
803.05 577.95 0.0601786 -0.0129109 0.00807518
802.797 573.891 0.0218946 -0.00395436 0.00165969
800.588 573.396 0.00446787 -0.000596461 0.00113565
536.85 673.2 0.016082 0.00113658 0.00258768
536.624 672.831 0.00646726 0.00154173 0.00353062
228.31 68 0.0113897 0.00563088 0.017531
4.1383 142.372 0.0318828 -0.0012 0.00661454
4.516 143.876 0.0107716 0.0014861 0.00151988
5.74742 144.521 0.00554682 0.000606431 0.00119546
462.614 232.386 0.0386756 -0.00829855 0.0102442
460.327 235.555 0.00782115 0.0025398 0.00339693
280.575 262 0.00883639 -0.00150284 0.0141961
200.941 277.324 0.0416488 -0.00105539 0.00706843
432.446 332.732 0.00550441 -0.00570404 0.0109786
807.446 418.716 0.0393447 -0.00794277 0.00932844
805.812 418.005 0.00603247 -0.00113051 0.00618567
468.365 430.115 0.0895374 -0.000679139 0.00200806
737.225 511.175 0.066078 -0.0195543 0.0103983
502.3 516.144 0.0553112 -0.000637041 0.00368833
435.993 528.5 0.0137708 -0.00283151 0.0028863
436.845 529.668 0.0106699 -0.00216704 0.00246198
439.689 530.973 0.00259199 -0.000443439 0.00184677
502.344 529.033 0.0198552 -0.00742219 0.0117045
874.618 645.91 0.00378198 0.000207956 0.000953972
873.441 632.624 0.00342255 1.15602e-005 0.000178797
872.688 632.871 0.00303279 1.1172e-005 0.000167394
523.286 650.536 0.0157598 -0.00183026 0.00414251
526.136 652.161 0.00594136 -0.00282971 0.0035492
171.816 71.0789 0.0766386 0.00198731 0.00417172
170.34 75.21 0.0167965 0.00511262 0.0032314
709.628 263.91 0.0263414 0.00165932 0.00910943
463.063 274.27 0.0241193 -0.00183462 0.00196749
517.022 299.261 0.036347 -0.000563502 0.00325291
520.788 296.163 0.00122994 0.000510555 0.00122996
483.601 394.688 0.0151822 0.0031002 0.002774
483.641 394.946 0.015907 0.00342025 0.00300062
613.646 407.793 0.0460003 -0.00937757 0.00536565
611.686 409.438 0.00940939 0.000343217 0.00331865
782.559 416.708 0.00246563 -0.00480971 0.0239591
572.489 76.0579 0.0038399 0.00340656 0.00562019
835.4 120 0.00463217 -0.00254443 0.0278061
378.816 141.019 0.0372227 0.00399492 0.00196486
378.302 142.907 0.0115041 -0.000433036 0.0010208
732.324 146.235 0.0281005 -0.00328597 0.0138805
486.29 194.253 0.0126075 -0.00122783 0.00300615
727.037 258.476 0.0328787 0.00207959 0.00625617
304.361 305.528 0.116792 -0.0064167 0.00368108
1.94118 479.706 0.0527173 -0.00762712 0.0101695
207.537 479.167 0.0208579 -0.0068881 0.00797092
743.786 635.437 0.0100778 -0.00571942 0.0122153
738.958 634.097 0.00129934 -0.000100719 0.00102427
592.974 2.73158 0.00153606 0.00051633 0.014697
507.823 44.3172 0.00257852 0.00203784 0.00735614
520.36 43.1279 0.000509317 0.00105126 0.00573729
342.353 123.368 0.00544618 0.00354613 0.0203576
636.057 136.317 0.00216964 -0.00158073 0.0108547
376.375 179.286 0.00786527 -0.00159295 0.0187344
263.111 183.444 0.0299095 -0.00106544 0.00872894
264.095 215 0.0269264 -0.000543546 0.00816315
128.444 254.759 0.0126368 0.00724942 0.0146119
371.173 281.01 0.0127525 -0.00246311 0.00824212
792.724 497.845 0.0120563 -0.00118553 0.00572858
794.172 501.314 0.00437503 -0.00234836 0.00277022
789.608 501.099 0.00094596 -0.000391346 0.002017
514.446 555.125 0.0125954 -0.000791432 0.00854917
297.479 574.521 0.0320812 -0.00796545 0.00912676
495.158 102.868 0.0458146 0.00526042 0.00592901
861.478 114.522 0.0110984 -0.00257935 0.0165
221.028 266.179 0.0117263 -0.00169693 0.00647249
679.459 302.651 0.00392467 0.00133604 0.019045
661.015 401.348 0.0289486 -0.00795505 0.0109629
291.15 448.7 0.0163054 -0.00277361 0.0106454
185.67 609.089 0.0079051 -0.00125133 0.002247
184.435 612.094 0.00382498 0.000230959 0.000618709
752.7 148.8 0.0387505 -0.0113685 0.0181223
272.378 229.963 0.0229214 -0.000115054 0.00555178
815.595 441.571 0.0172735 -0.0173898 0.0298722
815.355 442.961 0.00722615 -0.00423829 0.0093978
816.328 443.398 0.00450863 -0.00190143 0.00532589
781.735 501.882 0.0094432 -0.0153503 0.0319458
488.255 616.888 0.0158564 -0.00413815 0.0115067
489.091 621.273 0.00254163 0.000348341 0.00248316
365.33 57.2234 0.0103938 -0.0034653 0.0160423
663.365 90.75 0.0105463 -0.0045652 0.0117629
582.913 105.109 0.0174007 0.00671185 0.0102599
751.167 188.381 0.00245599 -3.27777e-005 0.0262755
417.364 341.788 0.0188583 0.00141004 0.003634
421.248 346.067 0.00263508 -0.000588507 0.00155387
220.756 381.198 0.0218161 -0.00796056 0.015425
225.56 397.92 0.00756722 -0.00917623 0.0316398
489.452 409.597 0.00909568 0.0027463 0.00885886
399.713 433.883 0.00722869 -0.0118049 0.0427738
482.397 437.423 0.0330637 -0.00306026 0.00697932
403.604 559.366 0.0138253 -0.0124067 0.016346
405.181 557.676 0.00334067 -0.00246632 0.00390887
494.02 607.32 0.00945971 0.000385666 0.0174207
508.325 658.325 0.0737831 -0.00337637 0.00442722
801.561 676.194 0.0168086 -0.00162663 0.010773
141.952 34.5952 0.0467753 -0.00296239 0.00608491
157.012 81.8023 0.0171984 0.00190195 0.0161454
282.316 189.704 0.0320534 -0.0106786 0.00670817
55.3871 363.984 0.0159304 -0.00173193 0.00765961
776.761 475.087 0.0101752 -0.0152294 0.0408776
547.276 624.239 0.00142023 -0.000404552 0.000587519
5.53401 674.078 0.00543143 -0.00246247 0.00477955
187.45 63.025 0.0249169 0.00478229 0.0142648
685.768 228.793 0.0283284 -0.0021976 0.00529646
364.737 261.842 0.00887976 -0.0050776 0.0142281
343.63 360.126 0.0049814 -0.000504488 0.00472892
399.173 518.673 0.0434591 -0.00149069 0.00390287
398.512 518.253 0.0184738 -0.000328838 0.00335359
504.321 538.064 0.00689819 -0.0121866 0.0629555
472.321 565.936 0.0202555 -0.00474285 0.0116698
8.11111 585.25 0.0321489 -0.0130572 0.0151824
196.868 624.897 0.00877081 0.00502079 0.00929458
200.127 5.5 0.0210318 0.0153629 0.0205353
200.374 6.38506 0.00990593 0.00332051 0.00761645
201.466 6.2931 0.00328999 0.00217432 0.0066179
780.938 70.8958 0.00147808 0.00308842 0.0196412
714.841 299.085 0.0284503 -0.0136199 0.0176923
47.9524 322.048 0.018121 -0.00314499 0.0117683
678.056 404.087 0.021427 -0.00976363 0.00684621
681.903 404.554 0.00223676 -0.00125191 0.00433348
598.93 475.798 0.00329687 -0.0027713 0.00532919
513.775 148.45 0.0286935 0.000613461 0.00633849
462.012 309.841 0.0353463 -0.0115631 0.0104449
338.286 339.804 0.0778783 -0.0100001 0.00256215
41.6905 369.071 0.0531296 0.00479976 0.00512291
376.245 441.363 0.0206438 0.00324577 0.00558363
721.195 9.72034 0.00680643 -0.00397088 0.0154369
237.107 269.589 0.00866667 -0.00427287 0.0113361
21.098 448.445 0.00369586 -0.0013469 0.00242245
800.399 545.309 0.00245978 -0.00182383 0.00271559
498.608 566.716 0.00686574 -0.00974682 0.0453623
345.524 7.37805 0.0872879 -0.00321378 0.00347323
538.587 38.587 0.00389779 0.00257332 0.013839
790.917 197.806 0.0108026 0.0166666 0.0522973
761.214 242.482 0.00768471 -0.00175914 0.0114211
763.397 242.678 0.00172479 -0.0010339 0.0121189
396.649 305.564 0.0334027 0.00359506 0.0028293
39.3269 340.615 0.00697069 -0.0118079 0.0327149
602.16 343.58 0.00518663 -0.00521132 0.0342124
599.589 343.965 0.0018558 -0.000103995 0.0178607
315.917 368.438 0.0361718 -0.00608365 0.00511701
678.071 381.443 0.0162849 -0.00529278 0.00516075
855.77 412.041 0.0249323 -0.00458761 0.014752
306.67 488.032 0.0407518 -0.00362574 0.00391534
869.129 512.986 0.0270088 0.000702717 0.0154602
869.163 512.763 0.00853056 0.00292261 0.0084846
714.525 559.075 0.0298184 -0.0139686 0.0143292
483.2 3.05714 0.00527852 -0.00378093 0.0208539
752.5 9.78571 0.00618059 0.00736242 0.0423933
579.986 10.5811 0.020436 0.00145085 0.0100776
643.68 54.16 0.0199905 -0.0066134 0.00777437
878.5 93.8659 0.0796228 0.00912712 0.00404356
740.675 93.3246 0.0164634 -0.00698135 0.00662938
538.087 168.746 0.00226578 0.00276286 0.00843046
184.337 199.235 0.0205856 8.03701e-005 0.0056337
711.545 183.705 0.00785807 -0.00627968 0.0390421
438.7 403.2 0.0141492 -0.00608767 0.013894
463.841 538.841 0.0466776 -0.00691643 0.00581782
397.256 579.789 0.0276316 -0.0104019 0.0112592
740.317 603.45 0.0165274 -0.00845674 0.00946519
741.054 598.759 0.00822768 2.42511e-005 0.00183665
517.962 6.01282 0.00580197 -0.00989465 0.0442639
362.731 32.4808 0.020116 3.95434e-005 0.00830543
727.179 102.359 0.000174466 7.63171e-005 0.000380682
445.516 238.065 0.0082167 0.00160056 0.00546191
875.568 275.386 0.0143329 0.0065303 0.0147225
372.174 403.547 0.0385882 -0.00726838 0.00756873
288.027 423.982 0.00447241 4.72947e-005 0.00783663
287.824 436.471 0.0178912 -0.0155692 0.0270147
652.252 437.084 0.00495262 -0.00118733 0.00276361
690.705 67.5 0.0240573 0.00515864 0.00672224
497.707 372.793 0.00243134 -0.000767179 0.0188461
497.379 369.603 0.00327615 -7.45073e-005 0.00371122
6.35612 438.248 0.00491387 -0.000190575 0.00475525
424.025 446.275 0.0193553 0.0106252 0.0192514
634.245 469.755 0.106556 -0.0034584 0.00177246
682.229 524.417 0.0463832 -0.0051725 0.0048161
821.316 548.289 0.00518332 -0.00714649 0.0472651
502.339 552.518 0.0135054 -0.0101502 0.0135643
486.579 582.466 0.00634707 -0.000744338 0.00184684
794.384 597.779 0.0121372 -0.0120076 0.0274831
762.167 15.0333 0.00560382 0.00797168 0.045246
136.143 26.4048 0.0641525 0.00126166 0.00454196
294.488 57.1 0.0552119 -0.00290846 0.00140388
526.577 92.5513 0.0149396 -0.00983557 0.0143092
696.611 227.122 0.0209148 0.0109047 0.0124088
703.914 289.931 0.00980436 -0.000554736 0.00996133
162.448 302.655 0.019448 -0.0084341 0.00725947
666.082 433.936 0.00516764 -0.000693275 0.0040166
491.654 477.731 0.00945252 -0.00340222 0.0265695
705.936 676.009 0.0126521 -0.00661146 0.0115179
580.759 23.2759 0.0158651 0.00203915 0.00658934
24.2368 79.8947 0.0208393 0.0166278 0.0277275
490.554 150.176 0.0368114 -0.000858181 0.0081286
755.596 160.519 0.0108722 -0.00699542 0.0135966
721.351 164.968 0.0248959 -0.00992605 0.0106395
704.291 515.012 0.0124053 -0.00980172 0.0206449
177.076 588.688 0.00378406 -0.00162967 0.00617824
496.176 665.851 0.0311126 -0.0259928 0.0295942
30.5 41.5435 0.00876656 0.0076463 0.0354923
587.324 153.294 0.0138422 0.00747179 0.0318501
517.267 213.64 0.00286802 -0.00273591 0.0395534
517.145 211.694 0.00330232 -0.00108622 0.00727474
381.697 512.5 0.00485997 0.00133073 0.00552555
382.387 512.881 0.00559436 0.000680727 0.00267567
845.643 654.071 0.0314264 -0.0143801 0.0113546
312.262 17.5 0.00845231 -0.000510383 0.00104659
319.658 16.5402 0.000813176 0.000383125 0.00122285
323.345 15.2287 0.000575621 0.000484778 0.00130904
877.628 162.474 0.0341312 0.000960357 0.0100076
774.615 172.519 0.0164952 -0.0020045 0.0058152
776.616 172.205 0.00503647 -0.00111972 0.0065276
697.931 277.414 0.0208619 -0.00685976 0.00719832
876.26 444.8 0.0245339 0.00620826 0.00929339
67.0652 450.043 0.0691165 -0.00827106 0.00363895
415.562 7.65464 0.0130173 0.00355576 0.00288811
412 7.54237 0.000820096 0.000589726 0.00315492
867.627 20.6814 0.00259407 0.00217809 0.00496667
547.377 124.315 0.0033064 0.00330092 0.0125875
580.781 212.061 0.0222276 0.0027407 0.00576208
582.522 215.894 0.00957444 -0.00083018 0.00167962
585.027 217.946 0.00320536 -0.000407682 0.00133577
529.679 375.372 0.0119142 0.00167556 0.0202794
812.275 480.65 0.0200465 -0.0139992 0.0215446
11.7716 544.08 0.00781759 -0.00567506 0.0121749
834.061 588.545 0.0124347 0.00166223 0.0030546
766.173 667.077 0.019622 -0.00258576 0.00727001
372.917 2.95833 0.00605952 0.00207247 0.0177623
379.825 3.27273 0.00115455 0.00143129 0.0131531
333.561 20.5606 0.0188153 0.00797743 0.025178
310.606 40.625 0.00278681 0.00415251 0.0175503
609.304 135.179 0.0079184 0.000606917 0.0137784
781.579 297.421 0.00801948 0.00756542 0.049601
441.939 437.848 0.00698787 -0.00660914 0.0118979
871.419 573.872 0.00607875 0.00463624 0.00723462
737.415 523.117 0.00854363 -0.0072076 0.0247879
445.575 392.708 0.00882891 0.00495929 0.0171172
781.596 561.481 0.00920233 -0.00527036 0.0151764
819.853 641.044 0.00967868 -0.00806748 0.0119041
818.563 639.141 0.00789089 -0.0056542 0.00672161
819.749 636.621 0.00246949 -0.00121354 0.00252133
744.551 267.885 0.044272 0.00711666 0.0073863
812.167 527.931 0.00900343 -0.0127046 0.0322364
745.547 557.616 0.00939583 0.00103607 0.0225097
851.616 634.267 0.0413353 -0.0231244 0.0187379
438.9 116.573 0.0187358 0.00136542 0.00299232
516.176 351.295 0.00232447 -0.000765844 0.00139734
564.589 547.878 0.00622749 -0.00994019 0.0327757
561.042 545.989 0.00453568 -0.00720805 0.0153844
235.16 81.02 0.0228961 0.0123938 0.0126202
493.826 188.802 0.062545 -0.00584836 0.00442687
739.452 354.238 0.00701159 0.000623367 0.0203071
736.876 354.147 0.00306214 -0.00188918 0.0133363
657.7 490.7 0.0159171 -0.00504682 0.00516436
597.977 589.392 0.00740041 -0.00104368 0.0122501
543.445 65.8455 0.0161105 0.000159608 0.00686259
620.23 332.851 0.0142506 -0.01319 0.0337167
54.3889 381.426 0.048041 -0.0155691 0.00741538
762.081 374.779 0.0168202 -0.00401509 0.0158696
600.026 444.605 0.00895524 -0.00844714 0.0276373
745.397 574.141 0.00893171 -0.018498 0.0596498
477.942 637.523 0.0171053 0.000855817 0.00631382
542.308 52.4808 0.024725 -0.00762218 0.00818129
869.939 68.2544 0.0264749 0.00830535 0.00557095
584.378 170.199 0.00338955 0.00077365 0.00134371
589.25 423.792 0.0341537 -0.00511915 0.00469442
513.303 435.352 0.00330424 -0.00215746 0.00522142
821.207 122.768 0.0120659 -0.00290958 0.0204945
877.183 464.267 0.0244606 -0.00137574 0.0045114
753.053 501.132 0.0212131 -0.00892636 0.0146502
753.049 501.444 0.0141742 -0.00438895 0.00652074
239.077 20.2097 0.00160036 0.000237242 0.00249839
545.434 76.5164 0.00349643 0.000596303 0.0251729
764.265 143 0.0131528 -0.0113012 0.0251835
546.733 373.117 0.00547615 -0.00307167 0.00914601
525.968 403.521 0.0262404 0.00250541 0.00753019
745.029 508.765 0.0311971 -0.0142817 0.0185132
16.9583 27.0833 0.00545484 -0.00318351 0.0319583
590.664 111.152 0.00149748 -0.000628446 0.00185221
552.939 207.404 0.00272723 -0.00212093 0.0107208
541.181 622.011 0.00993338 -0.00437537 0.0175804
634.43 11.4186 0.00475534 -0.00675937 0.0179079
126.333 62.7222 0.00990029 -0.00549834 0.0365247
772.311 391 0.00513884 -0.000205022 0.00225491
723.09 463.962 0.0142792 0.00181366 0.0200567
703.012 557.232 0.0510019 -0.0105402 0.00728828
775.773 219.364 0.0282702 -0.0126536 0.0119878
518.848 250.87 0.00460317 -0.00709601 0.0389738
566.918 337.191 0.00495512 -0.000193639 0.0219965
567.871 337.455 0.00395154 -0.000324471 0.0150103
277.48 2.5 0.00421568 -0.00342704 0.0256262
277.25 3.91964 0.00240179 0.000887074 0.0109561
9.43939 8.19697 0.0218724 -0.00134494 0.0235951
842.316 424 0.0236578 -0.00912309 0.0179412
159.771 560.076 0.00816028 -0.00285423 0.0110921
776.756 263.244 0.00978432 0.00338361 0.0263806
741.873 548.127 0.00264899 -0.000108235 0.0151078
600.151 225.081 0.0196773 -0.00471328 0.008552
641.065 586.391 0.0206963 0.000567132 0.00965382
643.139 118.073 0.00335074 0.000587054 0.00145889
714.969 339.459 0.0114332 -0.00370979 0.0111469
658.085 536.115 0.0150899 -0.00952709 0.00892758
648.773 6.54545 0.00901402 -0.00362736 0.00951062
9.59677 122.231 0.0106691 -0.00191395 0.00599737
830.594 286.651 0.0340249 -0.00162709 0.00484256
846.57 584.663 0.03286 -0.0198972 0.0181086
842.839 579.589 0.0106414 -0.00701378 0.00627668
793.659 224.864 0.00494672 0.000697778 0.0336971
801.878 388.467 0.0160559 -0.00342352 0.0029671
824.478 573.797 0.00579905 -0.00360876 0.00779684
2.33333 4.03333 0.0311431 -0.00783922 0.0203616
56.5577 34.2885 0.0104432 -0.00536298 0.0113292
4.55172 62.0345 0.00719409 0.00356201 0.0189223
797.019 520.315 0.0120724 -0.0126135 0.022915
804.86 367.779 0.00160417 -0.001033 0.031473
749.938 290.969 0.00793116 -0.00735909 0.016018
589.621 303.534 0.0162714 -0.00790227 0.00924204
7.84694 19.8469 0.00844103 -0.00117188 0.0250236
383.202 419.181 0.0106055 -0.00213612 0.0140216
601.083 432.861 0.0203544 -0.0129125 0.0273721
29.7459 4.80328 0.00261485 0.00228261 0.00945384
11.1909 77.3727 0.0141277 0.0104374 0.0212077
285.571 29.631 0.0320092 0.00324098 0.00208957
560.159 432.305 0.00694502 0.010166 0.0377897
277.84 95.22 0.0261757 -4.14236e-005 0.00650714
555.579 294.105 0.0103516 0.000882144 0.0348759
750.289 526.316 0.0274424 -0.0121357 0.017941
776.397 203.759 0.00897144 -0.00301109 0.0102591
761.862 177.011 0.00781052 0.00346086 0.0249098
559.482 13.4204 0.0330871 -0.000867703 0.00125882
799.11 255.841 0.0172614 0.00295899 0.0164594
183.721 9.07353 0.032487 -0.00432344 0.00341192
779.939 594.866 0.00995437 -0.0194852 0.0698051
299.556 3.13889 0.013651 -0.000327971 0.0198657
43.0116 25.2907 0.00927119 0.00774157 0.0374621
806.399 648.08 0.0115767 -0.025352 0.0621274
840.888 620.112 0.0154433 -0.00883023 0.0157677
847.934 619.677 0.00162623 -0.000821707 0.00503737
567.029 105.786 0.0296567 0.00180467 0.00292492
574.278 449.344 0.0558123 0.00992755 0.00504512
9.98649 69.4459 0.0143456 0.014684 0.0416185
832.614 625.818 0.0242196 -0.0152855 0.0159949
569.667 363 0.0443921 -0.00271216 0.00174576
784.677 252.645 0.00705143 -0.000959391 0.0154552
566.34 261.895 0.0171854 0.00101988 0.00179487
582.265 656.441 0.00911823 -0.000999334 0.00201413
575.682 320.205 0.00851467 -0.00449702 0.0286091
