1.0
780
755.034 112.727 0.00252532 -0.000118782 0.00947548
738.986 114.068 0.00840716 -0.00350835 0.031826
741.421 114.447 0.00656724 -0.00511927 0.00957798
700.572 114.862 0.0146129 -0.00486136 0.00916066
618.5 3.88776 0.0108854 0.00345818 0.0175889
505.322 128.322 0.0377103 0.0418105 0.052715
501.638 126.121 0.000925912 0.00165757 0.00487022
499.969 125.389 0.0007808 0.00100269 0.00243158
654.634 116.41 0.0111246 0.00359976 0.00860206
717.683 120.035 0.00592692 0.00381501 0.0183277
583.482 121.204 0.00184961 0.000500316 0.000980131
582.976 120.419 0.000556464 -3.64285e-005 0.000711931
659.551 17.7564 0.00513687 0.00477159 0.045967
754.777 133.741 0.00560449 -0.00277677 0.0104751
763.06 21.58 0.0364303 0.000191795 0.00217339
675.137 414.041 0.0018761 -0.00452724 0.0207727
540.761 97.9783 0.00504504 0.00502928 0.0149281
538.942 99.1512 0.00429218 0.00409409 0.00823504
608.348 160.955 0.0154404 0.00868322 0.0105349
631.86 208.756 0.0102576 0.00128205 0.00662416
520.929 16.7109 0.000553204 0.000272498 0.000587759
113.392 55.5 0.00519941 0.0100336 0.0706564
651.511 178.151 0.00359023 -0.00306325 0.00723188
722.277 256.726 0.00209091 0.000752901 0.0017355
691.053 142.842 0.0115561 0.00384419 0.0303417
491.978 194.022 0.0241551 -0.00557942 0.0107054
545.219 113.313 0.0150761 -0.0118831 0.0160655
576.5 140.23 0.00888789 -0.0100691 0.0433564
653.505 338 0.00296386 0.000506554 0.00225144
505.833 387.607 0.00974285 0.00301424 0.00775175
736.599 34.5932 0.00191919 -0.000154598 0.000519078
671.807 50.6333 0.00867134 0.00688802 0.0119917
657.23 264.446 0.0165662 0.00944023 0.0282812
523.929 288.214 0.00399096 0.00704626 0.021867
591.847 392.1 0.00272129 -0.00221745 0.0176297
678.219 115.41 0.0046371 -0.00342295 0.0109971
740.37 160.254 0.00340031 0.00237343 0.0127553
460.091 308.848 0.00539359 0.000519448 0.0144487
566.822 360.805 0.0141104 -0.00316131 0.00827353
570.74 361.997 0.00406933 -0.00221593 0.00430599
502.217 430.239 0.0242387 -0.00173219 0.00184154
457.538 108.575 0.00216151 0.00932252 0.09031
461.96 107.96 0.000980315 0.00249597 0.021637
541.262 333.611 0.0150335 0.00211559 0.00445351
146.245 479.069 0.0333908 -0.00619016 0.00474211
105.544 491.811 0.00896763 -0.0133282 0.0340571
112.72 491.992 0.00132463 -0.002097 0.00809839
89.9337 243.645 0.0055572 0.00772938 0.0191286
669.819 268.819 0.0270385 -0.0174594 0.01981
612.482 440.082 0.00565911 0.00318134 0.020474
661.367 128.892 0.00246814 0.00025699 0.00892787
744.343 147.461 0.00763055 -0.00174988 0.0234704
753.727 224.318 0.00436622 0.00111233 0.0109335
560.895 464.532 0.00555047 0.000898197 0.00158655
584.229 463.992 0.00313636 -0.000179541 0.0142114
114.569 464.569 0.000973408 0.00566349 0.0787076
342.975 3.175 0.00932179 0.015589 0.0479786
338.995 4.20968 0.00250388 0.00279215 0.0137805
349.374 4.713 0.00029726 0.000622211 0.005329
87.8571 456.133 0.00294396 -0.00214119 0.0046904
160.837 504.733 0.00359743 -7.19785e-005 0.00811446
53.5714 7.22619 0.00849827 0.0188288 0.0454046
37.7867 14.1847 0.000305838 0.000390982 0.00181041
670.747 157.043 0.0076423 0.00324721 0.00484994
238.996 336.28 0.00172154 0.00642735 0.034984
237.847 337.732 0.00063744 0.000916073 0.0034274
141.55 362.748 0.00063584 -0.000256607 0.000688932
151.393 408.553 0.00296281 0.000738294 0.00892871
162.606 488.288 0.00695519 0.00352326 0.00817558
156.394 5.11702 0.00986755 0.0190875 0.048176
153.806 4.48148 0.00108918 0.00157718 0.0110391
543.136 43.5909 0.00679705 0.00567591 0.0112609
719.81 52.0714 0.015901 -0.00727941 0.0208575
335.527 57.1533 0.00115822 0.000342858 0.0216793
323.284 52.0579 0.00039515 0.000290676 0.00117174
746.276 319.067 0.00260292 0.000183629 0.0455139
218.147 3.12745 0.00253504 -0.00460458 0.0613372
43 53.3793 0.0182972 0.00879542 0.00714428
571.136 67.6136 0.0112798 0.0141028 0.0301267
138.4 129.9 0.00872839 0.00320787 0.0157477
464.235 157.647 0.0137389 0.0109457 0.0435005
190.565 64.5519 0.00352691 0.00101993 0.0219525
545.654 158.895 0.000675235 0.00145849 0.0115352
624.875 164.15 0.0169366 0.00663536 0.0226907
39.3833 183.983 0.00329206 0.00308832 0.0202596
748.815 212.407 0.00772859 0.00293006 0.0187776
102.19 263.638 0.0071966 -0.0032074 0.00603911
124.914 275.753 0.00045702 -0.000110877 0.000198856
665.769 510.019 0.00446499 0.00532413 0.0411772
143.113 120.819 0.000779417 0.00127994 0.0168931
75.2451 151.647 0.000446641 0.000555015 0.00160005
62.8215 156.367 0.000229946 0.000471858 0.00155462
43.1481 166.194 0.00224418 0.00359397 0.0239048
172.929 235.045 0.0101819 0.0125049 0.0201632
752.607 233.658 0.00155215 0.000529541 0.00133371
136.734 334.628 0.010273 0.00182788 0.00537986
570.865 423.827 0.032475 0.00887173 0.00789709
178.51 475.639 0.00249594 0.00151822 0.00812563
85.9348 67.587 0.0332257 0.0354974 0.0430631
148.949 72.4409 0.000840799 -0.0014101 0.00402956
113.71 77.98 3.74885e-005 5.43882e-005 0.000387374
491.016 102.133 0.00691115 0.00742923 0.00971759
481.742 101.264 0.000443515 0.000902395 0.00338607
502.889 107.481 8.69881e-005 7.77107e-005 0.000250735
82.1977 347.36 0.0172429 -0.0137006 0.0174933
80.6264 347.649 0.00224019 -0.00194645 0.00784011
665.269 360.526 0.0110146 0.0189068 0.0549766
69.3354 87.314 0.00133255 0.00135675 0.00230727
112.397 147.115 0.0152053 0.00107648 0.0229677
718.864 176.932 0.00724386 -0.00778666 0.0394569
457.944 43.0833 0.00884097 0.0109182 0.0253413
131.325 48.8651 0.00237757 -0.00242708 0.0403917
175.093 92.3519 0.00552422 -0.00525093 0.0244644
182.404 96.6967 0.000580646 -0.000761402 0.00516199
107.391 225.88 0.00186872 0.000637832 0.00658066
414.925 337.05 0.00963539 0.0129778 0.0421751
416.345 336.521 0.0025526 0.00661915 0.0266361
97.3919 421.014 0.0100199 0.0164428 0.0531643
264.969 447.622 0.00591015 0.0226871 0.112325
461.341 480.023 0.0248684 -0.00129382 0.00773509
464.726 476.263 0.00396236 0.0019775 0.00363169
583.041 497.977 0.00467402 8.27893e-005 0.00343471
329.042 41.4153 0.00258655 0.00405464 0.0475604
317.411 74.8111 0.00524162 -0.00245426 0.00779189
29.4792 137.708 0.011153 0.00203322 0.00253842
215.525 173.895 0.0145308 0.00123944 0.00368066
137.548 422.143 0.00514995 0.00331845 0.0344887
477.976 8.83981 0.00363673 0.00450067 0.0119965
372.717 70.753 0.0022261 0.00580486 0.0205037
571.274 76.7453 0.0173039 0.0178659 0.0275407
331.13 88.7826 0.0107455 0.0326486 0.115611
229.289 120.237 0.00787356 0.0154915 0.0415505
581.038 163.782 0.0176262 0.00795646 0.0147142
720.87 360.741 0.0062158 -0.000180191 0.0233826
34.4697 412.409 0.0108108 -0.0164354 0.0496938
413.688 427.646 0.00368183 0.00866137 0.048683
20.4487 103.244 0.00755242 0.0078143 0.05435
240.467 106.954 0.00183803 0.00331712 0.0103316
235.573 110.321 0.000407198 0.000197525 0.00147293
169.946 115.014 0.00336526 -0.000836066 0.0120469
410.074 467.255 0.00242168 0.00440762 0.0195597
376.3 1.92857 0.00171043 0.00233027 0.096307
507.7 180.278 0.000716958 0.00188435 0.0183766
690.929 192.167 0.0414097 0.00136204 0.00723987
503.115 289.173 0.0305591 -0.0190802 0.0170573
90.8727 14.5182 0.00388873 0.000583824 0.00338797
113.28 16.8659 0.00942048 0.00732687 0.00878988
390.465 104.5 0.00356328 0.00786715 0.0215679
111.224 115.921 0.00601662 0.00185129 0.002099
99.5443 117.225 0.000406629 0.000570373 0.00229024
421.095 151.447 0.000574931 0.00145886 0.012635
424.319 149.075 0.000501488 0.000619905 0.0024995
488.398 345.265 0.0101375 0.00359484 0.0028061
61.2843 499.957 0.000446988 0.00069345 0.00233678
85.9857 32.3 0.00325544 0.00386611 0.0082523
443.015 35.7323 0.00346905 0.00256068 0.00506666
185.091 131.909 0.00736421 -0.00336546 0.0136187
314.377 182.518 0.00406788 0.00442733 0.0137756
314.373 183.333 0.00359897 0.00148359 0.00674925
272.205 508.174 0.0018607 0.0029951 0.0224502
147 22.3824 0.00445434 -0.0180306 0.138647
323.269 51.2179 0.00963766 0.0117225 0.0485183
308.879 68.6212 0.00844747 0.0100895 0.0146839
413.555 69.6636 0.00738918 -0.00646808 0.0129739
195.246 125.929 0.00484915 -0.00243863 0.0232632
232.122 153.284 0.0146697 -0.00532561 0.0234743
339.066 323.013 0.00448658 -0.000119268 0.0115514
21.6935 400.816 0.000307595 0.000298316 0.00137025
403.535 487.974 0.00700473 -9.44656e-005 0.00681345
390.5 504.274 0.00488651 0.00122829 0.00824923
259.088 20.7059 0.0251298 0.0290372 0.0394814
26.8857 64.5714 0.00223088 0.00978255 0.0705038
196.019 113.968 0.00918114 0.00428708 0.00653514
414.808 231.481 0.00469517 0.0183989 0.102959
761.058 250.481 0.0107029 -0.00754051 0.0155547
296.021 277.952 0.00782358 0.00712083 0.0139343
297.32 277.549 0.00542262 0.00329139 0.00554452
24.3286 292.529 0.00640435 0.0213267 0.125859
194.802 337.012 0.00939888 0.0125855 0.0342668
435.361 346.975 0.00573777 0.00221956 0.002448
677.55 3.325 0.0212399 -0.0117247 0.0212556
679.617 2.72078 0.0037969 0.00113077 0.0151143
261.577 180.859 0.00729595 0.00727682 0.0506108
118.947 199.065 0.00735824 0.00996955 0.0158054
120.527 200.457 0.0025928 0.00308992 0.00573191
528.167 297.667 0.00634215 0.00156806 0.00525974
436.419 377.227 0.00188605 0.000230631 0.0044482
437.324 377.493 0.00165564 0.000148563 0.00399168
82.7895 423.974 0.00650265 0.00954571 0.0574789
86.961 422.784 0.00109438 0.0040359 0.0289074
401.479 423.542 0.0016847 -0.0017511 0.0574615
41.4623 73.9151 0.0103461 0.00410302 0.0168721
486.941 74.8235 0.00170707 -0.00150388 0.0822017
338.343 115.069 0.00690733 0.0180725 0.0580265
74.8152 190.391 0.00320296 0.00487245 0.0119376
69.7835 193.748 0.000810545 0.000810969 0.00273504
45.7353 419.794 0.00464202 -0.00228438 0.0572044
41.1 33.52 0.00587091 0.00430101 0.0106423
83.7708 55.4375 0.0401878 0.0413618 0.0445905
30.4318 80.9545 0.00475644 0.00570486 0.0372037
424.889 95.6444 0.000882221 -0.0018273 0.0116123
106.288 182.076 0.0254763 0.0131394 0.0194448
102.422 183.461 0.00371131 0.00303547 0.0100689
448.176 230.817 0.00132777 0.00439154 0.0237022
85.5208 266.167 0.0214019 -0.00401041 0.00897818
85.5732 266 0.0195647 -0.000299039 0.00270573
206.5 334.663 0.0274404 -0.0132654 0.0112989
234.179 409.268 0.0029424 0.00498913 0.0297169
233.03 409.994 0.000540447 0.00054202 0.00177864
13.783 493.387 0.0111111 0.00813639 0.0206322
119.5 30 0.00721057 0.00145733 0.00790412
188.158 40.4737 0.0060473 0.0134924 0.0604974
211.144 42.4185 0.00022735 -0.000325741 0.0067383
230.724 43.0345 0.00302191 0.00472607 0.0184007
7.08462 259.977 0.00527583 0.00377937 0.0185993
556.437 264.698 0.00952357 -0.00220966 0.00534082
555.785 264.698 0.00290087 -0.000715752 0.00403572
555.691 266.343 0.00218164 -0.000177085 0.00204507
271.75 339.15 0.0116514 -0.00302694 0.00636134
3.66667 502.278 0.017222 -0.000167837 0.0109654
3.51176 503.747 0.0144672 0.00220637 0.00461767
354.532 50.4355 0.00193679 -0.000842603 0.00866584
149.183 104.744 0.0210191 0.0017364 0.00748632
86.0938 121.313 0.00132032 0.0030294 0.0242606
120.481 154.923 0.0125229 0.0207232 0.043605
229.479 315.229 0.00269735 0.00944383 0.0698835
269.418 8.13265 0.00884685 0.00863357 0.0231865
480.452 207.071 0.0308787 0.0248205 0.0260872
431.745 223.949 0.00349554 0.00720268 0.0520954
69.35 253.6 0.00419742 0.00140783 0.058702
49.1667 257.752 0.000529048 0.000795859 0.00306228
390.596 299.452 0.00472027 0.00442011 0.00622423
413.669 509.093 0.00475875 0.00609156 0.0263135
421.747 122.941 0.00275958 -7.5473e-005 0.00570801
419.091 124.905 0.00161727 0.000804963 0.00102957
366.575 136.724 0.000760287 0.00249687 0.0209988
355.101 137.453 0.000244754 0.00121913 0.019073
304.125 188.775 0.00784339 -0.0138871 0.0525808
55.4111 195.967 0.00871756 0.0110598 0.0355089
348.284 281.324 0.00517693 0.00592864 0.0296125
42.5769 299.987 0.0229866 -0.00596877 0.011835
352 369.788 0.00404254 0.00197288 0.00947993
358.382 27.2647 0.00045018 0.0013665 0.02257
391 56.45 0.00281889 0.00481455 0.0477592
177.088 61.4412 0.00988255 0.00375498 0.0114166
196.1 214.664 0.00334477 -0.000133368 0.00515814
564.663 283.128 0.0281118 -0.0146606 0.0161604
571.082 484.136 0.0177664 -0.00139362 0.00863253
376.736 495.1 0.00224643 0.00178638 0.0129642
462.827 4.41837 0.00848506 -0.0133263 0.0367356
476.275 23.3169 0.00670014 0.00646494 0.0141829
299 114.824 0.00281263 0.00532572 0.0365559
6.88776 191.071 0.0236512 0.0286341 0.0412658
288.862 360.713 0.0322095 -0.00178496 0.00262735
460.062 404.137 0.00150935 -0.000453654 0.00301715
543.771 289.144 0.00452874 -0.00117109 0.0202956
268.339 305.984 0.00346018 0.00556955 0.0265265
342.441 391.235 0.0179316 0.00586851 0.00628002
62.0805 470.71 0.00121039 0.000879901 0.00443355
193.037 1.81707 0.00232197 0.00410739 0.112741
575.583 85.4028 0.0111379 0.00465871 0.00842979
310.085 95.7642 0.0211552 0.0218805 0.0263579
344.574 179.093 0.0134594 0.000740152 0.00707874
117.695 186.915 0.0133727 0.00140173 0.0127472
546.952 247.214 0.00442913 -0.00590551 0.053077
288.024 409.04 0.00260561 0.00604151 0.0360176
454.56 454.596 0.00259854 0.00709484 0.0352767
472.93 250.272 0.00237779 -0.00190376 0.0103252
371.122 259.322 0.022019 0.00250347 0.0057958
365.279 261.147 0.00131499 0.0013159 0.00622899
365.169 396.938 0.000534056 0.000812051 0.0124441
10.9545 16.1212 0.00186086 8.63317e-005 0.00777192
540.481 70.5377 0.00137924 -0.00176507 0.0130719
452.205 124.589 0.000964672 0.00184578 0.0326449
329.207 167.671 0.0135486 0.0176519 0.0359908
328.962 165.679 0.00403871 0.00419034 0.00704703
458.8 188.55 0.0121377 -0.00809995 0.012288
454.394 187.638 0.00143633 -0.000857763 0.00548186
307.962 238.692 0.0100534 -0.00138003 0.00632448
526.194 262.833 0.00668447 0.00018963 0.0478777
460.616 324.57 0.0139684 -0.00222232 0.0192299
59.732 325.332 0.00303615 0.00250146 0.00358328
430.748 78.1571 0.00445016 -0.00135743 0.0052737
203.541 176.651 0.00540655 -0.000262486 0.00213146
469.871 282.843 0.0240158 -0.000104462 0.0175282
184.329 334.071 0.00943272 0.0160486 0.03977
303.333 7.59091 0.00114673 0.000972151 0.0109604
167.218 151.321 0.0278933 0.0142278 0.0143227
396.755 355.09 0.000453632 0.00065905 0.0049739
362.1 438.74 0.00795459 0.00100542 0.0152028
275.197 77 0.00302467 0.00993603 0.052997
369.338 90.7353 0.00141273 -0.00295996 0.0163716
258.548 3.27778 0.00455788 0.00360548 0.0252066
176.092 26.4083 0.00783057 0.00599078 0.00695968
352.81 103.083 0.00207826 0.00153099 0.0112744
218.549 132.622 0.00532012 -0.0116115 0.0474702
368.085 157.783 0.00176682 0.00356451 0.0309929
531.28 197.258 0.00305641 0.00160597 0.00721808
564.417 237.063 0.00383528 0.00886654 0.0505543
392.134 121.894 0.00531651 0.00465366 0.0102808
283.784 307.149 0.000260278 -0.000185977 0.000826859
275.658 92.6053 0.00227249 0.00975348 0.0926687
353.811 195.108 0.0110679 0.00405975 0.00658386
353.069 186.389 0.000756772 -2.90646e-005 0.00101044
508.695 267.476 0.00926316 0.00919001 0.0435632
398.439 323.786 0.00339078 -0.00867632 0.0457436
4.76923 114.019 0.00990269 -0.00377208 0.0169637
450.164 289.412 0.00555273 0.00340161 0.00436938
369.087 311.435 0.00510936 -0.00345464 0.0430365
405.14 109.82 0.0249032 -0.0057254 0.00614594
483.932 240.176 0.0118723 0.0181962 0.0466602
285.553 292.921 0.0101723 0.0106965 0.0303348
309.483 129.517 0.00248872 0.00936812 0.0545645
377.341 203.5 0.00192932 0.00561967 0.0381766
257.939 315.11 0.0096003 0.00388818 0.0269027
423.684 322.799 0.00292533 0.00530726 0.0227159
428.108 324.446 0.00103659 -0.000408504 0.00574734
281.609 457.482 0.00697342 0.0129119 0.0317276
362.628 183.606 0.00263014 0.00914819 0.0692947
514.246 58.8134 0.00337226 0.0004923 0.0137565
343.035 508.593 0.00720422 0.00936325 0.0359081
154.847 145.732 0.00868669 0.00525331 0.0093824
519.662 251.081 0.00540007 0.000295553 0.00793325
313.674 266.413 0.00608024 -0.00220293 0.0135484
17.2377 308.975 0.000933108 0.00180289 0.02885
192.543 386.177 0.00950287 0.00303117 0.00444725
434.455 199.25 0.0210213 0.0345551 0.0643177
549.226 228.338 0.00192456 0.00355197 0.0219937
355.457 459.065 0.0199713 -0.01696 0.019563
333.065 192.652 0.0142304 0.00242532 0.0167701
445.7 208.275 0.0072381 0.00680277 0.0429924
119.18 167.74 0.00563128 0.0137969 0.0559214
306.246 291.686 0.00372244 -0.0050053 0.0385559
416.594 304.328 0.00121952 -0.00252574 0.0515045
188.477 7.68182 0.00993408 0.017091 0.0522804
345.344 206.609 0.00134178 0.00110098 0.00914694
367.433 295.789 0.00277848 0.00299709 0.0200748
184.384 115.733 0.0267099 0.00693713 0.00757809
10.9565 129.543 0.0128592 0.0109998 0.0261491
348.85 300.625 0.00575145 -0.00195111 0.0152215
354.91 126.244 0.00320414 0.00409601 0.0716786
361.22 243.646 0.00362957 0.00560339 0.0105919
432.652 258.87 0.0199173 0.0126327 0.0107438
149.185 170.897 0.00794527 -0.00076927 0.0119695
362.527 220.774 0.00887613 0.00744223 0.0139131
240.365 85.8784 0.0105038 0.00624423 0.0388639
345.036 238.821 0.00403774 0.0049077 0.0202578
257.985 118.303 0.00548673 -0.000113342 0.0102651
246.946 125.535 0.00041082 0.000308523 0.00139284
160.316 134.48 0.00581039 0.000335593 0.0286241
352.016 314.5 0.00114551 -0.00133527 0.0335837
343.641 315.911 0.000408978 0.00124776 0.0111642
338.226 260.911 0.00197861 -0.0006991 0.0253495
137.72 156.736 0.00427978 -0.000728124 0.0021749
144.057 149.826 0.00134727 0.000965408 0.00125505
142.271 152.5 0.000787171 0.00060892 0.000947872
139.677 157.602 0.000249243 0.000130592 0.000388821
139.28 159.603 0.000194082 8.55746e-005 0.000306679
128.853 172.06 0.000114274 6.73728e-005 0.000159496
371.055 249.036 0.00679904 0.00635658 0.00947123
748.35 248.667 0.00571711 -0.0139684 0.0557633
748.451 249.51 0.00358545 -0.00753629 0.0290808
751.182 252.404 0.00312661 -0.0046007 0.0102462
181.474 122.947 0.00785604 0.000779467 0.00618963
315.738 258.516 0.00638782 0.00433163 0.0118009
667.409 180.591 0.0154218 0.0034046 0.0199417
350.235 243.471 0.0142761 0.0101925 0.0368714
351.468 243.278 0.00389931 0.0012923 0.0285254
356.551 244.97 8.35562e-005 7.86665e-005 0.000786055
365.625 230.768 0.00777939 0.0203332 0.0692265
380.524 255.427 0.00772975 0.00670895 0.0423273
381.41 256.096 0.00408764 0.00123708 0.0110131
257.549 166.207 0.0151049 0.00819751 0.0244833
119.477 163.919 0.0061138 0.010967 0.0432373
125.008 114.254 0.00919819 -2.01626e-006 0.00723537
125.671 113.305 0.00550041 0.000947603 0.00409434
408.099 275.511 0.0013344 0.00194993 0.0105005
404.358 278.035 0.000390089 0.000377078 0.0033188
407.47 275.216 0.000252221 0.000179455 0.00133992
398.382 328.343 0.00572682 -0.0033458 0.0217535
329.17 278.146 0.00104194 0.00117391 0.00473178
299.571 287.393 0.00248489 0.00401182 0.0445107
331.297 180.636 0.00749281 0.00857539 0.0240062
336.766 174.937 0.00423749 0.00390833 0.00550141
685.25 110.309 0.00609244 -0.00112678 0.0166697
687.66 113.769 0.00498521 -0.00179575 0.00214923
686.522 107.806 0.00378292 -0.00090425 0.000852296
290.975 303.811 0.00663499 0.000992847 0.0151486
293.395 300.568 0.00571316 0.00365277 0.00527326
290.667 294.288 0.000960549 -5.94656e-005 0.000860555
142.397 314.346 0.0185364 -0.00375268 0.0194627
402.702 381.388 0.0021951 0.000540002 0.0107424
218.725 129.225 0.0117583 -0.0120313 0.0391036
385.014 231.271 0.0247446 0.00368183 0.0154199
336.19 188.317 0.00102783 0.00302643 0.0414117
395.483 224.778 0.00598887 0.00312901 0.0073817
403.543 220.781 0.000945839 0.000572556 0.00177728
383.595 280.635 0.00296096 -0.00539199 0.0226371
743.74 286.01 0.00203432 -0.00162375 0.0139652
744.711 286.241 0.00159295 -0.00124022 0.013648
713.779 165.198 0.0237731 0.00625007 0.0124514
707.615 168.991 0.00501761 0.00428461 0.00509119
701.254 171.539 0.00153119 0.00147452 0.00296851
701.551 173.341 0.000995483 0.000573306 0.00170803
404.316 239.602 0.0114866 -0.00125938 0.00778337
306.953 176.297 0.00161961 -0.000700042 0.0157643
253.05 126.2 0.00867973 -0.0135506 0.0517421
244.18 132.54 0.00972227 0.00402988 0.0116836
365.616 345.93 0.00677614 0.00105813 0.00471936
229.762 495.5 0.0116202 -0.0084786 0.0232873
106.411 194.536 0.0127575 0.00559392 0.013508
100.349 196.895 0.000906396 0.00104131 0.00370983
185.336 107.813 0.00470767 0.00506514 0.0165867
179.691 111.336 0.000607096 -0.000167916 0.00129845
723.64 194.221 0.00708171 0.00146725 0.0222904
334.824 224.939 0.00169012 0.00227828 0.00911488
353.348 292.354 0.00250299 0.00397458 0.010308
489.52 424.912 0.03916 -0.0038544 0.00432136
489.9 425.663 0.0205155 -0.000193225 0.00298235
490.02 426.692 0.0117394 0.00113156 0.00251899
367.851 179.955 0.000133008 -6.27146e-005 0.000691742
361.622 173.055 9.77205e-005 -7.69587e-005 0.000304542
368.071 269.611 0.00327714 0.00169866 0.0327702
363.466 270.139 0.00130361 0.00140166 0.0158271
418.812 309.681 0.00143007 -0.00211766 0.0161259
470.382 366.789 0.0040526 0.00322453 0.0200312
460.399 369.658 0.00121413 0.0029736 0.0109953
609.674 53.8333 0.0234328 0.0369096 0.061845
614.654 50.7483 0.0120836 0.0185096 0.0293907
85.9634 161.744 0.013636 0.0156823 0.0350084
85.9026 165.13 0.00599758 0.00295188 0.00454896
92.25 198 0.00705039 0.000507497 0.0151294
305.258 257.591 0.013554 -0.000893992 0.0140442
128.153 141.48 0.00806941 0.00819141 0.0285883
241.808 485.808 0.00714855 0.000736241 0.0125084
286.956 472.759 0.000121983 0.00030566 0.00118346
263.399 92.496 7.47515e-005 3.21842e-006 0.000913608
312.346 222.449 0.0123942 0.000404564 0.00393109
312.396 218.329 0.0084911 -0.000359559 0.000749765
126.571 209.157 0.00926191 0.00728173 0.0125865
752.357 344.986 0.00845773 -0.00393005 0.0569832
755.559 345.559 0.00290143 -0.00269816 0.0413463
756.525 347.697 0.00289846 -0.00152493 0.00875432
154.595 477.489 0.00528578 -0.00063902 0.00349966
425.621 218.362 0.0180726 -0.000493795 0.00663172
409.127 226.069 0.0103687 -0.00134011 0.0113668
541.325 508.1 0.0224061 -0.00892037 0.0161184
542.891 507.087 0.00698731 0.00097428 0.00776214
256.125 147.542 0.00407627 0.00370386 0.0391152
300.886 199.75 0.010408 0.00934408 0.0305813
300.606 202.789 0.00546639 0.000417324 0.00381007
378.828 218.897 0.00594662 0.00385194 0.0215028
341.65 302 0.0052686 0.00652449 0.0516844
354.62 387.66 0.0120767 0.00992456 0.0211289
33.3169 163.134 0.00384231 0.00759095 0.0303837
47.1484 161.262 0.000458341 0.00128623 0.0103783
282.818 165.455 0.00760717 -0.00513301 0.0276765
761.905 218.333 0.0136991 1.54967e-005 0.0178168
294.521 325.875 0.00475082 0.00470317 0.03904
295.705 326.486 0.00113509 0.000648853 0.00282933
352.826 410.407 0.00895276 -0.000806903 0.0261116
356.428 409.329 0.00213298 0.00162508 0.0173345
111.848 139 0.0140939 0.0027136 0.0133956
110.76 139.76 0.00874852 0.00506647 0.0100403
231.222 157.667 0.00685176 0.00336415 0.0320572
177.265 206.907 0.0215863 0.00548122 0.00367807
411.5 211.052 0.00345617 0.00495228 0.0300853
366.639 385.53 0.00551604 0.00438492 0.00894956
362.927 385.641 0.00187646 0.00205853 0.00610062
406.024 434.371 0.0025205 0.000412841 0.0126842
92.4118 151.912 0.0331286 0.0239997 0.0281695
35.9499 176.898 0.000684075 0.000432957 0.00437356
35.7263 186.032 0.000523708 0.000122614 0.000566955
146.096 205.096 0.00691609 0.00464681 0.0217092
626.979 398.688 0.010188 -0.00853559 0.0216221
627.747 390.842 0.00247169 -0.000285756 0.00158182
627.398 391.511 0.00200344 3.10717e-005 0.00126583
553.094 126.114 0.0282805 -0.00148452 0.0018969
556.055 124.688 0.00370607 0.00125605 0.00219398
553.857 124.699 0.00112133 -0.000214253 0.00128715
435.938 194.219 0.0101236 0.0155658 0.0319612
427.992 195.19 0.00140883 0.00211802 0.00752273
667.682 346.386 0.0113431 -0.00881718 0.0293765
670.447 344.764 0.00388786 -7.67279e-005 0.00251904
208.871 108.855 0.00456395 -0.00126021 0.0205977
208.893 112.56 0.00334381 -0.000447913 0.00267884
222.764 115.443 0.00745561 -0.00413049 0.0241896
418.295 248.423 0.00891284 0.0127282 0.0276977
365.703 461.268 0.00535887 -0.00227054 0.0184897
366.512 459.058 0.0034078 -0.000227939 0.00453142
534.922 208.9 0.0138664 0.00454582 0.0183771
611.1 346.76 0.00868936 0.00916894 0.0229285
609.157 343.127 0.0032757 0.000606449 0.00347442
609.294 340.677 0.00388147 0.000662871 0.00166214
599.009 341.689 0.000591422 0.00017377 0.000460374
725.108 63.5784 0.0195425 0.00359507 0.0102066
113.757 79.5792 0.00542015 0.00358594 0.0095475
321.313 150.59 0.000828687 0.000438182 0.00428175
328.835 150.659 0.000257768 0.00031274 0.0048995
328.929 114.619 0.010923 0.00762903 0.0268616
327.099 113.204 0.00410412 0.00293806 0.00624004
363.611 207.25 0.0130903 0.0122703 0.0323833
38.8534 94.1767 0.00678076 0.00658981 0.00946911
42.5493 91.0381 0.00404561 0.00472849 0.00704158
45.4281 90.8828 0.00162107 0.00139925 0.00216107
514.524 194.329 0.00871806 0.00856087 0.0415903
162.944 211.5 0.0269513 -0.00104979 0.00846786
164.49 211.52 0.0067964 0.00141347 0.00710007
337.668 390.589 0.0178464 0.00514086 0.00278765
37.203 139.658 0.00900743 0.000801195 0.00474068
314.245 295.735 0.00506626 -0.0016611 0.0237389
420.305 381.282 0.0060262 -0.0017785 0.00952587
166.125 86.2917 0.0112516 -0.0037821 0.015038
724.1 142.94 0.00769599 -0.00697761 0.033622
92.7278 224.424 0.0090149 0.00368167 0.00821098
143.59 250.601 0.0039951 -0.00122578 0.010008
479.629 266.933 0.00339419 0.000712378 0.00241596
573.346 71.0846 0.0188413 0.0398804 0.0888514
91.8176 176.594 0.0108974 1.9253e-005 0.00369355
432.21 229.08 0.00689713 0.00711788 0.0173154
261.085 32.703 0.00113333 0.000688338 0.00264855
83.6615 126.755 0.000134961 0.000778028 0.0296691
460.156 173.748 0.00415104 0.000258481 0.00664963
266.41 321.564 0.00216474 0.000420672 0.00849883
208.28 117.52 0.00619283 -0.0101086 0.0431764
55.7099 206.883 0.00230062 0.00194295 0.00823367
96.4333 210.433 0.00668917 0.0083808 0.0166931
434.992 242.342 0.0019369 -0.000351785 0.0033756
329.533 126.893 0.00587855 0.00332004 0.00535476
332.908 126.365 0.00148612 0.00129695 0.00314772
469.777 327.838 0.0060011 0.00505163 0.0182624
601.128 438.314 0.0167544 0.00773371 0.0181683
159.596 33.9808 0.00784518 -0.0100941 0.0289728
311.925 107.825 0.023264 0.00461724 0.0137958
325.929 209.595 0.0068399 -0.00363384 0.0171522
415.217 328.826 0.00537553 -0.00967206 0.0542891
350.199 381.468 0.00711697 0.00415785 0.00842969
74.9149 118.137 0.000101549 0.000117471 0.000254224
142.991 114.064 0.00657477 -0.00665311 0.0178891
692.157 53.0429 0.0314234 0.00593186 0.0161436
5.3 99.3286 0.00777746 0.00542598 0.0459435
596.036 471.143 0.0118156 -0.00642283 0.00986052
83.8866 113.559 0.00485362 0.00660723 0.012992
249.26 160.38 0.00230329 -0.0017409 0.0396845
620.716 247.284 0.00905649 0.00163217 0.00501723
99.748 41.4146 0.00134559 0.000783803 0.00587849
199.324 72.511 0.00314978 0.000882482 0.0155951
189.035 71.6111 0.00054309 -0.00122263 0.0114833
685.741 245.638 0.00321125 2.64675e-005 0.00226693
690.319 239.657 0.00157316 0.000647177 0.00107139
454.436 372.16 0.0046366 0.00403829 0.0339671
86.7308 73.7769 0.0147252 0.0185918 0.0294094
666.72 322.037 0.0105551 0.00910246 0.0377813
667.707 323.477 0.00607604 -0.00164757 0.0107999
83.2778 336.078 0.0084378 0.00571487 0.0317924
293.143 414.143 0.00552265 0.00670954 0.0228374
475.222 436.708 0.00415609 -0.00079619 0.00520374
23.9255 25.7766 0.0259994 0.000811919 0.0068044
409.226 104.952 0.00907171 -0.000195787 0.0024997
548.734 192.275 0.00313274 -0.00277521 0.00912518
536.3 222.117 0.00658178 -0.00209787 0.018945
464.348 286.457 0.0166992 -0.00136053 0.0120035
596.73 440.693 0.00209597 0.000137826 0.0003878
6.92188 106.672 0.00708934 0.0029143 0.0156676
56.2927 149.841 0.00359999 0.0027998 0.0184333
90.9318 256.159 0.0123156 -0.00323816 0.0178737
596.022 455.431 0.00222365 -0.000142362 0.00228341
710.444 114.63 0.0221193 0.00465481 0.00818198
710.681 113.765 0.0135193 0.00237898 0.00551899
710.606 111.089 0.00521346 0.00050801 0.00285179
405.134 33.3429 0.00513259 -5.10166e-005 0.0026969
427.284 68.1373 0.00261229 -0.000853663 0.0106943
295.681 73.4574 0.0067954 0.00418993 0.00856818
292.202 22.7419 0.00533233 0.00504955 0.0104096
133 55.7885 0.00438396 -0.00882665 0.0470491
138.514 58.2687 0.00257936 -0.00369714 0.0102325
414.392 81.3169 0.00121754 -0.000234552 0.00634962
480.89 345.378 0.0120285 0.000406493 0.0214023
309.649 61.7836 0.00590057 0.00354969 0.0149336
604.271 131.337 0.0125533 0.00546547 0.00413943
582.652 147.247 0.00610932 -0.000838171 0.00890809
662.073 158.122 0.0142881 0.00713059 0.00940827
660.721 157.416 0.00798082 0.00346469 0.00422248
659.931 157.823 0.00535671 0.00243487 0.00363272
659.07 157.596 0.00401173 0.00171503 0.0029474
508.864 14 0.0607202 0.00113096 0.00172843
386.516 32.6719 0.00911902 0.000606546 0.01061
516.738 171.087 0.00195651 8.61464e-005 0.0455136
105.684 233.303 0.00430879 0.000938437 0.00985155
110.105 239.11 0.00103446 0.000361027 0.00202359
494.424 293.212 0.00210583 -0.00042368 0.000907914
22.2658 154.901 0.00296265 0.00111988 0.0025346
363.816 213.947 0.0144307 0.0114253 0.0313334
758.351 267.457 0.00738165 -0.00867623 0.0139076
757.745 269.028 0.00443614 -0.00400201 0.00548967
756.661 271.417 0.0024157 -0.00150388 0.00165887
751.926 264.036 0.00120165 -0.000498879 0.000593594
45.9306 428.458 0.0162722 0.00772919 0.00822193
285.806 57.8647 0.00325492 0.00117143 0.00751649
584.992 73.3254 0.00528078 0.00616877 0.0139446
53.1154 120.519 0.0139683 0.0186185 0.0348072
330.298 416.821 0.00414322 0.00734228 0.0203775
398.366 367.984 0.00172458 0.00157736 0.00727869
195.667 134.333 0.0124155 -0.0089844 0.0183614
700.053 145.266 0.019103 -0.0125616 0.0190462
699.833 144.636 0.0138777 -0.00757042 0.0109902
755.344 181.856 0.0258527 -0.00100231 0.00488749
755.764 184.896 0.0140798 -0.00080673 0.00260201
212 184.944 0.0309578 -0.00255468 0.0118154
476.8 237.729 0.010107 0.00326935 0.0120452
113.518 407.289 0.0199176 0.0109576 0.013906
547.157 441.457 0.0270256 0.00284785 0.00183158
548.517 443.049 0.00688855 0.000273809 0.00148139
359.45 16.7587 0.000339558 0.00046084 0.00228563
6.14151 176.991 0.00413461 8.22774e-005 0.00118552
459.39 33.7603 0.00482059 0.00232373 0.00518603
683.632 95.8026 0.00766603 -0.00175918 0.0110929
734.662 131.558 0.00137092 0.00120094 0.00204457
737.047 129.693 0.000841928 0.000737464 0.0015309
277.689 204.732 0.00630814 -0.00307296 0.00871299
544.95 273.266 0.00245442 -0.000221265 0.00432094
81.5862 61.9138 0.0212542 0.0190329 0.0222453
565.198 177.421 0.00139263 -0.00198439 0.00795622
245.312 297.378 0.00242356 0.00060112 0.00402512
294.5 402.11 0.0164145 -0.00280864 0.0146245
33.7276 430.719 0.000682769 0.000440178 0.00344188
260.625 463.071 0.00450558 0.00471698 0.0264926
175.437 500.894 0.00452787 0.000719676 0.0041054
173.299 502.069 0.00203822 -6.59941e-005 0.0020834
434.865 2.90385 0.0014171 0.00115967 0.024872
329.823 11.1774 0.00757422 -0.00851267 0.0216498
605.676 286.298 0.00429562 0.000445448 0.00682557
254.934 409.828 0.0018292 0.00190154 0.00600676
400.772 415.195 0.00380093 -0.00162293 0.00520297
398.383 415.254 0.00149416 6.02384e-005 0.00429489
198.14 467.94 0.020031 -0.00564004 0.00783197
180.438 353.915 0.00870945 -0.000402131 0.0119952
595.614 370.114 0.00938547 -0.00703282 0.0182356
187.009 57.0636 0.00950521 -0.00367542 0.0140539
276.471 296.314 0.00629151 6.532e-005 0.00488214
203.328 405.224 0.00148534 0.00106232 0.0068081
25.6056 416.786 0.00206527 -0.00190062 0.00791381
536.133 176.551 0.00338885 0.00556812 0.0305807
179.912 485.775 0.00503622 -0.00173868 0.0220784
115.92 261.156 0.00235073 -0.000442667 0.00391352
516.186 402.786 0.013196 -0.00381458 0.0284261
521.783 401.017 0.00127178 0.00193859 0.0163487
6.59091 436.318 0.00465706 -0.000608907 0.00476583
326.64 496.802 0.00506692 0.000943552 0.0113432
449.587 5.97712 0.000340066 -0.000397566 0.00417274
602.262 266.452 0.00424613 0.00158795 0.0537264
174.106 343.218 0.00809386 -0.00491553 0.0121483
274.305 391.143 0.00273485 -0.000451322 0.00582353
744.3 137.1 0.0209439 0.0193371 0.0342005
507.899 334.94 0.00147572 0.00116624 0.00401943
508.564 334.616 0.000887318 0.000295529 0.00244384
505.416 331.457 0.000453346 -0.000208793 0.000688726
134.468 390.379 0.00267966 -1.01881e-005 0.00185943
233.234 455.922 0.00150043 -0.000800034 0.0122162
604.386 260.591 0.0220331 0.0643842 0.197713
604.479 276.649 0.0102575 0.0121095 0.034713
181.042 380.602 0.00385336 0.0023463 0.0320795
509.979 434.729 0.0151287 -0.00238715 0.00417183
440.742 21.8077 0.00557773 0.0056063 0.0160332
517.092 111.345 0.00611355 0.00550573 0.0176655
638.907 171.185 0.0142641 0.000824316 0.0121815
144.367 348.271 0.0046748 0.00242254 0.0120724
505.634 367.883 0.00054739 -0.000156512 0.00212953
158.7 399.25 0.0136549 -0.000984465 0.0200977
117.19 500.036 0.00402145 -0.00591684 0.0188038
317.603 46.7241 0.0076772 -0.000102475 0.0182248
430.19 394.895 0.00200876 0.000183148 0.00200716
528.828 430.603 0.00608621 -1.11506e-006 0.0192601
124.702 457.509 0.00347239 0.00248219 0.0103752
492.374 9.51149 0.00611652 -0.000923545 0.00794927
542.816 16.8158 0.0201818 0.0018464 0.0067289
701.357 231.663 0.0278374 -0.000375978 0.00804784
649.233 251.522 0.0301576 -0.00438039 0.00451702
258.5 421.392 0.0152072 -0.00879579 0.0259865
138.644 428.892 0.0028094 -3.48705e-005 0.00715639
287.989 436.904 0.0209743 0.0176924 0.0264329
96.371 506.231 0.00883343 0.0073535 0.012453
136.875 76.6875 0.0190724 -0.0221732 0.0356689
22.85 109.417 0.00590162 -0.0075702 0.0292843
516.183 306.35 0.00714408 -0.00403319 0.016664
486.2 315.96 0.0122182 -0.00171535 0.0128119
491.589 387.633 0.0453749 0.0233346 0.0169785
656.7 462.24 0.00794507 -0.00708481 0.0319773
626.747 11.7338 0.00774053 -0.000376907 0.0114167
626.902 11.6696 0.00602462 0.000988406 0.00731151
545.333 166.167 0.00507203 0.0120557 0.0765276
499.45 191.683 0.00748524 0.0010569 0.0155191
231.061 196.553 0.0254765 0.00244024 0.00683594
726.044 324.665 0.00456981 -0.00197982 0.0141504
685.427 6.32927 0.0207573 0.0222308 0.0374959
627.235 183.886 0.0150015 0.00204876 0.00443452
732.58 178.523 0.00557098 0.00446153 0.0152114
135.935 282.087 0.0258302 -0.00195231 0.00910435
133.349 357.634 0.00274108 -0.00216439 0.00731055
572.991 505.364 0.00283213 -0.00113414 0.00354112
431.383 370.257 0.00371134 0.00394208 0.0148893
152.217 380.123 0.00890247 0.00779746 0.0262157
123.772 425.92 0.00498522 0.00406692 0.0185443
537.878 33.2297 0.0189471 0.0142424 0.0197967
415.678 407.1 0.0141862 0.00270862 0.017404
7.55263 410.737 0.0053643 0.0117552 0.0596718
415.437 490.389 0.00712104 -0.00299273 0.0195316
611.331 18.0493 0.00754928 -0.00208695 0.0126519
665.095 138.757 0.00720577 -0.000130567 0.009632
672.839 190.862 0.00201935 -0.00123861 0.00171977
199.608 245.414 0.0087281 0.00729271 0.0127816
584.77 379.338 0.0127582 -0.000241296 0.00660962
583.522 381.682 0.00842617 0.00105846 0.00200501
599.318 404.068 0.0194538 -0.00113886 0.0111348
591.924 405.894 0.0025565 0.000520427 0.00187016
477.745 417.425 0.0187786 0.0109608 0.016312
438.975 30.9237 0.00806227 0.00278168 0.0124357
261.795 301 0.0239734 0.00303559 0.0110987
100.063 17.875 0.0192201 -0.00151646 0.0109402
102.2 14.2375 0.00373952 0.000802313 0.00255973
472.971 32.2059 0.0101049 0.00715129 0.0338192
750.586 154.529 0.0118111 -0.00578619 0.0243042
524.771 291.333 0.0202567 0.0524841 0.143324
156.933 452.767 0.00229765 -0.00107941 0.0141567
450.209 478.573 0.00317681 -0.000516024 0.00646576
667.711 12.1667 0.00446449 0.00607387 0.0317912
196.163 231.645 0.00356226 0.00267393 0.00577153
526 282.167 0.0106395 -0.000112919 0.0106144
680.148 295.344 0.00453683 0.00119182 0.0055065
677.967 294.066 0.00284667 -0.000289065 0.00307653
71.629 509.21 0.00595469 0.0127968 0.0468812
25.2495 5.49813 0.000267479 0.000314825 0.00540058
753.115 22.0128 0.0122667 0.0187718 0.0549378
576.492 283.084 0.00356346 0.00292083 0.00804393
592.115 305.859 0.00671416 -0.00422153 0.00743785
654.636 406.705 0.0187279 -0.00687279 0.0148637
542.471 489.529 0.00270936 -0.00104379 0.00510222
204.176 502.632 0.0146956 -0.00921324 0.0124222
752.893 34.5164 0.0156707 0.0054647 0.0111131
754.341 30.341 0.00390004 -0.000210441 0.00169771
658.528 456.889 0.00889053 -0.0154077 0.0610244
742.403 195.558 0.0102893 0.00317754 0.0046805
100.988 434.523 0.00774344 0.00856684 0.0455225
155.232 2.0122 0.00778024 0.00354304 0.0346096
670.109 30.2652 0.00493965 -0.00339312 0.0061332
546.527 324.986 0.0152507 0.00343901 0.0190812
550.207 354.46 0.00904674 -0.00107996 0.00885586
167.418 464.622 0.00601241 -0.00463952 0.0371055
565.554 417.411 0.0293533 0.0136417 0.011508
92.2284 495.574 0.00312822 0.00664427 0.0327035
717.532 14.332 0.0117629 -0.00601074 0.00528844
119.1 59.9 0.00477898 -0.00882965 0.0310427
642.85 265.275 0.0122482 -0.0105844 0.0289394
533.966 356.87 0.00195125 2.90014e-006 0.0117865
537.772 142.003 0.00459717 -0.00149377 0.00438334
653.369 4.2757 0.00322285 0.00696176 0.0229663
709.316 43.9082 0.0179208 0.00366439 0.0109603
717.28 39.916 0.00127662 0.000813333 0.0040924
757.87 102.674 0.0188438 0.0273671 0.0505359
755.306 103.216 0.00429549 0.00432123 0.0106328
740.324 211.853 0.0154763 0.0232135 0.0438769
607.095 415.476 0.0211505 0.00433371 0.0124786
154.641 509.438 0.00364609 0.00376734 0.0248259
665.617 243.117 0.00499149 0.00201163 0.0262891
710.401 388.951 0.00415489 -0.0014441 0.0195067
629.172 80.0518 0.00244916 0.000643144 0.00096502
684.667 149.903 0.00379155 0.00280425 0.0303192
623.526 457.768 0.00192874 -0.00254332 0.00593697
762.988 52.0581 0.0438466 -0.00377112 0.00687622
763.583 382.861 0.0508134 -0.00506687 0.00350003
609.413 388.087 0.0105553 -0.0051943 0.0223857
588.663 503.541 0.0176564 0.00879005 0.0141917
618.289 432.395 0.0113558 0.00248302 0.026715
707.577 209.058 0.00665146 -0.00261677 0.00752739
690.272 76.4241 0.0142256 -0.00560513 0.00786996
740.594 15.6509 0.00460546 -0.00436915 0.0254871
759.913 438 0.00561519 0.00205057 0.0233274
703.035 460.36 0.00526801 0.00709303 0.0537918
592.362 2.31034 0.00475187 0.00422255 0.0321286
756.936 112.654 0.00295017 0.00392034 0.0762179
