1.0
292
318.22 5.99333 0.00373742 0.0040395 0.0149953
290.853 123.834 0.000300213 -2.19065e-005 5.93476e-005
371.199 107.233 0.000320936 9.91011e-006 7.53111e-005
141.161 214.28 0.0136298 -0.00133696 0.0100158
868.11 281.305 0.000190086 -4.03396e-005 0.00981622
12.3807 83.4458 0.0010204 -0.000221358 0.0012085
5.28261 111.457 0.00633376 -0.000520236 0.00522528
802.577 280.421 0.00033691 -0.000265649 0.0105698
432.337 52.236 0.000777524 0.000216484 0.000100462
143.095 125.068 0.019373 -0.00144469 0.0203636
146.467 170.217 0.0148168 0.00147587 0.00983234
5.03125 44.2396 0.00573056 0.00184016 0.00429806
815.082 96.533 0.00140283 0.00102314 0.00542414
815.387 95.5119 0.00111469 0.000199513 0.00254972
815.701 93.1389 0.00100979 0.000103618 0.0012139
831.701 116.71 0.00170404 0.0107249 0.0690225
832.377 116.563 0.000698862 0.00419886 0.0266923
149.372 212.833 0.0163035 0.00223368 0.0220856
860.244 235.049 0.000274433 -0.000393906 0.00268253
832.037 246.859 5.2637e-005 -3.13217e-005 0.000190024
347.598 89.9517 0.00161921 0.000303872 0.00010663
881.877 84.3592 0.00135001 0.00104117 0.00600821
883.088 84.1215 0.00116793 0.00116927 0.00568297
858.066 89.1416 0.00329587 0.00157726 0.005998
853.622 89.5881 0.00128139 0.00068218 0.00529524
852.343 88.6371 0.00107869 -0.000153255 0.00288478
851.055 84.4816 0.00104057 -0.000213292 0.000933606
83.375 218.604 0.022655 -0.00120207 0.0102513
147.936 193.445 0.0197755 -0.000545948 0.00922053
81.6053 198.325 0.0178619 -0.00153647 0.0100007
791.287 100.303 0.00238594 0.000676513 0.00707205
789.407 100.249 0.00158302 9.20967e-005 0.00624545
787.246 99.9599 0.00123954 -0.0002368 0.00442964
784.376 95.0804 0.00122312 -0.000297004 0.00100759
133.88 124.86 0.0115092 -0.00138368 0.0188023
147.318 180.364 0.0137174 -0.00103995 0.00917932
82.4483 208.655 0.0172951 -0.00131063 0.0101011
148.917 204.104 0.0228878 -0.00105029 0.0107062
363.788 13.7162 0.0370261 0.0681056 0.126219
800.502 240.38 0.000632383 0.000792341 0.00199509
138.035 180.655 0.0110768 -0.000507057 0.00964459
125.18 124.68 0.0124579 0.000410907 0.0168557
158.694 18.0896 0.000521306 9.64895e-005 0.000448153
13.6556 18.0333 0.0129532 -0.00419207 0.017251
9.91071 16.6518 0.00288912 -0.00305744 0.0104838
9.57717 18.127 0.00194752 -0.000812136 0.0014816
10.9299 25.4908 0.000919643 0.00013443 0.000368821
137.1 170.4 0.0122462 -0.000670685 0.00954484
618.487 315.447 0.00232937 -0.00357217 0.0458748
776.862 333.845 0.011462 0.00251462 0.00783172
28.4583 19.3125 0.0124369 0.000763409 0.0162357
196.564 2.94681 0.0130224 0.00769955 0.0189849
142.56 89.04 0.0124568 -0.00271769 0.0152928
139.222 193.792 0.0103927 -0.00058254 0.00979669
105.327 431.028 0.0011207 0.00034546 0.0029451
70.3212 30.851 0.0623799 -0.0041973 0.000640078
68.9043 30.4938 0.015277 -0.0012621 0.00037341
214.577 107.936 0.0136122 0.0215505 0.0524672
225.433 180.522 0.00826363 0.00751807 0.028354
139.957 204.386 0.0117966 0.00032148 0.00966832
184.561 8.28788 0.151655 -0.012416 0.00376552
762.937 56.9845 0.0162438 -0.000555776 7.458e-005
760.685 57.7707 0.00382366 -0.000139966 5.95234e-005
321.083 150.167 0.0273291 -0.00210042 0.00404744
2.28125 3.5625 0.0280716 0.00726099 0.0108652
735.964 296.661 0.0323288 -0.0422045 0.0586896
168.397 97.1164 0.0161587 0.000190126 0.000259245
195.9 115.975 0.0135557 0.0158017 0.0225499
174.377 179.616 0.013666 3.94713e-005 0.000325877
209.532 70.735 0.00618984 0.000364139 0.000189193
78.008 514.912 0.000883763 0.00437842 0.0222859
193.455 171.318 0.011203 0.00029783 0.000341844
352.269 165.792 0.0062398 0.00486342 0.0209419
187.626 84.8832 0.00936052 0.000352394 0.000209928
319.611 130.181 0.0297881 0.000176606 0.00358484
342.384 168.849 0.0352243 -0.002641 0.00905739
16.9878 3.9878 0.0211295 0.0116157 0.0180513
215.659 162.728 0.00805156 0.000309015 0.000316097
143.162 112.676 0.0117048 0.00166192 0.00898895
223.53 78.8333 0.0872607 0.00136846 0.00608615
321.456 163.856 0.0373635 0.0042397 0.00615075
216.676 82.75 0.0164473 0.00220674 0.00611468
833.381 18.9036 0.000237777 0.000756904 0.00305273
834.719 19.6644 0.000182293 0.000557805 0.0023054
849.069 34.053 3.65499e-005 -7.18774e-006 9.39017e-005
879.25 202.156 0.00550638 0.000545381 0.00805769
884.833 202.671 0.00140285 0.000282175 0.00296191
877.893 203.645 0.000199546 -0.000261027 0.00291901
882 266.5 0.000578704 0 0.75
779.227 59.6475 0.00269532 0.000140714 0.000847026
770.696 208.637 0.0093199 -0.00655735 0.0229022
769.135 209.022 0.00448388 -0.00152268 0.00824326
215.529 96.3235 0.0826472 0.00130868 0.00579872
874.382 156.941 0.00556031 0.0114639 0.0963706
780.544 174.322 0.00270755 0.0125692 0.13577
844.847 45.6516 0.00210587 0.000440775 0.000815458
812.624 50.7481 0.00167084 0.000564201 0.00145447
799.167 8.77717 0.000160998 0.000294377 0.00216245
318.205 140.877 0.00799807 0.00812986 0.0213467
318.833 136.143 0.00566403 0.000678221 0.000910558
239.5 66 0.0398995 0.00310255 0.00173059
219.399 79.6348 0.00606958 -0.000694732 0.00107713
217.659 88.2115 0.00478309 0.000557149 0.00052763
833.513 83.208 9.5236e-005 1.50529e-005 9.2484e-005
834.567 65.0771 6.24545e-005 2.24616e-005 0.000122905
181.392 23.5418 0.0195533 0.0222763 0.0256965
180.947 23.258 0.00774573 0.00864012 0.00994361
182.594 20.1 0.00182105 0.00175021 0.00197133
768.024 281.583 0.00438191 -0.00193687 0.00204353
829.047 255.23 0.0990203 -0.00213352 0.000244896
830.274 255.199 0.0208972 -0.000497619 0.000234021
847.913 272.922 0.000210359 -0.00015184 0.000257978
821.809 276.453 5.23424e-005 -6.43942e-006 0.000199836
812.173 279.277 6.21702e-005 1.33548e-005 0.000170052
816.75 287.635 0.00212642 -0.00409764 0.0750574
175.565 96.4677 0.0149272 0.0020187 0.00177082
175.358 108.221 0.0090212 0.000503014 0.000418107
182.14 178.767 0.0127192 0.00189103 0.00203748
180.964 183.689 0.00604734 -0.000184376 0.000673377
832.145 253.368 0.276027 -0.00518994 0.000354631
793.7 286.967 0.0014572 -0.00163752 0.189967
789.661 286.706 0.000205989 -0.000308027 0.00188827
258.833 389.047 0.00244936 -0.00125798 0.0339293
256.962 389.33 0.00177224 0.00056276 0.0269165
249.019 390.228 0.000285468 0.000673946 0.0212009
866.841 288.386 0.00024884 -0.00379954 0.173345
865.672 289.601 0.000209396 -8.5306e-005 0.0249966
794.927 34.3977 9.50524e-005 5.82859e-005 9.25184e-005
328.388 175.673 0.00194367 0.00111756 0.00607483
325.596 160.184 0.00172721 -0.000356568 0.000261302
321.433 158.7 0.0066675 0.00180918 0.00326198
237.726 91.8585 0.0109021 0.00830498 0.0100967
237.415 79.0344 0.0049232 0.000492422 0.0003012
404.015 14.5606 0.043893 0.000135144 0.00616396
886.814 61.7571 0.00363115 0.000492073 0.00483038
238.325 36.575 0.0334576 0.0192078 0.0205652
885.295 25.5158 0.00312074 0.000907395 0.00519371
245.53 177.288 0.0348609 0.0020825 0.00300392
176.208 119.938 0.0169311 0.00303941 0.00291939
886.38 74.58 0.00377113 0.00213992 0.0267217
216.359 58.7724 0.00445121 0.00081511 0.00162649
194.388 87.4583 0.0054305 -0.000120245 0.000340765
31.7 276.2 0.0142063 0.00671869 0.00952054
32.8468 276.702 0.00329538 0.000683909 0.00648248
193.1 115.675 0.0259854 0.0419215 0.0779144
222.905 155.234 0.00467573 0.000318358 0.00172774
223.097 157.113 0.00447619 0.000120568 0.0012162
223.507 161.462 0.0041098 -7.15829e-005 0.000668779
244.705 149.546 0.0203398 -0.000869927 0.000935053
244.943 155.407 0.0162517 -0.000342108 0.000288087
200.558 172.311 0.00567124 -0.000181829 0.000551155
796.005 16.4936 0.000129044 6.58503e-005 0.00015655
77.6754 109.132 0.148392 -0.0126116 0.00180728
758.23 239.297 0.00185285 0.00115958 0.00111569
793.218 214.739 6.60173e-005 9.37667e-005 0.000294673
810.277 214.672 2.83663e-005 3.19925e-005 0.000253144
57.9444 278.75 0.0123291 0.00390195 0.0210151
62.4417 277.316 0.00303017 0.0027961 0.0131667
286.474 190.09 0.23949 -0.0153652 0.0019845
48.3571 274.471 0.0150026 -0.00737575 0.0204676
29.8752 64.8173 0.000707437 -5.03036e-005 5.34922e-005
28.8817 64.7733 0.000624257 -6.28777e-005 4.95789e-005
27.9427 68.1877 0.000555845 -5.61959e-005 4.49154e-005
360.214 28.8714 0.0145625 0.0136548 0.0363029
889.627 226.281 0.00174016 -0.000691438 0.00157914
748.149 296.956 0.0207128 -0.0117316 0.0151901
541.788 182.6 0.0422105 -0.00175627 0.00107954
794.77 274.716 0.00100414 -0.00706791 0.29698
747.848 282.306 0.00654641 -0.000947744 0.00233736
748.946 282.819 0.00579734 -0.00145709 0.00164169
280.085 196.115 0.0618367 -0.00358004 0.00202185
529.649 139.167 0.000623188 -0.000192257 0.000188251
11.4605 5.94737 0.0123101 -0.00118277 0.00480212
93.0283 232.406 0.0160452 0.0139374 0.0181851
888.744 274.989 0.00147874 -0.00055446 0.187777
873.639 275.487 0.000278534 0.000324298 0.0857409
5.93478 279.022 0.0115841 -0.00364149 0.0201452
372.186 85.9259 6.19234e-005 2.35608e-005 2.8155e-005
522.11 80.3584 0.00053781 -6.24556e-005 3.28234e-005
883 265.5 0.000648789 0 0.75
408.731 4.32051 0.00416686 0.00199867 0.0168907
346.194 8.71429 0.000759627 0.000720623 0.00226046
871.621 267.397 0.000277096 -0.00335697 0.395621
874 258.5 0.000277367 0 0.75
14.4773 91.3636 0.00967569 0.00486992 0.0152508
788.937 300.526 0.000291772 -0.000155795 0.00717694
881.053 256.447 0.000555848 -0.00374547 0.494476
874.036 254.967 0.000276909 0.000145941 0.0105635
872.859 253.289 0.00031113 -0.000229461 0.00188803
871.731 259.699 0.000280051 -7.03766e-005 0.000608651
874 272.5 0.000277367 0 0.75
206.798 382.266 0.00747673 0.00531276 0.0247061
876.813 251.563 0.000360393 -0.0031245 0.467456
876.256 270.946 0.000278201 5.62856e-005 0.0411044
873.727 271.209 0.000281338 -4.81541e-005 0.00539807
723.826 361.084 0.0034271 0.0132707 0.0699892
728.063 359.963 0.00157796 0.0062538 0.0337469
869.448 249.155 0.000556494 -0.00772423 0.309312
160.21 299.177 0.00714684 -0.0109928 0.037662
189.873 379.551 0.0105847 0.00828731 0.0211352
207.158 302.921 0.0140484 0.0143013 0.0349574
135.25 244.458 0.00744888 0.0129404 0.0226433
408.457 373.371 0.00215844 0.0039633 0.0471675
39.3446 291.748 0.000175213 0.000619297 0.0087047
71.6777 290.642 3.76409e-005 0.000183361 0.00791993
848.064 355.009 0.00656514 0.00486072 0.0170093
131.913 82.7826 0.00143635 -0.0111076 0.221771
876.767 261.595 0.000257836 -0.000515317 0.0544867
148.977 290.208 0.00358311 -0.0114081 0.0625547
501.573 345.247 0.00117184 0.000238092 0.00742519
253.5 210.5 0.000612245 0 0.75
869.351 246.883 0.000786422 -0.0119186 0.376164
522.555 285.882 0.0136157 -0.00244558 0.0128237
779.229 340.771 0.00847235 0.00525126 0.0103378
80.2097 101.935 0.0124247 -0.00102708 0.00010328
76.2147 90.6217 0.00242041 -0.000274865 4.657e-005
6.76667 21.3889 0.0132891 -0.0033879 0.0116729
542.5 299.568 0.0224923 -0.000528511 0.00473745
560.516 291.544 0.000144766 -9.9269e-005 0.000515656
3.33333 99.9792 0.0131316 -0.0016586 0.00489714
62.4466 28.1558 0.0197422 -0.00240755 0.000456892
7.59091 266.614 0.0109628 -0.00217424 0.0171894
688.695 284.378 0.0874737 -0.0274401 0.00987775
507.875 294.958 0.00927824 -0.0234168 0.0711043
507.509 294.716 0.00495686 -0.00524091 0.00758284
365.897 14.9132 0.0343485 0.0641127 0.120504
257.211 151.289 0.0120129 0.00155572 0.0123509
139.593 187.18 0.00119978 0.00354051 0.0686272
144.422 188.605 0.000740836 -0.000245229 0.00113095
143.531 190.272 0.000792178 -0.000125655 0.000491979
651.26 281.36 0.0133386 -0.0103358 0.0230196
653.157 290.381 0.00282377 -0.000376379 0.000905248
469.6 290.6 0.0766214 -0.0688575 0.0650734
469.924 297.051 0.00134455 -0.000953968 0.00124725
368.409 9.06364 0.0541816 0.0979945 0.179593
135.833 44.9359 0.00165101 0.00105362 0.00282787
4.34 257.96 0.0131086 0.00787304 0.0159459
301.585 301.547 0.000452294 0.000190352 0.000531367
798.893 375.443 0.00365672 0.000603912 0.0037047
155.937 499.416 5.10274e-005 0.000214518 0.00108277
150.291 24.3221 7.40141e-005 4.77491e-005 0.000313724
135.297 111.879 0.000782674 -2.97142e-005 0.000576101
133.842 109.089 0.000772022 -9.18006e-005 0.000523908
133.575 105.984 0.000707895 -9.28571e-005 0.000330995
644 175.2 0.00350832 0.000520008 0.0741877
644.5 174.157 0.00426591 0.00264027 0.0149076
788.04 367.659 0.0165689 0.0120123 0.0128376
840.427 350.207 0.00552123 0.00396018 0.0357333
611.532 253.796 5.99526e-005 0.000175161 0.000997258
859.643 354.271 0.0353522 -0.0062941 0.0105867
696.31 266.857 0.000589168 -0.000857371 0.138375
335.046 309.528 0.00238975 2.5961e-005 0.000357483
709.91 289.286 0.000770886 -0.00055772 0.00110115
24.4605 263.816 0.00567121 0.00323262 0.0120193
292.389 347.331 0.000340104 0.000189193 0.00256015
542.719 312.986 0.0325989 -0.0333996 0.0356741
815.291 375.407 0.014546 -0.00211051 0.0146617
526.324 323.471 0.00893501 -0.00550963 0.0158386
858.5 366.064 0.0165656 0.0218699 0.0381463
16.0316 149.032 0.0037226 -0.00103546 0.0122649
99.4076 223.363 0.00164777 0.00151015 0.00221973
741.881 303.429 0.0711991 -0.0930609 0.124369
659.172 326.094 0.00959578 -0.00509953 0.01518
286.596 72.2885 0.00989453 -0.00272397 0.0128314
576.42 349.88 0.0206005 -0.00212891 0.00564586
574.764 349.752 0.00509898 -0.000862721 0.00412504
159.608 514.49 0.00113722 0.00538331 0.0256642
276.9 291.344 0.0128205 0.00510283 0.0230731
709.927 347.927 0.0280985 -0.0024227 0.00377462
107.411 364.322 0.00224843 0.0178457 0.234378
72.2415 367.58 0.000534712 0.00541354 0.0595306
330.287 471.713 0.0851703 -0.0249487 0.00961428
503.399 376.863 0.000402436 0.000398048 0.00280676
506.863 374.915 0.000274849 0.000268374 0.00222616
627 175.5 0.00382653 0 0.0833333
313.316 445.553 0.0183231 -0.0215569 0.0460026
135.756 218.965 0.00789727 -0.0022724 0.0241705
265.295 341.909 0.00925044 -0.00299242 0.0258993
697.233 355.283 0.00757078 0.0005475 0.0139706
697.991 317.462 0.00494032 -0.000868004 0.0325197
348.025 271.6 0.00324658 -0.0110027 0.055954
378.4 417.125 0.00973087 -0.00619125 0.01087
211.953 321.46 0.00689735 0.00625065 0.0114866
213.239 322.887 0.00219054 0.000672633 0.00516732
649.071 120.714 0.0492621 0.00173928 0.00661455
727.233 345.603 0.00130261 0.000574885 0.00361918
641.198 163.5 0.00830841 0.000134273 0.00377896
51.4412 193.363 0.025125 0.00643318 0.00741863
472.139 377.861 0.00887367 -0.000688365 0.00902717
150.69 556.272 0.00117498 0.00484615 0.0201221
628.227 162.966 0.00944623 -0.00101155 0.0035092
618.174 166.239 0.0118707 0.00587613 0.00879167
