1.0
616
993.848 9 0.0202083 0 0.0138666
993.823 8.86923 0.0119554 -0.000865943 0.011718
273.206 530.426 0.00561938 -0.00378649 0.0208468
223.682 472.818 0.00352078 -0.00119222 0.0244117
241.027 495.107 0.0359005 0.0143014 0.00663674
265.12 555.987 0.00883527 -0.00198955 0.00124371
913.717 442.054 0.016628 0.00242245 0.00317309
722.774 206.434 0.00961431 -0.000513435 0.00036938
724.276 207.119 0.0053488 -0.000378911 0.000391415
810.341 379.548 0.0111335 -1.5143e-005 0.0112466
809.72 379.5 0.00704401 -0.00109764 0.00794528
809.646 380.662 0.00262267 -0.0028369 0.00553409
107.683 467.404 0.00375376 -3.3662e-006 0.00256923
108.818 465.956 0.00252869 0.000762463 0.00197155
927.093 400.04 0.000623731 -0.00017898 0.00202416
117.892 476.559 0.0991845 0.029805 0.0104692
550.773 519.386 0.0201881 -0.00856889 0.0153843
277.986 521.797 0.0385475 -0.00149625 0.0104367
280.588 522.852 0.00633711 -0.00137956 0.00888743
564.926 528.883 0.0269534 -0.0010021 0.00966768
914.874 381.12 0.00375121 0.00641437 0.0131055
912.047 381.695 0.00198562 0.0029719 0.00540881
456.229 397.479 0.00739743 -0.002469 0.01946
837.944 413.252 0.000453235 0.000777845 0.00375754
882.128 415.36 0.0293502 -0.0101579 0.00905973
236.991 443.682 0.00581801 0.0020806 0.0258784
924.056 466.522 0.0454575 0.0242695 0.0181974
879.481 515.348 0.0195125 -0.000563737 0.00230901
989.5 546.632 0.00152227 -0.000383924 0.0715548
795.109 549.609 0.0206963 0.00319689 0.012167
796.202 538.116 0.00490494 -0.000647514 0.000599301
957.67 320.47 0.117859 -0.00843581 0.00100699
322.742 327.127 0.00211349 0.00029766 0.000512864
482.814 583.308 0.00169234 -0.00124153 0.00280395
478.526 387.526 0.0512137 0.00631137 0.00506747
419.882 395.465 0.00498913 -0.00235596 0.00353835
578.284 99.7703 0.0253889 -0.00111447 0.016522
730.207 274.866 0.0057469 -0.000467767 0.000138379
310.5 446.944 0.0102378 0.00276246 0.017303
798.682 541.386 0.0180815 0.000438135 0.0130997
789.656 557.344 0.0101818 -0.00283324 0.0198354
140.932 367.182 0.0327346 0.0122127 0.0115858
599.4 395.035 0.00382982 -0.00182262 0.0034545
882.782 502.038 0.0176462 0.00379488 0.0133198
106.568 542.381 0.00410832 0.00180468 0.00207732
353.074 366.712 0.000939867 -8.90812e-005 0.000509269
131.71 465.629 0.0121036 -0.00228723 0.0108451
420.496 367.549 0.00106384 -3.39854e-005 0.000224208
417.091 414.068 0.015248 0.0144997 0.0214172
388.5 422.437 0.00480772 0.00450073 0.0140512
789.063 565.563 0.00862622 -0.00183891 0.0229802
857.67 203.198 0.0166694 -0.00168888 0.00194479
861.402 203.58 0.00268182 -0.000770222 0.00241581
414.768 307.033 0.000893928 -9.95294e-005 0.000226099
313.232 562.444 0.0452554 0.0133023 0.00577323
348.054 314.656 0.0010944 -1.79532e-005 0.000236288
453.614 358.667 0.000886858 -2.1635e-005 0.00046123
72.8469 505.459 0.00282183 -0.00370213 0.0332131
62.1703 520.654 0.00271329 0.00167158 0.00130336
997.041 641.558 0.020173 -0.0019404 0.000975012
866.466 205.295 0.0123844 -0.00371219 0.00560013
445.733 314.455 0.00132585 -0.000383656 0.000536639
817.992 401.466 0.00839684 -0.00118386 0.0164222
888.761 473.914 0.014276 0.00387663 0.00189034
584.474 218.445 0.000256231 0.000153547 0.000328328
779.429 501.662 0.0222938 0.00643819 0.00355
829.353 210.633 0.0161453 0.0025096 0.00425474
860.156 229.347 0.0173448 -0.0010601 0.00106145
842.01 233.56 0.00509449 -0.000999188 0.00116971
840.058 231.532 0.00108512 -0.000244253 0.000920382
837.956 251.582 0.000764589 4.98377e-005 0.000106599
734.857 348.639 0.0113125 -0.00103598 0.00034292
736.428 349.294 0.00537887 -0.000485325 0.000278559
837.375 500.625 0.0916174 0.00523425 0.00366964
988.501 540.732 0.00118181 -0.000182183 0.000594254
323.201 368.695 0.00118994 -6.85476e-005 0.000520489
851.63 233.111 0.166484 -0.0116367 0.00162479
304.988 3.7375 0.00488932 -3.13342e-005 0.0117056
307.026 7.81908 0.00203739 0.000134567 0.00282229
298.396 9.80205 0.000649226 0.000259737 0.00188184
866.566 176.97 0.0015051 0.000505703 0.0129199
11.8548 309.703 0.00138729 0.000164314 0.00203345
993.862 559.655 0.00594697 0.000629988 0.0152699
68.6163 568.733 0.00833034 0.00407473 0.0104111
65.3249 566.884 0.00303707 -0.00114582 0.0055476
840.248 205.216 0.00481364 0.000151762 0.00174141
838.857 205.568 0.00152759 0.000614811 0.00169253
839.5 393.443 0.00099283 0.00187668 0.00806884
840.247 589.316 0.00399721 0.00120845 0.0113213
74.2292 572.708 0.0183523 0.0204426 0.0344025
844.929 179.786 0.018009 0.00020965 0.0142632
62.6 536.15 0.0233047 -0.019198 0.0304835
60.7553 549.968 0.00843926 0.00370113 0.0212564
830.236 228.934 0.0104854 -0.00200308 0.00201328
377.147 388.676 0.0257293 0.000210646 0.0197188
40.7323 524.682 0.00907532 0.00196908 0.00601678
775.336 531.385 0.0402618 -0.000893582 0.00251937
822.034 541 0.00513044 -0.00281633 0.017924
62.9242 565.348 0.0332353 0.0281597 0.0359211
991.985 589.288 0.122188 0.00705197 0.00365879
865.396 153.813 0.00189727 0.00506635 0.0462434
868.641 223.766 0.0104205 0.000651358 0.00145296
864.202 226.989 0.00257746 0.000435573 0.00095615
754.262 207.088 0.00926766 -0.000473239 0.000608136
814.77 195.18 0.033282 -0.000154793 0.000532721
851.606 613.117 0.0993999 0.0406904 0.0186676
989.474 508.987 0.00147359 0.00150121 0.0146548
905.556 2.51124 0.00224308 0.00411914 0.0337524
346.76 604.988 0.00168348 0.00575639 0.0419668
333.163 3.76733 0.001157 0.00169813 0.0112089
480.056 240.344 0.0186577 -0.00406 0.00467564
598.272 230.838 0.0393602 -0.00324762 0.00097963
75.4574 520.479 0.00352771 0.00227798 0.00582781
981.109 589.007 0.00829218 9.3588e-005 0.00472451
217.237 143.263 0.0124678 -0.00201817 0.0307617
703.676 80.7061 0.00226839 0.00540778 0.0258808
209.301 42.1516 0.0130775 -0.00093158 0.000363857
206.4 35.2758 0.00331997 -0.00015738 0.000174809
980.311 609.462 0.0131378 -0.000311826 0.00473724
257.377 172.395 0.00616885 0.00718051 0.0320893
758.274 251.975 0.00990718 -0.000824606 0.000400265
757.39 251.956 0.0057804 -0.000447765 0.000352648
904.273 641.233 0.00295259 0.0024699 0.0363023
757.913 235.103 0.0162391 0.00129749 0.00631101
985.305 577.718 0.00141137 0.00218479 0.00606841
873.041 256.095 0.0167751 -0.00772551 0.0151202
836.357 181.445 0.00160553 0.00182199 0.0122364
834.752 181.73 0.00120526 0.00159571 0.011116
608.879 227.353 0.00615791 0.000258785 0.000748954
613.873 227.981 0.00159343 -5.60688e-006 0.000687058
601.754 269.803 0.0365478 -0.00350508 0.000757979
606.011 312.951 0.0410894 -0.00359371 0.00103676
741.009 539.733 0.000252382 -0.00243964 0.08148
174.613 50.4954 0.00285629 -0.000196781 0.000258579
177.177 40.7757 0.000664909 -4.33267e-005 0.000127149
181.686 38.8687 0.00020416 8.84403e-006 0.000132562
770.305 201.421 0.00383334 -0.00030579 0.000693251
775.029 205.853 0.00113874 -0.000106338 0.000598507
762.29 297.748 0.0112894 -0.000963844 0.000675146
609.5 348.628 0.0597756 -0.0044163 0.00100097
609.236 353.242 0.0319191 -0.00136566 0.000457804
123.708 178.847 0.00150035 -0.000541942 0.0469153
609.029 253.412 0.0163357 0.00207258 0.00500025
610.432 253.397 0.00645689 0.00245442 0.00437818
616.784 260.79 0.00121519 -8.2957e-005 0.000567681
765.683 340.593 0.0118429 -0.000888635 0.00043714
765.48 341.775 0.00914069 -0.000518825 0.000374457
708.357 377.643 0.00140568 0.0143582 0.227077
795.068 117.985 0.00204406 0.0100514 0.0528278
769.827 374.464 0.00118705 0.0106737 0.208642
171.54 8.94444 0.00308782 -5.34634e-005 0.00246756
781.566 341.628 0.00150218 -0.000207519 0.000481551
874.981 279.231 0.159138 -0.00673942 0.0011312
663.013 327.269 0.0296793 0.0027991 0.0078298
611.648 311.154 0.0581168 -0.00392952 0.000818543
249.135 23.7128 0.000397748 5.59309e-005 0.00031219
990.643 611.857 0.0116155 -0.000179702 0.00412274
770.697 232.534 0.00495478 0.000379497 0.00481652
777.686 237.34 0.00120776 -0.000172181 0.00057417
236.926 18.8404 0.0101317 0.0106561 0.0351931
740.567 204.138 0.115154 -0.00844008 0.000944144
841.611 259.944 0.00917685 -0.00588083 0.0145917
844.415 260.774 0.00191775 -3.47881e-005 0.00437675
250.042 30.2708 0.00468365 0.000792275 0.0254549
800.536 200.826 0.00171042 -0.000138488 0.00047656
246.019 23.5192 0.00707506 0.00836461 0.0354166
771.127 263.599 0.00909332 -0.000472734 0.00220458
547.115 306.324 0.00572686 -0.000385231 0.00324506
246.592 38.7308 0.00661246 0.00736837 0.0280321
244.596 8.57692 0.00776726 0.00899296 0.0323677
313.133 30.1484 0.00293663 0.00776011 0.0230017
336.091 22.7299 0.00211456 0.00630282 0.0192452
4.77083 132.688 0.00602019 0.00255414 0.032559
238.713 48.3936 0.0119265 0.0118884 0.0327751
5.22881 117.212 0.00655744 -0.000798514 0.0245148
848.748 335.213 0.0757035 -0.00600422 0.00081362
235.5 4.15217 0.0121711 0.0146641 0.0381643
11.0714 76.3762 0.00164643 -0.00243816 0.0298459
13.054 125.457 0.00118386 -0.00121748 0.0236816
636.715 223.784 0.00199965 -8.59052e-006 0.000649229
817.713 240.828 0.240389 -0.0211946 0.00229539
844.54 286.326 0.0158327 -0.00182483 0.000636918
628.739 311.125 0.0963606 -0.00619253 0.00106125
803.311 693.104 0.00417349 0.000789483 0.0420289
15.119 60.0397 0.00462617 -0.00213922 0.0237624
746.222 272.516 0.12756 -0.010915 0.00103104
870.269 282.936 0.0393564 -0.000788866 0.00411355
342.727 413.045 0.000533175 0.00811652 0.213498
10.6062 92.6416 0.00158619 -0.00211693 0.0235272
38.0556 94.7393 0.0015003 -0.00260907 0.0281985
772.867 296.733 0.0155621 -0.00108313 0.000662081
138.64 85.9 0.00160432 -0.00155483 0.0340025
32.8308 12.7462 0.00148979 -0.00244803 0.0255768
95.2745 28.8235 0.00197065 -0.00429965 0.0287685
21.1458 52.9271 0.0016752 -0.00511399 0.0442528
36.7583 77.9333 0.00149633 -0.00247749 0.0272883
125.601 77.1162 0.00183924 -0.00305134 0.0345737
23.5784 68.5588 0.0019322 -0.00338742 0.0318378
149.21 79.0484 0.00184457 -0.00272229 0.0361696
820.647 231.647 0.235963 -0.0197622 0.0027128
4.06818 67.1818 0.0122973 -0.00566064 0.0260674
752.49 344.286 0.122158 -0.0106398 0.00120597
149.11 64.1 0.00185223 -0.00321016 0.0341896
136.216 40.1737 0.00216065 -0.00391098 0.0349809
9.96591 43.5909 0.00233318 -0.00399491 0.0304853
89.9876 82.3512 0.00151537 -0.00207326 0.0243572
863.741 336.569 0.254387 -0.0172388 0.00157221
123.365 46.0865 0.00210127 -0.00415984 0.0319675
114.373 84.2745 0.0017801 -0.0013158 0.0268542
818.689 338.246 0.0754481 -0.00523584 0.000669953
18.9121 35.9824 0.00078774 -0.00244997 0.0204647
137.243 55.5891 0.00196584 -0.00410115 0.0343617
100.546 75.289 0.00183129 -0.0032141 0.0303931
64.0447 80.1585 0.00160854 -0.00273559 0.026374
9.32716 10.4012 0.00274465 -0.00398861 0.0342438
145.637 33.7211 0.00191179 -0.00380973 0.0378428
62.121 47.9435 0.0015298 -0.00231534 0.0270649
124.724 61.5714 0.00194687 -0.00415926 0.0366426
138.431 70.6782 0.00177528 -0.0029127 0.0349521
294.686 28.3305 0.02584 0.0751928 0.22288
121.439 30.898 0.00188493 -0.00361641 0.0364357
99.4836 59.7049 0.00156563 -0.00215545 0.0250023
120.585 15.9057 0.00176128 -0.00298221 0.0312986
135.302 25.0545 0.00186408 -0.00344904 0.0336651
124.083 92.2381 0.00239687 0.000481002 0.0300558
57.8167 1.23333 0.00124974 -0.00555853 0.112476
110.93 37.5968 0.00192836 -0.00353208 0.037407
58.2387 15.9414 0.00202173 -0.00421919 0.0299162
775.068 690 0.00525208 0.00471651 0.0585119
120.903 1.5 0.00185221 -0.00539009 0.0790371
110.527 22.4027 0.00181258 -0.00366858 0.0296799
677.252 303.391 0.0091343 -0.00165382 0.000718195
702.744 275.478 0.0201716 -0.00109612 0.00185242
520.881 316.857 0.00312613 0.0127841 0.126975
878.953 331.079 0.0278861 -0.00217871 0.000495848
515.786 310.908 0.00311017 0.0146591 0.128078
513.543 307.032 0.00365756 0.0153525 0.119227
13.4362 646.798 0.00325231 -0.00532368 0.0520745
960.417 538.491 0.00183149 0.00035439 0.000236169
964.267 537.438 0.000719804 0.000248834 0.000198135
968.059 542.205 0.00036131 7.27407e-005 0.000121923
972.252 567.426 0.000294709 -6.45115e-006 4.82444e-005
305.553 14.9463 0.000107421 0.000172444 0.00110805
311.427 14.9796 8.06262e-005 0.000130358 0.000913983
981.265 561.015 0.00132246 -0.00061302 0.00167747
983.389 504.75 0.00659507 0.0111339 0.0530169
981.124 519.769 0.00597047 -5.00379e-005 0.0110502
982.2 519.162 0.00405192 0.00177119 0.00842532
376.5 3.19444 0.0019854 0.00361477 0.0211944
98.8756 442.486 0.0053403 -6.57855e-005 0.00233933
98.5 442.64 0.00398065 -0.000224711 0.00212001
99.4493 439.675 0.00277735 0.00056493 0.000644149
230.9 449.54 0.00411565 0.00551008 0.0561391
413.016 522.887 0.00989949 0.0261442 0.120116
656.931 357.914 0.0217143 0.000304592 0.00609771
653.494 358.324 0.0046675 0.00129497 0.00405775
106.092 419.929 0.0704727 0.0310255 0.0158216
84.9611 557.633 7.83301e-005 -2.02882e-006 0.000108727
524.121 419.049 0.00604502 0.00214376 0.00481107
120.911 105.352 0.00044449 0.00133058 0.00415265
142.174 91.2247 6.75867e-005 0.000117511 0.000258964
141.67 89.3752 5.65812e-005 9.68098e-005 0.000210413
232.307 696.492 0.00244904 0.00698966 0.0349163
173 19.6053 0.00439273 0 0.0887996
662.337 276.57 0.0150524 0.00684636 0.0144837
665.783 272.752 0.0029484 -3.48485e-005 0.00134002
644.068 308.17 0.00324069 -0.000187933 0.000712192
6.56803 142.534 0.00455425 0.0012267 0.00587481
7.97115 142.577 0.00289148 -0.000295622 0.00317632
474.733 386.267 0.0376645 0.00704836 0.00657564
100.998 517.694 0.0406611 0.0130664 0.00437577
103.438 510.097 0.0247747 0.00818707 0.00280825
691.831 263.881 0.00363751 0.000570609 0.00303149
692.373 269.099 0.00268788 -3.35855e-005 0.00122121
80.1809 500.947 0.0015764 0.002467 0.0515988
84.7564 502.944 0.00116726 -0.00178982 0.00888608
143.016 695.641 0.00288835 0.00975346 0.042215
223.628 30.0805 0.00889213 -0.000629637 0.000246294
412.694 447.583 0.0042631 0.0173604 0.133633
432.462 445.472 0.000325399 0.000902854 0.0120682
252.489 697.532 0.0019945 0.00413433 0.0339905
342.405 33.28 0.000264836 0.000793463 0.00253442
328.709 28.2028 3.64406e-005 7.42614e-005 0.000316595
695.154 303.391 0.00305397 -0.000159304 0.000657511
649.732 360.679 0.0258563 -0.00377552 0.00543356
339.507 15.8844 0.00321309 0.00933024 0.0276368
412.33 507.142 0.00492406 -0.00141826 0.00623415
414.678 510.942 0.00220067 0.000433252 0.00165121
416.19 506.714 0.00235588 0.000579308 0.000707715
231.296 493.558 0.00341247 0.00106595 0.00122351
230.224 492.713 0.00195772 0.000274994 0.000570008
230.563 491.953 0.00148246 0.000161067 0.000447256
230.615 492.829 0.0008297 3.50252e-005 0.000304976
227.641 489.043 0.000232199 7.93163e-005 0.000189412
679.591 261.127 0.0372754 -0.00132017 0.000776363
642.513 273.685 0.00323272 -0.00075841 0.0036468
641.439 277.368 0.00272886 3.93397e-005 0.00143385
692.633 277.567 0.00277377 0.00420089 0.032272
549 304.083 0.036356 -0.017644 0.018356
689.047 250.172 0.00580496 -0.00288576 0.010749
691.098 250.061 0.00227588 0.000348546 0.00614862
806.291 294.175 0.00399017 -0.000112922 0.000590512
792.915 306.854 0.0123834 0.000373783 0.00534107
698.4 344.761 0.00348007 -0.000184528 0.000471325
804.163 257.398 0.00357105 -0.000205827 0.00111117
639.368 282.972 0.00429355 -0.0020767 0.0108157
685.663 349.064 0.0251046 -0.0010913 0.000588166
833.62 478.935 0.00986261 -0.00236599 0.00527193
834.17 278.06 0.00738716 0.00263345 0.00418897
949.896 583.188 0.0133399 -0.00443471 0.0175762
707.903 294.929 0.032105 -0.00256038 0.00181196
782.641 327.809 0.0111551 -0.000179573 0.00147961
682.561 303.954 0.0265654 -0.00153028 0.000720208
645.873 341.936 0.00368038 0.000220466 0.00125813
113.311 479.783 0.0631188 0.0181869 0.00793521
254.48 44.62 0.00846438 0.0172388 0.0542284
528.319 307.601 0.000275517 0.000123371 0.0012066
668.821 305.464 0.00326637 -0.000220224 0.000720789
839.996 334.237 0.00405175 -0.000309704 0.00039376
630.984 291.299 0.0285245 -0.00212827 0.000294971
798.929 248.5 0.0245612 0.00686207 0.010861
545.382 308.147 0.0373784 -0.0179538 0.019891
711.555 343.776 0.0237945 -0.00153184 0.000519872
432.029 403.882 0.0219464 -0.00337322 0.0207831
705.176 259.662 0.0434775 -0.000137041 0.00770593
865.145 290.86 0.0108609 -0.000701469 0.000806185
623.695 338.5 0.00857015 0.0025836 0.0222373
117.244 488.628 0.0711994 0.0092974 0.00613227
883.018 295.436 0.016915 0.000111101 0.00159227
882.208 287.664 0.0133932 -0.00078964 0.000569391
672.115 344.899 0.00354938 -6.00975e-005 0.00102771
789.8 249.675 0.0209364 0.0105194 0.0164908
881.286 272 0.0150739 -0.00325846 0.0105728
885.087 331.437 0.0133291 -0.00116136 0.000435131
621.462 312.451 0.00493834 -0.000169874 0.000930455
320.487 526.408 0.00623764 -0.00448617 0.0129068
519.47 1.89394 0.00249745 0.0127325 0.101989
476.031 15.9873 0.00204282 0.00698632 0.0256096
455.941 22.187 0.00160588 0.00550428 0.0195038
461.141 21.7704 0.000468703 0.00173057 0.00691744
461.364 23.4359 0.000270473 0.000925133 0.00371804
479.82 22.5246 8.87487e-005 0.000298566 0.00135759
667.056 254.3 0.0194473 0.00235562 0.0100188
619.107 280.125 0.0167387 0.00753607 0.00872995
624.322 350.066 0.0062315 -0.000238605 0.000806816
639.676 260.481 0.00307745 0.000754678 0.00914965
967.798 380.089 0.00450601 -0.000981589 0.00325483
968.924 380.31 0.00243907 -0.000751729 0.00251771
262.739 480.609 0.0164121 0.00182709 0.0119722
262.147 480.441 0.0129942 -0.000216504 0.00933542
262.042 481.322 0.00746968 0.00186778 0.00543346
261.456 483.709 0.00520463 0.00211361 0.00267392
74.1066 560.787 0.0061581 -0.00570528 0.00809824
77.2104 561.615 0.00224241 -0.00256975 0.00508199
77.7512 555.074 0.0010417 -0.00028245 0.000611528
86.7206 542.307 0.000166102 3.19028e-005 7.994e-005
709.221 314.523 0.0397002 -0.00639378 0.00582404
808.36 317.284 0.00381459 -0.00027813 0.00012459
748.197 640.298 0.000185114 0.000553158 0.0036269
650.784 217.47 0.213521 -0.0206856 0.00239088
821.382 329.347 0.0537106 -0.0039607 0.00116755
635.066 347.012 0.028845 -0.00234288 0.00119522
440.889 442.389 0.00211861 -0.00708666 0.0608605
136.333 29.1111 0.00156892 -0.00491998 0.0494051
136.287 66.5667 0.00213167 -0.0184657 0.195764
559.27 161.631 0.00432236 0.0213262 0.108522
537.588 165.868 0.00283347 0.0143068 0.0734743
526.075 168.067 0.00157219 0.00798338 0.0414185
523.89 168.691 0.000808986 0.00404974 0.0211193
520.137 170.468 0.000191648 0.000832713 0.00426114
759.219 197.079 0.139321 -0.0106762 0.0012662
139.45 74.6 0.00303342 -0.0213039 0.236023
607.946 299 0.202152 -0.0175317 0.00173893
154.225 447.794 0.0110207 0.00135289 0.0152843
571.663 4.58163 0.00202375 0.00798878 0.0395579
547.108 12.2863 0.00126999 0.00451701 0.0172244
850.72 194.18 0.247316 -0.0208078 0.00227595
656.466 282.449 0.226511 -0.0192385 0.00175571
735.033 250.639 0.120036 -0.00987467 0.000854626
473.056 595.306 0.123394 -0.0308147 0.00997108
626.471 230.412 0.265618 -0.0249573 0.00370404
403.925 482.55 0.013125 0.0135938 0.0334243
406.821 481.744 0.00482443 0.00956472 0.0300707
403.228 479.185 0.00174836 0.0004892 0.00210131
388.727 487.666 0.000636486 0.0004674 0.000708006
395.033 496.843 0.000168409 1.7458e-005 0.000237764
703.672 209.362 0.253307 -0.0230392 0.00249642
717.85 278.171 0.00535762 -0.000512898 0.000172409
366.384 50.593 0.00538193 0.0165162 0.0884252
337.556 57.629 0.00321034 0.00983753 0.0384407
354.913 54.831 0.000633523 0.00274702 0.0156778
599.325 209.3 0.0596899 -0.00585965 0.00390975
742.235 274.311 0.029125 -0.00243065 0.000308564
825.2 536.143 0.00620357 -0.00541382 0.0133725
986.674 600.236 0.00102906 4.78286e-005 0.000339054
127.167 38.8125 0.0011873 0.00116057 0.00738038
785.115 358.712 0.0108101 0.00155161 0.0113908
736.569 206.19 0.0308299 -0.0025799 0.000727229
863.087 259.457 0.0134747 -0.0022836 0.0150744
770.63 337.148 0.246744 -0.0166247 0.00168937
775.44 572.209 0.0231121 -0.00365394 0.00107569
775.029 569.428 0.0139721 -0.00251419 0.000876428
130.24 51.1712 0.00119821 -0.00616063 0.0567173
664.586 196.882 0.00116955 0.000219926 0.00381011
619.384 7.05814 0.0107852 0.0343336 0.126505
613.44 9.46296 0.00144083 0.00547797 0.0268439
677.667 222.143 0.204738 -0.0160172 0.00236012
833.13 585.109 0.00473132 0.00589237 0.0468356
480.522 566.587 0.0135149 -0.00683588 0.00578463
559.896 24.4916 0.00132111 0.00565755 0.0273714
117.948 421.983 0.00558256 -0.0107644 0.0350662
485.476 474.11 0.0427151 0.0140107 0.00605886
483.973 474.56 0.0137921 0.00577172 0.00373708
482.373 474.589 0.0061834 0.00301217 0.0028217
481.218 471.922 0.00290736 0.0010166 0.00129941
481.641 469.964 0.0028044 0.000872478 0.000953555
481.599 469.55 0.00273372 0.00079207 0.000768739
474.049 481.733 0.00078263 0.000183341 0.000224008
15.4545 531.727 0.0651748 -0.00603747 0.00232279
612.731 350.372 0.216059 -0.0225515 0.00362497
618.199 263.377 0.00662671 0.00116957 0.00971215
617.385 262.92 0.00441739 0.000880303 0.00571192
235.955 26.7727 0.0113526 0.00138466 0.00600678
682.563 195.313 0.00902549 0.00108982 0.0151082
455.943 385.971 0.00233866 -0.000659643 0.00430492
230.16 458.198 0.00366756 0.000655215 0.0340613
229.369 462.848 0.00361646 0.00105184 0.00425272
158.524 136.476 0.0031328 0.00670829 0.106547
512.474 481.421 0.0224825 -0.00406212 0.0179528
879.142 242.56 0.0149336 0.00238731 0.00167754
469.965 400.539 0.0055364 -0.00154363 0.00488619
471.81 409.766 0.00603587 -0.00156243 0.000863204
475.345 422.381 0.0336547 -0.00844273 0.0031253
779.081 542.128 0.0432235 0.00350843 0.00485824
660.295 346.321 0.0221772 -0.00412933 0.00142044
456.111 39.0795 0.00160913 0.00613168 0.027554
194.833 57.9103 0.0024277 -0.00627476 0.0684287
290.558 78.8846 0.00500708 0.0042742 0.0325013
287.847 79.7245 0.00273136 0.00491122 0.0291642
152.7 1.38571 0.00327186 -0.00478529 0.0503503
229.511 97.3191 0.00330732 0.00653966 0.0266654
163.153 116.031 0.00986515 0.00446231 0.0223961
110.207 142.671 0.00329884 0.00491061 0.0404936
102.248 140.517 0.000450903 0.00188717 0.0112409
100.777 141.276 0.000318796 0.001302 0.00794643
537.678 2.82203 0.000233435 3.89041e-005 0.0161233
307.022 75.6087 0.0052459 0.0154661 0.0805348
111.255 539.142 0.00998508 0.00369439 0.00939515
38.398 215.48 0.000544865 0.00213151 0.242781
795.656 381.906 0.00326457 -0.000972558 0.0287047
896.624 549.961 0.0313867 0.0212469 0.0152939
903.875 544.435 0.00226018 0.00188755 0.00221375
977.106 625.627 0.000724423 -0.00800536 0.200027
689.959 375.916 0.000364799 0.00314998 0.0536733
610.015 403.034 0.00784893 0.00724578 0.00945396
195.079 50.3772 0.00309196 -0.00984647 0.0510507
247.516 92.6129 0.00418069 0.00210386 0.0305541
846.41 372.347 0.000363416 0.00388223 0.0672006
689.669 387.244 0.000251396 0.00179182 0.0424145
853.525 378.903 0.00019505 0.00149811 0.0363602
858.277 381.641 0.000139752 -0.000100248 0.00100642
412.213 531.688 0.00437021 0.00336593 0.0169251
405.942 60.6628 0.00827649 0.0295657 0.133196
361.8 72.6922 9.52354e-005 0.00040731 0.00263271
451.978 471.239 0.0103614 0.00858459 0.0281435
452.752 472.022 0.00571417 0.00120402 0.00760078
880.221 257.441 0.0102653 0.00159211 0.00926203
964.433 344.767 0.00600153 0.00206776 0.0255908
855.805 386.379 0.000221129 -0.000415565 0.0247057
191.147 24.0282 0.000869149 -0.000144972 0.000435485
359.959 80.8279 0.00358047 0.0172197 0.0889008
398.158 424.816 0.0189959 0.0012076 0.0139351
369.949 495.601 0.0299058 0.00817501 0.00264566
118.611 159.352 0.000648386 -0.000113154 0.0395791
940.675 445.7 0.0121648 0.0105728 0.0261116
205.216 104.395 0.00380877 0.00817617 0.0297972
385.427 543.768 0.0214994 -0.00146366 0.0118831
19.3387 561.952 0.202437 -0.0232821 0.0032323
700.048 543.171 0.00122887 -0.00145288 0.0225327
702.546 543.067 0.000874426 -0.00123701 0.0182287
272.64 562.541 0.000566801 -0.000192903 0.000180118
282.93 561.865 0.000236886 -3.0795e-005 0.000102415
288.727 557.263 0.000178459 5.77078e-006 0.000112062
843.818 633.818 0.0281139 0.0315987 0.0398723
846.689 399.966 0.000580703 5.04177e-005 0.0038999
858.262 427.127 0.000409346 0.000183915 0.000911047
321.639 504.333 0.0693755 -0.028515 0.0175797
323.637 506.38 0.00867642 -0.00545904 0.00585762
526.342 545.712 0.00376299 0.0011143 0.0034014
489.66 561.793 0.00431744 0.000856457 0.0175441
485.477 564.105 0.00206584 -6.42678e-005 0.00267561
485.587 564.651 0.00192291 -0.000447434 0.00185257
485.905 564.751 0.00160129 -0.000400817 0.00153936
496.439 566.662 0.000383301 -0.000259433 0.000960542
193.569 42.9655 0.00226639 -0.00482067 0.0467723
208.794 122.159 0.00306191 0.0112856 0.0565955
210.447 121.508 0.00240629 0.00777313 0.0336327
267.63 538.391 0.016431 -0.00653235 0.0177056
517.129 575.414 0.0225606 0.000844328 0.00275014
279.475 423.2 0.0621866 0.0494776 0.0423289
224.743 142.347 0.0160978 -0.00155246 0.00184379
960.541 279.582 0.00272456 0.00523653 0.0649905
353.462 439.821 0.015503 0.00891514 0.0117788
893.273 410.97 0.0230811 -0.00569673 0.00263556
941.694 78.593 0.0042498 0.00175483 0.00636416
942.145 81.3978 0.00335164 -0.000141948 0.00118879
806.869 514.529 0.0208673 4.64148e-005 0.000475705
814.107 433.057 0.00697851 0.00825149 0.0132604
113.844 163.871 0.000197931 3.03383e-005 0.00456401
967.982 438.571 0.00119834 0.00408336 0.0457904
966.054 438.692 0.00109786 0.00411095 0.0376523
959.167 440.423 0.00107438 0.00374159 0.0181929
988.725 394.575 0.01107 -0.0422946 0.183892
490.628 51.3846 0.00889292 0.0246326 0.0762687
356.577 518.372 0.0440917 0.0224151 0.0186582
453.651 561.745 0.0530436 -0.00232995 0.000535337
824.813 439.351 0.0250815 -0.0148972 0.0129857
827.19 440.236 0.00720057 -0.00501018 0.00701332
225.282 519.755 0.00932414 0.00574586 0.0213499
629.5 101 0.259147 -0.0231899 0.00333355
240.652 390.543 0.00499867 0.00193072 0.0505324
239.059 549.789 0.0225655 0.00204442 0.000899728
204.827 139.276 0.00163916 -0.00346695 0.0730321
9.1 178.8 0.00262387 -0.00553799 0.0324297
805.042 420.25 0.00577908 0.0196184 0.0981784
891.267 451.45 0.0231435 -0.00317462 0.00646586
822.675 477.865 0.00919882 0.00372989 0.0143862
816.446 478.685 0.00129739 0.00253215 0.016444
528.045 41.2818 0.00452514 0.0146854 0.0850369
870.727 460.68 0.000580834 -0.000127267 0.000719565
873.34 481.464 0.000485424 -1.52215e-005 9.0738e-005
845.045 491.629 0.025451 -0.0101193 0.00563963
642.417 532.183 0.0102647 -0.00426405 0.013275
568.974 541.895 0.024382 -0.00290632 0.00679593
569.655 516.11 0.000310671 2.12889e-005 0.000200488
676.285 136.507 0.00169956 0.00756846 0.0401556
51.9227 166.356 0.00263723 0.00630657 0.0333384
27.175 172.425 0.00087105 0.000359686 0.0609634
138.375 464.469 0.035729 0.00647339 0.0168425
875.139 489.361 0.00343042 -0.00278101 0.00533084
960.542 288.579 0.00266968 0.000377336 0.00572237
960.297 286.2 0.00235968 -1.27362e-005 0.00199151
316.867 479.051 0.00380871 0.00582031 0.0327817
147.087 215.698 0.000230071 0.00189715 0.133994
128.534 220.971 3.85139e-005 -0.000138171 0.00240834
868.152 512.647 0.00474343 -0.00189414 0.00107621
306.011 476.239 0.000829551 -0.00146823 0.0100923
853.16 471.68 0.0658093 -0.0626117 0.0617866
210.357 401.3 0.0070986 0.00123394 0.0635897
429.392 568.299 0.00793788 -0.000566806 0.000944644
430.298 569.391 0.00609494 -0.000624536 0.000543971
945.888 64.6421 0.00341706 0.00237939 0.0064313
633.518 144.427 0.00404858 0.0143002 0.0885815
159.635 159.75 0.00139114 -0.00634684 0.13699
833.689 464.743 0.0232389 -0.00521602 0.0172416
463.427 485.012 0.0101801 0.00778011 0.0113788
826.141 457.962 0.0473686 -0.020039 0.01416
804.907 464.754 0.0182485 0.00282249 0.00369376
807.594 463.681 0.00486946 0.000902531 0.00304657
290.757 518.9 0.0260333 0.00280886 0.0164688
821.406 461.994 0.0142716 -0.00306316 0.00473043
823.518 460.658 0.00561714 -0.000492468 0.00292159
857.357 574.123 0.00566171 0.000309653 0.00376939
851.168 573.596 0.00116454 -0.000304997 0.00431416
986.197 460.664 0.00415215 0.00449114 0.00956181
829.653 515.457 0.00590636 -0.000950058 0.00175396
834.604 518.967 0.00184207 -0.000813446 0.00100173
836.646 511.01 0.000875792 -0.000110786 0.000186627
922.852 25.5705 0.0357699 -0.00335875 0.00060623
501.597 479.431 0.00612705 -0.00298578 0.0163235
505.455 480.303 0.00199333 -0.00227624 0.0125717
643.049 541.01 0.00210018 -0.000904533 0.0229967
642.804 537.836 0.00272192 -0.000310019 0.0030014
818.649 503.883 0.0505705 -0.00947198 0.00650422
225.47 235.33 0.025425 -0.00266103 0.00147458
199.136 298.864 0.00891319 -0.00963588 0.0313804
905.586 549.643 0.0309477 0.00704507 0.0142335
477.71 590.31 0.00034984 -0.000250657 0.000375026
481.613 587.506 0.000317361 -0.00020022 0.000293938
575.986 127.847 0.00500009 0.00504367 0.0264837
140.81 418.47 0.00633191 0.00398793 0.00794057
436.772 493.527 0.0219104 0.00388513 0.0013514
227.839 169.723 0.0116821 -0.00260719 0.00279934
794.373 468.12 0.0184275 0.00966186 0.00877414
578.012 136.024 0.00455807 0.00355251 0.0203633
623.733 43.15 0.0591981 -0.00364821 0.00109396
803.86 545.38 0.0206852 0.000710419 0.00604042
231.913 298.83 0.0708128 -0.00644153 0.000681235
431.562 389.344 0.00171298 -0.000817927 0.005749
433.268 392.791 0.00122294 -0.00027452 0.00132497
373.368 438.603 0.00723775 -0.0100541 0.0228587
497.067 594.258 0.00424948 0.00213954 0.00404361
778.046 10.1907 0.0031556 0.00716575 0.0335537
678.302 532.347 0.00970974 -0.00366141 0.00224998
597.33 511.255 0.0098838 -0.00487917 0.0183167
153.737 389.579 0.0501655 -0.0289698 0.024295
413.754 410.364 0.00893361 0.00475847 0.0145135
606.278 438.389 0.0139101 -0.00943139 0.0301903
991.933 441.233 0.00861569 -0.0157112 0.043849
293.5 555.214 0.0279627 -0.00104838 0.00769396
293.244 555.333 0.0121854 0.0007993 0.0064056
402.962 433.538 0.00125282 9.5557e-005 0.0340371
367.351 565.905 0.0174754 -0.00482943 0.00631845
874.448 577.9 0.00375576 -0.000412934 0.00558708
534.464 523.589 0.0156212 -0.0195568 0.0348628
991.891 421.283 0.0150092 0.0288239 0.0672509
633.663 493.151 0.0164343 0.00357638 0.0136156
240.024 354.995 0.00451662 0.000654909 0.0124195
147.827 407.071 0.0146638 0.00394917 0.0069071
134.444 410.819 0.0155712 0.00988016 0.0109292
507.671 535.129 0.0321852 -0.0135693 0.0196462
496.593 524.093 0.0164114 -0.0231818 0.042185
968.058 446.596 0.00187848 0.00955247 0.0986899
124.314 508.686 0.0166781 -0.0163365 0.0312636
952.439 454.643 0.0116156 0.0202895 0.0528328
188.95 470.363 0.00869021 -0.00178164 0.0103224
