1.0
1736
250.161888 103.894974 0.008533 0.000000 0.008533
408.283433 275.449861 0.127023 0.000000 0.127023
510.744565 94.394007 0.038288 0.000000 0.038288
512.469273 23.734081 0.108595 0.000000 0.108595
256.085533 484.951106 0.011474 0.000000 0.011474
95.705085 61.488180 0.033758 0.000000 0.033758
550.412783 122.807343 0.010137 0.000000 0.010137
400.706182 119.281094 0.100332 0.000000 0.100332
726.388565 472.182069 0.086150 0.000000 0.086150
618.529128 125.032828 0.078443 0.000000 0.078443
338.551855 47.918980 0.006214 0.000000 0.006214
477.209072 374.549054 0.076717 0.000000 0.076717
490.784761 361.616641 0.045295 0.000000 0.045295
731.935881 493.053313 0.032618 0.000000 0.032618
560.738622 123.397334 0.039766 0.000000 0.039766
383.432121 17.189855 0.080662 0.000000 0.080662
193.520094 75.797153 0.049532 0.000000 0.049532
665.115062 464.490029 0.136580 0.000000 0.136580
235.509416 94.538167 0.037494 0.000000 0.037494
306.918725 399.090974 0.020633 0.000000 0.020633
94.915209 433.676238 0.052112 0.000000 0.052112
695.318429 349.730359 0.058448 0.000000 0.058448
508.122565 63.844353 0.041331 0.000000 0.041331
511.258839 412.781420 0.058891 0.000000 0.058891
265.659592 239.814788 0.121923 0.000000 0.121923
623.941807 86.325042 0.104186 0.000000 0.104186
148.935311 501.302566 0.131021 0.000000 0.131021
332.701192 309.688821 0.076221 0.000000 0.076221
490.575413 212.447879 0.098178 0.000000 0.098178
28.792552 469.833866 0.049714 0.000000 0.049714
539.844559 216.121903 0.070477 0.000000 0.070477
98.696026 94.171898 0.111125 0.000000 0.111125
516.789657 384.707201 0.103657 0.000000 0.103657
459.604901 370.135679 0.141473 0.000000 0.141473
683.666833 252.236352 0.034794 0.000000 0.034794
140.171390 154.742353 0.083342 0.000000 0.083342
567.011005 247.562309 0.088768 0.000000 0.088768
650.935808 264.385732 0.027130 0.000000 0.027130
515.001382 241.858253 0.127576 0.000000 0.127576
23.236872 244.620943 0.070350 0.000000 0.070350
201.461618 460.494082 0.108773 0.000000 0.108773
309.154166 463.744383 0.152245 0.000000 0.152245
192.315568 41.600385 0.062453 0.000000 0.062453
542.373878 176.380066 0.091195 0.000000 0.091195
198.812300 178.127171 0.004994 0.000000 0.004994
557.241373 338.183248 0.129200 0.000000 0.129200
642.536480 460.711302 0.110652 0.000000 0.110652
535.089303 54.983454 0.010151 0.000000 0.010151
135.162681 295.767204 0.031297 0.000000 0.031297
458.908256 107.835797 0.023920 0.000000 0.023920
104.872162 271.532678 0.147525 0.000000 0.147525
639.282405 82.625682 0.096209 0.000000 0.096209
28.322770 207.474580 0.149768 0.000000 0.149768
646.736861 419.249665 0.139554 0.000000 0.139554
560.132503 339.075955 0.069264 0.000000 0.069264
382.482060 217.104408 0.113874 0.000000 0.113874
72.112710 16.953819 0.084248 0.000000 0.084248
715.630643 231.047752 0.132028 0.000000 0.132028
485.041659 333.365347 0.029263 0.000000 0.029263
273.537768 97.783674 0.051227 0.000000 0.051227
204.230675 263.480019 0.106156 0.000000 0.106156
370.344607 408.558412 0.016644 0.000000 0.016644
264.682467 69.170787 0.103518 0.000000 0.103518
232.787444 469.904937 0.061435 0.000000 0.061435
306.941259 366.469982 0.021748 0.000000 0.021748
593.147829 182.050010 0.025525 0.000000 0.025525
359.305523 351.178470 0.081022 0.000000 0.081022
346.526927 84.760712 0.061594 0.000000 0.061594
303.359829 247.337788 0.074025 0.000000 0.074025
232.612183 223.733519 0.103211 0.000000 0.103211
469.593931 348.485030 0.037238 0.000000 0.037238
185.309438 448.919912 0.037812 0.000000 0.037812
606.340661 18.571559 0.043586 0.000000 0.043586
505.977394 218.956853 0.058802 0.000000 0.058802
67.072162 445.647680 0.150644 0.000000 0.150644
400.438167 390.502865 0.076360 0.000000 0.076360
183.876411 443.181565 0.140043 0.000000 0.140043
645.180372 236.657467 0.170178 0.000000 0.170178
117.486332 217.645641 0.041291 0.000000 0.041291
266.838316 224.305305 0.054599 0.000000 0.054599
126.775528 473.578168 0.167811 0.000000 0.167811
528.661032 179.055404 0.065812 0.000000 0.065812
174.359676 130.474423 0.021388 0.000000 0.021388
391.044445 168.755665 0.008750 0.000000 0.008750
268.947186 474.652278 0.030317 0.000000 0.030317
131.945339 164.752989 0.129356 0.000000 0.129356
677.374939 221.409798 0.133342 0.000000 0.133342
750.359483 303.536533 0.156290 0.000000 0.156290
693.877962 328.353222 0.066391 0.000000 0.066391
202.486544 348.113560 0.143669 0.000000 0.143669
10.724795 495.092207 0.101146 0.000000 0.101146
119.606722 503.143550 0.121590 0.000000 0.121590
632.448474 193.906322 0.023165 0.000000 0.023165
513.092990 216.086852 0.125280 0.000000 0.125280
434.304435 430.004689 0.124961 0.000000 0.124961
156.454846 432.234593 0.025007 0.000000 0.025007
628.689154 234.034961 0.065953 0.000000 0.065953
123.639346 101.797865 0.015244 0.000000 0.015244
333.386278 389.866149 0.021699 0.000000 0.021699
643.761836 167.811806 0.126180 0.000000 0.126180
224.188223 422.470652 0.070216 0.000000 0.070216
452.803868 110.877247 0.039534 0.000000 0.039534
351.734276 397.533168 0.064679 0.000000 0.064679
87.702560 168.883363 0.009064 0.000000 0.009064
590.807275 471.176008 0.104401 0.000000 0.104401
732.356300 49.928779 0.065236 0.000000 0.065236
708.041994 175.225063 0.023491 0.000000 0.023491
270.197147 216.382514 0.085890 0.000000 0.085890
229.268865 441.473657 0.082851 0.000000 0.082851
115.497291 154.790270 0.096654 0.000000 0.096654
307.279032 71.652839 0.110424 0.000000 0.110424
430.458545 61.414881 0.126362 0.000000 0.126362
612.250782 217.440287 0.045314 0.000000 0.045314
387.942538 72.423893 0.136732 0.000000 0.136732
497.210145 40.843159 0.083745 0.000000 0.083745
691.207282 445.973842 0.139292 0.000000 0.139292
743.259044 129.002396 0.109399 0.000000 0.109399
727.644605 51.250156 0.140651 0.000000 0.140651
128.448601 184.355787 0.139566 0.000000 0.139566
106.740850 370.159129 0.066555 0.000000 0.066555
121.786841 215.682200 0.099638 0.000000 0.099638
445.750198 398.616666 0.124756 0.000000 0.124756
487.321444 82.459659 0.099732 0.000000 0.099732
558.048113 462.493938 0.118652 0.000000 0.118652
386.358841 227.439777 0.157769 0.000000 0.157769
455.700182 412.149503 0.118653 0.000000 0.118653
311.544356 296.651738 0.120048 0.000000 0.120048
657.147776 264.695543 0.044105 0.000000 0.044105
474.863141 309.417605 0.093744 0.000000 0.093744
265.009479 44.873065 0.148826 0.000000 0.148826
392.280908 44.739279 0.083850 0.000000 0.083850
160.634972 64.255390 0.032163 0.000000 0.032163
663.700017 148.438434 0.018502 0.000000 0.018502
407.132519 138.206952 0.096950 0.000000 0.096950
267.503032 364.341819 0.116832 0.000000 0.116832
193.945008 404.491792 0.145905 0.000000 0.145905
61.022971 400.722341 0.036931 0.000000 0.036931
451.070346 434.961936 0.155307 0.000000 0.155307
321.128456 37.866412 0.087050 0.000000 0.087050
270.980973 151.670620 0.014056 0.000000 0.014056
590.794591 169.378511 0.152014 0.000000 0.152014
219.567945 224.344830 0.110887 0.000000 0.110887
166.951373 138.558423 0.019095 0.000000 0.019095
465.050797 57.140321 0.070205 0.000000 0.070205
541.476308 155.222434 0.168175 0.000000 0.168175
513.552476 132.757269 0.019964 0.000000 0.019964
296.080835 404.945577 0.046870 0.000000 0.046870
57.724244 375.646041 0.099179 0.000000 0.099179
294.131957 150.768388 0.053664 0.000000 0.053664
80.919784 420.210910 0.050552 0.000000 0.050552
496.891238 92.852666 0.005861 0.000000 0.005861
469.781862 128.235148 0.154324 0.000000 0.154324
236.892631 71.449573 0.014429 0.000000 0.014429
363.121447 473.051000 0.141317 0.000000 0.141317
740.525914 258.251586 0.115137 0.000000 0.115137
233.717642 76.507828 0.026584 0.000000 0.026584
197.414012 375.664847 0.014532 0.000000 0.014532
318.118186 136.847859 0.133127 0.000000 0.133127
212.067465 178.860777 0.022704 0.000000 0.022704
352.269227 497.523638 0.157114 0.000000 0.157114
365.272985 469.906382 0.057732 0.000000 0.057732
200.441600 479.524908 0.008460 0.000000 0.008460
662.382076 340.142010 0.100921 0.000000 0.100921
428.248620 479.222588 0.043588 0.000000 0.043588
122.402281 91.125635 0.104502 0.000000 0.104502
32.597514 475.423085 0.094831 0.000000 0.094831
444.038621 453.202738 0.014342 0.000000 0.014342
227.491444 405.538078 0.148444 0.000000 0.148444
648.810442 282.365041 0.055543 0.000000 0.055543
31.917346 414.828017 0.058311 0.000000 0.058311
459.029054 203.813851 0.046883 0.000000 0.046883
553.302878 64.699562 0.163240 0.000000 0.163240
372.138439 141.801381 0.098701 0.000000 0.098701
334.039428 311.660340 0.005842 0.000000 0.005842
199.681440 326.915503 0.104965 0.000000 0.104965
642.744519 238.877262 0.071808 0.000000 0.071808
291.463881 417.658438 0.073043 0.000000 0.073043
689.676721 162.430513 0.007726 0.000000 0.007726
320.271678 37.249679 0.007311 0.000000 0.007311
718.295643 215.658235 0.064479 0.000000 0.064479
222.485294 323.565801 0.067428 0.000000 0.067428
725.351222 322.458145 0.007713 0.000000 0.007713
453.612927 238.419189 0.099508 0.000000 0.099508
564.602233 227.693225 0.063218 0.000000 0.063218
714.093832 296.711672 0.141650 0.000000 0.141650
713.058412 32.968939 0.007034 0.000000 0.007034
291.141016 372.820115 0.138948 0.000000 0.138948
278.962379 215.696209 0.144623 0.000000 0.144623
204.095627 24.835306 0.108719 0.000000 0.108719
122.792374 372.934902 0.162318 0.000000 0.162318
386.445315 413.434151 0.152324 0.000000 0.152324
211.817462 187.594954 0.032796 0.000000 0.032796
137.449685 451.273948 0.076397 0.000000 0.076397
483.823405 142.622343 0.088288 0.000000 0.088288
578.618176 116.353500 0.095846 0.000000 0.095846
608.763447 462.734858 0.037759 0.000000 0.037759
668.217045 393.996022 0.151850 0.000000 0.151850
61.129710 256.662359 0.138953 0.000000 0.138953
463.958854 349.857138 0.120895 0.000000 0.120895
374.140882 133.748997 0.015140 0.000000 0.015140
324.084231 245.458979 0.135557 0.000000 0.135557
268.216565 74.259260 0.039407 0.000000 0.039407
506.140844 202.511907 0.164525 0.000000 0.164525
185.690531 430.819206 0.089687 0.000000 0.089687
381.630598 414.906798 0.006131 0.000000 0.006131
467.399688 61.480749 0.086259 0.000000 0.086259
147.911752 333.424856 0.009885 0.000000 0.009885
559.421774 392.158633 0.154044 0.000000 0.154044
220.113014 36.667869 0.091975 0.000000 0.091975
495.723271 215.701868 0.035421 0.000000 0.035421
571.917452 369.240108 0.098113 0.000000 0.098113
240.387453 419.603119 0.120066 0.000000 0.120066
652.850323 172.317195 0.109146 0.000000 0.109146
371.392004 124.332823 0.110117 0.000000 0.110117
355.631090 168.596270 0.076435 0.000000 0.076435
742.518404 469.885206 0.102679 0.000000 0.102679
382.671666 190.737685 0.135012 0.000000 0.135012
339.077351 159.690747 0.049127 0.000000 0.049127
300.157188 297.165522 0.155652 0.000000 0.155652
344.722063 406.367394 0.130643 0.000000 0.130643
434.598850 117.353389 0.110420 0.000000 0.110420
72.107956 156.155742 0.155291 0.000000 0.155291
35.616608 440.446979 0.080920 0.000000 0.080920
384.367323 267.568926 0.147039 0.000000 0.147039
495.844618 367.813701 0.103567 0.000000 0.103567
422.903972 270.636713 0.147432 0.000000 0.147432
506.409889 193.356385 0.018836 0.000000 0.018836
482.025917 7.131860 0.155036 0.000000 0.155036
402.672616 451.851565 0.158038 0.000000 0.158038
386.275424 152.748054 0.046973 0.000000 0.046973
457.125812 443.492986 0.123962 0.000000 0.123962
722.497811 61.684281 0.074259 0.000000 0.074259
519.363414 494.223691 0.093067 0.000000 0.093067
360.977181 365.788472 0.145995 0.000000 0.145995
188.270953 356.336328 0.101357 0.000000 0.101357
674.134510 402.378906 0.153309 0.000000 0.153309
77.350081 182.965371 0.005780 0.000000 0.005780
175.164281 97.340837 0.095230 0.000000 0.095230
537.056952 332.666186 0.089469 0.000000 0.089469
95.895243 155.666976 0.082218 0.000000 0.082218
125.171355 103.350508 0.091991 0.000000 0.091991
552.772898 123.140064 0.134111 0.000000 0.134111
587.024241 85.036962 0.122580 0.000000 0.122580
77.806401 202.102513 0.071770 0.000000 0.071770
522.745091 187.907829 0.016669 0.000000 0.016669
86.131132 266.633688 0.170390 0.000000 0.170390
146.583807 471.236562 0.067853 0.000000 0.067853
82.493614 498.896751 0.135783 0.000000 0.135783
402.103808 354.560381 0.108430 0.000000 0.108430
605.017613 228.895346 0.089084 0.000000 0.089084
110.225290 198.501960 0.086750 0.000000 0.086750
604.792874 464.330484 0.106250 0.000000 0.106250
754.310771 254.535483 0.129236 0.000000 0.129236
511.611733 453.569953 0.026000 0.000000 0.026000
604.604406 221.213446 0.009917 0.000000 0.009917
576.163657 351.754294 0.037655 0.000000 0.037655
252.173300 420.325626 0.107340 0.000000 0.107340
552.485225 438.182809 0.125407 0.000000 0.125407
549.619113 486.619433 0.055603 0.000000 0.055603
318.802578 350.418680 0.112568 0.000000 0.112568
208.065673 22.915110 0.171311 0.000000 0.171311
603.513156 469.517617 0.010243 0.000000 0.010243
188.867834 39.163069 0.011115 0.000000 0.011115
563.077987 187.843453 0.067643 0.000000 0.067643
32.998407 408.570273 0.170411 0.000000 0.170411
30.966168 26.521010 0.167939 0.000000 0.167939
735.673711 221.371326 0.075643 0.000000 0.075643
344.518119 380.525612 0.135183 0.000000 0.135183
297.483155 206.900315 0.027005 0.000000 0.027005
644.409869 434.885040 0.122024 0.000000 0.122024
159.875578 91.834183 0.012175 0.000000 0.012175
526.976228 491.799647 0.025659 0.000000 0.025659
561.755614 284.370693 0.133144 0.000000 0.133144
31.390368 350.124696 0.126990 0.000000 0.126990
41.664931 364.906055 0.096016 0.000000 0.096016
319.706108 108.857121 0.086508 0.000000 0.086508
154.983256 148.413512 0.100328 0.000000 0.100328
270.905443 386.359220 0.034685 0.000000 0.034685
245.213489 331.835347 0.124129 0.000000 0.124129
669.529134 277.495394 0.128221 0.000000 0.128221
700.675411 9.363479 0.130653 0.000000 0.130653
266.905810 124.219195 0.122751 0.000000 0.122751
589.004460 173.109187 0.086734 0.000000 0.086734
222.172180 19.391186 0.132173 0.000000 0.132173
364.005532 26.090761 0.087356 0.000000 0.087356
648.420498 449.300357 0.016874 0.000000 0.016874
276.487582 157.061988 0.060379 0.000000 0.060379
578.486648 120.170285 0.134717 0.000000 0.134717
460.089658 224.457370 0.168423 0.000000 0.168423
548.076596 317.598285 0.012903 0.000000 0.012903
484.841212 123.296902 0.011634 0.000000 0.011634
196.439458 323.074889 0.102819 0.000000 0.102819
671.948901 469.471891 0.006026 0.000000 0.006026
669.615755 402.647349 0.111839 0.000000 0.111839
591.774620 324.877398 0.099492 0.000000 0.099492
31.293676 355.434222 0.059650 0.000000 0.059650
369.401151 355.377639 0.008428 0.000000 0.008428
42.396121 456.484566 0.037601 0.000000 0.037601
44.508965 47.557671 0.068357 0.000000 0.068357
211.545003 472.071149 0.017035 0.000000 0.017035
330.403120 436.810040 0.067078 0.000000 0.067078
688.981883 406.462126 0.164490 0.000000 0.164490
607.738298 36.045270 0.140857 0.000000 0.140857
81.323435 135.182731 0.022851 0.000000 0.022851
300.859634 457.818169 0.107077 0.000000 0.107077
494.984157 226.064029 0.150892 0.000000 0.150892
610.152619 252.239340 0.150671 0.000000 0.150671
609.654672 172.007192 0.163078 0.000000 0.163078
505.158366 377.184933 0.145889 0.000000 0.145889
467.250014 140.398623 0.122704 0.000000 0.122704
437.038925 228.798791 0.161744 0.000000 0.161744
33.839860 480.658574 0.010742 0.000000 0.010742
348.167255 149.616009 0.132352 0.000000 0.132352
335.848490 396.949524 0.049477 0.000000 0.049477
373.089830 280.590443 0.043784 0.000000 0.043784
714.338240 447.717673 0.143057 0.000000 0.143057
266.129671 447.640367 0.065202 0.000000 0.065202
696.254001 366.973488 0.059884 0.000000 0.059884
25.393604 135.106053 0.057831 0.000000 0.057831
222.686754 438.622570 0.064795 0.000000 0.064795
312.399588 480.675778 0.164507 0.000000 0.164507
701.615029 51.207634 0.145571 0.000000 0.145571
439.019668 113.839594 0.125579 0.000000 0.125579
735.229174 241.562677 0.105276 0.000000 0.105276
504.483653 276.383661 0.126959 0.000000 0.126959
221.857274 358.155934 0.084908 0.000000 0.084908
293.597172 143.183490 0.008474 0.000000 0.008474
620.621096 26.079014 0.116511 0.000000 0.116511
359.625295 85.918012 0.033871 0.000000 0.033871
552.200679 266.459673 0.138240 0.000000 0.138240
32.390545 476.490206 0.028918 0.000000 0.028918
369.013690 351.976968 0.045256 0.000000 0.045256
154.263646 71.579998 0.005432 0.000000 0.005432
416.003097 374.234185 0.009327 0.000000 0.009327
707.759095 135.893756 0.112539 0.000000 0.112539
320.001562 391.968913 0.161860 0.000000 0.161860
244.293655 135.975665 0.040617 0.000000 0.040617
126.323561 143.489316 0.096239 0.000000 0.096239
273.206464 333.675462 0.010436 0.000000 0.010436
250.756074 286.090154 0.145642 0.000000 0.145642
734.381415 107.956383 0.095394 0.000000 0.095394
616.102310 374.939612 0.120956 0.000000 0.120956
271.712967 230.013276 0.149267 0.000000 0.149267
604.637172 208.921196 0.116817 0.000000 0.116817
44.745343 45.200935 0.035470 0.000000 0.035470
88.654701 242.334628 0.119045 0.000000 0.119045
381.279411 382.862538 0.063125 0.000000 0.063125
491.509668 384.128148 0.151113 0.000000 0.151113
63.064844 467.701300 0.037799 0.000000 0.037799
545.995475 306.042334 0.165516 0.000000 0.165516
725.905800 263.429708 0.168069 0.000000 0.168069
104.313884 340.794613 0.155006 0.000000 0.155006
295.167143 457.814098 0.092616 0.000000 0.092616
468.639658 295.158399 0.160180 0.000000 0.160180
551.034774 319.238058 0.104152 0.000000 0.104152
365.794176 297.750081 0.158173 0.000000 0.158173
142.652058 300.413925 0.110044 0.000000 0.110044
649.245879 276.081722 0.135607 0.000000 0.135607
297.420224 148.836183 0.098212 0.000000 0.098212
359.833986 399.980505 0.056765 0.000000 0.056765
587.706691 192.994518 0.111141 0.000000 0.111141
244.741831 66.382698 0.056499 0.000000 0.056499
67.541411 143.148617 0.126676 0.000000 0.126676
589.594680 356.534320 0.073408 0.000000 0.073408
735.443600 444.523727 0.148373 0.000000 0.148373
391.415483 491.275999 0.101421 0.000000 0.101421
379.287408 340.824172 0.165112 0.000000 0.165112
533.514996 410.423769 0.147554 0.000000 0.147554
217.045097 118.294096 0.055648 0.000000 0.055648
444.887105 26.697032 0.126460 0.000000 0.126460
311.929476 434.464846 0.156814 0.000000 0.156814
364.572083 468.497442 0.016475 0.000000 0.016475
479.731133 306.885005 0.095580 0.000000 0.095580
497.055086 124.212006 0.082141 0.000000 0.082141
493.798030 364.747914 0.005054 0.000000 0.005054
418.809623 179.351785 0.029694 0.000000 0.029694
200.401107 61.382136 0.023209 0.000000 0.023209
316.081181 254.356790 0.150525 0.000000 0.150525
316.732740 394.869770 0.058806 0.000000 0.058806
163.170133 499.418404 0.114077 0.000000 0.114077
126.634979 329.592677 0.077391 0.000000 0.077391
92.926945 160.692734 0.025620 0.000000 0.025620
229.889897 133.823925 0.010698 0.000000 0.010698
646.080627 149.917875 0.081019 0.000000 0.081019
143.115927 465.771476 0.078537 0.000000 0.078537
84.081189 181.087673 0.024684 0.000000 0.024684
32.829101 322.617971 0.072057 0.000000 0.072057
522.930239 298.463617 0.171288 0.000000 0.171288
21.742898 186.651851 0.032853 0.000000 0.032853
661.385144 170.144392 0.143111 0.000000 0.143111
430.373769 279.238387 0.076221 0.000000 0.076221
517.262400 114.834504 0.143467 0.000000 0.143467
411.675971 369.297403 0.025061 0.000000 0.025061
558.033867 190.258134 0.021494 0.000000 0.021494
590.873860 502.202885 0.150415 0.000000 0.150415
385.708466 44.766451 0.071825 0.000000 0.071825
527.008555 323.013616 0.163412 0.000000 0.163412
737.869475 486.693781 0.050410 0.000000 0.050410
273.352585 77.899283 0.070777 0.000000 0.070777
218.243479 341.099761 0.143293 0.000000 0.143293
274.006422 266.047410 0.098910 0.000000 0.098910
190.759864 373.518126 0.115542 0.000000 0.115542
552.052384 134.333902 0.033270 0.000000 0.033270
195.055530 58.496441 0.116405 0.000000 0.116405
262.935738 427.406538 0.143796 0.000000 0.143796
387.392386 247.184080 0.010533 0.000000 0.010533
745.474719 234.250237 0.120666 0.000000 0.120666
680.838577 261.356627 0.029718 0.000000 0.029718
475.228119 390.839904 0.102374 0.000000 0.102374
735.445059 111.868209 0.054603 0.000000 0.054603
571.145135 229.247685 0.075313 0.000000 0.075313
298.195345 392.882580 0.021312 0.000000 0.021312
608.617653 466.516863 0.121621 0.000000 0.121621
202.185593 437.530427 0.063523 0.000000 0.063523
732.223076 272.207533 0.020931 0.000000 0.020931
646.773280 321.650262 0.066133 0.000000 0.066133
443.598086 391.726218 0.027517 0.000000 0.027517
345.557146 394.856016 0.100475 0.000000 0.100475
508.332822 274.942834 0.087766 0.000000 0.087766
12.737742 423.166470 0.155690 0.000000 0.155690
181.464203 39.687267 0.045225 0.000000 0.045225
206.273245 200.504343 0.102985 0.000000 0.102985
427.019734 20.843934 0.156072 0.000000 0.156072
587.785822 489.055749 0.133542 0.000000 0.133542
397.279606 474.063819 0.099887 0.000000 0.099887
499.353576 266.856330 0.164286 0.000000 0.164286
114.630070 337.872262 0.073384 0.000000 0.073384
138.533226 173.305197 0.109001 0.000000 0.109001
165.781443 173.795233 0.125898 0.000000 0.125898
410.969131 74.442128 0.068220 0.000000 0.068220
16.781957 411.926486 0.063342 0.000000 0.063342
144.213304 429.623976 0.098556 0.000000 0.098556
448.320504 250.665066 0.014416 0.000000 0.014416
537.501506 16.947591 0.115547 0.000000 0.115547
289.328607 432.250436 0.086745 0.000000 0.086745
420.088522 39.619790 0.138102 0.000000 0.138102
189.286078 351.852438 0.111753 0.000000 0.111753
177.401016 479.974398 0.104946 0.000000 0.104946
45.655533 153.498870 0.153769 0.000000 0.153769
683.568241 223.995942 0.123752 0.000000 0.123752
195.591994 403.063821 0.016500 0.000000 0.016500
17.998250 218.928477 0.115619 0.000000 0.115619
234.205112 180.840090 0.079622 0.000000 0.079622
137.044449 137.418399 0.116553 0.000000 0.116553
272.524025 426.348702 0.069304 0.000000 0.069304
652.854634 137.767886 0.032236 0.000000 0.032236
315.428333 428.096767 0.027677 0.000000 0.027677
301.392656 130.430742 0.060912 0.000000 0.060912
649.808080 136.061247 0.108818 0.000000 0.108818
216.696090 137.638886 0.061739 0.000000 0.061739
170.167247 498.865115 0.096685 0.000000 0.096685
483.294000 148.555966 0.113619 0.000000 0.113619
627.153308 442.697945 0.124021 0.000000 0.124021
187.874350 405.272896 0.025118 0.000000 0.025118
244.184341 339.431880 0.119606 0.000000 0.119606
598.340136 81.532408 0.158771 0.000000 0.158771
341.236970 251.524619 0.077950 0.000000 0.077950
339.174939 384.686764 0.142121 0.000000 0.142121
27.577722 310.469333 0.019503 0.000000 0.019503
414.189931 285.792122 0.006885 0.000000 0.006885
511.245683 470.317966 0.119416 0.000000 0.119416
379.429403 402.184788 0.120128 0.000000 0.120128
437.502709 417.483805 0.097294 0.000000 0.097294
380.468117 61.658517 0.060115 0.000000 0.060115
502.493812 238.584475 0.160088 0.000000 0.160088
673.930702 166.685449 0.010108 0.000000 0.010108
638.470975 37.085655 0.167586 0.000000 0.167586
582.846815 385.004844 0.116380 0.000000 0.116380
292.707026 323.619599 0.078062 0.000000 0.078062
479.834994 236.689470 0.065045 0.000000 0.065045
223.185241 268.622884 0.083309 0.000000 0.083309
12.428092 310.803998 0.076152 0.000000 0.076152
264.946289 385.293392 0.148042 0.000000 0.148042
450.497807 407.587946 0.124505 0.000000 0.124505
709.692915 221.635261 0.154855 0.000000 0.154855
467.435589 160.761978 0.126910 0.000000 0.126910
518.234995 299.472116 0.055591 0.000000 0.055591
164.271854 268.855469 0.175881 0.000000 0.175881
399.617211 287.404052 0.080640 0.000000 0.080640
436.004343 74.620325 0.166796 0.000000 0.166796
290.324768 106.266324 0.153919 0.000000 0.153919
85.452508 123.861326 0.007662 0.000000 0.007662
514.110646 183.146598 0.069067 0.000000 0.069067
203.419312 407.805064 0.142574 0.000000 0.142574
175.720151 391.573381 0.094053 0.000000 0.094053
172.010692 79.331763 0.170107 0.000000 0.170107
15.264728 15.577542 0.100489 0.000000 0.100489
42.100520 455.520332 0.010917 0.000000 0.010917
406.715778 301.820707 0.086526 0.000000 0.086526
276.743858 197.219554 0.005611 0.000000 0.005611
224.402205 210.977409 0.036132 0.000000 0.036132
663.787431 421.063793 0.168303 0.000000 0.168303
511.663152 446.451344 0.065289 0.000000 0.065289
492.965808 389.642678 0.092281 0.000000 0.092281
279.565323 437.618937 0.123571 0.000000 0.123571
139.697161 213.845999 0.100225 0.000000 0.100225
125.689112 456.636587 0.146981 0.000000 0.146981
10.412063 368.217861 0.126190 0.000000 0.126190
713.565234 219.596783 0.014204 0.000000 0.014204
568.066753 443.491102 0.147189 0.000000 0.147189
263.828888 497.646881 0.061378 0.000000 0.061378
506.415210 117.521615 0.154954 0.000000 0.154954
536.097678 490.911364 0.095806 0.000000 0.095806
303.777844 173.014085 0.029565 0.000000 0.029565
441.201119 482.655015 0.172056 0.000000 0.172056
236.799340 495.309384 0.144255 0.000000 0.144255
576.069805 462.692225 0.088271 0.000000 0.088271
722.294205 248.384078 0.073129 0.000000 0.073129
262.179599 440.602654 0.130313 0.000000 0.130313
524.882841 281.547545 0.082278 0.000000 0.082278
396.879449 461.844804 0.039255 0.000000 0.039255
691.381751 498.237454 0.121023 0.000000 0.121023
602.851517 107.380632 0.151860 0.000000 0.151860
45.260684 452.327646 0.116959 0.000000 0.116959
230.507769 421.038537 0.112990 0.000000 0.112990
142.998652 146.061452 0.162195 0.000000 0.162195
675.483089 13.266847 0.130662 0.000000 0.130662
657.594078 378.502828 0.019953 0.000000 0.019953
660.811668 498.708741 0.144042 0.000000 0.144042
677.629563 142.349776 0.131241 0.000000 0.131241
343.530968 221.390521 0.105856 0.000000 0.105856
685.470083 316.671395 0.112175 0.000000 0.112175
557.196330 459.300460 0.038111 0.000000 0.038111
443.974581 9.205458 0.099648 0.000000 0.099648
427.120799 13.394113 0.094667 0.000000 0.094667
515.789051 445.857417 0.116384 0.000000 0.116384
51.484424 150.193539 0.128936 0.000000 0.128936
222.613408 392.415999 0.039874 0.000000 0.039874
546.447912 261.557075 0.161168 0.000000 0.161168
544.533875 109.154275 0.046141 0.000000 0.046141
125.072127 291.072570 0.143757 0.000000 0.143757
493.156284 44.353509 0.091820 0.000000 0.091820
147.315935 295.637281 0.126788 0.000000 0.126788
48.755928 263.414220 0.111227 0.000000 0.111227
641.283772 422.628720 0.084124 0.000000 0.084124
220.364706 453.898256 0.107357 0.000000 0.107357
356.550682 115.406237 0.078029 0.000000 0.078029
277.145781 349.532603 0.049358 0.000000 0.049358
493.516670 345.993251 0.050662 0.000000 0.050662
224.014602 431.696841 0.062771 0.000000 0.062771
594.960112 11.925543 0.131701 0.000000 0.131701
24.645547 230.639484 0.139752 0.000000 0.139752
600.109629 379.711598 0.077746 0.000000 0.077746
67.312248 376.725124 0.095849 0.000000 0.095849
262.029629 246.732980 0.141413 0.000000 0.141413
368.402319 446.307080 0.118799 0.000000 0.118799
107.069242 441.339729 0.088309 0.000000 0.088309
530.571475 55.204702 0.043303 0.000000 0.043303
597.496184 53.585312 0.139959 0.000000 0.139959
489.912886 41.722632 0.016187 0.000000 0.016187
444.651440 466.166528 0.148918 0.000000 0.148918
365.012977 367.903471 0.127216 0.000000 0.127216
438.429433 449.588806 0.174228 0.000000 0.174228
697.270445 23.208865 0.051793 0.000000 0.051793
369.170622 172.786523 0.039736 0.000000 0.039736
256.907262 442.511476 0.035530 0.000000 0.035530
99.619844 371.254967 0.166346 0.000000 0.166346
581.803132 489.584403 0.133626 0.000000 0.133626
159.220951 211.621032 0.126550 0.000000 0.126550
698.012279 359.111612 0.019753 0.000000 0.019753
237.302977 366.199475 0.172019 0.000000 0.172019
222.764822 489.363569 0.046421 0.000000 0.046421
721.393570 352.451698 0.046312 0.000000 0.046312
588.561839 483.257171 0.116252 0.000000 0.116252
505.164454 224.648555 0.076734 0.000000 0.076734
634.214236 32.651275 0.158546 0.000000 0.158546
275.142188 390.898257 0.174909 0.000000 0.174909
220.770409 404.929329 0.027120 0.000000 0.027120
487.020838 441.580551 0.112780 0.000000 0.112780
56.521155 154.807119 0.094860 0.000000 0.094860
739.959462 249.447806 0.034246 0.000000 0.034246
47.806733 98.646708 0.169357 0.000000 0.169357
153.803554 453.889888 0.144255 0.000000 0.144255
211.201870 483.578234 0.159679 0.000000 0.159679
136.424803 116.131028 0.018988 0.000000 0.018988
224.512587 200.551564 0.024711 0.000000 0.024711
388.296433 114.757747 0.045732 0.000000 0.045732
721.821952 453.281240 0.091250 0.000000 0.091250
33.207089 43.373622 0.031757 0.000000 0.031757
554.356032 410.004041 0.069238 0.000000 0.069238
464.185476 192.434947 0.105785 0.000000 0.105785
679.557039 146.705665 0.034812 0.000000 0.034812
221.669342 214.165793 0.015338 0.000000 0.015338
142.157066 115.746157 0.045031 0.000000 0.045031
138.162858 496.772446 0.077627 0.000000 0.077627
470.096745 359.877620 0.097279 0.000000 0.097279
435.671146 159.990892 0.094718 0.000000 0.094718
21.058183 414.523126 0.097255 0.000000 0.097255
203.464675 464.724926 0.055531 0.000000 0.055531
231.582302 228.162376 0.038839 0.000000 0.038839
568.570153 206.055248 0.059256 0.000000 0.059256
136.601451 319.944529 0.140345 0.000000 0.140345
458.239219 422.350929 0.167803 0.000000 0.167803
428.918334 334.986317 0.112177 0.000000 0.112177
74.631078 122.090957 0.099449 0.000000 0.099449
216.840077 220.380526 0.144287 0.000000 0.144287
359.867641 158.549170 0.086142 0.000000 0.086142
161.053371 316.106742 0.156490 0.000000 0.156490
71.456388 294.770483 0.028656 0.000000 0.028656
192.365590 473.676783 0.128144 0.000000 0.128144
389.898044 108.385080 0.160002 0.000000 0.160002
96.709954 228.940780 0.033501 0.000000 0.033501
270.954078 431.734288 0.083467 0.000000 0.083467
81.336589 9.888055 0.095486 0.000000 0.095486
754.242071 314.280830 0.111763 0.000000 0.111763
674.946675 333.401897 0.141465 0.000000 0.141465
338.635292 115.330533 0.102008 0.000000 0.102008
714.809220 394.454721 0.020821 0.000000 0.020821
187.752059 456.844115 0.108650 0.000000 0.108650
576.461126 109.402031 0.093098 0.000000 0.093098
210.861128 402.252291 0.118434 0.000000 0.118434
113.789310 305.389738 0.006096 0.000000 0.006096
580.813557 19.017402 0.036501 0.000000 0.036501
408.302943 469.192862 0.108096 0.000000 0.108096
225.135917 24.334480 0.089199 0.000000 0.089199
749.094933 402.138384 0.143444 0.000000 0.143444
386.189647 85.171369 0.151393 0.000000 0.151393
320.836900 8.720384 0.141672 0.000000 0.141672
722.501218 33.332962 0.087966 0.000000 0.087966
278.023674 296.266856 0.157112 0.000000 0.157112
690.558174 433.186179 0.153852 0.000000 0.153852
410.095886 409.342858 0.049432 0.000000 0.049432
600.796753 379.867870 0.036845 0.000000 0.036845
289.525373 446.060466 0.135171 0.000000 0.135171
390.909295 447.479076 0.123608 0.000000 0.123608
202.739222 317.431768 0.090524 0.000000 0.090524
641.692986 401.529081 0.139171 0.000000 0.139171
453.822439 166.076385 0.150277 0.000000 0.150277
74.565036 239.168570 0.098417 0.000000 0.098417
174.257160 203.368464 0.171734 0.000000 0.171734
230.518200 211.988480 0.128189 0.000000 0.128189
540.878886 329.958076 0.039470 0.000000 0.039470
294.226313 493.372232 0.123240 0.000000 0.123240
313.788465 209.570222 0.103693 0.000000 0.103693
709.371215 273.625663 0.085655 0.000000 0.085655
489.225580 66.865012 0.100612 0.000000 0.100612
609.352179 178.480153 0.061817 0.000000 0.061817
617.749406 356.490050 0.063570 0.000000 0.063570
595.690382 57.092608 0.112295 0.000000 0.112295
514.557283 477.600651 0.137876 0.000000 0.137876
456.331084 198.859281 0.154827 0.000000 0.154827
123.996344 174.642672 0.132873 0.000000 0.132873
729.141709 437.314229 0.026190 0.000000 0.026190
223.440989 407.715962 0.121546 0.000000 0.121546
145.246531 74.689650 0.096599 0.000000 0.096599
699.662452 196.169742 0.076999 0.000000 0.076999
336.979346 256.326301 0.034370 0.000000 0.034370
441.069639 151.814037 0.039766 0.000000 0.039766
380.530418 387.434467 0.091736 0.000000 0.091736
219.356845 319.357931 0.077152 0.000000 0.077152
137.692517 76.877279 0.066081 0.000000 0.066081
118.738832 66.181333 0.097820 0.000000 0.097820
48.920334 482.352541 0.075365 0.000000 0.075365
297.859466 117.972520 0.135321 0.000000 0.135321
135.157418 151.379407 0.008938 0.000000 0.008938
346.904075 278.794464 0.109791 0.000000 0.109791
137.245489 93.469305 0.049965 0.000000 0.049965
91.851721 414.037858 0.114761 0.000000 0.114761
356.676337 347.133454 0.021404 0.000000 0.021404
647.491520 177.070518 0.096644 0.000000 0.096644
602.890437 135.988158 0.151093 0.000000 0.151093
510.768129 192.691660 0.102405 0.000000 0.102405
280.416765 196.922027 0.097258 0.000000 0.097258
344.719474 282.419191 0.063998 0.000000 0.063998
519.349595 308.227794 0.044630 0.000000 0.044630
726.296136 334.653898 0.110577 0.000000 0.110577
397.225129 269.297945 0.101059 0.000000 0.101059
694.871616 10.248914 0.105138 0.000000 0.105138
479.032474 348.091792 0.171228 0.000000 0.171228
585.155304 296.450579 0.039710 0.000000 0.039710
588.632343 202.058975 0.150725 0.000000 0.150725
229.512030 34.684481 0.110138 0.000000 0.110138
743.428246 434.739268 0.017645 0.000000 0.017645
60.617255 23.546665 0.021995 0.000000 0.021995
48.721139 486.507610 0.151829 0.000000 0.151829
180.509831 409.891096 0.053026 0.000000 0.053026
267.916818 270.913576 0.092295 0.000000 0.092295
536.262890 432.514119 0.093615 0.000000 0.093615
553.563105 201.869602 0.060831 0.000000 0.060831
409.162139 386.483269 0.039206 0.000000 0.039206
216.144933 471.463129 0.072156 0.000000 0.072156
247.891134 493.422872 0.027526 0.000000 0.027526
695.161814 427.128990 0.165563 0.000000 0.165563
274.602096 357.774159 0.049972 0.000000 0.049972
516.831983 111.416804 0.071736 0.000000 0.071736
711.693441 351.587359 0.096999 0.000000 0.096999
418.275221 165.027690 0.101504 0.000000 0.101504
40.456622 255.966042 0.025332 0.000000 0.025332
77.800200 118.474308 0.146949 0.000000 0.146949
748.282968 468.305998 0.042163 0.000000 0.042163
650.264811 395.864198 0.004749 0.000000 0.004749
729.929722 445.467002 0.153279 0.000000 0.153279
724.577512 116.073911 0.141300 0.000000 0.141300
26.484606 26.225343 0.039269 0.000000 0.039269
607.395698 340.712027 0.124008 0.000000 0.124008
418.122077 423.627444 0.155082 0.000000 0.155082
247.102147 192.785765 0.085507 0.000000 0.085507
155.263342 437.484561 0.154600 0.000000 0.154600
243.628574 45.222411 0.155778 0.000000 0.155778
375.226353 322.712953 0.051939 0.000000 0.051939
72.105261 118.961734 0.049914 0.000000 0.049914
503.945310 344.053796 0.004622 0.000000 0.004622
317.605026 335.317939 0.019093 0.000000 0.019093
318.184540 478.256639 0.155819 0.000000 0.155819
536.662389 265.670506 0.028480 0.000000 0.028480
429.394039 46.260258 0.008334 0.000000 0.008334
624.224552 36.609378 0.103251 0.000000 0.103251
285.584637 192.837080 0.111506 0.000000 0.111506
468.012238 103.597942 0.060120 0.000000 0.060120
16.992163 496.169357 0.108499 0.000000 0.108499
251.856199 341.235458 0.106382 0.000000 0.106382
153.891504 82.491023 0.057521 0.000000 0.057521
706.510674 129.618970 0.012294 0.000000 0.012294
525.419540 456.925870 0.157775 0.000000 0.157775
236.212541 279.830096 0.105466 0.000000 0.105466
254.670095 73.515582 0.116068 0.000000 0.116068
54.052563 25.533954 0.066971 0.000000 0.066971
45.506708 229.784323 0.038302 0.000000 0.038302
120.436815 424.939932 0.054530 0.000000 0.054530
597.885711 338.152096 0.055475 0.000000 0.055475
416.004389 117.327362 0.072566 0.000000 0.072566
588.162038 15.233126 0.034106 0.000000 0.034106
466.186378 153.781363 0.115003 0.000000 0.115003
172.102370 69.647042 0.096440 0.000000 0.096440
394.011608 357.582687 0.027657 0.000000 0.027657
403.200144 223.534851 0.146186 0.000000 0.146186
298.351125 363.331840 0.051547 0.000000 0.051547
361.905512 144.642837 0.024741 0.000000 0.024741
336.984243 458.614941 0.039479 0.000000 0.039479
650.928234 11.524547 0.146336 0.000000 0.146336
226.560847 453.551152 0.072113 0.000000 0.072113
160.509626 425.352822 0.151587 0.000000 0.151587
363.604991 167.905402 0.097850 0.000000 0.097850
615.892069 230.509242 0.013609 0.000000 0.013609
582.664712 364.561842 0.009319 0.000000 0.009319
547.820337 90.255706 0.093357 0.000000 0.093357
666.408487 259.929177 0.139708 0.000000 0.139708
253.868808 41.829911 0.044037 0.000000 0.044037
37.710463 388.578112 0.072402 0.000000 0.072402
656.743772 83.568042 0.072738 0.000000 0.072738
542.807129 273.223063 0.117896 0.000000 0.117896
535.309727 462.369668 0.157683 0.000000 0.157683
431.681235 33.619591 0.072831 0.000000 0.072831
471.239624 364.104442 0.152298 0.000000 0.152298
506.865362 437.324836 0.152965 0.000000 0.152965
217.518787 124.958088 0.132910 0.000000 0.132910
471.405931 185.647228 0.036076 0.000000 0.036076
736.219742 208.045731 0.032921 0.000000 0.032921
13.601683 278.186967 0.161357 0.000000 0.161357
679.165382 70.893426 0.024478 0.000000 0.024478
579.235097 331.436099 0.104290 0.000000 0.104290
505.774363 470.604168 0.141360 0.000000 0.141360
391.784447 369.354905 0.121599 0.000000 0.121599
361.147484 152.176803 0.127575 0.000000 0.127575
399.665236 241.275254 0.124983 0.000000 0.124983
376.420332 251.504834 0.165099 0.000000 0.165099
691.939908 187.374792 0.102072 0.000000 0.102072
568.344092 166.481704 0.061603 0.000000 0.061603
347.136289 274.007165 0.023226 0.000000 0.023226
24.151311 305.532782 0.054345 0.000000 0.054345
616.369293 39.512038 0.029608 0.000000 0.029608
72.658428 484.521644 0.105709 0.000000 0.105709
18.205636 367.164542 0.128339 0.000000 0.128339
75.597867 415.446239 0.031455 0.000000 0.031455
295.269077 246.673938 0.057162 0.000000 0.057162
734.831072 215.734334 0.081846 0.000000 0.081846
270.934213 437.513789 0.011400 0.000000 0.011400
388.816203 340.476043 0.163404 0.000000 0.163404
332.565535 465.859159 0.046920 0.000000 0.046920
343.597188 418.804092 0.014909 0.000000 0.014909
426.291504 72.029860 0.022883 0.000000 0.022883
448.246714 223.864549 0.142767 0.000000 0.142767
711.738992 287.023790 0.115431 0.000000 0.115431
56.533461 228.622143 0.008623 0.000000 0.008623
355.705274 106.585861 0.088928 0.000000 0.088928
132.998597 121.934781 0.043633 0.000000 0.043633
681.249084 275.300099 0.052663 0.000000 0.052663
476.362771 337.599384 0.112189 0.000000 0.112189
358.665440 211.784778 0.123957 0.000000 0.123957
481.928609 207.025279 0.165772 0.000000 0.165772
454.319064 249.150542 0.102985 0.000000 0.102985
536.177198 204.072597 0.132072 0.000000 0.132072
661.314378 382.547677 0.157192 0.000000 0.157192
227.402562 47.600588 0.066207 0.000000 0.066207
731.637944 254.755324 0.107428 0.000000 0.107428
144.644285 366.118169 0.160656 0.000000 0.160656
29.299612 37.810603 0.047776 0.000000 0.047776
298.768421 113.855809 0.051186 0.000000 0.051186
715.879513 300.345592 0.120285 0.000000 0.120285
344.609548 470.077420 0.160143 0.000000 0.160143
138.968308 410.566584 0.036266 0.000000 0.036266
677.308587 192.701453 0.161943 0.000000 0.161943
473.988025 69.716138 0.126614 0.000000 0.126614
716.905801 62.953356 0.121829 0.000000 0.121829
662.645044 193.943775 0.029614 0.000000 0.029614
527.037503 33.269896 0.136312 0.000000 0.136312
115.070221 192.564994 0.089343 0.000000 0.089343
262.147843 364.171744 0.051290 0.000000 0.051290
12.132364 407.957715 0.128869 0.000000 0.128869
481.014421 135.464017 0.136680 0.000000 0.136680
671.256798 294.929573 0.095410 0.000000 0.095410
500.289158 481.420629 0.132560 0.000000 0.132560
22.432322 312.278631 0.078215 0.000000 0.078215
403.532056 433.949585 0.164491 0.000000 0.164491
482.546331 425.152254 0.101746 0.000000 0.101746
139.816679 347.728954 0.129032 0.000000 0.129032
108.642806 274.694608 0.039091 0.000000 0.039091
113.088169 117.747244 0.078143 0.000000 0.078143
460.255634 163.838816 0.033687 0.000000 0.033687
557.489757 471.897250 0.060078 0.000000 0.060078
130.138387 490.356618 0.158929 0.000000 0.158929
365.181474 488.773849 0.053657 0.000000 0.053657
704.473954 416.972680 0.104725 0.000000 0.104725
453.755796 211.940379 0.112350 0.000000 0.112350
644.596086 197.894168 0.014909 0.000000 0.014909
410.442696 374.869159 0.157132 0.000000 0.157132
201.382240 383.516039 0.057765 0.000000 0.057765
416.476163 409.751643 0.035314 0.000000 0.035314
154.909261 53.479591 0.024918 0.000000 0.024918
280.900382 178.134001 0.081525 0.000000 0.081525
552.269573 497.539810 0.137187 0.000000 0.137187
22.526877 308.348207 0.140357 0.000000 0.140357
437.285833 83.321226 0.016829 0.000000 0.016829
381.482359 445.354638 0.126341 0.000000 0.126341
550.268918 148.135686 0.099790 0.000000 0.099790
701.465519 329.188982 0.105530 0.000000 0.105530
624.900149 354.448312 0.153438 0.000000 0.153438
433.810496 402.695539 0.026735 0.000000 0.026735
723.147714 436.853799 0.054085 0.000000 0.054085
504.927323 204.429165 0.046985 0.000000 0.046985
113.689060 426.658035 0.127618 0.000000 0.127618
446.356435 305.248248 0.115004 0.000000 0.115004
90.362982 358.255245 0.125238 0.000000 0.125238
149.718863 346.974521 0.168677 0.000000 0.168677
686.199778 70.281335 0.113642 0.000000 0.113642
393.196349 369.785037 0.050496 0.000000 0.050496
543.635480 195.407301 0.004720 0.000000 0.004720
608.934483 23.259680 0.149027 0.000000 0.149027
738.790185 388.380092 0.168512 0.000000 0.168512
98.146191 203.045049 0.089324 0.000000 0.089324
500.708509 396.502964 0.161658 0.000000 0.161658
228.577956 417.439241 0.021380 0.000000 0.021380
389.448315 15.490907 0.044547 0.000000 0.044547
408.586666 306.944227 0.052968 0.000000 0.052968
257.305992 422.432611 0.028696 0.000000 0.028696
59.143693 103.468519 0.022629 0.000000 0.022629
425.737103 39.951509 0.155328 0.000000 0.155328
742.975580 62.854438 0.129403 0.000000 0.129403
607.837766 134.422931 0.057138 0.000000 0.057138
297.662932 474.342244 0.021931 0.000000 0.021931
535.606507 328.915444 0.135173 0.000000 0.135173
526.012702 197.372934 0.117246 0.000000 0.117246
414.694879 147.623691 0.130627 0.000000 0.130627
167.752387 169.069465 0.052146 0.000000 0.052146
540.171844 29.817257 0.147322 0.000000 0.147322
58.645406 19.251094 0.091803 0.000000 0.091803
731.745637 266.843774 0.040707 0.000000 0.040707
303.572093 390.332821 0.061846 0.000000 0.061846
107.904938 312.602791 0.110992 0.000000 0.110992
733.669712 35.430270 0.110857 0.000000 0.110857
637.432380 409.105904 0.141987 0.000000 0.141987
284.842145 327.249991 0.030152 0.000000 0.030152
231.861691 278.736594 0.141191 0.000000 0.141191
713.261293 226.219170 0.111617 0.000000 0.111617
349.070352 367.122688 0.107330 0.000000 0.107330
100.044010 177.591279 0.111070 0.000000 0.111070
259.513146 96.887028 0.120554 0.000000 0.120554
176.859001 70.217242 0.026829 0.000000 0.026829
287.977917 479.513970 0.067548 0.000000 0.067548
601.796077 24.814090 0.113904 0.000000 0.113904
10.020459 58.321233 0.082086 0.000000 0.082086
740.829277 102.354757 0.145642 0.000000 0.145642
267.882580 80.423215 0.105861 0.000000 0.105861
725.190126 197.699294 0.119049 0.000000 0.119049
290.290234 221.016181 0.148514 0.000000 0.148514
282.299044 295.574168 0.094003 0.000000 0.094003
382.354656 229.320766 0.090287 0.000000 0.090287
735.137832 163.140691 0.166570 0.000000 0.166570
65.954654 108.086138 0.011594 0.000000 0.011594
423.329618 292.539720 0.123274 0.000000 0.123274
653.424905 97.787866 0.027007 0.000000 0.027007
184.938640 263.591174 0.110859 0.000000 0.110859
57.831075 448.752121 0.106923 0.000000 0.106923
715.944380 45.062952 0.085401 0.000000 0.085401
598.177586 151.638551 0.091626 0.000000 0.091626
439.373873 133.310207 0.078293 0.000000 0.078293
496.206239 154.008969 0.151030 0.000000 0.151030
631.473887 461.289021 0.112052 0.000000 0.112052
129.434167 129.927944 0.157491 0.000000 0.157491
504.966717 381.177282 0.087718 0.000000 0.087718
497.153394 326.702282 0.103215 0.000000 0.103215
454.927397 230.991088 0.013770 0.000000 0.013770
631.083764 247.342519 0.012083 0.000000 0.012083
577.876511 151.660464 0.043832 0.000000 0.043832
627.243637 238.069794 0.133691 0.000000 0.133691
519.601515 227.529455 0.085690 0.000000 0.085690
236.669056 314.214408 0.084890 0.000000 0.084890
607.846411 106.111246 0.021122 0.000000 0.021122
396.592575 104.399826 0.148238 0.000000 0.148238
15.452562 177.081539 0.140351 0.000000 0.140351
458.726714 301.399899 0.030616 0.000000 0.030616
645.457516 398.069643 0.103783 0.000000 0.103783
98.616216 271.551403 0.014274 0.000000 0.014274
100.825010 251.399060 0.080974 0.000000 0.080974
141.619806 363.181579 0.143497 0.000000 0.143497
627.408477 168.768826 0.045220 0.000000 0.045220
587.857746 458.887516 0.153245 0.000000 0.153245
567.795308 161.684573 0.146136 0.000000 0.146136
749.807172 390.865286 0.123794 0.000000 0.123794
711.302963 138.718262 0.067843 0.000000 0.067843
207.776896 389.518337 0.132956 0.000000 0.132956
15.939531 280.229020 0.031302 0.000000 0.031302
217.202089 424.525899 0.003908 0.000000 0.003908
261.641372 472.135392 0.160593 0.000000 0.160593
299.618869 323.050224 0.054019 0.000000 0.054019
554.111655 490.654335 0.107758 0.000000 0.107758
149.780170 99.976149 0.116386 0.000000 0.116386
235.023052 189.114631 0.067714 0.000000 0.067714
484.763739 132.843214 0.057077 0.000000 0.057077
342.098304 18.484662 0.137256 0.000000 0.137256
646.028265 56.745454 0.031969 0.000000 0.031969
341.393451 262.629745 0.046444 0.000000 0.046444
203.857743 43.443487 0.017243 0.000000 0.017243
579.038646 222.678838 0.141239 0.000000 0.141239
10.954544 275.081244 0.065102 0.000000 0.065102
111.396509 423.102157 0.069218 0.000000 0.069218
325.296901 457.692146 0.054423 0.000000 0.054423
633.058195 140.975603 0.101815 0.000000 0.101815
373.046747 437.067672 0.144819 0.000000 0.144819
706.926444 128.770219 0.048691 0.000000 0.048691
131.188467 487.987692 0.072408 0.000000 0.072408
21.390538 76.516140 0.080322 0.000000 0.080322
600.119101 326.752712 0.035827 0.000000 0.035827
102.305960 418.480238 0.103260 0.000000 0.103260
533.082289 155.028233 0.016240 0.000000 0.016240
732.158229 69.891395 0.016504 0.000000 0.016504
186.257307 161.088380 0.025645 0.000000 0.025645
676.954319 322.622035 0.114197 0.000000 0.114197
635.838807 275.890714 0.123816 0.000000 0.123816
387.068486 423.039758 0.123318 0.000000 0.123318
271.748668 200.340978 0.032071 0.000000 0.032071
343.087410 366.741733 0.076103 0.000000 0.076103
326.306040 109.610892 0.008566 0.000000 0.008566
530.689485 205.503769 0.125594 0.000000 0.125594
286.393216 335.735290 0.115905 0.000000 0.115905
381.069021 372.462053 0.080875 0.000000 0.080875
550.557973 455.733409 0.006918 0.000000 0.006918
743.442638 383.385930 0.098668 0.000000 0.098668
670.525034 164.394090 0.141456 0.000000 0.141456
391.409462 455.290587 0.033953 0.000000 0.033953
574.928868 133.990169 0.134168 0.000000 0.134168
85.499224 279.421811 0.077123 0.000000 0.077123
626.768629 198.315592 0.004751 0.000000 0.004751
496.593908 389.146593 0.038400 0.000000 0.038400
254.011827 437.882228 0.155640 0.000000 0.155640
663.056782 492.801031 0.075597 0.000000 0.075597
361.283748 372.240973 0.014656 0.000000 0.014656
88.483226 185.826796 0.109681 0.000000 0.109681
276.656159 343.592878 0.110359 0.000000 0.110359
232.987518 294.177620 0.095912 0.000000 0.095912
629.389983 374.669455 0.064161 0.000000 0.064161
591.534975 397.591950 0.131657 0.000000 0.131657
124.616413 473.735632 0.006263 0.000000 0.006263
227.609956 183.448963 0.163478 0.000000 0.163478
303.634243 426.460196 0.161134 0.000000 0.161134
615.645603 275.325967 0.103734 0.000000 0.103734
38.495359 319.571031 0.032022 0.000000 0.032022
756.871452 443.778475 0.159513 0.000000 0.159513
584.102235 310.993389 0.112041 0.000000 0.112041
250.625954 439.762251 0.137137 0.000000 0.137137
680.688063 306.130867 0.039201 0.000000 0.039201
283.399493 368.836053 0.077442 0.000000 0.077442
737.084393 56.515034 0.107083 0.000000 0.107083
125.235130 127.357822 0.150827 0.000000 0.150827
202.614731 486.964448 0.157169 0.000000 0.157169
181.269332 139.737779 0.050466 0.000000 0.050466
355.287848 356.911422 0.124326 0.000000 0.124326
391.603163 233.539102 0.099176 0.000000 0.099176
700.436643 285.369030 0.155625 0.000000 0.155625
561.994579 218.003582 0.078013 0.000000 0.078013
252.658230 171.529311 0.148705 0.000000 0.148705
600.303373 374.734631 0.117073 0.000000 0.117073
527.809685 292.402661 0.056192 0.000000 0.056192
321.237975 182.230343 0.153049 0.000000 0.153049
737.161783 482.182826 0.157895 0.000000 0.157895
376.849775 467.180145 0.162952 0.000000 0.162952
699.118822 358.997242 0.172989 0.000000 0.172989
207.912000 434.547110 0.017168 0.000000 0.017168
574.626916 430.164388 0.054805 0.000000 0.054805
486.910390 283.578344 0.121306 0.000000 0.121306
49.427100 374.178947 0.107737 0.000000 0.107737
147.832483 186.100354 0.019229 0.000000 0.019229
615.853468 109.310499 0.081237 0.000000 0.081237
676.380649 195.670544 0.078688 0.000000 0.078688
711.033941 333.866585 0.078046 0.000000 0.078046
389.082747 381.696720 0.170114 0.000000 0.170114
703.541834 364.865011 0.112864 0.000000 0.112864
96.241086 359.231517 0.083970 0.000000 0.083970
109.136900 424.729263 0.162765 0.000000 0.162765
502.826804 145.260044 0.062692 0.000000 0.062692
306.078207 299.491184 0.142554 0.000000 0.142554
36.324186 259.877016 0.142944 0.000000 0.142944
591.989027 462.402355 0.069425 0.000000 0.069425
476.661666 228.524872 0.085500 0.000000 0.085500
523.714688 316.911535 0.109280 0.000000 0.109280
77.650391 488.048665 0.142811 0.000000 0.142811
127.691256 193.133231 0.030374 0.000000 0.030374
465.168680 436.290618 0.142816 0.000000 0.142816
115.223003 461.914345 0.027328 0.000000 0.027328
603.252579 327.172665 0.097926 0.000000 0.097926
290.714672 439.219949 0.136141 0.000000 0.136141
513.184154 113.174754 0.141463 0.000000 0.141463
745.646967 345.774276 0.031770 0.000000 0.031770
307.177569 295.693762 0.012751 0.000000 0.012751
332.188511 453.411620 0.080856 0.000000 0.080856
34.748528 102.348756 0.121367 0.000000 0.121367
309.896349 126.489755 0.086080 0.000000 0.086080
611.317671 436.976911 0.172369 0.000000 0.172369
331.449173 126.518870 0.102837 0.000000 0.102837
259.627031 87.084152 0.126462 0.000000 0.126462
238.117947 194.609637 0.046908 0.000000 0.046908
225.165627 54.194952 0.133998 0.000000 0.133998
457.391005 284.609243 0.165847 0.000000 0.165847
322.456035 499.194996 0.078642 0.000000 0.078642
596.125338 216.801570 0.049535 0.000000 0.049535
655.084802 352.156496 0.171284 0.000000 0.171284
387.059227 385.774843 0.016538 0.000000 0.016538
454.168548 20.567115 0.022280 0.000000 0.022280
442.036486 140.749476 0.031779 0.000000 0.031779
511.382703 332.704440 0.048221 0.000000 0.048221
39.721752 262.585432 0.168225 0.000000 0.168225
648.712287 105.362908 0.029376 0.000000 0.029376
746.883854 334.720156 0.119520 0.000000 0.119520
43.721898 300.662766 0.139285 0.000000 0.139285
589.216271 67.648509 0.172785 0.000000 0.172785
635.053905 28.408381 0.134121 0.000000 0.134121
317.953905 490.192155 0.128270 0.000000 0.128270
78.683629 390.130714 0.091152 0.000000 0.091152
592.175183 341.789805 0.076076 0.000000 0.076076
492.939515 132.480299 0.118626 0.000000 0.118626
73.677278 462.050304 0.026015 0.000000 0.026015
76.737631 260.280735 0.020343 0.000000 0.020343
173.895145 269.354950 0.161247 0.000000 0.161247
227.839175 123.148406 0.128501 0.000000 0.128501
444.760910 259.895463 0.132950 0.000000 0.132950
326.681354 349.033487 0.125646 0.000000 0.125646
302.510018 484.620792 0.149786 0.000000 0.149786
333.444738 101.504856 0.081551 0.000000 0.081551
413.125632 161.141350 0.104188 0.000000 0.104188
186.968076 397.359061 0.069235 0.000000 0.069235
403.506918 273.797062 0.075084 0.000000 0.075084
650.973571 482.845666 0.032884 0.000000 0.032884
331.104426 304.447317 0.075570 0.000000 0.075570
636.338958 481.345054 0.020427 0.000000 0.020427
140.131312 454.723504 0.010780 0.000000 0.010780
648.909514 434.751682 0.174371 0.000000 0.174371
270.978536 386.927155 0.006106 0.000000 0.006106
74.630314 387.169693 0.061858 0.000000 0.061858
597.289042 131.878306 0.077121 0.000000 0.077121
152.384349 486.892582 0.161531 0.000000 0.161531
113.998203 171.616344 0.031655 0.000000 0.031655
714.601239 433.600951 0.054831 0.000000 0.054831
147.139834 311.809949 0.161725 0.000000 0.161725
475.453474 351.340635 0.097602 0.000000 0.097602
527.254374 261.940340 0.030755 0.000000 0.030755
109.697355 299.781807 0.031680 0.000000 0.031680
464.934491 95.671808 0.107618 0.000000 0.107618
66.372397 453.720224 0.014788 0.000000 0.014788
614.197787 339.102365 0.030682 0.000000 0.030682
209.357303 340.778271 0.008406 0.000000 0.008406
753.428353 439.594184 0.118797 0.000000 0.118797
68.658218 463.044303 0.173687 0.000000 0.173687
578.720866 134.422216 0.147151 0.000000 0.147151
585.150518 150.769964 0.021160 0.000000 0.021160
62.957259 228.658805 0.161479 0.000000 0.161479
336.685493 251.028504 0.129784 0.000000 0.129784
646.527513 105.949966 0.102281 0.000000 0.102281
717.082242 187.349910 0.093921 0.000000 0.093921
22.292887 174.506407 0.124959 0.000000 0.124959
663.978842 226.216154 0.111856 0.000000 0.111856
567.052862 150.048175 0.064397 0.000000 0.064397
580.023969 197.279321 0.012516 0.000000 0.012516
280.611361 347.096263 0.122377 0.000000 0.122377
229.761238 192.689043 0.174170 0.000000 0.174170
251.766543 154.577323 0.011323 0.000000 0.011323
128.075238 54.223167 0.016258 0.000000 0.016258
400.262297 369.504910 0.013022 0.000000 0.013022
254.505559 337.020107 0.133763 0.000000 0.133763
115.433757 167.907317 0.076264 0.000000 0.076264
440.839168 86.173473 0.121967 0.000000 0.121967
250.553869 379.541920 0.004942 0.000000 0.004942
422.808945 116.728435 0.045338 0.000000 0.045338
369.393378 28.252019 0.022844 0.000000 0.022844
347.448024 234.238332 0.169738 0.000000 0.169738
571.098542 176.426213 0.056351 0.000000 0.056351
700.631935 101.220019 0.093302 0.000000 0.093302
330.146951 191.029988 0.091425 0.000000 0.091425
260.180004 382.337469 0.081630 0.000000 0.081630
163.954581 485.508543 0.017257 0.000000 0.017257
261.393282 224.209332 0.110892 0.000000 0.110892
16.444245 351.361951 0.047634 0.000000 0.047634
480.891379 276.128585 0.174000 0.000000 0.174000
324.841012 396.141612 0.113637 0.000000 0.113637
68.346311 285.665177 0.133223 0.000000 0.133223
443.327025 299.072896 0.162207 0.000000 0.162207
311.904664 413.074073 0.009949 0.000000 0.009949
643.273212 370.773357 0.052242 0.000000 0.052242
167.894171 63.792881 0.044917 0.000000 0.044917
146.807715 267.908110 0.161405 0.000000 0.161405
241.022392 278.740827 0.077508 0.000000 0.077508
237.419868 396.990139 0.157586 0.000000 0.157586
668.001108 314.146850 0.110662 0.000000 0.110662
206.759968 281.581049 0.043371 0.000000 0.043371
589.718201 413.057778 0.010069 0.000000 0.010069
470.292943 288.551824 0.065335 0.000000 0.065335
726.797151 302.491895 0.139912 0.000000 0.139912
419.487004 60.169355 0.161479 0.000000 0.161479
259.128082 302.716282 0.092364 0.000000 0.092364
246.187294 81.279622 0.126425 0.000000 0.126425
119.194844 62.405479 0.166066 0.000000 0.166066
387.131738 319.287693 0.061209 0.000000 0.061209
227.760778 176.141964 0.161907 0.000000 0.161907
438.663144 281.639171 0.006868 0.000000 0.006868
632.480883 485.358738 0.145202 0.000000 0.145202
375.056491 259.636187 0.112910 0.000000 0.112910
402.699676 28.440836 0.076569 0.000000 0.076569
617.216974 484.439086 0.038489 0.000000 0.038489
27.085700 194.799364 0.071744 0.000000 0.071744
15.855150 158.190123 0.028589 0.000000 0.028589
18.823788 42.781643 0.104700 0.000000 0.104700
515.033667 368.554556 0.129697 0.000000 0.129697
443.474627 267.495666 0.048296 0.000000 0.048296
320.791595 302.732272 0.099743 0.000000 0.099743
408.133118 209.013934 0.142109 0.000000 0.142109
86.159553 321.216096 0.094444 0.000000 0.094444
127.953134 24.454177 0.014909 0.000000 0.014909
158.545250 219.283447 0.003921 0.000000 0.003921
428.460373 77.589244 0.070277 0.000000 0.070277
356.051762 327.172589 0.158023 0.000000 0.158023
599.951199 259.947974 0.005251 0.000000 0.005251
733.409545 434.897559 0.131464 0.000000 0.131464
410.132183 484.984162 0.131064 0.000000 0.131064
589.717721 404.852264 0.133717 0.000000 0.133717
664.500349 416.486327 0.073223 0.000000 0.073223
254.832208 352.520138 0.054270 0.000000 0.054270
41.622341 126.908754 0.103167 0.000000 0.103167
544.494292 206.114836 0.028362 0.000000 0.028362
540.937233 415.861611 0.082010 0.000000 0.082010
341.174626 31.251267 0.015546 0.000000 0.015546
403.093046 170.806334 0.092460 0.000000 0.092460
264.070191 194.619609 0.045573 0.000000 0.045573
538.367145 365.823189 0.076813 0.000000 0.076813
524.467255 254.563406 0.129980 0.000000 0.129980
474.235279 65.950192 0.086259 0.000000 0.086259
201.042865 420.396318 0.115097 0.000000 0.115097
17.526908 291.008905 0.164915 0.000000 0.164915
661.171175 165.480739 0.036619 0.000000 0.036619
495.384374 179.872006 0.006313 0.000000 0.006313
329.639003 449.105509 0.098753 0.000000 0.098753
327.814523 330.810748 0.090323 0.000000 0.090323
532.706582 313.643519 0.080762 0.000000 0.080762
426.599082 119.932380 0.006841 0.000000 0.006841
448.032912 369.739144 0.017591 0.000000 0.017591
22.035680 471.366470 0.117097 0.000000 0.117097
309.005840 489.043689 0.169444 0.000000 0.169444
537.855537 97.446638 0.098449 0.000000 0.098449
197.782515 500.628399 0.134281 0.000000 0.134281
477.313398 60.100084 0.149016 0.000000 0.149016
710.225780 376.149338 0.079833 0.000000 0.079833
222.534582 56.231915 0.057127 0.000000 0.057127
670.777697 300.266490 0.018154 0.000000 0.018154
262.449173 477.244945 0.111451 0.000000 0.111451
711.287124 193.290453 0.112581 0.000000 0.112581
517.858224 355.572510 0.114181 0.000000 0.114181
419.426765 152.517877 0.095200 0.000000 0.095200
204.698502 254.433973 0.032468 0.000000 0.032468
723.326456 183.122931 0.087577 0.000000 0.087577
422.922357 9.341624 0.093578 0.000000 0.093578
251.523776 87.073015 0.092705 0.000000 0.092705
39.506379 304.596336 0.075908 0.000000 0.075908
185.042928 77.843273 0.005679 0.000000 0.005679
42.838121 249.757695 0.084600 0.000000 0.084600
419.942962 221.954218 0.085650 0.000000 0.085650
255.780370 348.181577 0.130286 0.000000 0.130286
672.262643 80.203575 0.010199 0.000000 0.010199
281.962611 189.158887 0.090217 0.000000 0.090217
363.700867 453.665692 0.144251 0.000000 0.144251
384.211477 370.557408 0.016499 0.000000 0.016499
64.735763 272.653986 0.048406 0.000000 0.048406
532.051391 190.690113 0.155061 0.000000 0.155061
460.031832 217.387091 0.016948 0.000000 0.016948
61.552603 163.621665 0.079399 0.000000 0.079399
587.794584 261.807974 0.018426 0.000000 0.018426
452.586530 207.026696 0.110018 0.000000 0.110018
454.734267 49.228746 0.073420 0.000000 0.073420
443.629590 282.493208 0.165531 0.000000 0.165531
118.364916 371.454274 0.088071 0.000000 0.088071
477.174254 488.590899 0.106992 0.000000 0.106992
44.634837 407.296957 0.104350 0.000000 0.104350
628.491454 402.046996 0.018145 0.000000 0.018145
556.759254 356.650925 0.106583 0.000000 0.106583
299.638413 486.958623 0.087375 0.000000 0.087375
252.972917 346.501447 0.075596 0.000000 0.075596
504.110162 342.070618 0.153225 0.000000 0.153225
146.217272 241.715427 0.140147 0.000000 0.140147
534.830543 466.650685 0.020364 0.000000 0.020364
162.298775 24.424681 0.011041 0.000000 0.011041
373.194058 13.279264 0.159410 0.000000 0.159410
248.083219 411.468709 0.045886 0.000000 0.045886
354.238468 207.972734 0.005392 0.000000 0.005392
167.653884 356.804180 0.004378 0.000000 0.004378
409.119980 97.616246 0.055119 0.000000 0.055119
321.861925 434.672997 0.029613 0.000000 0.029613
259.333046 408.473909 0.170821 0.000000 0.170821
322.414882 192.808065 0.029164 0.000000 0.029164
30.028327 75.806251 0.137974 0.000000 0.137974
607.540755 85.775675 0.144431 0.000000 0.144431
231.053029 346.982872 0.120591 0.000000 0.120591
109.780191 38.477464 0.025810 0.000000 0.025810
438.610619 372.616571 0.008664 0.000000 0.008664
660.618212 503.340132 0.142325 0.000000 0.142325
710.443128 103.811080 0.031932 0.000000 0.031932
534.082057 89.092609 0.068366 0.000000 0.068366
479.277549 181.891159 0.028768 0.000000 0.028768
515.931004 487.307710 0.146656 0.000000 0.146656
548.576341 473.463568 0.063307 0.000000 0.063307
512.950949 249.619221 0.080445 0.000000 0.080445
359.137176 203.698621 0.026467 0.000000 0.026467
404.814087 245.210130 0.042382 0.000000 0.042382
444.883516 119.447990 0.090383 0.000000 0.090383
250.959345 149.363158 0.069685 0.000000 0.069685
671.923456 479.422225 0.028235 0.000000 0.028235
398.696247 428.091490 0.160031 0.000000 0.160031
221.430577 290.715933 0.064072 0.000000 0.064072
415.885528 75.339320 0.139320 0.000000 0.139320
12.265857 212.033311 0.055171 0.000000 0.055171
521.270649 347.444947 0.063549 0.000000 0.063549
599.169884 32.439148 0.015105 0.000000 0.015105
729.786409 388.856822 0.024528 0.000000 0.024528
705.764228 285.880599 0.024270 0.000000 0.024270
547.045557 396.315063 0.073832 0.000000 0.073832
716.553498 256.138928 0.137098 0.000000 0.137098
463.682251 37.406273 0.075996 0.000000 0.075996
106.329562 237.858443 0.117148 0.000000 0.117148
459.973517 383.425960 0.116439 0.000000 0.116439
16.550773 212.247728 0.094245 0.000000 0.094245
473.129621 464.144475 0.025782 0.000000 0.025782
40.030073 70.274468 0.032561 0.000000 0.032561
425.420856 36.721811 0.025093 0.000000 0.025093
165.264751 318.254108 0.048967 0.000000 0.048967
31.397793 49.650137 0.137215 0.000000 0.137215
301.314341 106.272383 0.031218 0.000000 0.031218
481.881333 412.027310 0.048792 0.000000 0.048792
67.888445 300.423045 0.157181 0.000000 0.157181
29.028807 249.843896 0.042650 0.000000 0.042650
486.525458 108.053756 0.033806 0.000000 0.033806
126.024381 253.177636 0.065176 0.000000 0.065176
711.797299 498.924852 0.078765 0.000000 0.078765
531.770019 201.224006 0.030520 0.000000 0.030520
429.278616 144.682405 0.132386 0.000000 0.132386
442.092602 475.123159 0.027330 0.000000 0.027330
150.279193 490.184088 0.036750 0.000000 0.036750
385.543007 329.402739 0.018903 0.000000 0.018903
622.207201 93.635432 0.038091 0.000000 0.038091
328.706033 149.428733 0.031367 0.000000 0.031367
8.040239 20.192369 0.175159 0.000000 0.175159
715.047100 374.082761 0.052439 0.000000 0.052439
541.123347 80.414587 0.108157 0.000000 0.108157
531.897179 333.467776 0.154105 0.000000 0.154105
459.690505 34.689391 0.023189 0.000000 0.023189
477.526204 157.601672 0.154618 0.000000 0.154618
223.555236 465.079570 0.119627 0.000000 0.119627
687.577182 300.717868 0.084789 0.000000 0.084789
140.196050 369.414628 0.067514 0.000000 0.067514
472.448260 496.130781 0.071665 0.000000 0.071665
478.048032 192.653739 0.065082 0.000000 0.065082
418.459064 21.469863 0.091555 0.000000 0.091555
738.916752 175.449011 0.126995 0.000000 0.126995
79.175857 265.308971 0.140022 0.000000 0.140022
41.679654 409.144948 0.029354 0.000000 0.029354
46.191217 485.096359 0.018681 0.000000 0.018681
606.974050 192.351186 0.064259 0.000000 0.064259
623.758472 337.274597 0.089802 0.000000 0.089802
701.649167 169.894255 0.040500 0.000000 0.040500
234.144904 45.614054 0.104248 0.000000 0.104248
456.260839 55.905473 0.113818 0.000000 0.113818
643.275604 488.965785 0.149815 0.000000 0.149815
430.569676 90.544756 0.156563 0.000000 0.156563
310.263458 327.797842 0.137230 0.000000 0.137230
169.107263 470.277058 0.066563 0.000000 0.066563
672.049437 188.962543 0.017527 0.000000 0.017527
18.177088 485.665045 0.105181 0.000000 0.105181
528.923658 360.217596 0.090763 0.000000 0.090763
132.590545 251.167089 0.174048 0.000000 0.174048
89.388687 300.393286 0.064239 0.000000 0.064239
542.669268 430.462679 0.110210 0.000000 0.110210
353.606074 326.217604 0.040745 0.000000 0.040745
306.945352 375.541136 0.171267 0.000000 0.171267
494.854855 481.529242 0.094163 0.000000 0.094163
77.214638 454.834870 0.098147 0.000000 0.098147
531.478116 149.222921 0.108045 0.000000 0.108045
661.562727 417.544207 0.006076 0.000000 0.006076
332.643607 384.563385 0.138417 0.000000 0.138417
439.871331 248.153562 0.150877 0.000000 0.150877
732.025426 101.272330 0.079041 0.000000 0.079041
445.728241 233.805939 0.130512 0.000000 0.130512
114.536789 364.017587 0.141164 0.000000 0.141164
411.493734 158.434272 0.038681 0.000000 0.038681
635.722475 154.554331 0.008718 0.000000 0.008718
165.598854 339.587162 0.020879 0.000000 0.020879
549.844563 215.571225 0.156197 0.000000 0.156197
12.617735 441.289203 0.107771 0.000000 0.107771
617.285593 255.159143 0.150342 0.000000 0.150342
160.463332 486.893756 0.126126 0.000000 0.126126
666.375919 313.097786 0.031597 0.000000 0.031597
331.504555 478.705172 0.088141 0.000000 0.088141
352.048335 423.846030 0.035138 0.000000 0.035138
241.791925 363.636135 0.098209 0.000000 0.098209
689.773307 17.920582 0.114045 0.000000 0.114045
489.850620 141.967207 0.008450 0.000000 0.008450
486.368083 480.245914 0.119200 0.000000 0.119200
265.983494 287.225439 0.025728 0.000000 0.025728
695.769657 257.693691 0.173817 0.000000 0.173817
63.785114 216.584649 0.117842 0.000000 0.117842
577.849069 397.882432 0.021924 0.000000 0.021924
441.017318 359.169670 0.023771 0.000000 0.023771
79.488255 243.193625 0.039135 0.000000 0.039135
428.069192 369.518106 0.135218 0.000000 0.135218
373.989873 273.770415 0.067124 0.000000 0.067124
445.008486 33.046395 0.026119 0.000000 0.026119
422.963096 182.476457 0.162313 0.000000 0.162313
178.523058 24.628738 0.039795 0.000000 0.039795
285.847786 467.248905 0.065951 0.000000 0.065951
617.679245 319.807949 0.031356 0.000000 0.031356
741.519877 72.040041 0.051056 0.000000 0.051056
388.316019 125.737920 0.154242 0.000000 0.154242
166.557909 120.576401 0.081137 0.000000 0.081137
725.500895 137.684231 0.090616 0.000000 0.090616
331.892078 75.079319 0.046737 0.000000 0.046737
358.894351 224.792876 0.008153 0.000000 0.008153
85.021272 379.470682 0.051251 0.000000 0.051251
205.118330 235.218924 0.076656 0.000000 0.076656
571.458450 403.961942 0.116719 0.000000 0.116719
50.931741 226.601165 0.051043 0.000000 0.051043
275.042460 193.289827 0.058362 0.000000 0.058362
54.147044 56.508959 0.090641 0.000000 0.090641
708.300932 265.551613 0.028104 0.000000 0.028104
628.520098 467.672325 0.029711 0.000000 0.029711
256.865396 216.796978 0.056980 0.000000 0.056980
507.548645 316.688051 0.135402 0.000000 0.135402
723.376849 416.279100 0.044558 0.000000 0.044558
214.996479 48.704084 0.042960 0.000000 0.042960
115.578487 375.820930 0.091190 0.000000 0.091190
620.260681 334.314088 0.049664 0.000000 0.049664
444.669846 323.301766 0.112661 0.000000 0.112661
415.917732 187.479941 0.052932 0.000000 0.052932
173.615737 463.665481 0.147879 0.000000 0.147879
662.748725 298.080539 0.100999 0.000000 0.100999
76.782893 173.212449 0.068742 0.000000 0.068742
176.637747 76.284600 0.078768 0.000000 0.078768
644.647028 483.626320 0.170277 0.000000 0.170277
551.433008 209.938164 0.145240 0.000000 0.145240
296.079611 174.636097 0.151633 0.000000 0.151633
640.505845 108.504517 0.147685 0.000000 0.147685
596.339299 400.720442 0.030645 0.000000 0.030645
316.959593 200.702147 0.025002 0.000000 0.025002
177.665209 370.992725 0.161158 0.000000 0.161158
423.324163 125.136353 0.079055 0.000000 0.079055
447.709711 298.713649 0.141131 0.000000 0.141131
372.409165 195.609515 0.051055 0.000000 0.051055
701.716720 461.270001 0.148578 0.000000 0.148578
101.050864 346.686972 0.005072 0.000000 0.005072
722.358164 291.561439 0.083369 0.000000 0.083369
265.364932 52.555062 0.021430 0.000000 0.021430
735.673910 458.550202 0.083836 0.000000 0.083836
558.544166 364.785817 0.098822 0.000000 0.098822
620.365344 316.766531 0.094082 0.000000 0.094082
155.113760 235.123597 0.116889 0.000000 0.116889
620.595999 278.418536 0.107527 0.000000 0.107527
61.278355 410.913528 0.068622 0.000000 0.068622
493.401733 116.529497 0.039860 0.000000 0.039860
417.793784 408.403913 0.004010 0.000000 0.004010
525.955014 302.927262 0.171824 0.000000 0.171824
308.932072 233.815288 0.105774 0.000000 0.105774
209.750073 304.335284 0.052204 0.000000 0.052204
497.934209 105.558848 0.153549 0.000000 0.153549
507.713864 84.455387 0.080859 0.000000 0.080859
450.866363 300.365149 0.044625 0.000000 0.044625
540.667793 190.842283 0.131664 0.000000 0.131664
628.565140 111.169128 0.010663 0.000000 0.010663
652.047946 332.397687 0.074296 0.000000 0.074296
155.930666 204.023672 0.074540 0.000000 0.074540
609.569064 49.796086 0.049084 0.000000 0.049084
671.876378 233.577503 0.144494 0.000000 0.144494
493.046723 137.655858 0.058107 0.000000 0.058107
703.298101 123.489103 0.106664 0.000000 0.106664
210.908205 240.254392 0.047934 0.000000 0.047934
540.424847 284.548055 0.025340 0.000000 0.025340
67.175048 402.403898 0.131462 0.000000 0.131462
425.362746 493.579622 0.103092 0.000000 0.103092
581.297640 440.824494 0.134965 0.000000 0.134965
28.468333 282.725696 0.024715 0.000000 0.024715
52.439814 78.123700 0.017064 0.000000 0.017064
304.267991 439.527862 0.081709 0.000000 0.081709
702.127075 119.222052 0.027265 0.000000 0.027265
367.643653 228.998875 0.020604 0.000000 0.020604
322.857405 59.722032 0.033882 0.000000 0.033882
666.899369 269.111214 0.093892 0.000000 0.093892
325.230221 488.807755 0.020586 0.000000 0.020586
741.162276 367.400623 0.014938 0.000000 0.014938
169.391545 297.934389 0.153774 0.000000 0.153774
512.619826 224.308218 0.136757 0.000000 0.136757
254.795376 411.677166 0.092714 0.000000 0.092714
537.963392 119.820389 0.050484 0.000000 0.050484
665.326351 180.088811 0.074088 0.000000 0.074088
146.892845 42.040604 0.065788 0.000000 0.065788
476.470508 145.084608 0.139204 0.000000 0.139204
412.819494 421.078607 0.119286 0.000000 0.119286
395.113706 248.707499 0.158388 0.000000 0.158388
258.999597 35.775070 0.045366 0.000000 0.045366
247.359411 203.742003 0.017022 0.000000 0.017022
727.260917 275.168287 0.135865 0.000000 0.135865
687.476430 285.457498 0.170790 0.000000 0.170790
386.387272 194.405384 0.071021 0.000000 0.071021
197.634725 282.925237 0.071998 0.000000 0.071998
236.849430 499.151746 0.115428 0.000000 0.115428
178.703953 440.220716 0.156073 0.000000 0.156073
675.421312 94.129113 0.133387 0.000000 0.133387
22.447336 58.106753 0.121531 0.000000 0.121531
469.315706 330.390475 0.105499 0.000000 0.105499
151.035225 261.282874 0.030739 0.000000 0.030739
98.201642 196.384676 0.068147 0.000000 0.068147
118.388504 369.046241 0.004162 0.000000 0.004162
644.358661 477.585343 0.073221 0.000000 0.073221
706.025791 434.544778 0.006465 0.000000 0.006465
726.361131 166.640705 0.138381 0.000000 0.138381
556.781096 344.420834 0.005778 0.000000 0.005778
619.154397 344.175676 0.150443 0.000000 0.150443
26.615928 367.789476 0.035567 0.000000 0.035567
242.416656 259.501708 0.015833 0.000000 0.015833
575.080874 193.056746 0.090855 0.000000 0.090855
54.971549 292.498857 0.044604 0.000000 0.044604
85.986901 372.874886 0.048314 0.000000 0.048314
615.284558 384.542841 0.008381 0.000000 0.008381
589.453672 256.684053 0.049130 0.000000 0.049130
97.749824 249.856948 0.006308 0.000000 0.006308
607.193997 281.599710 0.157194 0.000000 0.157194
597.655004 362.057176 0.101734 0.000000 0.101734
292.149356 308.893424 0.144212 0.000000 0.144212
529.666226 389.534019 0.026474 0.000000 0.026474
513.083120 393.978346 0.056498 0.000000 0.056498
189.153891 22.358224 0.062997 0.000000 0.062997
368.824593 200.505510 0.113225 0.000000 0.113225
590.963243 300.350010 0.163125 0.000000 0.163125
301.852521 315.801562 0.082837 0.000000 0.082837
471.693864 194.528865 0.060505 0.000000 0.060505
413.799956 219.516376 0.065046 0.000000 0.065046
159.838911 270.640413 0.123027 0.000000 0.123027
585.871298 95.951489 0.130289 0.000000 0.130289
398.925079 21.314676 0.031545 0.000000 0.031545
198.300969 197.538767 0.082062 0.000000 0.082062
350.409004 360.455819 0.053076 0.000000 0.053076
48.763811 123.120499 0.082618 0.000000 0.082618
244.922322 356.830600 0.012844 0.000000 0.012844
159.336418 140.942373 0.055205 0.000000 0.055205
436.457284 48.038086 0.080878 0.000000 0.080878
695.748131 125.770299 0.047861 0.000000 0.047861
735.326638 166.524892 0.022795 0.000000 0.022795
309.922821 451.326290 0.082870 0.000000 0.082870
152.175298 117.486065 0.031719 0.000000 0.031719
253.940766 243.332530 0.007965 0.000000 0.007965
253.674864 389.594796 0.154915 0.000000 0.154915
561.986608 11.893517 0.067109 0.000000 0.067109
188.176819 237.777823 0.033686 0.000000 0.033686
632.616815 222.811495 0.013915 0.000000 0.013915
449.642361 165.829954 0.018646 0.000000 0.018646
156.866076 285.508613 0.139998 0.000000 0.139998
402.370905 190.189680 0.170626 0.000000 0.170626
550.070496 238.123945 0.170319 0.000000 0.170319
590.453859 437.419742 0.161920 0.000000 0.161920
389.179943 255.579909 0.140661 0.000000 0.140661
710.181223 51.171701 0.126332 0.000000 0.126332
493.891704 26.487129 0.123736 0.000000 0.123736
279.213068 145.023160 0.148410 0.000000 0.148410
26.160941 168.130283 0.009953 0.000000 0.009953
624.259308 350.548975 0.125010 0.000000 0.125010
106.299395 363.155762 0.146058 0.000000 0.146058
228.282363 158.229575 0.033149 0.000000 0.033149
27.323696 454.256064 0.087810 0.000000 0.087810
487.648681 420.041287 0.082162 0.000000 0.082162
121.300043 79.959755 0.032463 0.000000 0.032463
175.127722 304.499601 0.071237 0.000000 0.071237
48.867942 71.310206 0.100518 0.000000 0.100518
681.725497 439.420885 0.116643 0.000000 0.116643
325.608654 265.443609 0.104711 0.000000 0.104711
207.834592 32.077220 0.115805 0.000000 0.115805
564.040500 316.858238 0.031968 0.000000 0.031968
212.996496 313.773480 0.137080 0.000000 0.137080
666.261703 95.520538 0.109980 0.000000 0.109980
275.131377 368.690523 0.020355 0.000000 0.020355
358.470564 254.383178 0.032902 0.000000 0.032902
351.791760 127.636161 0.065814 0.000000 0.065814
26.505585 178.484483 0.153885 0.000000 0.153885
652.624565 490.074677 0.104332 0.000000 0.104332
664.123591 322.387055 0.084236 0.000000 0.084236
324.152638 346.161365 0.070727 0.000000 0.070727
590.716466 244.434773 0.156329 0.000000 0.156329
98.709384 384.903678 0.128743 0.000000 0.128743
618.696196 385.270006 0.070675 0.000000 0.070675
267.193514 261.398377 0.026419 0.000000 0.026419
685.554593 437.962774 0.052092 0.000000 0.052092
602.469368 473.765502 0.116784 0.000000 0.116784
536.761486 294.676732 0.051312 0.000000 0.051312
735.690090 157.471479 0.059273 0.000000 0.059273
129.986923 234.538761 0.078056 0.000000 0.078056
601.608716 263.516464 0.053851 0.000000 0.053851
429.282610 328.181579 0.022344 0.000000 0.022344
594.076261 256.992798 0.091763 0.000000 0.091763
103.857285 138.765573 0.106862 0.000000 0.106862
715.357424 150.568049 0.008939 0.000000 0.008939
537.555698 477.557783 0.131428 0.000000 0.131428
592.813444 382.724414 0.138667 0.000000 0.138667
203.170309 160.745234 0.033892 0.000000 0.033892
87.467035 370.019630 0.012491 0.000000 0.012491
422.400732 459.671547 0.021224 0.000000 0.021224
37.862738 65.799281 0.069990 0.000000 0.069990
713.272689 50.388629 0.016384 0.000000 0.016384
453.254666 363.673956 0.128597 0.000000 0.128597
135.585590 443.509297 0.013869 0.000000 0.013869
447.291539 128.033767 0.069586 0.000000 0.069586
749.290434 146.808980 0.064813 0.000000 0.064813
661.732928 358.079096 0.094859 0.000000 0.094859
734.946833 340.680106 0.045359 0.000000 0.045359
168.133897 111.769461 0.038152 0.000000 0.038152
629.232812 343.756070 0.059804 0.000000 0.059804
181.481662 306.798949 0.064094 0.000000 0.064094
679.692599 464.872312 0.105662 0.000000 0.105662
412.379944 204.869420 0.085171 0.000000 0.085171
263.406987 312.916585 0.138486 0.000000 0.138486
338.534169 297.268644 0.161541 0.000000 0.161541
342.790823 180.745487 0.075217 0.000000 0.075217
491.873173 314.670381 0.164117 0.000000 0.164117
579.533933 91.427552 0.009077 0.000000 0.009077
533.053387 444.232386 0.139602 0.000000 0.139602
193.407593 180.620681 0.131002 0.000000 0.131002
687.172689 133.361820 0.035692 0.000000 0.035692
487.738870 313.123379 0.113861 0.000000 0.113861
7.820755 322.070203 0.176719 0.000000 0.176719
553.209552 216.044249 0.062515 0.000000 0.062515
742.697152 141.820954 0.055722 0.000000 0.055722
80.168576 505.696742 0.122049 0.000000 0.122049
704.231896 398.203335 0.039256 0.000000 0.039256
243.762515 456.782889 0.008502 0.000000 0.008502
507.527104 120.571542 0.030466 0.000000 0.030466
750.161472 230.606423 0.051344 0.000000 0.051344
626.320561 323.532090 0.008405 0.000000 0.008405
733.812774 291.887360 0.138031 0.000000 0.138031
236.392392 16.035066 0.124663 0.000000 0.124663
561.138461 369.913390 0.113105 0.000000 0.113105
574.290384 416.754924 0.121137 0.000000 0.121137
244.323835 289.047791 0.119476 0.000000 0.119476
123.860028 494.014149 0.161336 0.000000 0.161336
693.969341 109.399793 0.051420 0.000000 0.051420
64.734745 177.473044 0.063923 0.000000 0.063923
27.651410 260.683378 0.126379 0.000000 0.126379
171.921520 376.064470 0.036571 0.000000 0.036571
62.598410 74.736210 0.063611 0.000000 0.063611
155.756597 97.859467 0.078561 0.000000 0.078561
332.237251 266.698312 0.153421 0.000000 0.153421
142.573799 375.777495 0.126711 0.000000 0.126711
413.650123 126.557354 0.058760 0.000000 0.058760
705.554547 247.902880 0.111087 0.000000 0.111087
98.761834 486.088815 0.076976 0.000000 0.076976
88.480191 363.126346 0.062209 0.000000 0.062209
527.102332 225.663460 0.086350 0.000000 0.086350
235.342208 10.415286 0.095350 0.000000 0.095350
269.886279 374.176124 0.126680 0.000000 0.126680
742.644150 273.093891 0.116497 0.000000 0.116497
450.506378 42.703480 0.050715 0.000000 0.050715
747.176688 251.307542 0.143473 0.000000 0.143473
530.731434 108.437715 0.032955 0.000000 0.032955
416.124075 451.639092 0.052330 0.000000 0.052330
608.681994 385.006157 0.122616 0.000000 0.122616
114.455477 400.984116 0.017665 0.000000 0.017665
552.550674 369.390764 0.013599 0.000000 0.013599
697.726401 439.954864 0.049870 0.000000 0.049870
291.724719 196.832566 0.032826 0.000000 0.032826
703.672622 239.478151 0.050828 0.000000 0.050828
699.203025 218.294161 0.052910 0.000000 0.052910
109.839181 87.383723 0.124178 0.000000 0.124178
26.850426 256.477916 0.136589 0.000000 0.136589
587.564449 449.109463 0.083805 0.000000 0.083805
407.456023 191.564646 0.074271 0.000000 0.074271
192.654657 149.985453 0.008716 0.000000 0.008716
646.891773 375.071212 0.074197 0.000000 0.074197
346.118442 384.827997 0.158350 0.000000 0.158350
370.049322 51.434732 0.051697 0.000000 0.051697
334.198832 229.325880 0.022971 0.000000 0.022971
141.869831 475.538684 0.096675 0.000000 0.096675
309.080009 493.911328 0.068236 0.000000 0.068236
361.925598 430.023022 0.029546 0.000000 0.029546
129.236356 87.809905 0.076227 0.000000 0.076227
611.836912 87.468859 0.020343 0.000000 0.020343
526.994727 438.484033 0.048803 0.000000 0.048803
299.940535 420.630516 0.121275 0.000000 0.121275
487.582344 245.380715 0.099763 0.000000 0.099763
136.295042 474.129880 0.060729 0.000000 0.060729
241.588980 289.213847 0.020431 0.000000 0.020431
451.570222 333.594122 0.021628 0.000000 0.021628
743.078796 188.279307 0.122425 0.000000 0.122425
357.295557 259.475913 0.018208 0.000000 0.018208
558.128721 290.878333 0.015566 0.000000 0.015566
290.129315 87.881791 0.019890 0.000000 0.019890
678.812007 385.628946 0.020149 0.000000 0.020149
437.463941 346.546003 0.057180 0.000000 0.057180
394.727535 184.307572 0.149724 0.000000 0.149724
85.951721 290.799458 0.036066 0.000000 0.036066
711.187546 80.178854 0.011942 0.000000 0.011942
422.438301 403.647027 0.138220 0.000000 0.138220
189.933314 334.041531 0.005855 0.000000 0.005855
58.402908 497.558526 0.104491 0.000000 0.104491
149.893309 224.422007 0.027045 0.000000 0.027045
52.600434 435.273296 0.107768 0.000000 0.107768
323.555973 234.938935 0.052481 0.000000 0.052481
291.490166 282.159020 0.033628 0.000000 0.033628
161.296683 290.587289 0.104062 0.000000 0.104062
635.327114 489.667624 0.028957 0.000000 0.028957
62.768011 498.292994 0.119383 0.000000 0.119383
422.539989 238.212238 0.064194 0.000000 0.064194
712.649629 92.379729 0.076208 0.000000 0.076208
664.697741 362.739945 0.098815 0.000000 0.098815
18.994001 7.460391 0.168002 0.000000 0.168002
98.094499 335.853224 0.058863 0.000000 0.058863
80.596017 484.236098 0.039285 0.000000 0.039285
104.766155 384.309947 0.079817 0.000000 0.079817
112.046568 228.884746 0.084726 0.000000 0.084726
247.199183 55.673230 0.151779 0.000000 0.151779
77.497968 61.757563 0.077549 0.000000 0.077549
232.359441 150.155549 0.067943 0.000000 0.067943
523.409953 357.484251 0.092344 0.000000 0.092344
93.532617 396.680574 0.058254 0.000000 0.058254
664.870964 292.039098 0.170315 0.000000 0.170315
538.943130 129.673125 0.086228 0.000000 0.086228
623.572030 427.513378 0.105044 0.000000 0.105044
119.992111 357.105439 0.020220 0.000000 0.020220
688.099379 279.760278 0.011094 0.000000 0.011094
557.076518 430.689442 0.152325 0.000000 0.152325
278.917520 460.006577 0.068739 0.000000 0.068739
706.944159 257.166913 0.037737 0.000000 0.037737
757.461758 395.310855 0.157558 0.000000 0.157558
477.367915 470.988168 0.148422 0.000000 0.148422
218.918412 144.686822 0.041704 0.000000 0.041704
488.843305 263.438617 0.051912 0.000000 0.051912
90.085444 451.553591 0.060808 0.000000 0.060808
351.920390 132.472150 0.146029 0.000000 0.146029
91.860045 392.989190 0.007622 0.000000 0.007622
304.408557 274.993538 0.037676 0.000000 0.037676
115.552736 476.920870 0.140806 0.000000 0.140806
463.897051 479.087988 0.046096 0.000000 0.046096
334.968740 336.566446 0.079842 0.000000 0.079842
181.952767 289.209756 0.092530 0.000000 0.092530
136.342833 246.000076 0.023104 0.000000 0.023104
406.501820 213.854814 0.049267 0.000000 0.049267
359.071622 459.839046 0.085705 0.000000 0.085705
383.761958 478.375488 0.165328 0.000000 0.165328
89.324394 468.701819 0.081033 0.000000 0.081033
49.797346 271.062799 0.040703 0.000000 0.040703
455.954322 75.713743 0.081063 0.000000 0.081063
406.513338 491.107266 0.057611 0.000000 0.057611
143.613352 26.569419 0.035361 0.000000 0.035361
107.564314 262.609697 0.077224 0.000000 0.077224
471.243408 272.351555 0.062282 0.000000 0.062282
213.100542 150.838464 0.139621 0.000000 0.139621
718.476634 279.180442 0.120512 0.000000 0.120512
462.387031 400.005900 0.092312 0.000000 0.092312
591.569976 156.824814 0.114160 0.000000 0.114160
736.565825 367.622723 0.142002 0.000000 0.142002
485.704668 477.098579 0.025431 0.000000 0.025431
40.033061 82.870780 0.056728 0.000000 0.056728
112.933731 104.883376 0.099580 0.000000 0.099580
619.690990 401.462113 0.094328 0.000000 0.094328
451.099610 153.706173 0.109568 0.000000 0.109568
268.655785 307.070329 0.023906 0.000000 0.023906
19.810251 92.471016 0.151077 0.000000 0.151077
422.935284 356.290120 0.075894 0.000000 0.075894
397.237575 84.635044 0.057658 0.000000 0.057658
168.549260 208.287164 0.050971 0.000000 0.050971
84.672273 38.543401 0.021236 0.000000 0.021236
109.790658 470.324460 0.111847 0.000000 0.111847
456.030249 149.340722 0.102158 0.000000 0.102158
474.757517 208.516146 0.069534 0.000000 0.069534
602.004058 450.143468 0.139631 0.000000 0.139631
288.750798 166.798879 0.110303 0.000000 0.110303
556.515846 28.287658 0.020183 0.000000 0.020183
708.053675 241.455812 0.159086 0.000000 0.159086
494.551810 17.742661 0.119066 0.000000 0.119066
136.283634 63.519555 0.055963 0.000000 0.055963
227.319358 334.071003 0.063885 0.000000 0.063885
129.372830 390.295175 0.014737 0.000000 0.014737
743.447172 291.782286 0.059081 0.000000 0.059081
706.888886 455.839144 0.096553 0.000000 0.096553
470.769666 221.636150 0.103728 0.000000 0.103728
37.319964 143.162343 0.098725 0.000000 0.098725
743.478230 244.908095 0.164859 0.000000 0.164859
446.244027 492.832236 0.176025 0.000000 0.176025
504.806791 501.094721 0.056061 0.000000 0.056061
457.034524 183.845964 0.074054 0.000000 0.074054
80.271993 101.646192 0.130688 0.000000 0.130688
514.565347 172.549595 0.132417 0.000000 0.132417
92.815664 107.087674 0.034488 0.000000 0.034488
358.018244 223.851319 0.153804 0.000000 0.153804
599.946082 277.515994 0.139023 0.000000 0.139023
678.637631 125.807477 0.093364 0.000000 0.093364
157.047308 413.586220 0.134853 0.000000 0.134853
497.003319 286.004091 0.033342 0.000000 0.033342
191.304747 292.745314 0.094251 0.000000 0.094251
179.557720 274.155854 0.127217 0.000000 0.127217
740.514249 309.932992 0.141133 0.000000 0.141133
42.908920 343.718906 0.089075 0.000000 0.089075
694.333036 75.556494 0.063558 0.000000 0.063558
285.045550 234.185185 0.063481 0.000000 0.063481
188.127043 216.920393 0.059454 0.000000 0.059454
503.134249 294.227000 0.036477 0.000000 0.036477
548.100824 240.659554 0.019276 0.000000 0.019276
468.450687 480.510401 0.133559 0.000000 0.133559
375.145558 38.193430 0.079381 0.000000 0.079381
21.286579 446.713463 0.105946 0.000000 0.105946
466.054963 252.734720 0.148906 0.000000 0.148906
100.756498 454.735641 0.134711 0.000000 0.134711
165.667409 407.085001 0.051032 0.000000 0.051032
548.909375 247.419838 0.109937 0.000000 0.109937
379.907484 481.746289 0.120088 0.000000 0.120088
522.036420 413.615064 0.143965 0.000000 0.143965
331.883926 276.791725 0.100537 0.000000 0.100537
757.217644 117.397980 0.158703 0.000000 0.158703
306.786729 160.915275 0.168417 0.000000 0.168417
