1.0
1706
501.531163 488.320742 0.164236 0.000000 0.164236
233.469372 360.155997 0.049486 0.000000 0.049486
627.762316 438.726771 0.041263 0.000000 0.041263
586.871732 267.395088 0.093213 0.000000 0.093213
25.074535 10.066002 0.059301 0.000000 0.059301
106.817295 486.776112 0.108884 0.000000 0.108884
477.168562 494.140794 0.071952 0.000000 0.071952
740.071383 159.831574 0.126837 0.000000 0.126837
594.339739 414.013126 0.028676 0.000000 0.028676
177.872870 271.626731 0.162745 0.000000 0.162745
326.447099 436.386971 0.070715 0.000000 0.070715
588.055026 227.911329 0.030159 0.000000 0.030159
546.889864 199.504730 0.074671 0.000000 0.074671
592.496384 222.851392 0.154896 0.000000 0.154896
364.218055 281.656055 0.074482 0.000000 0.074482
74.944829 478.051497 0.074306 0.000000 0.074306
168.804428 348.321081 0.116335 0.000000 0.116335
53.895708 492.223781 0.100079 0.000000 0.100079
171.866284 34.636548 0.072335 0.000000 0.072335
168.754533 495.429114 0.061995 0.000000 0.061995
583.652614 161.608071 0.036434 0.000000 0.036434
179.702553 252.233739 0.062390 0.000000 0.062390
502.277487 463.317516 0.040913 0.000000 0.040913
455.974424 132.238264 0.083780 0.000000 0.083780
392.277423 417.721391 0.004198 0.000000 0.004198
500.715404 324.481832 0.069937 0.000000 0.069937
211.090681 419.754104 0.080304 0.000000 0.080304
249.684517 420.910783 0.149067 0.000000 0.149067
260.057856 486.908307 0.138674 0.000000 0.138674
19.255734 59.184170 0.060013 0.000000 0.060013
497.766266 460.012187 0.008525 0.000000 0.008525
316.242654 448.623610 0.159515 0.000000 0.159515
746.626230 216.789384 0.084829 0.000000 0.084829
324.374724 281.189740 0.136111 0.000000 0.136111
196.196400 340.192189 0.035705 0.000000 0.035705
183.237312 405.604760 0.101936 0.000000 0.101936
180.128639 424.215570 0.039070 0.000000 0.039070
149.778614 309.989773 0.160899 0.000000 0.160899
487.030983 282.415655 0.075278 0.000000 0.075278
176.059717 60.869959 0.107478 0.000000 0.107478
559.147250 493.265201 0.134925 0.000000 0.134925
128.079625 299.108494 0.112255 0.000000 0.112255
66.871547 289.654795 0.063521 0.000000 0.063521
537.803367 288.569858 0.050719 0.000000 0.050719
704.390174 180.265330 0.113362 0.000000 0.113362
72.581589 437.810312 0.119845 0.000000 0.119845
699.808569 208.035902 0.034268 0.000000 0.034268
224.521848 122.278483 0.141063 0.000000 0.141063
749.195849 181.500776 0.130837 0.000000 0.130837
96.765076 464.293665 0.122166 0.000000 0.122166
249.531907 411.311282 0.015315 0.000000 0.015315
682.619637 160.556327 0.162461 0.000000 0.162461
96.460707 467.698493 0.034757 0.000000 0.034757
753.294325 23.454127 0.105828 0.000000 0.105828
159.579295 270.891189 0.066487 0.000000 0.066487
477.364327 370.328147 0.038042 0.000000 0.038042
165.761255 450.186619 0.078888 0.000000 0.078888
741.765611 466.287320 0.045120 0.000000 0.045120
389.632731 56.720044 0.127012 0.000000 0.127012
727.271097 272.192464 0.057219 0.000000 0.057219
417.635651 237.520174 0.127372 0.000000 0.127372
314.693311 257.163249 0.097468 0.000000 0.097468
269.476469 362.672449 0.031332 0.000000 0.031332
169.172682 483.263302 0.015311 0.000000 0.015311
68.325869 107.992943 0.020747 0.000000 0.020747
312.907098 287.589968 0.148368 0.000000 0.148368
562.936657 357.195913 0.117310 0.000000 0.117310
376.234671 243.146673 0.149594 0.000000 0.149594
83.989255 500.374712 0.024236 0.000000 0.024236
670.132639 438.720147 0.135251 0.000000 0.135251
559.912998 167.762639 0.166901 0.000000 0.166901
301.543333 62.650353 0.127409 0.000000 0.127409
215.538448 94.434332 0.164850 0.000000 0.164850
157.417330 116.358460 0.069611 0.000000 0.069611
208.820467 189.184145 0.139508 0.000000 0.139508
144.508331 502.243667 0.100197 0.000000 0.100197
273.690444 118.131618 0.039755 0.000000 0.039755
446.655666 23.662826 0.059287 0.000000 0.059287
303.929690 32.504444 0.022742 0.000000 0.022742
374.814198 417.247437 0.025373 0.000000 0.025373
638.760350 23.539557 0.077897 0.000000 0.077897
626.802535 432.715903 0.078773 0.000000 0.078773
207.923777 19.920786 0.151637 0.000000 0.151637
227.800477 298.190832 0.051338 0.000000 0.051338
65.712182 472.601857 0.085926 0.000000 0.085926
192.716945 286.916754 0.155352 0.000000 0.155352
198.068885 180.132448 0.153371 0.000000 0.153371
265.816984 232.409936 0.143467 0.000000 0.143467
461.571448 299.259035 0.062253 0.000000 0.062253
374.470089 269.873845 0.111341 0.000000 0.111341
707.339691 114.640841 0.156600 0.000000 0.156600
210.179201 474.606180 0.090585 0.000000 0.090585
288.477360 403.204815 0.056184 0.000000 0.056184
271.670625 115.367412 0.160407 0.000000 0.160407
611.200518 197.230960 0.013508 0.000000 0.013508
426.717233 481.152788 0.007407 0.000000 0.007407
225.540871 38.017960 0.080463 0.000000 0.080463
461.962118 203.921909 0.146960 0.000000 0.146960
38.713637 260.666328 0.030018 0.000000 0.030018
695.093981 208.998396 0.086795 0.000000 0.086795
154.708356 438.313999 0.078728 0.000000 0.078728
315.509041 273.943735 0.131827 0.000000 0.131827
231.178099 299.331558 0.021931 0.000000 0.021931
28.335567 225.855803 0.088235 0.000000 0.088235
728.542519 436.872122 0.069781 0.000000 0.069781
197.180926 400.529366 0.033368 0.000000 0.033368
166.142749 207.756234 0.130321 0.000000 0.130321
119.868242 475.184235 0.057978 0.000000 0.057978
750.529933 73.860930 0.080570 0.000000 0.080570
216.798511 75.717146 0.044989 0.000000 0.044989
68.044304 57.790884 0.110701 0.000000 0.110701
315.508986 223.131378 0.092094 0.000000 0.092094
515.830815 314.283956 0.073835 0.000000 0.073835
518.683260 457.302656 0.160497 0.000000 0.160497
136.757924 412.987675 0.103842 0.000000 0.103842
166.133248 187.322772 0.147419 0.000000 0.147419
257.821448 380.860924 0.135658 0.000000 0.135658
446.694795 46.995624 0.125023 0.000000 0.125023
36.986190 164.782172 0.042871 0.000000 0.042871
174.758684 383.341929 0.133711 0.000000 0.133711
34.520884 485.731052 0.050229 0.000000 0.050229
521.064499 135.786253 0.072012 0.000000 0.072012
36.939858 484.734527 0.129553 0.000000 0.129553
417.752774 473.476320 0.040878 0.000000 0.040878
398.055773 293.885043 0.006545 0.000000 0.006545
395.680983 304.442779 0.048663 0.000000 0.048663
187.568191 209.492011 0.141204 0.000000 0.141204
367.752745 487.862223 0.061091 0.000000 0.061091
71.447726 434.589170 0.052987 0.000000 0.052987
56.764467 260.272689 0.074404 0.000000 0.074404
399.389426 284.589089 0.071530 0.000000 0.071530
738.884494 121.050676 0.071694 0.000000 0.071694
390.530734 238.117088 0.103510 0.000000 0.103510
416.406088 81.880432 0.106299 0.000000 0.106299
445.219598 372.924709 0.053658 0.000000 0.053658
348.240214 40.408414 0.109682 0.000000 0.109682
474.440631 197.596581 0.145275 0.000000 0.145275
459.659246 278.097030 0.082394 0.000000 0.082394
619.760422 191.989348 0.021203 0.000000 0.021203
422.528135 240.925585 0.030739 0.000000 0.030739
358.345352 168.009119 0.150028 0.000000 0.150028
156.827836 71.721752 0.106213 0.000000 0.106213
636.632469 316.244545 0.157489 0.000000 0.157489
685.285755 376.213488 0.063837 0.000000 0.063837
366.458369 426.317989 0.139673 0.000000 0.139673
217.354747 76.673047 0.016227 0.000000 0.016227
567.184499 439.197209 0.161533 0.000000 0.161533
9.045236 442.074743 0.170363 0.000000 0.170363
680.034292 340.506329 0.129944 0.000000 0.129944
681.328115 110.474974 0.081356 0.000000 0.081356
588.055109 375.320997 0.028716 0.000000 0.028716
746.546949 56.250622 0.148053 0.000000 0.148053
713.684959 437.833545 0.085792 0.000000 0.085792
619.189654 391.082504 0.113297 0.000000 0.113297
674.027353 458.039257 0.027057 0.000000 0.027057
154.809873 82.510113 0.016403 0.000000 0.016403
739.617684 320.891391 0.126206 0.000000 0.126206
684.455897 37.616803 0.100750 0.000000 0.100750
607.283106 146.217521 0.125172 0.000000 0.125172
135.397803 371.287596 0.093008 0.000000 0.093008
54.438827 70.432225 0.119330 0.000000 0.119330
125.631821 365.377514 0.156447 0.000000 0.156447
533.609157 486.714461 0.128299 0.000000 0.128299
443.832816 498.432595 0.094345 0.000000 0.094345
322.725411 442.914555 0.005920 0.000000 0.005920
288.615877 100.182738 0.050246 0.000000 0.050246
101.501136 41.358723 0.080649 0.000000 0.080649
617.670474 405.161281 0.155427 0.000000 0.155427
114.611784 454.476146 0.094108 0.000000 0.094108
563.436038 261.461793 0.047366 0.000000 0.047366
658.285224 235.077270 0.122325 0.000000 0.122325
608.779285 143.661883 0.045900 0.000000 0.045900
444.156608 391.178569 0.083521 0.000000 0.083521
609.790501 227.837298 0.091682 0.000000 0.091682
585.845394 490.280637 0.036515 0.000000 0.036515
180.107188 276.732626 0.035788 0.000000 0.035788
658.077608 98.707811 0.135139 0.000000 0.135139
557.220477 232.734442 0.156880 0.000000 0.156880
361.196112 265.019286 0.076493 0.000000 0.076493
724.968386 185.063194 0.045951 0.000000 0.045951
237.727793 398.936288 0.171341 0.000000 0.171341
339.234108 373.472839 0.010405 0.000000 0.010405
322.377124 268.631517 0.010912 0.000000 0.010912
383.466029 30.132509 0.166956 0.000000 0.166956
245.955795 343.050401 0.084667 0.000000 0.084667
751.622010 339.714627 0.058287 0.000000 0.058287
358.039642 279.499719 0.158163 0.000000 0.158163
12.021226 431.575508 0.148751 0.000000 0.148751
458.196401 176.104867 0.098830 0.000000 0.098830
288.390630 289.005417 0.036217 0.000000 0.036217
364.521097 438.765308 0.126176 0.000000 0.126176
181.451007 419.573503 0.089802 0.000000 0.089802
237.403196 37.387660 0.089394 0.000000 0.089394
338.029909 323.871754 0.097460 0.000000 0.097460
257.845017 404.036215 0.109744 0.000000 0.109744
144.682418 350.437621 0.120683 0.000000 0.120683
365.951467 326.896677 0.130958 0.000000 0.130958
67.584223 345.956393 0.171771 0.000000 0.171771
43.116677 147.907408 0.120141 0.000000 0.120141
195.991060 348.779408 0.042958 0.000000 0.042958
453.868152 147.037466 0.123927 0.000000 0.123927
652.068265 265.160162 0.069455 0.000000 0.069455
477.868716 63.775253 0.096130 0.000000 0.096130
95.105476 359.597765 0.104791 0.000000 0.104791
218.787863 310.951922 0.101158 0.000000 0.101158
634.756630 412.938897 0.030329 0.000000 0.030329
383.061837 478.110000 0.149085 0.000000 0.149085
342.015212 472.893574 0.060197 0.000000 0.060197
314.536455 252.906062 0.034361 0.000000 0.034361
594.735450 356.886072 0.091110 0.000000 0.091110
381.133528 33.158940 0.119074 0.000000 0.119074
571.404465 71.092118 0.128939 0.000000 0.128939
116.108113 213.882453 0.045412 0.000000 0.045412
150.668499 72.948019 0.034914 0.000000 0.034914
417.081923 266.195215 0.135160 0.000000 0.135160
21.277349 347.210028 0.047414 0.000000 0.047414
190.561542 263.497482 0.134615 0.000000 0.134615
175.557356 353.119113 0.013218 0.000000 0.013218
666.209848 457.222499 0.056250 0.000000 0.056250
261.884683 381.398444 0.119447 0.000000 0.119447
440.891806 374.801775 0.092176 0.000000 0.092176
233.185206 366.650655 0.143346 0.000000 0.143346
493.078602 273.275331 0.069069 0.000000 0.069069
399.299925 310.828481 0.034693 0.000000 0.034693
19.698746 97.612241 0.039977 0.000000 0.039977
536.642844 37.182280 0.041239 0.000000 0.041239
413.659435 222.353581 0.159498 0.000000 0.159498
295.127901 403.822150 0.035817 0.000000 0.035817
524.698767 168.006330 0.039876 0.000000 0.039876
404.540795 88.330015 0.062909 0.000000 0.062909
247.015308 393.507366 0.081766 0.000000 0.081766
213.734744 151.772302 0.049755 0.000000 0.049755
16.533361 157.697839 0.069983 0.000000 0.069983
320.964701 159.788590 0.082546 0.000000 0.082546
440.833668 459.759498 0.100730 0.000000 0.100730
521.837309 163.850944 0.062442 0.000000 0.062442
296.669124 267.997228 0.049653 0.000000 0.049653
241.705455 97.646174 0.038490 0.000000 0.038490
707.306540 188.285182 0.015807 0.000000 0.015807
242.946032 27.926792 0.140177 0.000000 0.140177
173.559818 424.142752 0.171094 0.000000 0.171094
21.906008 239.267333 0.112461 0.000000 0.112461
368.464871 299.743780 0.116092 0.000000 0.116092
648.323306 12.474385 0.154294 0.000000 0.154294
714.376927 273.853328 0.011681 0.000000 0.011681
373.349105 301.870382 0.049864 0.000000 0.049864
731.605672 243.867972 0.138657 0.000000 0.138657
699.171571 345.193296 0.100991 0.000000 0.100991
379.438956 237.663805 0.011253 0.000000 0.011253
705.074393 475.361661 0.102017 0.000000 0.102017
726.824374 333.469725 0.046037 0.000000 0.046037
743.106180 241.739819 0.059890 0.000000 0.059890
457.161565 398.174621 0.057105 0.000000 0.057105
638.724878 113.187495 0.145615 0.000000 0.145615
261.152931 48.349871 0.175098 0.000000 0.175098
212.966969 253.388578 0.112344 0.000000 0.112344
394.939027 427.537008 0.134099 0.000000 0.134099
424.756102 325.339183 0.020003 0.000000 0.020003
756.301331 337.657498 0.137360 0.000000 0.137360
312.472555 176.865775 0.070622 0.000000 0.070622
520.098260 181.739950 0.144472 0.000000 0.144472
357.289604 35.621803 0.149794 0.000000 0.149794
582.796511 458.530638 0.062384 0.000000 0.062384
164.276399 289.485751 0.130276 0.000000 0.130276
730.093274 276.619445 0.130694 0.000000 0.130694
37.096705 292.880189 0.114562 0.000000 0.114562
165.467382 195.659155 0.050520 0.000000 0.050520
316.015840 171.086660 0.086101 0.000000 0.086101
225.408931 370.864167 0.093325 0.000000 0.093325
413.915395 442.813552 0.073293 0.000000 0.073293
312.609339 186.900847 0.135380 0.000000 0.135380
242.751437 46.917278 0.106246 0.000000 0.106246
333.220145 349.445676 0.061652 0.000000 0.061652
136.087970 305.546945 0.146517 0.000000 0.146517
138.495515 426.718807 0.154014 0.000000 0.154014
241.413090 438.668406 0.027730 0.000000 0.027730
171.814718 384.857499 0.038584 0.000000 0.038584
22.445910 417.773057 0.086210 0.000000 0.086210
105.507484 333.590865 0.165440 0.000000 0.165440
307.712675 66.601312 0.013023 0.000000 0.013023
62.442130 169.773102 0.050482 0.000000 0.050482
461.507381 235.383407 0.093000 0.000000 0.093000
109.325697 276.119660 0.138382 0.000000 0.138382
481.679876 394.909630 0.022371 0.000000 0.022371
599.809171 415.300428 0.077371 0.000000 0.077371
372.430240 156.691498 0.119016 0.000000 0.119016
27.041309 148.915917 0.073459 0.000000 0.073459
530.894485 293.423983 0.032010 0.000000 0.032010
110.565041 260.352844 0.033147 0.000000 0.033147
699.090929 114.535528 0.027477 0.000000 0.027477
653.958345 487.814929 0.151150 0.000000 0.151150
32.750417 292.208245 0.095570 0.000000 0.095570
203.730498 214.172222 0.057501 0.000000 0.057501
12.962072 273.417043 0.144245 0.000000 0.144245
223.145759 393.960170 0.058532 0.000000 0.058532
391.621294 209.459540 0.063079 0.000000 0.063079
694.260930 93.484456 0.116503 0.000000 0.116503
240.921779 358.234049 0.023144 0.000000 0.023144
740.383856 91.900808 0.061943 0.000000 0.061943
289.528050 164.401846 0.070288 0.000000 0.070288
561.992245 503.267407 0.143008 0.000000 0.143008
430.753983 347.154906 0.117471 0.000000 0.117471
45.137106 402.855824 0.043979 0.000000 0.043979
473.810376 424.811774 0.007718 0.000000 0.007718
124.384040 301.030320 0.019429 0.000000 0.019429
332.901483 38.960950 0.037720 0.000000 0.037720
490.702264 254.058668 0.087244 0.000000 0.087244
86.778701 439.124866 0.104005 0.000000 0.104005
657.611484 60.767522 0.063996 0.000000 0.063996
323.154806 161.844679 0.027843 0.000000 0.027843
112.040044 159.708041 0.161929 0.000000 0.161929
711.272155 347.761308 0.017428 0.000000 0.017428
331.303745 221.556210 0.024728 0.000000 0.024728
403.412864 112.331043 0.036011 0.000000 0.036011
275.701520 140.922511 0.033057 0.000000 0.033057
405.228314 111.647702 0.130882 0.000000 0.130882
408.351092 158.586501 0.080668 0.000000 0.080668
104.061668 312.480784 0.090392 0.000000 0.090392
238.281949 336.992551 0.045803 0.000000 0.045803
495.065953 424.519278 0.137230 0.000000 0.137230
327.710071 37.030580 0.102616 0.000000 0.102616
247.633915 214.213761 0.089851 0.000000 0.089851
615.259819 408.884143 0.117234 0.000000 0.117234
407.073440 359.437764 0.068013 0.000000 0.068013
83.477157 299.592099 0.046724 0.000000 0.046724
632.410550 482.604435 0.068470 0.000000 0.068470
719.947265 344.044243 0.162113 0.000000 0.162113
192.878558 274.719473 0.072599 0.000000 0.072599
308.256780 306.236730 0.066952 0.000000 0.066952
740.867723 115.300090 0.029502 0.000000 0.029502
720.870941 254.252402 0.124042 0.000000 0.124042
404.292786 137.793033 0.016557 0.000000 0.016557
401.401065 411.158892 0.115392 0.000000 0.115392
469.865163 146.454839 0.159364 0.000000 0.159364
421.832876 215.859564 0.067497 0.000000 0.067497
220.907506 305.368485 0.114198 0.000000 0.114198
330.444551 225.889054 0.047505 0.000000 0.047505
692.112902 153.185391 0.150059 0.000000 0.150059
516.671136 478.511591 0.115354 0.000000 0.115354
302.037730 198.813041 0.175765 0.000000 0.175765
270.717036 481.714655 0.154069 0.000000 0.154069
502.520392 61.515854 0.095930 0.000000 0.095930
418.491085 268.249550 0.026415 0.000000 0.026415
313.922316 418.972816 0.009049 0.000000 0.009049
555.817202 204.894081 0.133780 0.000000 0.133780
735.514085 30.496092 0.135917 0.000000 0.135917
228.849063 385.577083 0.147240 0.000000 0.147240
464.470372 157.556309 0.135714 0.000000 0.135714
675.983966 260.408621 0.143016 0.000000 0.143016
178.636380 156.873000 0.059128 0.000000 0.059128
51.524177 23.191657 0.149111 0.000000 0.149111
169.790887 338.402656 0.168149 0.000000 0.168149
340.318272 417.515118 0.128085 0.000000 0.128085
713.425681 190.762680 0.071422 0.000000 0.071422
277.867967 411.762682 0.137443 0.000000 0.137443
377.899497 476.126374 0.131143 0.000000 0.131143
315.309061 267.248645 0.082033 0.000000 0.082033
86.083487 84.507252 0.039098 0.000000 0.039098
547.153491 487.822593 0.078843 0.000000 0.078843
208.585773 131.221870 0.031664 0.000000 0.031664
101.265188 56.688055 0.055472 0.000000 0.055472
344.855995 436.000347 0.004678 0.000000 0.004678
329.147541 283.383951 0.146408 0.000000 0.146408
232.970593 430.827229 0.069678 0.000000 0.069678
16.079745 288.093221 0.127648 0.000000 0.127648
542.230638 280.843640 0.088520 0.000000 0.088520
208.613392 329.872615 0.014589 0.000000 0.014589
30.374998 250.424156 0.109448 0.000000 0.109448
28.897963 204.851113 0.100811 0.000000 0.100811
273.204853 152.995825 0.102400 0.000000 0.102400
321.808399 488.585822 0.023799 0.000000 0.023799
632.002659 286.751923 0.137641 0.000000 0.137641
623.323008 115.305469 0.160042 0.000000 0.160042
241.458053 399.686258 0.033281 0.000000 0.033281
76.346449 134.026414 0.040265 0.000000 0.040265
433.826361 75.587963 0.047799 0.000000 0.047799
262.554380 86.292177 0.040569 0.000000 0.040569
207.871595 248.547713 0.108800 0.000000 0.108800
479.610250 154.432444 0.105476 0.000000 0.105476
104.241833 142.508229 0.021862 0.000000 0.021862
39.769483 382.017163 0.128147 0.000000 0.128147
14.133041 302.873117 0.047941 0.000000 0.047941
579.700462 328.702001 0.092945 0.000000 0.092945
715.367806 49.770730 0.081360 0.000000 0.081360
104.664442 50.483963 0.011733 0.000000 0.011733
720.994223 260.437680 0.100528 0.000000 0.100528
403.641245 184.939597 0.094533 0.000000 0.094533
271.299710 426.044094 0.162402 0.000000 0.162402
361.676827 483.691249 0.042304 0.000000 0.042304
607.792134 429.659735 0.066055 0.000000 0.066055
158.438779 439.846805 0.128752 0.000000 0.128752
545.803038 145.263969 0.103598 0.000000 0.103598
201.083126 235.907342 0.149143 0.000000 0.149143
392.800900 474.449276 0.148550 0.000000 0.148550
710.750971 273.575419 0.077456 0.000000 0.077456
89.140150 381.209752 0.140933 0.000000 0.140933
64.464299 282.891458 0.050652 0.000000 0.050652
247.797170 360.653805 0.066007 0.000000 0.066007
236.209889 450.871758 0.111690 0.000000 0.111690
698.112618 319.984030 0.030148 0.000000 0.030148
83.002325 34.040806 0.084276 0.000000 0.084276
289.604545 459.752169 0.090579 0.000000 0.090579
465.013520 319.733416 0.025674 0.000000 0.025674
268.148487 455.153458 0.143176 0.000000 0.143176
221.705777 429.542594 0.088258 0.000000 0.088258
720.695494 188.367325 0.141293 0.000000 0.141293
726.245771 442.889773 0.036143 0.000000 0.036143
469.960895 33.359349 0.059221 0.000000 0.059221
247.593219 462.590226 0.140332 0.000000 0.140332
427.658938 73.641732 0.052805 0.000000 0.052805
446.373687 484.262700 0.073625 0.000000 0.073625
701.465046 419.104915 0.039830 0.000000 0.039830
165.430213 336.237002 0.041667 0.000000 0.041667
117.962033 356.289380 0.161703 0.000000 0.161703
349.328249 395.778827 0.134549 0.000000 0.134549
632.956675 417.755956 0.173315 0.000000 0.173315
274.948853 223.342223 0.030245 0.000000 0.030245
475.724705 398.236572 0.132529 0.000000 0.132529
293.840418 248.174711 0.058297 0.000000 0.058297
259.574674 322.984835 0.175721 0.000000 0.175721
356.752439 446.743023 0.035710 0.000000 0.035710
726.017704 327.149031 0.090882 0.000000 0.090882
260.090895 332.005145 0.037892 0.000000 0.037892
18.365593 338.611482 0.025315 0.000000 0.025315
541.200242 185.217495 0.076189 0.000000 0.076189
232.176801 153.969818 0.121765 0.000000 0.121765
186.128888 402.186759 0.004499 0.000000 0.004499
515.490473 92.014961 0.039348 0.000000 0.039348
668.903679 475.882738 0.123822 0.000000 0.123822
226.537633 472.475667 0.103829 0.000000 0.103829
660.807396 176.222789 0.007460 0.000000 0.007460
424.383276 469.568889 0.051219 0.000000 0.051219
192.475307 444.484871 0.151459 0.000000 0.151459
182.085407 467.747965 0.016148 0.000000 0.016148
150.956418 177.486259 0.019637 0.000000 0.019637
263.390110 267.078423 0.042845 0.000000 0.042845
647.984689 321.767394 0.090317 0.000000 0.090317
683.811429 487.663513 0.087475 0.000000 0.087475
452.292209 270.126177 0.031468 0.000000 0.031468
394.740205 258.044087 0.082266 0.000000 0.082266
173.104892 48.140646 0.075937 0.000000 0.075937
604.163161 363.435009 0.010346 0.000000 0.010346
387.950020 292.990732 0.149345 0.000000 0.149345
396.480407 134.023338 0.029672 0.000000 0.029672
379.828183 502.836553 0.113431 0.000000 0.113431
738.754529 265.944376 0.152356 0.000000 0.152356
616.751040 189.823676 0.071891 0.000000 0.071891
276.823886 495.208191 0.050381 0.000000 0.050381
400.018790 51.112449 0.039418 0.000000 0.039418
356.496428 490.291935 0.157373 0.000000 0.157373
14.910297 377.585413 0.088572 0.000000 0.088572
124.810170 269.520382 0.140546 0.000000 0.140546
24.975443 75.410431 0.060469 0.000000 0.060469
415.998482 215.386816 0.172548 0.000000 0.172548
728.575654 130.788686 0.144809 0.000000 0.144809
551.332577 485.285363 0.167531 0.000000 0.167531
338.256827 457.351447 0.034414 0.000000 0.034414
391.113874 428.467187 0.065691 0.000000 0.065691
130.644466 483.253639 0.166760 0.000000 0.166760
98.616336 130.413277 0.159909 0.000000 0.159909
55.603244 153.499786 0.081093 0.000000 0.081093
232.621510 87.538792 0.120840 0.000000 0.120840
423.068917 76.441911 0.023027 0.000000 0.023027
454.512709 391.733933 0.073095 0.000000 0.073095
735.721160 58.289598 0.084429 0.000000 0.084429
344.478714 426.768912 0.040467 0.000000 0.040467
641.565088 450.832461 0.050214 0.000000 0.050214
255.662712 283.981783 0.071079 0.000000 0.071079
610.327107 461.933885 0.023365 0.000000 0.023365
359.892286 470.431048 0.065551 0.000000 0.065551
433.161769 12.100966 0.089632 0.000000 0.089632
110.623837 418.434490 0.077524 0.000000 0.077524
145.353555 405.788640 0.049015 0.000000 0.049015
490.645758 392.745881 0.039385 0.000000 0.039385
387.734339 304.237473 0.111055 0.000000 0.111055
302.465861 401.368224 0.159280 0.000000 0.159280
638.321736 54.899500 0.095608 0.000000 0.095608
103.586717 414.034385 0.043675 0.000000 0.043675
378.978285 478.888840 0.048452 0.000000 0.048452
565.732918 391.842153 0.141410 0.000000 0.141410
400.307713 127.713934 0.009830 0.000000 0.009830
347.875034 318.978245 0.097125 0.000000 0.097125
542.245168 178.537263 0.052404 0.000000 0.052404
390.142903 252.393683 0.034090 0.000000 0.034090
49.927130 397.327931 0.158559 0.000000 0.158559
368.628038 276.008452 0.049302 0.000000 0.049302
734.539151 34.685610 0.131912 0.000000 0.131912
39.700173 54.876691 0.137887 0.000000 0.137887
197.426082 39.371421 0.100239 0.000000 0.100239
96.310672 139.129128 0.076774 0.000000 0.076774
632.615197 326.807286 0.134564 0.000000 0.134564
503.785915 394.959401 0.092803 0.000000 0.092803
704.539119 397.710442 0.041746 0.000000 0.041746
53.181949 54.056248 0.076163 0.000000 0.076163
282.126102 487.686583 0.016167 0.000000 0.016167
233.460316 129.085620 0.134897 0.000000 0.134897
464.455896 250.217902 0.134962 0.000000 0.134962
195.126697 159.251461 0.161551 0.000000 0.161551
99.678572 412.656555 0.150428 0.000000 0.150428
253.957903 493.124874 0.028959 0.000000 0.028959
86.253315 130.382890 0.099404 0.000000 0.099404
44.675272 235.894388 0.072013 0.000000 0.072013
17.503043 253.752812 0.070425 0.000000 0.070425
577.440512 442.963597 0.116674 0.000000 0.116674
170.546979 200.430067 0.074810 0.000000 0.074810
693.548511 316.960522 0.055015 0.000000 0.055015
108.902460 418.930935 0.029969 0.000000 0.029969
649.918605 230.615472 0.019023 0.000000 0.019023
148.285465 183.866139 0.036018 0.000000 0.036018
418.945942 255.517156 0.164229 0.000000 0.164229
411.633839 234.020283 0.037380 0.000000 0.037380
473.889067 395.567303 0.034918 0.000000 0.034918
31.865163 189.064847 0.007337 0.000000 0.007337
397.073587 361.722591 0.069541 0.000000 0.069541
200.557382 43.998595 0.049275 0.000000 0.049275
172.331454 135.888275 0.125088 0.000000 0.125088
432.159834 20.282268 0.042376 0.000000 0.042376
467.422853 360.806307 0.083563 0.000000 0.083563
737.118999 282.576677 0.030382 0.000000 0.030382
209.071273 481.878114 0.168517 0.000000 0.168517
397.896121 455.185242 0.118335 0.000000 0.118335
393.222699 271.556585 0.148515 0.000000 0.148515
273.103121 291.981544 0.129659 0.000000 0.129659
395.427254 19.602652 0.074227 0.000000 0.074227
168.746068 394.548781 0.054383 0.000000 0.054383
47.027365 146.487659 0.062776 0.000000 0.062776
330.398703 366.873189 0.037794 0.000000 0.037794
109.907304 117.704140 0.139598 0.000000 0.139598
748.278849 13.372865 0.109458 0.000000 0.109458
268.999659 138.126117 0.049196 0.000000 0.049196
725.608619 127.182759 0.114622 0.000000 0.114622
16.205216 151.732087 0.171266 0.000000 0.171266
10.737311 30.303040 0.058981 0.000000 0.058981
513.208386 395.873844 0.082460 0.000000 0.082460
88.910886 401.725751 0.030569 0.000000 0.030569
42.914087 301.192461 0.129939 0.000000 0.129939
439.556211 450.369616 0.040865 0.000000 0.040865
614.637427 84.924163 0.063696 0.000000 0.063696
461.133961 454.503183 0.147117 0.000000 0.147117
44.251375 98.056070 0.046796 0.000000 0.046796
280.941511 318.752366 0.020457 0.000000 0.020457
215.269271 54.800687 0.126263 0.000000 0.126263
191.506074 460.980950 0.004462 0.000000 0.004462
480.253777 103.423758 0.134999 0.000000 0.134999
444.662221 298.053448 0.113791 0.000000 0.113791
134.017802 468.859685 0.049362 0.000000 0.049362
497.503844 383.460321 0.109614 0.000000 0.109614
701.334159 46.083801 0.067539 0.000000 0.067539
236.224203 108.566845 0.119865 0.000000 0.119865
618.216738 276.718231 0.119117 0.000000 0.119117
88.704880 421.687380 0.163469 0.000000 0.163469
251.659425 66.871055 0.092457 0.000000 0.092457
38.256175 407.420016 0.030813 0.000000 0.030813
466.120953 209.783164 0.050375 0.000000 0.050375
49.623011 425.362943 0.035960 0.000000 0.035960
25.480701 253.455228 0.020995 0.000000 0.020995
115.635374 155.386388 0.045596 0.000000 0.045596
95.384522 505.746514 0.088767 0.000000 0.088767
660.532278 232.822317 0.042292 0.000000 0.042292
195.020859 110.437835 0.071253 0.000000 0.071253
221.953803 489.975365 0.064669 0.000000 0.064669
80.869204 117.542659 0.013853 0.000000 0.013853
736.784271 419.156585 0.120646 0.000000 0.120646
107.753643 116.506912 0.060560 0.000000 0.060560
675.643560 36.488092 0.068399 0.000000 0.068399
244.754874 262.129900 0.083680 0.000000 0.083680
201.352489 485.527339 0.105129 0.000000 0.105129
657.861558 192.051232 0.163588 0.000000 0.163588
371.391041 107.007275 0.175949 0.000000 0.175949
628.550689 116.235553 0.158198 0.000000 0.158198
151.150863 139.410030 0.110911 0.000000 0.110911
272.617769 390.129387 0.056197 0.000000 0.056197
109.900137 148.530377 0.037124 0.000000 0.037124
10.361062 182.650094 0.176429 0.000000 0.176429
418.881414 209.684433 0.030747 0.000000 0.030747
156.224219 148.996137 0.149007 0.000000 0.149007
328.304538 402.040693 0.137477 0.000000 0.137477
180.665194 176.232854 0.083457 0.000000 0.083457
79.202256 413.526566 0.131810 0.000000 0.131810
718.182994 356.001553 0.074209 0.000000 0.074209
262.330608 114.340285 0.017496 0.000000 0.017496
307.374134 422.489923 0.164762 0.000000 0.164762
630.072258 158.026789 0.053772 0.000000 0.053772
370.662430 429.283509 0.053704 0.000000 0.053704
126.530659 156.276274 0.069797 0.000000 0.069797
492.070458 131.368756 0.064582 0.000000 0.064582
739.693280 296.710521 0.098980 0.000000 0.098980
331.370111 381.586602 0.044122 0.000000 0.044122
204.858325 102.727733 0.080416 0.000000 0.080416
408.064437 25.558280 0.155003 0.000000 0.155003
597.425146 370.734105 0.056474 0.000000 0.056474
22.709743 411.145052 0.033212 0.000000 0.033212
614.577507 466.595972 0.094939 0.000000 0.094939
342.174653 325.960888 0.084736 0.000000 0.084736
10.243761 236.619142 0.129371 0.000000 0.129371
256.946840 445.821520 0.035586 0.000000 0.035586
360.137454 388.096745 0.014030 0.000000 0.014030
169.230957 68.485104 0.015592 0.000000 0.015592
546.737857 499.008066 0.071709 0.000000 0.071709
568.379278 435.937800 0.029977 0.000000 0.029977
254.205024 162.613962 0.030395 0.000000 0.030395
207.835881 468.654809 0.006534 0.000000 0.006534
655.778268 324.174518 0.101489 0.000000 0.101489
195.434702 394.286448 0.108380 0.000000 0.108380
344.992452 285.768076 0.070753 0.000000 0.070753
345.012369 110.017416 0.045212 0.000000 0.045212
443.602207 270.729040 0.044305 0.000000 0.044305
323.575497 264.864848 0.093534 0.000000 0.093534
270.379520 226.304425 0.151375 0.000000 0.151375
245.704030 468.822627 0.146373 0.000000 0.146373
446.873292 393.787726 0.142150 0.000000 0.142150
573.270961 442.615538 0.111625 0.000000 0.111625
283.094471 94.101029 0.084175 0.000000 0.084175
201.735031 475.131846 0.030562 0.000000 0.030562
598.550739 360.094814 0.156391 0.000000 0.156391
147.923541 285.308626 0.166795 0.000000 0.166795
599.112643 167.468965 0.101253 0.000000 0.101253
690.605665 239.691408 0.125004 0.000000 0.125004
167.308146 270.071119 0.006373 0.000000 0.006373
11.972605 340.728873 0.168056 0.000000 0.168056
277.709628 347.876303 0.085217 0.000000 0.085217
145.417292 368.423648 0.033234 0.000000 0.033234
469.154562 170.156974 0.110257 0.000000 0.110257
376.706002 15.066518 0.113932 0.000000 0.113932
188.907851 34.023660 0.090735 0.000000 0.090735
456.733897 363.901810 0.073286 0.000000 0.073286
264.766154 405.835079 0.031614 0.000000 0.031614
260.030258 143.274920 0.004577 0.000000 0.004577
432.966429 392.803896 0.155217 0.000000 0.155217
427.086014 210.115920 0.048312 0.000000 0.048312
683.777388 129.162226 0.038672 0.000000 0.038672
59.053631 357.406147 0.092872 0.000000 0.092872
225.474131 90.005708 0.109560 0.000000 0.109560
446.173684 45.061572 0.012654 0.000000 0.012654
418.069098 416.417340 0.136025 0.000000 0.136025
136.657776 492.699587 0.032677 0.000000 0.032677
435.673505 28.822188 0.052978 0.000000 0.052978
581.096860 134.467292 0.124960 0.000000 0.124960
436.266269 396.519453 0.074299 0.000000 0.074299
427.528122 34.222043 0.075363 0.000000 0.075363
636.394410 478.709512 0.057667 0.000000 0.057667
286.648877 149.339229 0.150447 0.000000 0.150447
724.783246 473.518206 0.031071 0.000000 0.031071
373.062755 487.064508 0.128779 0.000000 0.128779
737.100900 241.903631 0.088211 0.000000 0.088211
46.675056 232.094009 0.163677 0.000000 0.163677
50.609068 155.663132 0.022016 0.000000 0.022016
541.441233 462.020183 0.007232 0.000000 0.007232
343.663947 310.468858 0.167101 0.000000 0.167101
99.100238 24.856284 0.086709 0.000000 0.086709
719.078760 350.274622 0.049452 0.000000 0.049452
621.804096 226.565350 0.054585 0.000000 0.054585
238.256302 125.521142 0.113933 0.000000 0.113933
676.890860 18.408992 0.157356 0.000000 0.157356
734.630524 330.767843 0.058547 0.000000 0.058547
460.916805 57.129787 0.126129 0.000000 0.126129
383.410374 475.299065 0.027503 0.000000 0.027503
648.067336 326.562947 0.156380 0.000000 0.156380
300.054506 236.458713 0.162775 0.000000 0.162775
204.006265 208.099434 0.086351 0.000000 0.086351
727.542894 478.990029 0.091553 0.000000 0.091553
468.652259 280.141422 0.095093 0.000000 0.095093
253.120620 127.349615 0.159226 0.000000 0.159226
734.464808 251.231684 0.017639 0.000000 0.017639
86.965926 330.762504 0.107663 0.000000 0.107663
101.665989 154.049254 0.166842 0.000000 0.166842
314.690110 402.177892 0.067278 0.000000 0.067278
66.611252 346.546814 0.036157 0.000000 0.036157
40.990356 354.086431 0.134830 0.000000 0.134830
209.788164 35.115518 0.011086 0.000000 0.011086
707.487179 17.125641 0.141307 0.000000 0.141307
206.540906 239.730779 0.030216 0.000000 0.030216
580.321436 472.641769 0.037227 0.000000 0.037227
203.338228 378.267411 0.069525 0.000000 0.069525
206.323186 45.908542 0.157442 0.000000 0.157442
625.051355 225.429031 0.138620 0.000000 0.138620
418.064993 180.880843 0.164676 0.000000 0.164676
294.743001 234.122957 0.096935 0.000000 0.096935
500.110662 30.042340 0.027958 0.000000 0.027958
45.427835 433.976337 0.019025 0.000000 0.019025
523.482925 41.515049 0.005581 0.000000 0.005581
188.900320 299.077055 0.106560 0.000000 0.106560
147.687493 336.783246 0.166924 0.000000 0.166924
98.923546 135.725381 0.129987 0.000000 0.129987
259.737906 397.204706 0.137052 0.000000 0.137052
579.589874 343.991633 0.064572 0.000000 0.064572
247.257785 163.873733 0.106785 0.000000 0.106785
696.258667 285.288362 0.061401 0.000000 0.061401
321.322278 378.999565 0.076901 0.000000 0.076901
269.222635 320.810349 0.006016 0.000000 0.006016
221.747865 387.817486 0.107164 0.000000 0.107164
445.389840 428.721448 0.052524 0.000000 0.052524
675.949316 291.299686 0.043299 0.000000 0.043299
33.616067 89.449635 0.075044 0.000000 0.075044
73.142251 11.552481 0.145449 0.000000 0.145449
37.717398 176.442991 0.096341 0.000000 0.096341
338.165872 323.441585 0.006975 0.000000 0.006975
365.958581 75.850360 0.072957 0.000000 0.072957
403.388537 17.413200 0.033954 0.000000 0.033954
33.576871 70.770518 0.170877 0.000000 0.170877
749.300149 232.794209 0.082323 0.000000 0.082323
235.177746 403.390451 0.140764 0.000000 0.140764
432.330299 282.737944 0.108283 0.000000 0.108283
676.826331 297.761726 0.098288 0.000000 0.098288
434.894196 360.050644 0.074843 0.000000 0.074843
177.700719 309.348790 0.056457 0.000000 0.056457
249.313371 124.650759 0.013806 0.000000 0.013806
150.339681 222.101351 0.143757 0.000000 0.143757
752.645121 165.801700 0.122834 0.000000 0.122834
83.151034 268.765586 0.120426 0.000000 0.120426
82.377494 382.758913 0.046728 0.000000 0.046728
258.973826 246.885774 0.113748 0.000000 0.113748
668.844734 108.008120 0.082065 0.000000 0.082065
716.042754 163.188835 0.117725 0.000000 0.117725
194.510565 251.234859 0.122035 0.000000 0.122035
236.397205 263.640328 0.097562 0.000000 0.097562
625.733728 87.230763 0.033889 0.000000 0.033889
575.129855 451.445564 0.150630 0.000000 0.150630
249.473717 123.362931 0.102724 0.000000 0.102724
343.397940 104.059297 0.081516 0.000000 0.081516
151.373309 196.784811 0.082127 0.000000 0.082127
210.017557 465.504523 0.031717 0.000000 0.031717
295.034913 185.294902 0.044326 0.000000 0.044326
256.386392 260.659239 0.145405 0.000000 0.145405
744.571701 182.472813 0.095386 0.000000 0.095386
484.041460 357.403377 0.157341 0.000000 0.157341
243.800581 441.352674 0.151218 0.000000 0.151218
491.775711 106.222535 0.011253 0.000000 0.011253
173.238349 337.928226 0.027684 0.000000 0.027684
34.409957 80.895742 0.107446 0.000000 0.107446
75.697090 304.066865 0.146039 0.000000 0.146039
286.260417 266.221396 0.017674 0.000000 0.017674
365.855149 474.457086 0.145088 0.000000 0.145088
519.095388 262.007439 0.123329 0.000000 0.123329
232.163994 227.564872 0.146729 0.000000 0.146729
62.506666 380.239856 0.073455 0.000000 0.073455
347.323327 154.093413 0.158179 0.000000 0.158179
673.891543 213.323333 0.144853 0.000000 0.144853
210.495751 442.294746 0.022077 0.000000 0.022077
462.914800 481.284344 0.169328 0.000000 0.169328
420.058527 396.216703 0.091175 0.000000 0.091175
332.121428 404.506075 0.054532 0.000000 0.054532
687.885028 219.501942 0.039689 0.000000 0.039689
697.141279 337.767967 0.114587 0.000000 0.114587
680.850037 211.315073 0.034653 0.000000 0.034653
449.732951 314.610822 0.011775 0.000000 0.011775
437.558392 74.262596 0.099470 0.000000 0.099470
345.833932 304.534478 0.128824 0.000000 0.128824
414.711021 360.868948 0.020516 0.000000 0.020516
269.457936 450.151784 0.029681 0.000000 0.029681
134.916800 109.936661 0.123140 0.000000 0.123140
419.749433 335.276643 0.073439 0.000000 0.073439
631.390254 475.279424 0.022930 0.000000 0.022930
348.476062 496.303351 0.137504 0.000000 0.137504
18.849430 76.461267 0.078789 0.000000 0.078789
160.593444 324.408137 0.158792 0.000000 0.158792
170.211628 428.904229 0.044960 0.000000 0.044960
162.494076 235.557888 0.139391 0.000000 0.139391
197.198010 29.046127 0.088718 0.000000 0.088718
225.168676 313.328958 0.144057 0.000000 0.144057
708.280082 323.758313 0.050075 0.000000 0.050075
50.438500 503.475795 0.150692 0.000000 0.150692
614.728386 113.302376 0.155953 0.000000 0.155953
634.567754 470.974191 0.009827 0.000000 0.009827
697.583589 353.818935 0.036153 0.000000 0.036153
250.660503 91.792958 0.140341 0.000000 0.140341
164.622337 117.875857 0.109579 0.000000 0.109579
656.814430 15.543561 0.108484 0.000000 0.108484
463.484928 258.279084 0.027459 0.000000 0.027459
533.786721 85.833298 0.013989 0.000000 0.013989
21.009220 202.037583 0.170676 0.000000 0.170676
516.640226 240.919683 0.017839 0.000000 0.017839
388.808613 338.558933 0.013451 0.000000 0.013451
303.558019 256.571214 0.117674 0.000000 0.117674
342.827013 273.798500 0.007204 0.000000 0.007204
353.486628 439.724870 0.101738 0.000000 0.101738
268.648241 27.336342 0.146273 0.000000 0.146273
499.719023 14.404563 0.063351 0.000000 0.063351
136.253809 260.206156 0.170823 0.000000 0.170823
745.895854 453.654174 0.075851 0.000000 0.075851
206.948353 199.421601 0.082118 0.000000 0.082118
166.016910 316.850576 0.175297 0.000000 0.175297
198.585622 160.542721 0.146747 0.000000 0.146747
351.436143 307.393704 0.024829 0.000000 0.024829
638.069597 439.113941 0.159506 0.000000 0.159506
257.004959 192.808642 0.054879 0.000000 0.054879
647.057101 485.877945 0.069010 0.000000 0.069010
358.887844 125.242456 0.103016 0.000000 0.103016
190.269991 307.632495 0.018887 0.000000 0.018887
737.010960 215.075025 0.012049 0.000000 0.012049
272.157317 349.720825 0.142972 0.000000 0.142972
17.924471 428.702734 0.065912 0.000000 0.065912
426.849762 369.833706 0.049457 0.000000 0.049457
140.914089 460.471605 0.126827 0.000000 0.126827
247.256718 182.235568 0.141765 0.000000 0.141765
413.453540 352.611736 0.061408 0.000000 0.061408
402.021242 242.528048 0.127347 0.000000 0.127347
314.091162 473.826361 0.005608 0.000000 0.005608
715.543323 115.987252 0.069838 0.000000 0.069838
116.298561 126.540480 0.105459 0.000000 0.105459
107.175662 92.184043 0.135539 0.000000 0.135539
390.941493 353.383576 0.097339 0.000000 0.097339
53.793749 14.901692 0.115132 0.000000 0.115132
516.004159 413.011579 0.082668 0.000000 0.082668
507.940397 107.021062 0.042793 0.000000 0.042793
168.208795 445.887472 0.098125 0.000000 0.098125
186.087346 27.278205 0.052551 0.000000 0.052551
588.196655 14.307689 0.135424 0.000000 0.135424
370.091680 293.423433 0.038174 0.000000 0.038174
671.543584 233.171132 0.168477 0.000000 0.168477
300.038581 290.145900 0.104130 0.000000 0.104130
323.482867 326.564805 0.055983 0.000000 0.055983
534.422433 118.208389 0.066116 0.000000 0.066116
91.431621 142.605528 0.132706 0.000000 0.132706
352.615211 403.829254 0.147581 0.000000 0.147581
87.289869 411.197605 0.006173 0.000000 0.006173
55.835991 227.956066 0.113806 0.000000 0.113806
240.394766 482.887871 0.097748 0.000000 0.097748
240.815787 140.905742 0.090194 0.000000 0.090194
353.268746 356.133430 0.083002 0.000000 0.083002
326.916820 276.003007 0.093267 0.000000 0.093267
219.946357 332.586981 0.055289 0.000000 0.055289
649.154026 186.520489 0.009820 0.000000 0.009820
524.365620 482.032738 0.063911 0.000000 0.063911
506.121761 253.061956 0.105438 0.000000 0.105438
626.040628 205.767822 0.009097 0.000000 0.009097
432.344721 274.755599 0.006176 0.000000 0.006176
224.896338 104.734093 0.129770 0.000000 0.129770
698.490871 193.791957 0.162456 0.000000 0.162456
742.234570 382.015451 0.130296 0.000000 0.130296
576.504086 105.716847 0.077865 0.000000 0.077865
429.233421 460.363997 0.008242 0.000000 0.008242
403.002272 235.200854 0.159724 0.000000 0.159724
423.396448 292.221477 0.090458 0.000000 0.090458
495.706354 132.146219 0.161339 0.000000 0.161339
367.619644 389.330342 0.064869 0.000000 0.064869
500.529193 271.670669 0.020229 0.000000 0.020229
303.836082 267.701253 0.087341 0.000000 0.087341
441.377734 98.603279 0.119221 0.000000 0.119221
414.156313 110.368757 0.175855 0.000000 0.175855
476.510265 116.979293 0.132527 0.000000 0.132527
466.450827 267.867601 0.112494 0.000000 0.112494
124.712166 263.457059 0.021413 0.000000 0.021413
240.578465 67.623539 0.167198 0.000000 0.167198
481.006492 143.660914 0.081128 0.000000 0.081128
464.842167 85.401212 0.066168 0.000000 0.066168
388.991240 132.672223 0.149798 0.000000 0.149798
653.655257 370.512621 0.104334 0.000000 0.104334
456.576623 334.063449 0.116503 0.000000 0.116503
456.639580 44.965616 0.020337 0.000000 0.020337
212.289058 264.609178 0.147429 0.000000 0.147429
377.087030 327.960070 0.056271 0.000000 0.056271
446.710452 210.351484 0.102226 0.000000 0.102226
502.631419 153.799664 0.159222 0.000000 0.159222
199.009048 62.507308 0.126217 0.000000 0.126217
555.660554 424.430223 0.157002 0.000000 0.157002
729.487947 282.103481 0.151587 0.000000 0.151587
351.711782 426.763715 0.110862 0.000000 0.110862
27.429747 185.958682 0.075820 0.000000 0.075820
125.373797 199.771736 0.100202 0.000000 0.100202
685.635854 202.246951 0.025527 0.000000 0.025527
734.140355 229.184089 0.114962 0.000000 0.114962
37.822534 459.463091 0.139148 0.000000 0.139148
417.181541 178.371781 0.047539 0.000000 0.047539
240.627936 411.875745 0.117074 0.000000 0.117074
157.827831 302.437718 0.124593 0.000000 0.124593
153.984314 224.825057 0.173515 0.000000 0.173515
342.593189 37.966781 0.064046 0.000000 0.064046
296.391082 274.540447 0.112351 0.000000 0.112351
446.955091 423.613609 0.154558 0.000000 0.154558
536.386062 177.793483 0.138741 0.000000 0.138741
454.517060 293.993010 0.139003 0.000000 0.139003
569.638123 137.463920 0.172799 0.000000 0.172799
356.196493 308.128942 0.100762 0.000000 0.100762
11.565473 62.748223 0.137472 0.000000 0.137472
45.194132 443.685436 0.073166 0.000000 0.073166
220.678503 211.864787 0.119166 0.000000 0.119166
134.397205 393.503224 0.086034 0.000000 0.086034
753.144388 296.238887 0.139043 0.000000 0.139043
534.795392 404.466117 0.103876 0.000000 0.103876
625.744231 482.521500 0.167234 0.000000 0.167234
327.561461 233.798758 0.152594 0.000000 0.152594
538.525897 138.329620 0.142457 0.000000 0.142457
44.778851 465.843420 0.124539 0.000000 0.124539
703.243215 106.451103 0.069565 0.000000 0.069565
376.861303 382.886119 0.107550 0.000000 0.107550
251.499369 353.273864 0.021820 0.000000 0.021820
181.532225 83.547775 0.153102 0.000000 0.153102
277.813234 377.323363 0.102453 0.000000 0.102453
672.621920 379.495207 0.064187 0.000000 0.064187
259.820745 60.180520 0.012707 0.000000 0.012707
32.747661 329.499622 0.145791 0.000000 0.145791
280.131588 232.784925 0.009189 0.000000 0.009189
743.232422 148.314781 0.117377 0.000000 0.117377
289.248054 381.992197 0.161736 0.000000 0.161736
259.767361 453.428054 0.052686 0.000000 0.052686
52.340878 306.049496 0.146671 0.000000 0.146671
747.562378 416.787608 0.072942 0.000000 0.072942
315.114174 26.324439 0.140059 0.000000 0.140059
679.865097 458.646242 0.145673 0.000000 0.145673
384.964975 226.788101 0.153273 0.000000 0.153273
35.289000 212.632007 0.059767 0.000000 0.059767
676.187019 306.962255 0.133822 0.000000 0.133822
343.642760 299.971061 0.173792 0.000000 0.173792
34.173499 66.255034 0.116586 0.000000 0.116586
77.779942 10.744153 0.117476 0.000000 0.117476
30.074860 375.349423 0.081236 0.000000 0.081236
328.823279 304.472000 0.032086 0.000000 0.032086
703.386393 217.923935 0.029776 0.000000 0.029776
671.204633 391.311959 0.151278 0.000000 0.151278
211.911096 223.618911 0.128447 0.000000 0.128447
241.573430 15.289105 0.079019 0.000000 0.079019
386.190433 329.637736 0.042839 0.000000 0.042839
237.276462 477.679438 0.159006 0.000000 0.159006
167.524315 465.894853 0.086967 0.000000 0.086967
679.517669 381.534889 0.029655 0.000000 0.029655
529.950406 141.001293 0.092770 0.000000 0.092770
199.254004 227.349912 0.078622 0.000000 0.078622
261.482309 111.486465 0.095386 0.000000 0.095386
522.705167 477.216233 0.019788 0.000000 0.019788
114.089067 176.165812 0.088673 0.000000 0.088673
633.680642 91.171762 0.030939 0.000000 0.030939
519.667134 257.270822 0.102409 0.000000 0.102409
392.422302 459.109101 0.025235 0.000000 0.025235
667.658227 99.568917 0.015809 0.000000 0.015809
422.725972 255.988851 0.092739 0.000000 0.092739
147.966775 19.626508 0.136736 0.000000 0.136736
28.190643 129.046905 0.028622 0.000000 0.028622
506.937215 327.045433 0.167670 0.000000 0.167670
476.773317 391.435239 0.114538 0.000000 0.114538
722.731101 450.544640 0.157646 0.000000 0.157646
190.741254 210.636804 0.029219 0.000000 0.029219
138.798982 435.738245 0.148297 0.000000 0.148297
395.831168 368.534696 0.025144 0.000000 0.025144
636.414126 406.077840 0.039883 0.000000 0.039883
118.701362 276.587158 0.030147 0.000000 0.030147
88.265228 10.277548 0.149333 0.000000 0.149333
348.638535 140.793309 0.014274 0.000000 0.014274
733.492477 169.571600 0.075409 0.000000 0.075409
98.480431 338.042056 0.029978 0.000000 0.029978
183.620396 217.987056 0.007172 0.000000 0.007172
721.304558 198.977378 0.146611 0.000000 0.146611
683.123986 202.075093 0.159553 0.000000 0.159553
503.134100 106.049706 0.132055 0.000000 0.132055
405.472604 441.596338 0.149686 0.000000 0.149686
432.610034 67.276522 0.119188 0.000000 0.119188
100.784418 440.490059 0.111437 0.000000 0.111437
631.401967 387.689762 0.023425 0.000000 0.023425
30.117663 467.672782 0.048384 0.000000 0.048384
659.687606 358.601289 0.152832 0.000000 0.152832
685.590026 123.636837 0.075475 0.000000 0.075475
155.606493 459.626380 0.052453 0.000000 0.052453
728.432443 239.348814 0.035918 0.000000 0.035918
68.432087 465.046785 0.036418 0.000000 0.036418
322.330591 388.649102 0.138611 0.000000 0.138611
203.898184 295.250498 0.043863 0.000000 0.043863
372.124362 376.826179 0.014439 0.000000 0.014439
522.350022 500.143632 0.109542 0.000000 0.109542
458.710753 440.562029 0.091091 0.000000 0.091091
87.644602 39.722017 0.038406 0.000000 0.038406
566.568450 498.193705 0.087826 0.000000 0.087826
731.013803 232.208355 0.014232 0.000000 0.014232
98.443333 104.287507 0.147125 0.000000 0.147125
340.123913 431.763353 0.094205 0.000000 0.094205
491.002258 187.565887 0.134594 0.000000 0.134594
480.024547 44.761675 0.012634 0.000000 0.012634
203.542924 411.223400 0.133942 0.000000 0.133942
481.007654 376.560588 0.081490 0.000000 0.081490
576.864276 316.999606 0.031680 0.000000 0.031680
17.207613 298.225312 0.137827 0.000000 0.137827
178.820796 234.451828 0.019920 0.000000 0.019920
726.409605 302.528040 0.058470 0.000000 0.058470
327.468326 297.421045 0.040230 0.000000 0.040230
432.795865 416.877261 0.097125 0.000000 0.097125
19.831905 41.775190 0.108192 0.000000 0.108192
175.986565 447.897774 0.017608 0.000000 0.017608
222.579612 481.505396 0.019992 0.000000 0.019992
703.052475 423.166158 0.149321 0.000000 0.149321
126.955719 375.028323 0.007183 0.000000 0.007183
272.619495 180.639320 0.068583 0.000000 0.068583
634.514651 346.037787 0.088704 0.000000 0.088704
410.388132 228.092378 0.149927 0.000000 0.149927
194.865000 78.436740 0.081203 0.000000 0.081203
404.088614 401.176639 0.150584 0.000000 0.150584
342.288602 213.755238 0.125213 0.000000 0.125213
288.454605 301.750181 0.074243 0.000000 0.074243
291.673974 368.304657 0.025138 0.000000 0.025138
431.955005 410.829958 0.076624 0.000000 0.076624
217.707076 207.694748 0.033971 0.000000 0.033971
198.872293 417.655100 0.081542 0.000000 0.081542
139.542414 253.112678 0.119367 0.000000 0.119367
429.115376 394.489367 0.024473 0.000000 0.024473
218.748844 455.244496 0.017274 0.000000 0.017274
430.707548 107.826127 0.082840 0.000000 0.082840
48.944206 266.251028 0.011723 0.000000 0.011723
149.037117 421.179681 0.148038 0.000000 0.148038
486.536105 469.507116 0.016076 0.000000 0.016076
668.868916 40.149204 0.149822 0.000000 0.149822
38.559889 287.733948 0.129732 0.000000 0.129732
728.265648 235.110461 0.130994 0.000000 0.130994
603.305084 351.138719 0.104442 0.000000 0.104442
751.370160 442.881108 0.045071 0.000000 0.045071
498.097070 266.150216 0.045253 0.000000 0.045253
382.887396 313.312544 0.118790 0.000000 0.118790
189.133822 252.958909 0.058838 0.000000 0.058838
430.692825 62.125091 0.161786 0.000000 0.161786
22.764187 283.155176 0.041870 0.000000 0.041870
240.446684 195.780106 0.161704 0.000000 0.161704
22.194917 275.780192 0.053127 0.000000 0.053127
232.046337 205.765940 0.052868 0.000000 0.052868
541.300237 169.277854 0.145706 0.000000 0.145706
133.624356 309.234602 0.097461 0.000000 0.097461
137.142786 16.875245 0.147758 0.000000 0.147758
522.226106 16.718524 0.117836 0.000000 0.117836
25.153782 400.692925 0.127933 0.000000 0.127933
343.345999 139.868247 0.116160 0.000000 0.116160
376.662205 396.433332 0.131851 0.000000 0.131851
396.295974 248.626752 0.173767 0.000000 0.173767
735.688337 84.945432 0.163983 0.000000 0.163983
186.921392 305.047458 0.135055 0.000000 0.135055
654.380762 371.734464 0.035838 0.000000 0.035838
73.981538 177.752552 0.082917 0.000000 0.082917
684.634756 210.066092 0.138388 0.000000 0.138388
475.691195 415.525943 0.055447 0.000000 0.055447
73.776482 112.582515 0.130891 0.000000 0.130891
252.334952 338.291670 0.015015 0.000000 0.015015
351.112763 269.894188 0.109393 0.000000 0.109393
335.390888 62.783965 0.116923 0.000000 0.116923
412.567757 52.107436 0.078389 0.000000 0.078389
276.405260 73.747481 0.114842 0.000000 0.114842
160.658061 180.399049 0.033397 0.000000 0.033397
748.667866 244.638201 0.064850 0.000000 0.064850
426.203017 258.890139 0.051131 0.000000 0.051131
246.204511 302.238090 0.145054 0.000000 0.145054
675.677714 372.698431 0.114428 0.000000 0.114428
83.412359 137.899046 0.039650 0.000000 0.039650
253.071437 213.463706 0.148836 0.000000 0.148836
265.240295 301.007155 0.010404 0.000000 0.010404
341.540493 307.553022 0.138003 0.000000 0.138003
431.900267 300.100748 0.012187 0.000000 0.012187
282.307175 378.778292 0.122956 0.000000 0.122956
185.504228 368.399526 0.122380 0.000000 0.122380
512.736844 117.256233 0.004261 0.000000 0.004261
258.194571 28.180163 0.134128 0.000000 0.134128
293.620426 92.636108 0.082791 0.000000 0.082791
505.570898 296.757523 0.009473 0.000000 0.009473
156.618419 101.993787 0.091798 0.000000 0.091798
466.121200 178.111747 0.171932 0.000000 0.171932
627.604894 58.592487 0.090920 0.000000 0.090920
31.592356 308.257225 0.013772 0.000000 0.013772
479.815764 380.685898 0.051297 0.000000 0.051297
248.506602 302.832066 0.036359 0.000000 0.036359
293.179461 119.863858 0.059556 0.000000 0.059556
480.933395 234.539274 0.164765 0.000000 0.164765
338.999339 403.896055 0.163846 0.000000 0.163846
583.969271 145.348735 0.125863 0.000000 0.125863
237.320113 77.685539 0.155728 0.000000 0.155728
458.940830 326.531662 0.036183 0.000000 0.036183
153.710374 22.347827 0.047611 0.000000 0.047611
380.813195 215.967124 0.175469 0.000000 0.175469
407.088311 439.336899 0.060872 0.000000 0.060872
16.060535 223.766832 0.074379 0.000000 0.074379
403.771414 150.697891 0.061575 0.000000 0.061575
419.457791 31.469747 0.024298 0.000000 0.024298
140.574992 217.939719 0.065913 0.000000 0.065913
642.684460 203.907877 0.038920 0.000000 0.038920
723.817610 92.750612 0.018104 0.000000 0.018104
493.786125 39.997414 0.035670 0.000000 0.035670
237.318338 387.084981 0.037073 0.000000 0.037073
340.898820 307.111873 0.065336 0.000000 0.065336
499.152395 47.153297 0.155854 0.000000 0.155854
649.035622 444.077408 0.068308 0.000000 0.068308
700.167111 37.279672 0.028690 0.000000 0.028690
127.372477 293.693132 0.059935 0.000000 0.059935
266.644777 490.038703 0.152307 0.000000 0.152307
419.179262 278.819054 0.114309 0.000000 0.114309
336.865599 179.697791 0.143419 0.000000 0.143419
43.297695 223.703193 0.031056 0.000000 0.031056
198.324642 269.442777 0.057550 0.000000 0.057550
223.878263 404.185246 0.104723 0.000000 0.104723
218.140361 139.671683 0.152255 0.000000 0.152255
210.494011 260.053256 0.043314 0.000000 0.043314
230.481978 264.520968 0.118473 0.000000 0.118473
713.766301 262.149538 0.162526 0.000000 0.162526
73.782935 388.004748 0.023044 0.000000 0.023044
337.633576 337.915706 0.028701 0.000000 0.028701
580.944138 401.875306 0.095715 0.000000 0.095715
230.388906 417.737687 0.102167 0.000000 0.102167
134.967255 23.531108 0.125962 0.000000 0.125962
230.127829 54.925525 0.097647 0.000000 0.097647
481.928839 337.876082 0.103281 0.000000 0.103281
585.805345 398.573355 0.043452 0.000000 0.043452
618.044240 107.705203 0.044464 0.000000 0.044464
335.001768 56.246421 0.062953 0.000000 0.062953
698.539139 99.446681 0.012679 0.000000 0.012679
440.158764 306.750278 0.020472 0.000000 0.020472
688.575269 288.433463 0.028394 0.000000 0.028394
288.785905 240.861971 0.054382 0.000000 0.054382
574.749235 382.402262 0.019209 0.000000 0.019209
625.662066 470.842875 0.158390 0.000000 0.158390
526.295613 87.935511 0.079480 0.000000 0.079480
587.602830 388.979480 0.030986 0.000000 0.030986
682.399756 501.339129 0.108802 0.000000 0.108802
731.564024 213.134431 0.060165 0.000000 0.060165
62.189767 368.475753 0.087230 0.000000 0.087230
173.721214 216.309877 0.061500 0.000000 0.061500
415.396658 26.016403 0.132391 0.000000 0.132391
381.896772 252.686752 0.136661 0.000000 0.136661
95.603963 117.641288 0.077670 0.000000 0.077670
104.404578 22.128218 0.062227 0.000000 0.062227
660.602384 375.417045 0.005281 0.000000 0.005281
581.618311 34.026675 0.067675 0.000000 0.067675
402.353347 395.319111 0.128912 0.000000 0.128912
451.409290 390.870631 0.010537 0.000000 0.010537
550.713826 68.986117 0.064212 0.000000 0.064212
25.461569 442.446296 0.099393 0.000000 0.099393
32.320589 309.242288 0.042746 0.000000 0.042746
472.287184 195.186465 0.015799 0.000000 0.015799
688.951091 230.525638 0.046747 0.000000 0.046747
277.253578 370.944893 0.164851 0.000000 0.164851
579.230655 497.121383 0.153223 0.000000 0.153223
40.437444 239.012266 0.171914 0.000000 0.171914
438.710504 314.287428 0.056492 0.000000 0.056492
554.250504 146.198905 0.090491 0.000000 0.090491
259.841537 24.371436 0.109459 0.000000 0.109459
68.211002 393.129212 0.077335 0.000000 0.077335
221.262073 357.405303 0.014620 0.000000 0.014620
360.901993 194.384802 0.118827 0.000000 0.118827
259.441635 154.699263 0.038084 0.000000 0.038084
50.071232 362.302013 0.069692 0.000000 0.069692
492.673134 421.232015 0.133544 0.000000 0.133544
302.493899 189.002843 0.116971 0.000000 0.116971
364.633911 381.435880 0.111893 0.000000 0.111893
292.857353 198.633443 0.007523 0.000000 0.007523
152.310074 11.187260 0.163965 0.000000 0.163965
299.420126 260.284269 0.105863 0.000000 0.105863
452.971862 483.245224 0.165764 0.000000 0.165764
113.729410 269.925003 0.085228 0.000000 0.085228
505.437363 367.059369 0.009374 0.000000 0.009374
13.994514 325.866376 0.113037 0.000000 0.113037
226.991238 493.584725 0.159615 0.000000 0.159615
119.427672 466.647256 0.017525 0.000000 0.017525
704.681371 274.270429 0.049755 0.000000 0.049755
342.850559 497.119973 0.047407 0.000000 0.047407
203.029501 164.899718 0.145075 0.000000 0.145075
37.653811 70.137118 0.117385 0.000000 0.117385
251.256484 272.072332 0.017966 0.000000 0.017966
13.365177 89.931124 0.123864 0.000000 0.123864
625.065692 468.365607 0.032631 0.000000 0.032631
37.332414 446.072671 0.072458 0.000000 0.072458
194.520127 87.172758 0.084816 0.000000 0.084816
143.544584 62.104155 0.116252 0.000000 0.116252
253.279591 297.867503 0.056838 0.000000 0.056838
61.776188 57.588277 0.037558 0.000000 0.037558
347.590819 175.496907 0.150999 0.000000 0.150999
294.555436 443.331808 0.079991 0.000000 0.079991
482.854995 60.479008 0.039763 0.000000 0.039763
103.624093 326.722346 0.022070 0.000000 0.022070
431.547214 385.278572 0.170994 0.000000 0.170994
409.352728 13.401138 0.069045 0.000000 0.069045
121.638718 312.974481 0.115585 0.000000 0.115585
715.654962 225.896041 0.084489 0.000000 0.084489
264.343294 48.137165 0.035501 0.000000 0.035501
751.512447 205.969013 0.055025 0.000000 0.055025
293.434214 317.479719 0.131780 0.000000 0.131780
410.645869 367.570919 0.149308 0.000000 0.149308
589.724365 33.589465 0.070497 0.000000 0.070497
45.693366 423.805127 0.006482 0.000000 0.006482
733.112152 461.691496 0.176426 0.000000 0.176426
378.550058 67.499852 0.020014 0.000000 0.020014
739.884243 90.680396 0.013891 0.000000 0.013891
440.082600 437.389522 0.036839 0.000000 0.036839
51.516625 172.521817 0.095939 0.000000 0.095939
132.025413 14.710680 0.055351 0.000000 0.055351
433.848113 109.644586 0.172349 0.000000 0.172349
686.439407 467.339353 0.084010 0.000000 0.084010
125.972122 426.080408 0.092713 0.000000 0.092713
85.696523 293.924972 0.151689 0.000000 0.151689
406.331275 354.162483 0.095980 0.000000 0.095980
429.716556 448.069988 0.031682 0.000000 0.031682
737.817758 107.197330 0.123506 0.000000 0.123506
236.335440 136.763271 0.161195 0.000000 0.161195
206.333057 365.180818 0.011572 0.000000 0.011572
14.208629 167.715031 0.095308 0.000000 0.095308
239.522597 228.383926 0.150809 0.000000 0.150809
300.208654 50.344707 0.141848 0.000000 0.141848
407.605082 244.529576 0.122650 0.000000 0.122650
363.481424 347.395501 0.141411 0.000000 0.141411
214.467928 27.279976 0.063526 0.000000 0.063526
65.050487 268.939815 0.172243 0.000000 0.172243
719.167058 238.327937 0.129594 0.000000 0.129594
382.019139 142.042755 0.131229 0.000000 0.131229
75.665696 91.641131 0.132125 0.000000 0.132125
505.400085 86.373585 0.028086 0.000000 0.028086
439.359357 53.347397 0.034254 0.000000 0.034254
172.022121 73.343522 0.053752 0.000000 0.053752
623.264691 219.841389 0.144628 0.000000 0.144628
66.992497 181.281715 0.010077 0.000000 0.010077
384.617898 334.541761 0.126625 0.000000 0.126625
480.707087 289.746498 0.106003 0.000000 0.106003
96.585525 162.397210 0.133470 0.000000 0.133470
94.692348 122.697266 0.100122 0.000000 0.100122
34.735758 332.693759 0.136376 0.000000 0.136376
425.482131 232.662163 0.151255 0.000000 0.151255
374.635188 402.895855 0.138489 0.000000 0.138489
390.749227 439.289117 0.027037 0.000000 0.027037
68.667750 175.358813 0.028354 0.000000 0.028354
700.214674 496.015791 0.148041 0.000000 0.148041
418.813610 49.688099 0.043030 0.000000 0.043030
17.898278 468.295032 0.026131 0.000000 0.026131
313.146678 313.878187 0.132051 0.000000 0.132051
623.024607 130.232755 0.153488 0.000000 0.153488
482.240863 419.832808 0.159908 0.000000 0.159908
549.733793 270.418629 0.159367 0.000000 0.159367
387.135814 384.417729 0.019392 0.000000 0.019392
160.353759 227.425306 0.074542 0.000000 0.074542
238.706139 223.364948 0.167930 0.000000 0.167930
286.289656 467.508282 0.047636 0.000000 0.047636
46.155190 171.201554 0.102981 0.000000 0.102981
340.711250 220.090744 0.137893 0.000000 0.137893
25.762507 405.024703 0.159521 0.000000 0.159521
154.164780 220.758235 0.153042 0.000000 0.153042
101.613420 145.245029 0.126158 0.000000 0.126158
519.253208 285.297575 0.138383 0.000000 0.138383
38.137661 143.039132 0.145642 0.000000 0.145642
106.473947 219.405880 0.124459 0.000000 0.124459
397.686726 382.870170 0.088668 0.000000 0.088668
429.691569 187.434248 0.167755 0.000000 0.167755
486.346364 400.535094 0.136779 0.000000 0.136779
617.346227 26.830270 0.069043 0.000000 0.069043
11.164217 469.093282 0.151667 0.000000 0.151667
497.813901 188.305120 0.076767 0.000000 0.076767
624.090938 129.926593 0.071231 0.000000 0.071231
321.465439 41.860981 0.032419 0.000000 0.032419
387.144513 387.970069 0.157682 0.000000 0.157682
459.259846 42.403503 0.119349 0.000000 0.119349
66.681414 479.579878 0.107877 0.000000 0.107877
172.727719 230.893490 0.153707 0.000000 0.153707
119.322158 194.835054 0.077826 0.000000 0.077826
167.006409 301.067407 0.157170 0.000000 0.157170
563.800105 59.722620 0.103240 0.000000 0.103240
54.611366 86.006244 0.120634 0.000000 0.120634
716.473414 500.854949 0.066684 0.000000 0.066684
30.235799 272.277882 0.035111 0.000000 0.035111
534.561887 98.672026 0.125925 0.000000 0.125925
749.516553 126.273521 0.053932 0.000000 0.053932
29.647858 126.862830 0.171708 0.000000 0.171708
364.594999 432.690415 0.033560 0.000000 0.033560
403.141648 456.338480 0.043070 0.000000 0.043070
338.536824 63.830563 0.038479 0.000000 0.038479
178.652992 112.663517 0.093905 0.000000 0.093905
40.489745 326.893289 0.139165 0.000000 0.139165
590.197749 471.464585 0.007940 0.000000 0.007940
84.220818 50.200212 0.075495 0.000000 0.075495
751.704954 303.631316 0.048164 0.000000 0.048164
71.244955 82.209367 0.168388 0.000000 0.168388
20.623396 381.635637 0.041020 0.000000 0.041020
461.428776 122.731262 0.095271 0.000000 0.095271
441.809986 440.388785 0.131472 0.000000 0.131472
184.696711 60.746749 0.156712 0.000000 0.156712
176.708508 168.687410 0.165296 0.000000 0.165296
420.480275 429.289701 0.137851 0.000000 0.137851
363.998287 26.500129 0.027276 0.000000 0.027276
659.652901 494.820495 0.080777 0.000000 0.080777
159.553588 327.086294 0.024293 0.000000 0.024293
445.772565 201.838764 0.004461 0.000000 0.004461
198.745908 262.537857 0.110555 0.000000 0.110555
314.098772 113.350453 0.007150 0.000000 0.007150
451.524062 94.568743 0.106665 0.000000 0.106665
504.225573 302.085217 0.057440 0.000000 0.057440
709.437237 155.287178 0.147455 0.000000 0.147455
241.905972 445.938959 0.088720 0.000000 0.088720
362.672494 348.741194 0.012894 0.000000 0.012894
73.622662 402.429562 0.022046 0.000000 0.022046
238.375342 421.107274 0.160933 0.000000 0.160933
652.025701 469.555003 0.012474 0.000000 0.012474
745.120763 293.901735 0.162117 0.000000 0.162117
593.283408 245.592174 0.036555 0.000000 0.036555
408.755032 251.370905 0.054059 0.000000 0.054059
317.673941 57.346390 0.129239 0.000000 0.129239
257.264932 136.459073 0.043935 0.000000 0.043935
384.198018 390.132004 0.116270 0.000000 0.116270
7.258315 231.712531 0.162800 0.000000 0.162800
159.250357 346.444585 0.135195 0.000000 0.135195
300.679445 150.516714 0.099637 0.000000 0.099637
176.199231 500.998015 0.112093 0.000000 0.112093
517.368672 280.007149 0.056460 0.000000 0.056460
278.999565 282.817911 0.168408 0.000000 0.168408
325.509720 390.187226 0.094691 0.000000 0.094691
47.946433 466.628757 0.017951 0.000000 0.017951
423.651472 341.818348 0.024263 0.000000 0.024263
523.367918 432.086534 0.141331 0.000000 0.141331
313.249213 42.013235 0.136143 0.000000 0.136143
173.192543 447.777937 0.171612 0.000000 0.171612
305.133915 240.819097 0.024827 0.000000 0.024827
574.701795 409.421486 0.058656 0.000000 0.058656
146.445922 328.374015 0.050392 0.000000 0.050392
463.183147 28.550063 0.071448 0.000000 0.071448
324.406269 395.275233 0.028939 0.000000 0.028939
397.963062 268.236515 0.078401 0.000000 0.078401
49.546383 8.334439 0.142570 0.000000 0.142570
379.085836 205.911475 0.073648 0.000000 0.073648
532.276031 98.320362 0.025532 0.000000 0.025532
314.428187 383.345111 0.042033 0.000000 0.042033
125.873955 15.985731 0.140704 0.000000 0.140704
626.852538 279.487813 0.106426 0.000000 0.106426
575.326788 371.292975 0.018160 0.000000 0.018160
127.276274 416.958167 0.007260 0.000000 0.007260
69.705409 37.749377 0.139568 0.000000 0.139568
127.511289 173.095724 0.118179 0.000000 0.118179
347.161870 363.113101 0.033053 0.000000 0.033053
193.378391 414.473592 0.136389 0.000000 0.136389
722.725719 163.255383 0.023876 0.000000 0.023876
490.055646 172.322433 0.128883 0.000000 0.128883
263.090558 123.819344 0.154826 0.000000 0.154826
46.048909 327.453161 0.078568 0.000000 0.078568
255.436347 205.748099 0.041929 0.000000 0.041929
475.794760 216.497050 0.094123 0.000000 0.094123
744.757681 129.952295 0.023772 0.000000 0.023772
471.787565 161.734406 0.028904 0.000000 0.028904
550.526891 142.004698 0.034207 0.000000 0.034207
705.404692 156.730219 0.035422 0.000000 0.035422
217.449493 174.783094 0.111182 0.000000 0.111182
495.227242 48.119193 0.111590 0.000000 0.111590
332.351891 473.634090 0.104574 0.000000 0.104574
649.009751 363.748764 0.127287 0.000000 0.127287
124.948850 436.530804 0.071933 0.000000 0.071933
49.671216 39.601349 0.131106 0.000000 0.131106
565.289023 82.149193 0.112178 0.000000 0.112178
649.783107 89.269911 0.035695 0.000000 0.035695
158.865890 368.948011 0.157177 0.000000 0.157177
537.792690 410.667200 0.091348 0.000000 0.091348
443.896175 157.262601 0.120861 0.000000 0.120861
479.682254 324.690220 0.038523 0.000000 0.038523
488.614563 67.812121 0.143526 0.000000 0.143526
165.017918 112.602195 0.143906 0.000000 0.143906
280.043314 140.489096 0.119218 0.000000 0.119218
471.764202 458.727174 0.016720 0.000000 0.016720
285.427466 17.434844 0.036757 0.000000 0.036757
344.557610 172.335940 0.113187 0.000000 0.113187
603.148265 205.586686 0.075834 0.000000 0.075834
611.919883 76.028772 0.030157 0.000000 0.030157
71.799028 49.161672 0.165291 0.000000 0.165291
420.062436 161.088275 0.173930 0.000000 0.173930
95.637064 166.853926 0.163173 0.000000 0.163173
288.155157 177.755167 0.008076 0.000000 0.008076
636.270538 353.958317 0.129159 0.000000 0.129159
108.397973 30.987583 0.083336 0.000000 0.083336
23.993228 196.689830 0.058779 0.000000 0.058779
475.947703 296.686906 0.018177 0.000000 0.018177
94.267350 88.804243 0.055491 0.000000 0.055491
351.313157 450.026071 0.106743 0.000000 0.106743
752.843818 280.901441 0.065085 0.000000 0.065085
722.560079 160.745136 0.115176 0.000000 0.115176
471.016144 95.016641 0.011887 0.000000 0.011887
689.973376 420.528052 0.093142 0.000000 0.093142
424.770495 186.088253 0.033226 0.000000 0.033226
172.266018 82.109852 0.048899 0.000000 0.048899
468.582326 379.068796 0.070211 0.000000 0.070211
244.759375 75.184363 0.119861 0.000000 0.119861
280.556567 68.219098 0.092919 0.000000 0.092919
307.889447 76.273259 0.147796 0.000000 0.147796
214.845914 278.801611 0.126091 0.000000 0.126091
18.099890 245.930166 0.129811 0.000000 0.129811
325.308228 30.632238 0.018990 0.000000 0.018990
103.626361 80.173880 0.014786 0.000000 0.014786
262.905884 174.518953 0.028464 0.000000 0.028464
351.556168 256.955897 0.143238 0.000000 0.143238
154.974705 399.822732 0.045128 0.000000 0.045128
421.206287 385.011434 0.029658 0.000000 0.029658
300.336559 424.427774 0.060053 0.000000 0.060053
229.454999 462.980867 0.132771 0.000000 0.132771
263.884274 433.379824 0.128930 0.000000 0.128930
115.524697 381.378798 0.094309 0.000000 0.094309
559.813914 139.528883 0.024999 0.000000 0.024999
659.447755 352.216604 0.119410 0.000000 0.119410
163.041487 248.189659 0.057200 0.000000 0.057200
244.575452 86.383296 0.086823 0.000000 0.086823
142.336350 122.840630 0.066149 0.000000 0.066149
745.317914 421.608979 0.128235 0.000000 0.128235
320.128784 64.066985 0.159472 0.000000 0.159472
167.625604 295.542760 0.113867 0.000000 0.113867
77.508798 266.163025 0.057052 0.000000 0.057052
357.634110 363.509192 0.095235 0.000000 0.095235
462.312427 97.776775 0.169951 0.000000 0.169951
727.729293 430.320497 0.166559 0.000000 0.166559
253.605877 317.589479 0.141636 0.000000 0.141636
269.495187 187.791636 0.139509 0.000000 0.139509
465.234787 468.268337 0.066976 0.000000 0.066976
76.666347 261.297751 0.108068 0.000000 0.108068
467.282935 120.741696 0.006649 0.000000 0.006649
697.491479 171.803697 0.115089 0.000000 0.115089
686.879405 225.878109 0.092177 0.000000 0.092177
280.954116 330.527199 0.057642 0.000000 0.057642
378.674940 180.092104 0.066874 0.000000 0.066874
331.692562 341.584784 0.111734 0.000000 0.111734
736.018384 201.589247 0.151656 0.000000 0.151656
377.442061 87.629374 0.145702 0.000000 0.145702
320.946134 310.443854 0.073785 0.000000 0.073785
520.924765 274.042300 0.145812 0.000000 0.145812
361.600314 413.133365 0.075408 0.000000 0.075408
173.755792 289.288607 0.130125 0.000000 0.130125
740.551017 271.462388 0.131359 0.000000 0.131359
403.267425 34.725558 0.006168 0.000000 0.006168
554.357843 63.711569 0.107117 0.000000 0.107117
463.337244 404.795848 0.133415 0.000000 0.133415
516.718255 226.627741 0.132113 0.000000 0.132113
611.177390 138.394239 0.138994 0.000000 0.138994
336.051973 126.284647 0.145950 0.000000 0.145950
291.935830 81.396179 0.113506 0.000000 0.113506
319.807081 298.230215 0.117271 0.000000 0.117271
56.597220 351.331823 0.009567 0.000000 0.009567
356.024446 121.733721 0.049304 0.000000 0.049304
120.113392 368.993249 0.020942 0.000000 0.020942
226.591506 137.607210 0.077520 0.000000 0.077520
83.691863 374.171905 0.152279 0.000000 0.152279
313.514519 210.915896 0.151978 0.000000 0.151978
202.258823 266.401864 0.140076 0.000000 0.140076
302.604070 25.830101 0.133790 0.000000 0.133790
567.392067 424.588225 0.123581 0.000000 0.123581
198.052453 203.749415 0.080648 0.000000 0.080648
157.412796 180.302282 0.124284 0.000000 0.124284
108.642127 59.542030 0.138817 0.000000 0.138817
387.342230 105.133445 0.089530 0.000000 0.089530
387.236643 310.693298 0.112191 0.000000 0.112191
451.900883 286.010663 0.085860 0.000000 0.085860
211.071820 364.200877 0.118598 0.000000 0.118598
633.266308 212.532459 0.078867 0.000000 0.078867
54.052228 286.436890 0.076135 0.000000 0.076135
308.895246 27.375685 0.114152 0.000000 0.114152
472.329693 482.135900 0.116098 0.000000 0.116098
35.854091 7.789712 0.114649 0.000000 0.114649
100.432905 14.838622 0.114144 0.000000 0.114144
168.054903 364.702830 0.042341 0.000000 0.042341
123.095626 29.279689 0.111961 0.000000 0.111961
685.816413 172.464510 0.081691 0.000000 0.081691
156.010437 189.934113 0.051869 0.000000 0.051869
188.884471 52.513725 0.110256 0.000000 0.110256
597.311984 323.418246 0.056448 0.000000 0.056448
682.465516 397.082344 0.044115 0.000000 0.044115
540.106422 244.326748 0.144000 0.000000 0.144000
564.576131 400.139189 0.082515 0.000000 0.082515
433.484071 140.367135 0.097333 0.000000 0.097333
751.116941 353.669267 0.090088 0.000000 0.090088
730.278622 253.430533 0.155132 0.000000 0.155132
437.550707 290.290326 0.126276 0.000000 0.126276
421.888604 63.861253 0.076320 0.000000 0.076320
310.610470 88.006550 0.141587 0.000000 0.141587
514.757596 267.868328 0.022775 0.000000 0.022775
391.166595 73.202137 0.021209 0.000000 0.021209
482.066612 205.444854 0.023886 0.000000 0.023886
458.570702 445.244840 0.033653 0.000000 0.033653
359.864539 406.975639 0.030143 0.000000 0.030143
426.139743 268.806794 0.160548 0.000000 0.160548
499.422765 361.117823 0.099152 0.000000 0.099152
396.459175 375.197447 0.168524 0.000000 0.168524
458.476681 98.375988 0.065578 0.000000 0.065578
399.904276 38.405690 0.165812 0.000000 0.165812
383.157818 93.635709 0.039556 0.000000 0.039556
452.092444 345.428012 0.015579 0.000000 0.015579
317.683598 420.761980 0.077160 0.000000 0.077160
503.001511 474.634899 0.061745 0.000000 0.061745
501.710123 75.553973 0.011092 0.000000 0.011092
283.731000 242.671556 0.123800 0.000000 0.123800
282.365069 365.351882 0.150854 0.000000 0.150854
317.779155 476.670177 0.155256 0.000000 0.155256
506.654199 373.202355 0.175424 0.000000 0.175424
364.425971 256.279145 0.118900 0.000000 0.118900
356.732113 291.604051 0.056038 0.000000 0.056038
708.866281 485.835948 0.165965 0.000000 0.165965
705.439966 483.011024 0.079829 0.000000 0.079829
404.522804 465.448780 0.128168 0.000000 0.128168
380.905464 168.630470 0.035931 0.000000 0.035931
66.622842 21.535547 0.108291 0.000000 0.108291
40.848267 37.967038 0.020517 0.000000 0.020517
125.203993 217.091623 0.043136 0.000000 0.043136
653.270419 468.611706 0.102944 0.000000 0.102944
133.103815 205.835279 0.098706 0.000000 0.098706
465.947830 394.664546 0.087891 0.000000 0.087891
59.372157 477.140460 0.130388 0.000000 0.130388
245.326091 155.241546 0.138514 0.000000 0.138514
45.531615 273.781750 0.145764 0.000000 0.145764
146.102440 269.052675 0.170497 0.000000 0.170497
17.482433 112.149394 0.147527 0.000000 0.147527
413.476123 490.120089 0.077819 0.000000 0.077819
137.359799 172.064574 0.068914 0.000000 0.068914
359.781763 189.585379 0.049073 0.000000 0.049073
107.738046 343.385065 0.153654 0.000000 0.153654
422.846497 161.113685 0.068564 0.000000 0.068564
289.318095 332.441851 0.063074 0.000000 0.063074
108.298853 354.234360 0.102160 0.000000 0.102160
746.430414 486.768463 0.066830 0.000000 0.066830
188.934509 143.246263 0.048026 0.000000 0.048026
531.176244 444.246834 0.100758 0.000000 0.100758
692.259632 403.858462 0.031212 0.000000 0.031212
320.339156 468.034273 0.032738 0.000000 0.032738
369.833357 256.156903 0.131607 0.000000 0.131607
233.903011 185.985806 0.053865 0.000000 0.053865
629.496041 36.575923 0.076476 0.000000 0.076476
626.192198 173.673334 0.022708 0.000000 0.022708
169.222087 165.353184 0.008011 0.000000 0.008011
121.214246 240.990502 0.018618 0.000000 0.018618
386.086052 264.272513 0.028060 0.000000 0.028060
182.803036 229.781831 0.077859 0.000000 0.077859
513.628798 39.563596 0.140829 0.000000 0.140829
376.488063 170.812769 0.073832 0.000000 0.073832
511.787136 183.739789 0.004064 0.000000 0.004064
571.883152 345.595671 0.036293 0.000000 0.036293
97.220959 271.151683 0.010896 0.000000 0.010896
752.642130 30.419064 0.174384 0.000000 0.174384
324.581736 465.216811 0.101742 0.000000 0.101742
634.917687 287.869262 0.021485 0.000000 0.021485
225.530576 25.448744 0.042076 0.000000 0.042076
387.021209 185.104737 0.054223 0.000000 0.054223
114.458795 201.558636 0.071108 0.000000 0.071108
274.910226 253.091191 0.091828 0.000000 0.091828
571.793507 95.254312 0.170181 0.000000 0.170181
736.677757 348.633355 0.093629 0.000000 0.093629
324.409169 126.696617 0.141587 0.000000 0.141587
155.284058 237.482392 0.126517 0.000000 0.126517
740.417043 15.911529 0.059305 0.000000 0.059305
332.658971 145.511243 0.009272 0.000000 0.009272
49.917068 238.948774 0.078795 0.000000 0.078795
693.641609 70.177444 0.050639 0.000000 0.050639
681.858021 407.247864 0.057357 0.000000 0.057357
115.561388 33.374410 0.071880 0.000000 0.071880
392.087447 157.074187 0.037028 0.000000 0.037028
322.848240 133.619508 0.090856 0.000000 0.090856
381.495488 52.607479 0.040459 0.000000 0.040459
298.464617 429.971191 0.129969 0.000000 0.129969
23.096021 216.810563 0.106220 0.000000 0.106220
556.670219 178.896674 0.079502 0.000000 0.079502
261.106584 371.071380 0.054158 0.000000 0.054158
70.629074 213.387562 0.094507 0.000000 0.094507
734.345414 108.093925 0.070025 0.000000 0.070025
105.472142 285.996447 0.078412 0.000000 0.078412
389.312143 177.896537 0.112626 0.000000 0.112626
484.038101 211.394904 0.141308 0.000000 0.141308
400.655348 168.855861 0.117889 0.000000 0.117889
493.221603 83.839305 0.065787 0.000000 0.065787
139.941415 31.900732 0.170134 0.000000 0.170134
701.244237 67.453063 0.175303 0.000000 0.175303
240.368975 267.441399 0.124010 0.000000 0.124010
606.333659 110.996764 0.109540 0.000000 0.109540
663.675383 256.168732 0.144849 0.000000 0.144849
325.002262 335.056488 0.035674 0.000000 0.035674
380.238848 75.586378 0.071428 0.000000 0.071428
249.242966 113.888318 0.139159 0.000000 0.139159
562.028627 420.174135 0.020074 0.000000 0.020074
483.135466 220.517925 0.171743 0.000000 0.171743
436.419019 43.651333 0.162845 0.000000 0.162845
601.578307 322.190943 0.151639 0.000000 0.151639
125.671716 132.902725 0.118008 0.000000 0.118008
454.799620 407.313064 0.118299 0.000000 0.118299
382.128029 172.600686 0.169755 0.000000 0.169755
421.259476 424.715757 0.037296 0.000000 0.037296
141.079156 263.027232 0.046592 0.000000 0.046592
53.635760 465.468324 0.096020 0.000000 0.096020
177.807319 89.037560 0.072001 0.000000 0.072001
635.525392 132.018943 0.014362 0.000000 0.014362
705.259000 260.570173 0.032193 0.000000 0.032193
33.422899 112.347874 0.129165 0.000000 0.129165
350.921237 242.589819 0.138259 0.000000 0.138259
483.457256 126.238563 0.048068 0.000000 0.048068
173.339740 191.722699 0.139813 0.000000 0.139813
420.513095 147.639317 0.055902 0.000000 0.055902
690.543077 41.714378 0.089332 0.000000 0.089332
378.639969 152.994856 0.033993 0.000000 0.033993
158.336317 159.597019 0.124910 0.000000 0.124910
222.148974 173.971599 0.165397 0.000000 0.165397
155.742789 278.358520 0.159215 0.000000 0.159215
431.029779 173.922341 0.102388 0.000000 0.102388
719.681123 102.385859 0.093621 0.000000 0.093621
449.137037 61.349797 0.149835 0.000000 0.149835
365.264685 356.315581 0.055202 0.000000 0.055202
43.811580 67.459891 0.021084 0.000000 0.021084
298.228822 326.425010 0.085590 0.000000 0.085590
702.579870 287.267812 0.134483 0.000000 0.134483
331.253329 138.046926 0.042636 0.000000 0.042636
669.350380 328.573007 0.147404 0.000000 0.147404
539.902620 236.349550 0.023471 0.000000 0.023471
713.983484 11.706220 0.066993 0.000000 0.066993
70.808383 196.779984 0.054656 0.000000 0.054656
55.118065 481.249284 0.109922 0.000000 0.109922
661.314941 410.845238 0.012435 0.000000 0.012435
231.465103 226.357414 0.011947 0.000000 0.011947
698.797676 60.967116 0.020719 0.000000 0.020719
38.898606 423.971319 0.068567 0.000000 0.068567
608.151253 66.922715 0.056464 0.000000 0.056464
110.384363 70.472440 0.039368 0.000000 0.039368
440.178711 246.125471 0.109981 0.000000 0.109981
435.306832 118.964052 0.126270 0.000000 0.126270
115.635173 188.989640 0.162036 0.000000 0.162036
367.173394 200.248444 0.105220 0.000000 0.105220
588.864710 198.370286 0.111801 0.000000 0.111801
288.034176 46.471894 0.095958 0.000000 0.095958
160.011336 489.327898 0.103218 0.000000 0.103218
605.289861 74.159328 0.098732 0.000000 0.098732
642.573688 307.426629 0.020381 0.000000 0.020381
623.900755 348.034713 0.010565 0.000000 0.010565
536.950488 156.562241 0.024038 0.000000 0.024038
581.069526 361.370144 0.103454 0.000000 0.103454
76.349492 291.803039 0.137759 0.000000 0.137759
731.706949 455.663265 0.122409 0.000000 0.122409
86.428078 235.415003 0.134039 0.000000 0.134039
502.972410 354.937264 0.028770 0.000000 0.028770
63.095568 245.415599 0.041738 0.000000 0.041738
705.601411 358.801561 0.064664 0.000000 0.064664
106.490839 386.099490 0.134094 0.000000 0.134094
42.637847 248.704796 0.109194 0.000000 0.109194
305.565084 152.552997 0.080357 0.000000 0.080357
609.326491 18.596196 0.100087 0.000000 0.100087
338.852869 151.141292 0.112974 0.000000 0.112974
387.473356 175.291249 0.040586 0.000000 0.040586
382.825125 185.115100 0.100784 0.000000 0.100784
140.974600 46.519327 0.096080 0.000000 0.096080
333.665278 99.283974 0.032577 0.000000 0.032577
670.440733 132.633771 0.021239 0.000000 0.021239
653.464917 206.163841 0.017240 0.000000 0.017240
687.637129 409.843832 0.113925 0.000000 0.113925
671.495197 350.235884 0.125273 0.000000 0.125273
75.958255 336.204081 0.049304 0.000000 0.049304
517.398991 424.482610 0.072337 0.000000 0.072337
371.706380 131.011909 0.157359 0.000000 0.157359
441.467443 84.439803 0.088620 0.000000 0.088620
343.342334 235.613980 0.018035 0.000000 0.018035
553.725195 240.135245 0.019206 0.000000 0.019206
609.766371 25.185256 0.024953 0.000000 0.024953
383.900977 114.273230 0.112905 0.000000 0.112905
298.662500 157.517939 0.033653 0.000000 0.033653
352.924843 247.580749 0.089850 0.000000 0.089850
559.028448 92.922228 0.089466 0.000000 0.089466
517.630826 395.783167 0.006745 0.000000 0.006745
640.924948 502.753147 0.106112 0.000000 0.106112
666.567228 26.281857 0.068068 0.000000 0.068068
566.589579 90.664471 0.047230 0.000000 0.047230
563.383300 153.188491 0.109318 0.000000 0.109318
565.219905 379.647587 0.163598 0.000000 0.163598
371.125901 140.182446 0.009442 0.000000 0.009442
557.452058 56.360996 0.091304 0.000000 0.091304
449.052084 74.611988 0.122614 0.000000 0.122614
726.143103 384.926278 0.114262 0.000000 0.114262
173.684692 136.774375 0.015318 0.000000 0.015318
556.589649 90.541156 0.019865 0.000000 0.019865
561.101979 414.676951 0.169146 0.000000 0.169146
717.363174 366.872549 0.049668 0.000000 0.049668
137.947146 290.427977 0.096464 0.000000 0.096464
260.173714 305.511723 0.085235 0.000000 0.085235
345.292910 27.789743 0.056937 0.000000 0.056937
420.366465 130.797803 0.170337 0.000000 0.170337
500.053451 123.417550 0.078836 0.000000 0.078836
403.231597 177.226379 0.034012 0.000000 0.034012
414.740390 123.756091 0.099359 0.000000 0.099359
644.031559 57.786030 0.097852 0.000000 0.097852
250.107537 234.634911 0.174693 0.000000 0.174693
439.441863 116.192476 0.065648 0.000000 0.065648
296.329321 143.381567 0.115887 0.000000 0.115887
142.287645 450.667223 0.100481 0.000000 0.100481
558.939437 282.044444 0.035770 0.000000 0.035770
640.951701 267.336752 0.035055 0.000000 0.035055
509.996632 424.259574 0.047036 0.000000 0.047036
328.166548 191.700710 0.016960 0.000000 0.016960
80.782789 173.512070 0.004781 0.000000 0.004781
541.697244 433.529488 0.084857 0.000000 0.084857
547.625249 175.892416 0.132464 0.000000 0.132464
73.865556 318.448772 0.140730 0.000000 0.140730
434.347873 147.157943 0.129539 0.000000 0.129539
373.209665 463.017203 0.035705 0.000000 0.035705
362.200627 107.582067 0.013916 0.000000 0.013916
126.156161 243.353409 0.118996 0.000000 0.118996
88.066025 223.052134 0.146774 0.000000 0.146774
640.841340 127.035306 0.124879 0.000000 0.124879
752.641561 224.221431 0.158392 0.000000 0.158392
65.597018 123.388673 0.157274 0.000000 0.157274
604.425937 37.941509 0.121846 0.000000 0.121846
140.378784 148.996462 0.167190 0.000000 0.167190
659.580287 116.415259 0.026304 0.000000 0.026304
603.797787 135.626282 0.148217 0.000000 0.148217
400.128108 73.704805 0.077511 0.000000 0.077511
580.807326 429.990279 0.074649 0.000000 0.074649
85.842034 208.216187 0.081768 0.000000 0.081768
608.301320 293.587177 0.110053 0.000000 0.110053
502.903903 139.792118 0.087390 0.000000 0.087390
669.466785 307.443739 0.068290 0.000000 0.068290
557.625958 390.888885 0.036726 0.000000 0.036726
638.360885 12.792172 0.132738 0.000000 0.132738
513.157814 217.284483 0.080004 0.000000 0.080004
536.891487 218.367205 0.022729 0.000000 0.022729
612.995437 310.068181 0.043718 0.000000 0.043718
221.130456 229.550763 0.125103 0.000000 0.125103
677.261589 418.493578 0.102318 0.000000 0.102318
725.072241 488.808985 0.114498 0.000000 0.114498
602.748003 486.505545 0.069360 0.000000 0.069360
650.504945 391.877563 0.042647 0.000000 0.042647
556.628752 250.337519 0.095959 0.000000 0.095959
727.107971 149.923706 0.105218 0.000000 0.105218
105.639850 195.913876 0.102735 0.000000 0.102735
678.883425 73.136663 0.151027 0.000000 0.151027
445.462506 127.150050 0.145182 0.000000 0.145182
592.455637 185.361925 0.043997 0.000000 0.043997
591.678668 81.287425 0.058805 0.000000 0.058805
120.042461 341.643582 0.108164 0.000000 0.108164
502.794787 230.331272 0.082457 0.000000 0.082457
593.014745 113.471340 0.015583 0.000000 0.015583
710.151135 308.537091 0.093443 0.000000 0.093443
532.728161 336.823670 0.050192 0.000000 0.050192
