1.0
1711
65.795565 350.333734 0.028515 0.000000 0.028515
289.327325 133.842958 0.070593 0.000000 0.070593
185.075657 448.706963 0.058521 0.000000 0.058521
152.084644 81.069515 0.006435 0.000000 0.006435
329.489784 432.493795 0.135049 0.000000 0.135049
66.777306 200.533667 0.015305 0.000000 0.015305
154.890283 319.853214 0.100403 0.000000 0.100403
98.220855 165.014875 0.084248 0.000000 0.084248
197.951316 17.396666 0.138516 0.000000 0.138516
112.559291 52.347944 0.084426 0.000000 0.084426
208.733863 423.768142 0.038370 0.000000 0.038370
57.149792 204.019002 0.024470 0.000000 0.024470
86.581343 117.815490 0.102905 0.000000 0.102905
217.252969 202.287186 0.098761 0.000000 0.098761
361.768564 437.397319 0.044064 0.000000 0.044064
112.785254 52.408464 0.020080 0.000000 0.020080
340.220941 248.753269 0.107382 0.000000 0.107382
389.289028 406.544093 0.102700 0.000000 0.102700
382.771678 100.752104 0.092607 0.000000 0.092607
49.435552 112.020566 0.153793 0.000000 0.153793
305.098018 81.965544 0.168573 0.000000 0.168573
89.271169 164.921826 0.021466 0.000000 0.021466
416.423584 440.386976 0.054449 0.000000 0.054449
141.065908 275.097822 0.139960 0.000000 0.139960
562.105968 116.188861 0.105979 0.000000 0.105979
453.548624 338.983122 0.122278 0.000000 0.122278
177.711520 343.346670 0.055321 0.000000 0.055321
225.884573 258.040375 0.006198 0.000000 0.006198
257.021909 87.957090 0.155088 0.000000 0.155088
184.752703 67.389594 0.081359 0.000000 0.081359
24.341426 284.925862 0.031828 0.000000 0.031828
180.780414 340.203988 0.012678 0.000000 0.012678
309.281194 105.337335 0.051122 0.000000 0.051122
73.125298 137.576507 0.096002 0.000000 0.096002
241.807613 83.726364 0.057792 0.000000 0.057792
693.596789 198.984631 0.112242 0.000000 0.112242
291.363903 356.112285 0.096367 0.000000 0.096367
113.142714 458.617271 0.061728 0.000000 0.061728
98.567787 135.282259 0.050333 0.000000 0.050333
242.573478 109.602470 0.092879 0.000000 0.092879
107.916611 292.334255 0.170559 0.000000 0.170559
327.183365 349.226080 0.111607 0.000000 0.111607
317.200140 390.173384 0.075273 0.000000 0.075273
678.790413 176.105206 0.126130 0.000000 0.126130
24.814521 415.656836 0.066513 0.000000 0.066513
124.154331 374.890815 0.163458 0.000000 0.163458
349.709087 53.669937 0.162586 0.000000 0.162586
539.816015 116.722073 0.140940 0.000000 0.140940
605.721665 431.866570 0.145970 0.000000 0.145970
32.283830 107.698956 0.073165 0.000000 0.073165
37.183931 71.109503 0.035183 0.000000 0.035183
245.510743 141.873895 0.021960 0.000000 0.021960
21.079605 158.192977 0.117861 0.000000 0.117861
256.161313 332.445812 0.054392 0.000000 0.054392
521.862940 292.135456 0.175459 0.000000 0.175459
139.476536 277.206162 0.019995 0.000000 0.019995
222.216605 69.374741 0.113981 0.000000 0.113981
115.234688 321.158592 0.041450 0.000000 0.041450
194.735033 68.874064 0.022065 0.000000 0.022065
496.412350 96.022589 0.110985 0.000000 0.110985
35.823491 467.762973 0.034074 0.000000 0.034074
59.376350 406.132642 0.066644 0.000000 0.066644
40.545336 270.298744 0.099729 0.000000 0.099729
365.294284 210.607421 0.129843 0.000000 0.129843
120.349294 151.111896 0.070579 0.000000 0.070579
33.380547 340.051884 0.069931 0.000000 0.069931
512.293217 24.159981 0.029519 0.000000 0.029519
32.229958 422.074237 0.018516 0.000000 0.018516
582.630267 261.399591 0.163339 0.000000 0.163339
369.602076 82.400251 0.092728 0.000000 0.092728
92.619042 425.168338 0.051968 0.000000 0.051968
283.321778 162.994068 0.041415 0.000000 0.041415
483.141374 191.174712 0.058933 0.000000 0.058933
550.520053 224.424461 0.032130 0.000000 0.032130
119.888614 346.766638 0.124499 0.000000 0.124499
618.602834 214.942736 0.075697 0.000000 0.075697
597.420273 164.897368 0.034488 0.000000 0.034488
49.662588 116.475054 0.039008 0.000000 0.039008
595.175107 248.953360 0.074190 0.000000 0.074190
62.377912 378.639675 0.072856 0.000000 0.072856
139.814695 213.791648 0.060810 0.000000 0.060810
743.461395 281.272177 0.149509 0.000000 0.149509
142.923414 95.758150 0.023470 0.000000 0.023470
167.131155 143.224988 0.011570 0.000000 0.011570
159.460187 195.307395 0.052077 0.000000 0.052077
606.955091 90.984769 0.126249 0.000000 0.126249
206.356135 29.395075 0.084684 0.000000 0.084684
12.377119 311.657407 0.136653 0.000000 0.136653
741.440712 474.599426 0.134331 0.000000 0.134331
227.567904 244.068506 0.037957 0.000000 0.037957
734.255880 458.342959 0.136757 0.000000 0.136757
587.794477 166.732078 0.047886 0.000000 0.047886
655.624217 32.024076 0.126395 0.000000 0.126395
548.405186 380.810335 0.015827 0.000000 0.015827
145.935292 80.635316 0.150941 0.000000 0.150941
148.770538 63.617549 0.064852 0.000000 0.064852
600.880300 435.446581 0.020494 0.000000 0.020494
524.164300 499.404217 0.107143 0.000000 0.107143
128.242240 170.865693 0.160962 0.000000 0.160962
248.340266 174.571798 0.087533 0.000000 0.087533
543.079170 341.937725 0.087519 0.000000 0.087519
340.490266 135.650195 0.070487 0.000000 0.070487
384.747110 459.491556 0.019533 0.000000 0.019533
348.767289 258.323674 0.171359 0.000000 0.171359
316.120567 326.490531 0.094614 0.000000 0.094614
741.477618 83.738644 0.150175 0.000000 0.150175
431.981418 130.974450 0.145688 0.000000 0.145688
197.580009 103.268568 0.131249 0.000000 0.131249
682.608127 149.325846 0.103009 0.000000 0.103009
259.715511 100.041854 0.050063 0.000000 0.050063
146.801803 269.229209 0.052315 0.000000 0.052315
523.739473 148.863091 0.066238 0.000000 0.066238
339.145367 138.320732 0.030654 0.000000 0.030654
740.011649 445.120315 0.063135 0.000000 0.063135
113.495801 346.236558 0.044257 0.000000 0.044257
51.630737 275.715122 0.063233 0.000000 0.063233
181.746082 46.634561 0.128922 0.000000 0.128922
88.935160 333.672085 0.140472 0.000000 0.140472
666.848302 387.608539 0.064851 0.000000 0.064851
657.927898 260.181666 0.096245 0.000000 0.096245
118.990060 277.632402 0.159919 0.000000 0.159919
659.722064 184.905580 0.172145 0.000000 0.172145
553.893548 159.886161 0.111243 0.000000 0.111243
708.412234 361.171568 0.138355 0.000000 0.138355
42.252788 190.520950 0.062593 0.000000 0.062593
392.953775 214.674529 0.130919 0.000000 0.130919
64.464546 253.258128 0.039519 0.000000 0.039519
557.630666 383.719137 0.132982 0.000000 0.132982
326.748014 275.211882 0.009622 0.000000 0.009622
144.595707 133.080639 0.099242 0.000000 0.099242
444.161337 391.732285 0.109717 0.000000 0.109717
351.407755 209.337689 0.173647 0.000000 0.173647
576.101762 181.286651 0.028125 0.000000 0.028125
66.089854 268.598028 0.102386 0.000000 0.102386
36.396331 420.051959 0.078219 0.000000 0.078219
75.893478 468.517803 0.096261 0.000000 0.096261
682.052573 398.168821 0.148690 0.000000 0.148690
298.161204 369.553665 0.108508 0.000000 0.108508
632.121590 405.352310 0.050642 0.000000 0.050642
95.341097 379.556383 0.118752 0.000000 0.118752
569.086668 247.881041 0.093915 0.000000 0.093915
190.198790 448.503095 0.091312 0.000000 0.091312
66.289726 164.815285 0.118466 0.000000 0.118466
54.619149 407.246796 0.033882 0.000000 0.033882
95.431364 372.213422 0.081478 0.000000 0.081478
688.469943 432.556880 0.131930 0.000000 0.131930
36.097467 447.517750 0.067116 0.000000 0.067116
634.085756 400.279223 0.010530 0.000000 0.010530
718.491399 169.465804 0.029275 0.000000 0.029275
388.210642 467.125384 0.031772 0.000000 0.031772
367.692798 300.654528 0.046108 0.000000 0.046108
255.557030 49.385214 0.140850 0.000000 0.140850
734.762479 224.991920 0.097167 0.000000 0.097167
159.953849 67.126590 0.013915 0.000000 0.013915
522.819641 149.360893 0.022334 0.000000 0.022334
177.426483 273.380517 0.058348 0.000000 0.058348
34.809751 292.991613 0.082817 0.000000 0.082817
743.863807 72.857844 0.161117 0.000000 0.161117
336.691063 413.967810 0.065600 0.000000 0.065600
680.435853 412.570530 0.124919 0.000000 0.124919
170.825535 230.821303 0.092284 0.000000 0.092284
742.982171 425.328061 0.061578 0.000000 0.061578
333.469294 327.358771 0.114261 0.000000 0.114261
735.374078 406.171075 0.172571 0.000000 0.172571
241.004100 422.670403 0.041267 0.000000 0.041267
257.151006 305.828591 0.078953 0.000000 0.078953
334.290154 277.199705 0.098442 0.000000 0.098442
117.951287 379.119453 0.059739 0.000000 0.059739
138.136313 33.005197 0.174588 0.000000 0.174588
496.303104 205.217785 0.073837 0.000000 0.073837
681.253707 101.017693 0.118724 0.000000 0.118724
553.361391 28.765419 0.158863 0.000000 0.158863
524.423798 97.420619 0.024383 0.000000 0.024383
318.264068 272.125372 0.064459 0.000000 0.064459
212.224765 198.620762 0.008716 0.000000 0.008716
663.968250 77.646575 0.041650 0.000000 0.041650
115.695381 147.380714 0.090851 0.000000 0.090851
649.652714 268.440832 0.026545 0.000000 0.026545
164.653589 484.609818 0.039508 0.000000 0.039508
46.090540 246.175476 0.022879 0.000000 0.022879
54.337082 115.668936 0.123998 0.000000 0.123998
171.619737 279.747311 0.012577 0.000000 0.012577
151.389344 292.696347 0.135605 0.000000 0.135605
230.153572 502.264244 0.081799 0.000000 0.081799
67.037697 122.067235 0.065115 0.000000 0.065115
324.956625 486.312462 0.098309 0.000000 0.098309
354.003706 247.805381 0.109773 0.000000 0.109773
427.012451 461.409358 0.153708 0.000000 0.153708
79.961842 167.796293 0.053258 0.000000 0.053258
539.681306 259.948936 0.144483 0.000000 0.144483
417.421273 336.399922 0.137400 0.000000 0.137400
667.862162 145.766340 0.132672 0.000000 0.132672
267.477130 219.051122 0.015390 0.000000 0.015390
362.574803 98.531974 0.051437 0.000000 0.051437
498.776811 311.527231 0.145965 0.000000 0.145965
341.936417 185.967459 0.054106 0.000000 0.054106
330.544877 126.768851 0.137198 0.000000 0.137198
301.880084 145.744239 0.130702 0.000000 0.130702
81.520658 251.074899 0.054433 0.000000 0.054433
523.332510 414.589717 0.062734 0.000000 0.062734
224.089399 27.512176 0.129736 0.000000 0.129736
137.460819 17.656032 0.163011 0.000000 0.163011
105.486204 176.983826 0.121747 0.000000 0.121747
232.956822 61.525370 0.108707 0.000000 0.108707
563.486847 57.905557 0.119814 0.000000 0.119814
585.660643 378.574847 0.141199 0.000000 0.141199
136.477868 195.180797 0.047795 0.000000 0.047795
18.828806 177.421687 0.128216 0.000000 0.128216
6.894473 298.714539 0.166273 0.000000 0.166273
354.845394 215.791021 0.016305 0.000000 0.016305
666.700475 81.659986 0.171395 0.000000 0.171395
225.016865 446.501229 0.161964 0.000000 0.161964
302.277301 104.237391 0.061919 0.000000 0.061919
147.309379 409.143712 0.052749 0.000000 0.052749
533.252163 100.103807 0.146039 0.000000 0.146039
242.446255 303.131477 0.118014 0.000000 0.118014
730.087040 201.423898 0.048089 0.000000 0.048089
368.907161 211.036798 0.044872 0.000000 0.044872
289.724089 52.446327 0.137572 0.000000 0.137572
428.730781 462.828924 0.066865 0.000000 0.066865
657.289604 147.995284 0.068696 0.000000 0.068696
420.555923 52.494809 0.069076 0.000000 0.069076
89.918376 132.791077 0.011469 0.000000 0.011469
303.593119 20.598454 0.150132 0.000000 0.150132
684.354393 370.800951 0.092373 0.000000 0.092373
576.487171 208.336950 0.121009 0.000000 0.121009
110.239041 162.637131 0.162757 0.000000 0.162757
100.756122 358.658841 0.146508 0.000000 0.146508
312.725440 274.484320 0.049965 0.000000 0.049965
185.685011 211.218587 0.084772 0.000000 0.084772
373.209894 274.671538 0.141215 0.000000 0.141215
707.031783 56.267457 0.051979 0.000000 0.051979
205.645130 457.029669 0.041090 0.000000 0.041090
494.890640 301.174307 0.090759 0.000000 0.090759
611.238873 137.819403 0.027353 0.000000 0.027353
136.074910 127.307401 0.106087 0.000000 0.106087
300.725465 87.240563 0.019078 0.000000 0.019078
358.154242 194.785540 0.074707 0.000000 0.074707
359.692751 455.498577 0.094800 0.000000 0.094800
268.897336 154.969350 0.174100 0.000000 0.174100
631.836687 377.013699 0.134324 0.000000 0.134324
461.755327 138.509425 0.070666 0.000000 0.070666
417.237093 391.563143 0.058632 0.000000 0.058632
625.950176 146.150208 0.150773 0.000000 0.150773
50.758469 287.610815 0.084907 0.000000 0.084907
7.941593 440.192993 0.128219 0.000000 0.128219
260.508396 141.569075 0.122878 0.000000 0.122878
532.665364 94.966990 0.052169 0.000000 0.052169
142.982363 332.005906 0.075568 0.000000 0.075568
603.427516 326.994960 0.061293 0.000000 0.061293
334.146079 355.101498 0.106496 0.000000 0.106496
568.652391 291.573309 0.162674 0.000000 0.162674
292.425463 361.463501 0.015301 0.000000 0.015301
26.581913 170.165652 0.102995 0.000000 0.102995
607.415313 146.320954 0.145523 0.000000 0.145523
553.304973 169.574094 0.128449 0.000000 0.128449
164.914258 90.983024 0.020297 0.000000 0.020297
668.881901 461.946975 0.090385 0.000000 0.090385
604.993624 327.362144 0.122263 0.000000 0.122263
33.151973 321.126398 0.052265 0.000000 0.052265
206.997060 428.260556 0.106480 0.000000 0.106480
280.995761 126.041922 0.132564 0.000000 0.132564
63.024232 264.963138 0.118022 0.000000 0.118022
374.831368 265.617350 0.016562 0.000000 0.016562
544.539801 172.962572 0.156167 0.000000 0.156167
247.071204 180.040262 0.052372 0.000000 0.052372
431.127094 216.777694 0.108196 0.000000 0.108196
138.349110 254.588566 0.151500 0.000000 0.151500
687.955862 129.470223 0.024484 0.000000 0.024484
368.501434 333.055703 0.139081 0.000000 0.139081
298.190937 294.045112 0.029255 0.000000 0.029255
287.909277 216.556140 0.091281 0.000000 0.091281
255.940970 302.135836 0.123933 0.000000 0.123933
430.751144 94.737067 0.075788 0.000000 0.075788
275.067038 80.796082 0.057857 0.000000 0.057857
111.286125 22.536011 0.146136 0.000000 0.146136
167.894363 46.771122 0.141238 0.000000 0.141238
378.679637 127.786462 0.159465 0.000000 0.159465
113.289478 171.149948 0.135688 0.000000 0.135688
167.567877 33.093190 0.134052 0.000000 0.134052
639.150344 391.715635 0.040074 0.000000 0.040074
308.282214 223.111844 0.140871 0.000000 0.140871
522.061151 224.147648 0.019167 0.000000 0.019167
673.902258 208.598072 0.060128 0.000000 0.060128
691.615841 449.993779 0.164520 0.000000 0.164520
740.933944 478.831203 0.044945 0.000000 0.044945
173.491724 409.935802 0.094425 0.000000 0.094425
323.036585 254.217638 0.069370 0.000000 0.069370
745.831516 60.435945 0.161806 0.000000 0.161806
235.566137 313.179850 0.083261 0.000000 0.083261
128.966091 97.315250 0.151864 0.000000 0.151864
302.870274 245.714497 0.171654 0.000000 0.171654
383.213064 43.027853 0.046441 0.000000 0.046441
250.621204 149.339613 0.153230 0.000000 0.153230
203.371850 273.219392 0.114683 0.000000 0.114683
15.821540 289.950216 0.142255 0.000000 0.142255
502.662393 167.518958 0.054128 0.000000 0.054128
69.983153 187.849059 0.060333 0.000000 0.060333
223.888571 132.576261 0.041719 0.000000 0.041719
507.293754 363.690190 0.133190 0.000000 0.133190
443.688357 199.490678 0.108957 0.000000 0.108957
290.101545 140.100449 0.034159 0.000000 0.034159
460.892520 109.321985 0.097392 0.000000 0.097392
235.619749 333.541715 0.033216 0.000000 0.033216
40.887943 239.785647 0.075728 0.000000 0.075728
506.470034 383.747488 0.134433 0.000000 0.134433
166.182686 478.306656 0.078722 0.000000 0.078722
255.492478 430.003625 0.119419 0.000000 0.119419
729.025929 127.067131 0.083416 0.000000 0.083416
389.185857 226.622405 0.073550 0.000000 0.073550
313.823646 384.076462 0.047240 0.000000 0.047240
442.501500 227.148184 0.041737 0.000000 0.041737
664.977114 184.188232 0.020992 0.000000 0.020992
444.329260 225.698342 0.110069 0.000000 0.110069
335.033830 128.958504 0.169115 0.000000 0.169115
85.824823 150.416117 0.041536 0.000000 0.041536
726.353996 46.856975 0.009907 0.000000 0.009907
129.765915 82.130677 0.152175 0.000000 0.152175
474.824919 297.680805 0.053026 0.000000 0.053026
647.068128 342.700117 0.123234 0.000000 0.123234
633.564906 156.342894 0.091957 0.000000 0.091957
454.615446 187.326525 0.154083 0.000000 0.154083
307.421209 139.954058 0.071884 0.000000 0.071884
649.639804 133.531013 0.075149 0.000000 0.075149
211.881610 324.053849 0.011274 0.000000 0.011274
348.436744 50.493752 0.028378 0.000000 0.028378
391.993437 227.569018 0.036710 0.000000 0.036710
353.718260 17.014910 0.061393 0.000000 0.061393
604.131337 144.409679 0.030772 0.000000 0.030772
436.623182 297.306507 0.121202 0.000000 0.121202
73.515566 445.003888 0.156293 0.000000 0.156293
159.424864 224.163119 0.087438 0.000000 0.087438
685.054655 389.302278 0.118973 0.000000 0.118973
720.345587 98.821721 0.137214 0.000000 0.137214
325.711140 200.516319 0.098378 0.000000 0.098378
338.943198 187.604097 0.028305 0.000000 0.028305
727.519928 154.037782 0.064681 0.000000 0.064681
262.481726 121.999764 0.083566 0.000000 0.083566
363.054394 109.183163 0.107012 0.000000 0.107012
691.387182 299.444447 0.082039 0.000000 0.082039
80.373835 434.012359 0.095200 0.000000 0.095200
202.324886 441.660511 0.004060 0.000000 0.004060
689.511967 215.255782 0.065063 0.000000 0.065063
31.600601 438.338418 0.017450 0.000000 0.017450
341.196404 32.496188 0.133093 0.000000 0.133093
441.403095 267.967486 0.166202 0.000000 0.166202
702.200584 342.227418 0.034328 0.000000 0.034328
272.309682 275.870367 0.110981 0.000000 0.110981
24.728854 230.621447 0.056635 0.000000 0.056635
594.663456 348.013178 0.051336 0.000000 0.051336
148.558826 448.074189 0.104570 0.000000 0.104570
435.336800 220.392644 0.109507 0.000000 0.109507
574.761016 265.175824 0.012896 0.000000 0.012896
542.279960 247.624081 0.052617 0.000000 0.052617
411.537227 124.298475 0.085320 0.000000 0.085320
119.786376 457.826706 0.031711 0.000000 0.031711
696.218007 56.881550 0.077652 0.000000 0.077652
141.321384 249.873698 0.100889 0.000000 0.100889
739.894424 46.798930 0.066663 0.000000 0.066663
144.865120 387.739973 0.091270 0.000000 0.091270
135.345139 395.541633 0.043269 0.000000 0.043269
744.748695 354.143361 0.049909 0.000000 0.049909
396.306493 278.686101 0.084254 0.000000 0.084254
232.735702 193.661314 0.013338 0.000000 0.013338
724.010346 429.920447 0.140332 0.000000 0.140332
432.910110 356.115000 0.152994 0.000000 0.152994
489.971114 27.908516 0.059418 0.000000 0.059418
574.326817 458.973985 0.097419 0.000000 0.097419
628.923621 317.769214 0.059111 0.000000 0.059111
607.905099 204.500875 0.134998 0.000000 0.134998
745.599631 164.683189 0.026038 0.000000 0.026038
323.021732 394.530799 0.133702 0.000000 0.133702
244.975311 88.180199 0.086684 0.000000 0.086684
464.577281 190.482117 0.048829 0.000000 0.048829
454.121019 296.027200 0.024719 0.000000 0.024719
345.621840 294.452263 0.041614 0.000000 0.041614
350.096543 355.080897 0.123977 0.000000 0.123977
576.553603 203.788929 0.056869 0.000000 0.056869
634.115753 449.676828 0.070287 0.000000 0.070287
9.717775 390.773759 0.164794 0.000000 0.164794
479.274512 136.500613 0.048257 0.000000 0.048257
603.958675 263.900203 0.129512 0.000000 0.129512
695.388510 235.268082 0.024225 0.000000 0.024225
677.468886 299.843293 0.134810 0.000000 0.134810
215.745378 217.368759 0.006924 0.000000 0.006924
747.155595 458.369200 0.089585 0.000000 0.089585
316.288780 116.544155 0.020573 0.000000 0.020573
593.657532 294.711444 0.103696 0.000000 0.103696
388.305087 302.472970 0.097222 0.000000 0.097222
186.816820 293.566623 0.134848 0.000000 0.134848
754.373376 30.601399 0.068722 0.000000 0.068722
653.893001 174.292984 0.066110 0.000000 0.066110
659.084935 156.127803 0.016988 0.000000 0.016988
18.612752 182.008919 0.071286 0.000000 0.071286
233.379074 117.115897 0.118263 0.000000 0.118263
407.215729 160.114706 0.131631 0.000000 0.131631
533.175747 360.295767 0.096746 0.000000 0.096746
255.924130 136.387016 0.048535 0.000000 0.048535
709.964100 22.214223 0.078323 0.000000 0.078323
529.846695 41.155364 0.058903 0.000000 0.058903
742.260598 258.612521 0.127352 0.000000 0.127352
502.070652 326.447364 0.073378 0.000000 0.073378
57.593286 314.846820 0.047548 0.000000 0.047548
750.903087 168.789760 0.067705 0.000000 0.067705
723.630114 200.899490 0.070103 0.000000 0.070103
504.380341 321.655624 0.084315 0.000000 0.084315
257.955250 22.559248 0.063675 0.000000 0.063675
175.091724 226.343687 0.064530 0.000000 0.064530
139.246746 257.401596 0.022092 0.000000 0.022092
754.556770 74.871819 0.107843 0.000000 0.107843
131.282302 128.982892 0.082580 0.000000 0.082580
356.872957 210.155442 0.119740 0.000000 0.119740
260.381982 216.811567 0.004468 0.000000 0.004468
606.509929 361.783056 0.123564 0.000000 0.123564
383.217524 124.236029 0.160481 0.000000 0.160481
555.580478 59.620204 0.017228 0.000000 0.017228
242.939461 163.296716 0.143429 0.000000 0.143429
166.013084 295.688869 0.108415 0.000000 0.108415
510.626708 185.267512 0.059899 0.000000 0.059899
159.667169 67.294987 0.125124 0.000000 0.125124
161.442205 221.933769 0.022734 0.000000 0.022734
544.266264 243.439636 0.143351 0.000000 0.143351
174.917288 193.220816 0.032998 0.000000 0.032998
202.084440 169.739469 0.130488 0.000000 0.130488
708.095111 61.804866 0.134533 0.000000 0.134533
155.748695 226.813563 0.123801 0.000000 0.123801
480.378247 49.977614 0.031652 0.000000 0.031652
9.502338 388.572448 0.057486 0.000000 0.057486
732.305811 418.416276 0.067411 0.000000 0.067411
551.355105 139.091825 0.059133 0.000000 0.059133
278.670302 477.016569 0.131766 0.000000 0.131766
585.890909 463.866402 0.086698 0.000000 0.086698
81.982439 9.322187 0.102384 0.000000 0.102384
211.240171 441.390737 0.162142 0.000000 0.162142
298.810105 327.390666 0.037683 0.000000 0.037683
309.422149 158.347922 0.056648 0.000000 0.056648
19.341592 309.663833 0.050895 0.000000 0.050895
640.528985 410.084010 0.148594 0.000000 0.148594
571.268358 43.562247 0.119355 0.000000 0.119355
558.034774 17.073064 0.114324 0.000000 0.114324
550.779554 56.150972 0.076765 0.000000 0.076765
183.093371 50.214511 0.009547 0.000000 0.009547
677.783887 415.472708 0.084784 0.000000 0.084784
397.000578 181.540310 0.044712 0.000000 0.044712
315.582779 80.446069 0.059718 0.000000 0.059718
205.751743 226.017934 0.053028 0.000000 0.053028
148.374126 177.022758 0.011161 0.000000 0.011161
362.209122 167.659602 0.063178 0.000000 0.063178
152.920051 377.711593 0.115182 0.000000 0.115182
480.624135 391.754402 0.063202 0.000000 0.063202
678.803551 203.672697 0.057387 0.000000 0.057387
63.777208 440.925799 0.100385 0.000000 0.100385
28.833755 398.384220 0.062629 0.000000 0.062629
259.645481 90.870122 0.006505 0.000000 0.006505
150.221602 478.624974 0.169024 0.000000 0.169024
248.833075 436.957609 0.015447 0.000000 0.015447
415.494710 290.844060 0.132709 0.000000 0.132709
654.240199 441.589546 0.172071 0.000000 0.172071
89.769299 270.941617 0.097865 0.000000 0.097865
576.563639 435.412573 0.046231 0.000000 0.046231
74.029598 295.004652 0.116981 0.000000 0.116981
525.412524 301.294816 0.058430 0.000000 0.058430
109.266517 351.023024 0.132868 0.000000 0.132868
729.810857 392.843932 0.034849 0.000000 0.034849
101.439659 367.606085 0.057325 0.000000 0.057325
659.625391 396.681087 0.159294 0.000000 0.159294
356.282946 276.037500 0.123124 0.000000 0.123124
180.200079 279.422410 0.076139 0.000000 0.076139
498.418965 495.964281 0.141012 0.000000 0.141012
109.079737 276.489756 0.120470 0.000000 0.120470
633.927257 314.612545 0.017637 0.000000 0.017637
169.371662 114.723992 0.069001 0.000000 0.069001
645.622572 241.595818 0.097155 0.000000 0.097155
433.777140 411.209743 0.159388 0.000000 0.159388
447.072843 84.785894 0.028307 0.000000 0.028307
728.143631 293.653087 0.174273 0.000000 0.174273
732.267727 396.616869 0.103715 0.000000 0.103715
101.097035 263.820469 0.041387 0.000000 0.041387
550.684438 115.991404 0.124444 0.000000 0.124444
731.666017 246.885599 0.119915 0.000000 0.119915
406.860396 404.972433 0.075239 0.000000 0.075239
374.930414 194.612689 0.082853 0.000000 0.082853
194.444370 433.280897 0.098673 0.000000 0.098673
30.937481 228.222390 0.028912 0.000000 0.028912
703.899869 421.012625 0.045050 0.000000 0.045050
632.524911 184.737986 0.136859 0.000000 0.136859
26.068706 105.899461 0.033602 0.000000 0.033602
52.275412 325.716223 0.031633 0.000000 0.031633
26.317628 119.333380 0.088235 0.000000 0.088235
172.541182 240.360573 0.012939 0.000000 0.012939
721.225967 39.946616 0.030685 0.000000 0.030685
214.354045 127.177202 0.143560 0.000000 0.143560
361.632128 272.866127 0.047113 0.000000 0.047113
177.160290 241.158605 0.070704 0.000000 0.070704
707.560826 91.969669 0.121898 0.000000 0.121898
197.665475 116.970444 0.155168 0.000000 0.155168
253.367053 25.942149 0.042589 0.000000 0.042589
145.971403 351.450538 0.025904 0.000000 0.025904
101.815311 462.525444 0.036810 0.000000 0.036810
262.801443 161.323503 0.172843 0.000000 0.172843
614.508970 26.391763 0.124537 0.000000 0.124537
467.641526 185.138125 0.078794 0.000000 0.078794
45.531633 152.790575 0.014080 0.000000 0.014080
206.130416 80.956497 0.023284 0.000000 0.023284
349.264166 159.691287 0.106391 0.000000 0.106391
476.078183 9.089689 0.118807 0.000000 0.118807
120.371708 291.028869 0.143268 0.000000 0.143268
63.945165 36.058430 0.022987 0.000000 0.022987
625.323540 111.466110 0.165710 0.000000 0.165710
483.984730 43.786520 0.110254 0.000000 0.110254
236.560625 341.022503 0.058764 0.000000 0.058764
617.755785 82.327192 0.052501 0.000000 0.052501
340.785119 321.975264 0.047585 0.000000 0.047585
502.396861 317.335535 0.033696 0.000000 0.033696
241.132134 311.621834 0.109903 0.000000 0.109903
727.182811 137.064263 0.148941 0.000000 0.148941
641.607234 453.061368 0.161994 0.000000 0.161994
611.253007 364.696686 0.152033 0.000000 0.152033
656.933460 138.891596 0.031663 0.000000 0.031663
426.684676 98.382119 0.113197 0.000000 0.113197
554.031932 332.245031 0.144703 0.000000 0.144703
150.169191 40.019610 0.174431 0.000000 0.174431
732.650424 140.466032 0.065974 0.000000 0.065974
492.260846 36.500566 0.151837 0.000000 0.151837
112.087047 365.650662 0.077483 0.000000 0.077483
287.525931 145.548262 0.097576 0.000000 0.097576
173.869596 458.725263 0.075789 0.000000 0.075789
230.637212 266.283315 0.170588 0.000000 0.170588
198.942603 209.766703 0.048272 0.000000 0.048272
462.920317 293.912249 0.014353 0.000000 0.014353
167.887572 432.156076 0.034400 0.000000 0.034400
597.521894 328.222135 0.045607 0.000000 0.045607
231.204639 126.301677 0.092196 0.000000 0.092196
108.729881 470.118865 0.068885 0.000000 0.068885
641.576468 264.510324 0.011662 0.000000 0.011662
104.761479 406.035823 0.025007 0.000000 0.025007
748.480921 72.858599 0.057024 0.000000 0.057024
260.710868 57.178913 0.071808 0.000000 0.071808
625.578823 296.354805 0.094627 0.000000 0.094627
401.545379 403.313053 0.108978 0.000000 0.108978
547.272369 333.142979 0.018303 0.000000 0.018303
223.163442 218.023520 0.060553 0.000000 0.060553
217.193726 256.035024 0.096510 0.000000 0.096510
740.046729 487.743782 0.117032 0.000000 0.117032
624.967294 30.097796 0.080825 0.000000 0.080825
497.374393 127.328101 0.112469 0.000000 0.112469
389.144860 339.147524 0.076931 0.000000 0.076931
273.599260 212.489858 0.055498 0.000000 0.055498
311.378945 144.110878 0.130911 0.000000 0.130911
636.707102 256.681103 0.153008 0.000000 0.153008
53.982774 393.875737 0.175481 0.000000 0.175481
714.970960 404.370919 0.040575 0.000000 0.040575
267.497427 77.458716 0.082649 0.000000 0.082649
354.093615 200.324879 0.004459 0.000000 0.004459
49.871539 436.760358 0.175182 0.000000 0.175182
718.957695 371.588002 0.043929 0.000000 0.043929
353.308669 487.766949 0.027349 0.000000 0.027349
318.742524 312.973216 0.173486 0.000000 0.173486
243.362569 347.678543 0.165153 0.000000 0.165153
390.356761 464.793704 0.086257 0.000000 0.086257
442.289407 81.824810 0.051404 0.000000 0.051404
374.538063 292.398670 0.058475 0.000000 0.058475
26.214928 49.850847 0.096848 0.000000 0.096848
344.147873 253.096116 0.070786 0.000000 0.070786
644.805360 367.152865 0.107024 0.000000 0.107024
501.240855 55.387383 0.094949 0.000000 0.094949
350.503523 496.315939 0.064172 0.000000 0.064172
238.765615 296.126529 0.116198 0.000000 0.116198
181.599501 160.211382 0.020839 0.000000 0.020839
466.742999 66.935179 0.107683 0.000000 0.107683
185.996188 226.156984 0.093913 0.000000 0.093913
628.151007 283.155779 0.057756 0.000000 0.057756
755.825932 332.305399 0.165389 0.000000 0.165389
318.057254 176.910711 0.029935 0.000000 0.029935
178.238601 137.272747 0.045980 0.000000 0.045980
468.627481 57.961362 0.069513 0.000000 0.069513
392.447308 307.303067 0.071216 0.000000 0.071216
727.414282 131.229564 0.045001 0.000000 0.045001
86.441955 216.153597 0.077362 0.000000 0.077362
15.910442 390.665373 0.027034 0.000000 0.027034
157.517144 239.435835 0.166610 0.000000 0.166610
85.166457 239.549141 0.017150 0.000000 0.017150
231.807566 359.113326 0.114526 0.000000 0.114526
319.490214 265.925184 0.158349 0.000000 0.158349
494.737453 161.378388 0.175631 0.000000 0.175631
603.802949 188.933545 0.083411 0.000000 0.083411
383.350423 293.028273 0.123706 0.000000 0.123706
37.387675 64.484245 0.145651 0.000000 0.145651
186.642573 407.055079 0.170523 0.000000 0.170523
306.020758 226.363089 0.132765 0.000000 0.132765
42.952019 176.426828 0.068216 0.000000 0.068216
476.232197 473.719990 0.095741 0.000000 0.095741
131.308792 343.248704 0.005856 0.000000 0.005856
630.046281 28.868644 0.090893 0.000000 0.090893
751.079328 96.992431 0.125995 0.000000 0.125995
136.035582 73.098334 0.015262 0.000000 0.015262
547.453417 330.765600 0.059728 0.000000 0.059728
235.650867 327.080225 0.052381 0.000000 0.052381
246.508649 196.095419 0.107683 0.000000 0.107683
194.499799 293.439626 0.061929 0.000000 0.061929
311.407003 231.471534 0.134500 0.000000 0.134500
744.088877 64.294097 0.030195 0.000000 0.030195
265.186945 325.329111 0.101944 0.000000 0.101944
577.227603 57.738906 0.131488 0.000000 0.131488
135.150232 359.322430 0.128631 0.000000 0.128631
593.209393 211.152222 0.021954 0.000000 0.021954
61.384282 393.912618 0.057924 0.000000 0.057924
77.944639 341.000587 0.141201 0.000000 0.141201
474.864579 53.952394 0.052566 0.000000 0.052566
393.901036 300.819541 0.045066 0.000000 0.045066
551.877150 300.969690 0.106329 0.000000 0.106329
198.052197 96.826319 0.045325 0.000000 0.045325
603.313405 386.764501 0.016372 0.000000 0.016372
216.568837 216.492446 0.151959 0.000000 0.151959
210.853815 88.755434 0.007346 0.000000 0.007346
25.696052 395.129631 0.019765 0.000000 0.019765
740.363657 341.665315 0.127518 0.000000 0.127518
706.244246 491.848693 0.090985 0.000000 0.090985
502.972471 33.342554 0.020695 0.000000 0.020695
414.678406 478.849345 0.081122 0.000000 0.081122
551.791957 419.802515 0.142453 0.000000 0.142453
710.397785 95.053202 0.078900 0.000000 0.078900
233.558117 351.361797 0.134462 0.000000 0.134462
408.315633 285.502402 0.082249 0.000000 0.082249
677.868474 166.633521 0.135565 0.000000 0.135565
183.910042 111.209381 0.099107 0.000000 0.099107
87.819205 265.849189 0.138061 0.000000 0.138061
174.337998 155.673073 0.078079 0.000000 0.078079
148.750566 46.036365 0.088438 0.000000 0.088438
341.207935 314.853798 0.063494 0.000000 0.063494
704.547772 300.805615 0.008995 0.000000 0.008995
716.034437 423.673526 0.150849 0.000000 0.150849
555.812659 136.421243 0.128369 0.000000 0.128369
82.720367 364.818255 0.112643 0.000000 0.112643
194.693239 258.407910 0.152359 0.000000 0.152359
18.689584 96.404242 0.140939 0.000000 0.140939
597.425973 235.143096 0.019230 0.000000 0.019230
550.863220 299.106496 0.037124 0.000000 0.037124
357.835144 217.187189 0.143027 0.000000 0.143027
183.640273 6.282656 0.117272 0.000000 0.117272
512.706566 160.663046 0.140063 0.000000 0.140063
88.972991 249.113157 0.055126 0.000000 0.055126
86.778567 361.211444 0.174028 0.000000 0.174028
57.305019 487.173176 0.016218 0.000000 0.016218
81.065314 293.539210 0.143876 0.000000 0.143876
277.220969 107.398814 0.109569 0.000000 0.109569
203.096368 102.087783 0.009628 0.000000 0.009628
661.689365 423.773329 0.146419 0.000000 0.146419
174.798731 375.417781 0.010337 0.000000 0.010337
31.207945 281.918535 0.016368 0.000000 0.016368
607.895743 288.633326 0.037870 0.000000 0.037870
260.593704 162.808145 0.085504 0.000000 0.085504
379.625260 126.984408 0.043941 0.000000 0.043941
189.341041 94.959269 0.142216 0.000000 0.142216
46.065512 268.513274 0.055763 0.000000 0.055763
110.085637 36.323733 0.086995 0.000000 0.086995
534.557287 110.608391 0.023257 0.000000 0.023257
336.537867 92.945948 0.087064 0.000000 0.087064
575.848858 190.253208 0.094988 0.000000 0.094988
22.561759 398.329361 0.051242 0.000000 0.051242
624.162845 383.782673 0.113251 0.000000 0.113251
628.625876 293.512842 0.170002 0.000000 0.170002
410.190561 452.517609 0.147038 0.000000 0.147038
421.006393 345.987211 0.168732 0.000000 0.168732
658.071643 287.055431 0.076886 0.000000 0.076886
43.767702 301.941623 0.165832 0.000000 0.165832
448.861048 170.690997 0.044323 0.000000 0.044323
92.503871 370.403291 0.020654 0.000000 0.020654
179.627203 244.737960 0.043233 0.000000 0.043233
368.169188 152.975759 0.119113 0.000000 0.119113
79.758043 428.854439 0.037213 0.000000 0.037213
54.528799 146.517674 0.025469 0.000000 0.025469
193.312620 400.243793 0.046483 0.000000 0.046483
719.062862 381.517555 0.099344 0.000000 0.099344
463.878757 177.160014 0.006805 0.000000 0.006805
216.534179 144.482762 0.052591 0.000000 0.052591
137.036339 223.675606 0.104018 0.000000 0.104018
482.760085 250.372059 0.067161 0.000000 0.067161
743.429956 243.714484 0.035522 0.000000 0.035522
243.984007 430.611891 0.066995 0.000000 0.066995
49.539069 173.389675 0.053232 0.000000 0.053232
731.174382 26.416340 0.142664 0.000000 0.142664
267.652332 121.459053 0.165199 0.000000 0.165199
744.720359 86.854825 0.054675 0.000000 0.054675
42.217545 124.117729 0.008480 0.000000 0.008480
154.479692 242.099309 0.035947 0.000000 0.035947
63.284115 450.378061 0.031252 0.000000 0.031252
248.717779 154.809707 0.048339 0.000000 0.048339
501.983339 201.246285 0.117393 0.000000 0.117393
487.349775 182.110343 0.025559 0.000000 0.025559
294.769618 171.289078 0.132855 0.000000 0.132855
369.432371 88.724096 0.009390 0.000000 0.009390
132.844399 188.820381 0.049468 0.000000 0.049468
291.721770 276.787506 0.134215 0.000000 0.134215
686.776188 32.641882 0.123399 0.000000 0.123399
70.065784 125.237283 0.102586 0.000000 0.102586
639.483077 451.451622 0.014017 0.000000 0.014017
585.112518 255.074277 0.129179 0.000000 0.129179
271.337796 267.377688 0.082125 0.000000 0.082125
511.227423 154.474323 0.161588 0.000000 0.161588
639.043203 82.069258 0.124297 0.000000 0.124297
650.029606 10.901206 0.149773 0.000000 0.149773
502.817862 136.270875 0.116276 0.000000 0.116276
582.062239 21.197726 0.081985 0.000000 0.081985
46.067496 327.383780 0.062571 0.000000 0.062571
261.774969 211.632489 0.064017 0.000000 0.064017
190.350611 41.338851 0.048921 0.000000 0.048921
218.650529 239.428765 0.076295 0.000000 0.076295
619.097222 118.560054 0.023856 0.000000 0.023856
525.715158 339.604713 0.017931 0.000000 0.017931
137.874514 241.851684 0.138949 0.000000 0.138949
552.685674 307.321031 0.049979 0.000000 0.049979
338.792200 232.724056 0.102598 0.000000 0.102598
108.610996 306.473164 0.095410 0.000000 0.095410
450.576755 368.534283 0.098780 0.000000 0.098780
291.180962 60.716675 0.049638 0.000000 0.049638
136.953095 372.522318 0.115784 0.000000 0.115784
626.260826 119.741631 0.129008 0.000000 0.129008
527.266586 178.207961 0.131533 0.000000 0.131533
535.146698 343.198393 0.005836 0.000000 0.005836
143.749064 376.120270 0.104208 0.000000 0.104208
390.587755 123.925680 0.045208 0.000000 0.045208
359.508249 465.337236 0.080118 0.000000 0.080118
74.275348 436.928718 0.036826 0.000000 0.036826
739.131665 60.910035 0.062526 0.000000 0.062526
46.295839 258.106284 0.145611 0.000000 0.145611
238.907226 75.088831 0.071207 0.000000 0.071207
161.969141 406.443610 0.051655 0.000000 0.051655
263.645456 316.335570 0.103074 0.000000 0.103074
568.078790 314.366289 0.094585 0.000000 0.094585
317.564441 167.198903 0.009190 0.000000 0.009190
540.214880 332.769924 0.073204 0.000000 0.073204
318.682983 457.299124 0.160996 0.000000 0.160996
478.311165 88.731227 0.155023 0.000000 0.155023
681.425322 211.510634 0.009413 0.000000 0.009413
333.096801 335.594365 0.130608 0.000000 0.130608
343.653537 103.313961 0.149344 0.000000 0.149344
27.738779 10.563497 0.092152 0.000000 0.092152
670.233951 272.075509 0.164728 0.000000 0.164728
379.435778 166.103444 0.155238 0.000000 0.155238
658.390417 416.132119 0.014859 0.000000 0.014859
627.819085 277.344392 0.060967 0.000000 0.060967
445.098728 109.039366 0.120730 0.000000 0.120730
108.502758 438.764603 0.077092 0.000000 0.077092
308.621665 223.354934 0.010268 0.000000 0.010268
502.888292 329.696205 0.168939 0.000000 0.168939
128.777371 266.865406 0.045158 0.000000 0.045158
742.828478 358.401914 0.176331 0.000000 0.176331
290.809052 288.720669 0.114722 0.000000 0.114722
557.490834 146.490564 0.016097 0.000000 0.016097
64.472030 143.335712 0.080926 0.000000 0.080926
73.778828 68.355736 0.103844 0.000000 0.103844
367.692140 145.929101 0.145515 0.000000 0.145515
425.818340 201.846878 0.065663 0.000000 0.065663
151.372870 451.655775 0.087648 0.000000 0.087648
612.394138 186.133013 0.054600 0.000000 0.054600
469.033099 260.193909 0.152961 0.000000 0.152961
473.315461 482.590042 0.051827 0.000000 0.051827
53.954213 48.463977 0.136903 0.000000 0.136903
431.178398 83.377435 0.132947 0.000000 0.132947
487.621943 249.688780 0.115367 0.000000 0.115367
586.973433 185.644315 0.097887 0.000000 0.097887
32.284706 132.465034 0.081182 0.000000 0.081182
623.304911 126.311436 0.032109 0.000000 0.032109
211.336962 300.376405 0.074266 0.000000 0.074266
416.529098 125.101675 0.126632 0.000000 0.126632
209.906712 41.443397 0.059886 0.000000 0.059886
521.043869 402.501787 0.006985 0.000000 0.006985
242.873402 210.450384 0.078914 0.000000 0.078914
269.181000 298.691499 0.112126 0.000000 0.112126
514.326774 350.292011 0.166269 0.000000 0.166269
521.463679 9.271725 0.137755 0.000000 0.137755
646.046052 412.400585 0.132249 0.000000 0.132249
693.118117 7.695859 0.146924 0.000000 0.146924
631.342536 118.318659 0.147670 0.000000 0.147670
360.662234 186.491374 0.026165 0.000000 0.026165
560.977903 130.027040 0.124908 0.000000 0.124908
738.086713 349.300231 0.029291 0.000000 0.029291
499.954683 306.620343 0.020283 0.000000 0.020283
532.923603 385.457327 0.040159 0.000000 0.040159
70.082643 347.341594 0.101662 0.000000 0.101662
74.074351 407.205782 0.095120 0.000000 0.095120
739.363485 371.944474 0.104845 0.000000 0.104845
650.788738 204.106889 0.148776 0.000000 0.148776
291.415069 145.327359 0.146016 0.000000 0.146016
654.034339 469.009156 0.067378 0.000000 0.067378
120.773610 223.246010 0.064525 0.000000 0.064525
155.883457 437.480497 0.031291 0.000000 0.031291
758.047021 285.374301 0.159462 0.000000 0.159462
492.252596 61.675482 0.158884 0.000000 0.158884
264.735961 203.573147 0.109776 0.000000 0.109776
644.757186 20.313668 0.108539 0.000000 0.108539
470.827839 370.687842 0.016630 0.000000 0.016630
480.442401 170.661651 0.021241 0.000000 0.021241
681.840379 446.729033 0.063500 0.000000 0.063500
125.338739 82.141090 0.040088 0.000000 0.040088
397.719609 178.114505 0.176043 0.000000 0.176043
314.172112 218.995125 0.024362 0.000000 0.024362
307.549641 210.753990 0.082036 0.000000 0.082036
211.754180 224.091743 0.147389 0.000000 0.147389
683.374641 467.682123 0.041075 0.000000 0.041075
270.254206 282.122408 0.030594 0.000000 0.030594
349.260992 367.983374 0.166919 0.000000 0.166919
536.577578 325.488703 0.107738 0.000000 0.107738
137.942672 228.286503 0.166480 0.000000 0.166480
648.715156 182.962038 0.084558 0.000000 0.084558
54.755368 501.212650 0.103559 0.000000 0.103559
58.208843 40.479883 0.120462 0.000000 0.120462
692.502103 241.659611 0.106083 0.000000 0.106083
82.467773 405.685118 0.060882 0.000000 0.060882
729.128381 428.994112 0.095504 0.000000 0.095504
304.595433 315.571809 0.017472 0.000000 0.017472
224.132993 106.838472 0.033452 0.000000 0.033452
456.762280 404.395420 0.094637 0.000000 0.094637
279.173545 263.525905 0.135361 0.000000 0.135361
358.377815 377.659305 0.026887 0.000000 0.026887
749.708300 207.273067 0.066423 0.000000 0.066423
85.829470 209.465437 0.037668 0.000000 0.037668
9.889397 67.906353 0.139304 0.000000 0.139304
133.331946 62.364955 0.169556 0.000000 0.169556
240.929610 282.978595 0.136312 0.000000 0.136312
749.151240 368.654056 0.153139 0.000000 0.153139
624.526728 191.761234 0.173265 0.000000 0.173265
211.926676 154.147836 0.042792 0.000000 0.042792
685.369105 455.223532 0.161077 0.000000 0.161077
158.014789 451.005832 0.014386 0.000000 0.014386
585.939875 118.944777 0.013788 0.000000 0.013788
348.663803 232.066106 0.010719 0.000000 0.010719
205.190474 104.136369 0.042505 0.000000 0.042505
616.323529 381.114175 0.035601 0.000000 0.035601
508.719975 270.832209 0.103197 0.000000 0.103197
99.611422 257.516974 0.122782 0.000000 0.122782
702.295610 424.343750 0.148471 0.000000 0.148471
277.260532 282.007102 0.093203 0.000000 0.093203
549.312925 148.348247 0.069828 0.000000 0.069828
481.371752 170.899720 0.149037 0.000000 0.149037
251.407002 240.362589 0.108618 0.000000 0.108618
119.537665 327.842208 0.066833 0.000000 0.066833
599.241254 291.690625 0.121514 0.000000 0.121514
483.324340 407.680287 0.021145 0.000000 0.021145
261.513492 291.068641 0.075570 0.000000 0.075570
124.791963 34.016108 0.026961 0.000000 0.026961
144.436511 459.921273 0.117921 0.000000 0.117921
648.812245 283.589260 0.120319 0.000000 0.120319
720.239401 150.456097 0.110551 0.000000 0.110551
110.155145 414.591188 0.074476 0.000000 0.074476
631.441984 99.793959 0.117885 0.000000 0.117885
64.278560 442.280458 0.021284 0.000000 0.021284
729.475208 15.461253 0.028174 0.000000 0.028174
127.638277 345.183133 0.126249 0.000000 0.126249
725.090445 478.444789 0.009958 0.000000 0.009958
144.863342 399.993314 0.147356 0.000000 0.147356
280.501299 231.900075 0.112910 0.000000 0.112910
491.079204 350.883362 0.096457 0.000000 0.096457
591.289891 359.254523 0.140141 0.000000 0.140141
739.082147 193.376976 0.108651 0.000000 0.108651
659.686910 410.687320 0.056171 0.000000 0.056171
431.445819 61.506406 0.151248 0.000000 0.151248
349.514550 332.431294 0.039965 0.000000 0.039965
320.647760 235.683192 0.035753 0.000000 0.035753
154.792303 447.822144 0.033597 0.000000 0.033597
336.415985 103.667302 0.027535 0.000000 0.027535
116.530798 178.172279 0.038663 0.000000 0.038663
238.435657 476.672566 0.146411 0.000000 0.146411
291.037037 263.152579 0.019796 0.000000 0.019796
275.712115 483.305764 0.124883 0.000000 0.124883
222.418433 376.223339 0.149178 0.000000 0.149178
348.379789 218.636964 0.152949 0.000000 0.152949
225.522110 71.707827 0.147300 0.000000 0.147300
545.423762 386.724975 0.091647 0.000000 0.091647
441.699276 358.251058 0.123867 0.000000 0.123867
144.618977 187.477328 0.047539 0.000000 0.047539
570.699448 175.220110 0.124793 0.000000 0.124793
57.417327 473.416577 0.054205 0.000000 0.054205
312.871911 125.447334 0.081604 0.000000 0.081604
638.765852 20.444462 0.069604 0.000000 0.069604
329.976329 252.519892 0.057254 0.000000 0.057254
137.731916 462.990981 0.043223 0.000000 0.043223
720.367867 92.683667 0.040269 0.000000 0.040269
338.981305 305.380618 0.009170 0.000000 0.009170
589.825272 380.394149 0.024753 0.000000 0.024753
423.933877 170.057552 0.085333 0.000000 0.085333
53.502948 429.732562 0.160731 0.000000 0.160731
167.055408 13.962472 0.131365 0.000000 0.131365
462.888172 440.108381 0.117179 0.000000 0.117179
621.623287 483.376305 0.103235 0.000000 0.103235
593.910490 439.061716 0.136528 0.000000 0.136528
200.862046 40.256314 0.161778 0.000000 0.161778
103.696976 146.600107 0.145975 0.000000 0.145975
720.173148 121.300599 0.020365 0.000000 0.020365
680.588082 402.865618 0.027048 0.000000 0.027048
325.631579 296.585842 0.105718 0.000000 0.105718
210.084503 146.072804 0.080623 0.000000 0.080623
376.337349 470.634219 0.013261 0.000000 0.013261
664.223410 398.034842 0.058581 0.000000 0.058581
734.750818 102.266437 0.087444 0.000000 0.087444
62.540867 365.056285 0.161731 0.000000 0.161731
187.132496 284.012904 0.012234 0.000000 0.012234
158.948447 244.116929 0.090093 0.000000 0.090093
19.662495 500.552277 0.106064 0.000000 0.106064
624.031468 261.669451 0.105300 0.000000 0.105300
332.509554 304.340193 0.158617 0.000000 0.158617
256.161328 248.558373 0.161051 0.000000 0.161051
271.571814 49.781844 0.142561 0.000000 0.142561
419.645431 302.398975 0.073188 0.000000 0.073188
99.623466 121.006267 0.045103 0.000000 0.045103
366.825360 201.580103 0.154097 0.000000 0.154097
717.202943 285.389330 0.128946 0.000000 0.128946
334.530262 361.338346 0.030575 0.000000 0.030575
712.782132 425.324298 0.045115 0.000000 0.045115
423.473561 128.334030 0.126874 0.000000 0.126874
578.876466 396.734220 0.165868 0.000000 0.165868
9.161963 208.185056 0.116285 0.000000 0.116285
747.374834 146.739439 0.151285 0.000000 0.151285
218.027001 249.763395 0.167223 0.000000 0.167223
564.958127 290.984336 0.131726 0.000000 0.131726
566.403903 128.521399 0.077913 0.000000 0.077913
682.375882 307.296603 0.059808 0.000000 0.059808
187.762107 127.173839 0.147074 0.000000 0.147074
340.911601 333.691104 0.171304 0.000000 0.171304
303.143639 309.728820 0.118158 0.000000 0.118158
524.890304 348.214395 0.030228 0.000000 0.030228
614.541898 157.105898 0.147282 0.000000 0.147282
157.377828 235.683417 0.169064 0.000000 0.169064
569.406539 430.322547 0.020025 0.000000 0.020025
667.604401 262.344529 0.018500 0.000000 0.018500
532.944109 185.633202 0.018028 0.000000 0.018028
589.882722 21.624491 0.162501 0.000000 0.162501
740.773424 386.586408 0.121380 0.000000 0.121380
116.170588 90.603097 0.053365 0.000000 0.053365
732.597072 279.385553 0.106261 0.000000 0.106261
701.034225 41.453158 0.049922 0.000000 0.049922
577.452934 280.406983 0.112366 0.000000 0.112366
159.889141 359.873213 0.089157 0.000000 0.089157
119.941660 407.167556 0.126240 0.000000 0.126240
218.470417 359.469478 0.139701 0.000000 0.139701
576.910185 105.735418 0.166871 0.000000 0.166871
523.230373 311.467173 0.115381 0.000000 0.115381
468.464981 384.096572 0.062881 0.000000 0.062881
695.961815 498.455950 0.050395 0.000000 0.050395
300.927011 254.701478 0.076723 0.000000 0.076723
609.147297 325.463924 0.018172 0.000000 0.018172
746.685699 318.126560 0.156468 0.000000 0.156468
633.652987 202.449625 0.069749 0.000000 0.069749
378.805476 54.372785 0.029637 0.000000 0.029637
734.793567 207.554572 0.077596 0.000000 0.077596
66.894798 406.123608 0.010819 0.000000 0.010819
628.273254 252.545558 0.139827 0.000000 0.139827
591.663166 367.786061 0.131599 0.000000 0.131599
401.213193 119.297568 0.127110 0.000000 0.127110
250.271736 28.933877 0.142684 0.000000 0.142684
645.210614 401.650606 0.170250 0.000000 0.170250
319.504186 239.742948 0.127263 0.000000 0.127263
463.757805 357.336080 0.175533 0.000000 0.175533
688.293618 446.806637 0.040289 0.000000 0.040289
388.832466 184.875959 0.013650 0.000000 0.013650
469.462027 488.718347 0.045628 0.000000 0.045628
187.362960 188.637344 0.009376 0.000000 0.009376
672.556078 367.107528 0.038402 0.000000 0.038402
620.223627 221.847414 0.056765 0.000000 0.056765
571.019004 286.867121 0.017220 0.000000 0.017220
293.153967 149.299727 0.033710 0.000000 0.033710
719.166078 337.838055 0.022570 0.000000 0.022570
345.299379 116.206041 0.064228 0.000000 0.064228
629.678560 296.918623 0.045218 0.000000 0.045218
141.560753 462.660824 0.004483 0.000000 0.004483
28.243762 325.910814 0.094295 0.000000 0.094295
494.444496 101.895102 0.147816 0.000000 0.147816
192.233745 253.902349 0.037544 0.000000 0.037544
250.344846 334.735656 0.129337 0.000000 0.129337
542.092780 255.758453 0.096656 0.000000 0.096656
261.550416 245.547200 0.022215 0.000000 0.022215
589.804108 278.157054 0.068147 0.000000 0.068147
748.136798 364.200406 0.025601 0.000000 0.025601
226.487370 497.553892 0.042765 0.000000 0.042765
403.016490 129.628095 0.154523 0.000000 0.154523
697.292411 321.423396 0.090393 0.000000 0.090393
566.331288 46.605155 0.058094 0.000000 0.058094
227.710867 291.278486 0.114107 0.000000 0.114107
411.600339 138.231496 0.151220 0.000000 0.151220
50.319143 147.600712 0.105589 0.000000 0.105589
703.162408 227.009447 0.069082 0.000000 0.069082
368.995491 48.564937 0.044203 0.000000 0.044203
708.983467 153.584881 0.106619 0.000000 0.106619
410.587950 107.357811 0.010512 0.000000 0.010512
451.783006 54.632579 0.133435 0.000000 0.133435
164.106926 359.011550 0.027688 0.000000 0.027688
320.660305 25.422869 0.045387 0.000000 0.045387
129.096233 72.735843 0.145807 0.000000 0.145807
355.185559 299.263318 0.134593 0.000000 0.134593
215.323453 60.245616 0.074473 0.000000 0.074473
733.137286 450.604937 0.053918 0.000000 0.053918
57.300228 496.037795 0.129550 0.000000 0.129550
38.339898 89.428233 0.051846 0.000000 0.051846
392.974297 98.000569 0.062677 0.000000 0.062677
480.080416 207.071652 0.099774 0.000000 0.099774
226.557595 456.799488 0.035450 0.000000 0.035450
20.487005 406.131222 0.152450 0.000000 0.152450
415.679125 114.155953 0.040688 0.000000 0.040688
282.044547 275.417711 0.005744 0.000000 0.005744
223.054818 77.937010 0.025685 0.000000 0.025685
527.661329 247.577027 0.103548 0.000000 0.103548
145.467129 356.259224 0.156283 0.000000 0.156283
190.660056 112.859989 0.030257 0.000000 0.030257
632.660215 444.584263 0.020488 0.000000 0.020488
719.371366 387.313679 0.130961 0.000000 0.130961
457.475878 250.279275 0.021244 0.000000 0.021244
265.930579 265.709208 0.036060 0.000000 0.036060
724.612599 31.824464 0.103128 0.000000 0.103128
415.424997 136.559088 0.050087 0.000000 0.050087
397.444871 101.705129 0.029833 0.000000 0.029833
325.583054 217.478796 0.049316 0.000000 0.049316
712.798774 39.137546 0.079830 0.000000 0.079830
340.004727 195.126091 0.126569 0.000000 0.126569
669.415336 12.653245 0.069911 0.000000 0.069911
109.060238 321.331442 0.079260 0.000000 0.079260
669.332605 259.839437 0.097625 0.000000 0.097625
490.025990 181.901112 0.144409 0.000000 0.144409
209.279772 69.342933 0.134955 0.000000 0.134955
594.225995 360.274993 0.070916 0.000000 0.070916
679.258158 136.429568 0.104850 0.000000 0.104850
685.517229 65.820567 0.102868 0.000000 0.102868
344.323901 78.001535 0.162248 0.000000 0.162248
722.199604 27.907084 0.115376 0.000000 0.115376
241.277059 290.566355 0.036720 0.000000 0.036720
289.792049 419.263640 0.048147 0.000000 0.048147
653.547062 291.689075 0.047895 0.000000 0.047895
352.592777 301.835814 0.076384 0.000000 0.076384
523.104903 367.208435 0.018758 0.000000 0.018758
704.534005 219.021493 0.018166 0.000000 0.018166
212.650944 112.180365 0.025962 0.000000 0.025962
276.491469 180.743646 0.036082 0.000000 0.036082
457.131474 474.048343 0.067001 0.000000 0.067001
369.354367 163.398768 0.063911 0.000000 0.063911
676.420017 244.708507 0.112091 0.000000 0.112091
381.757194 108.334896 0.104404 0.000000 0.104404
728.171690 452.720215 0.135500 0.000000 0.135500
357.694658 200.690050 0.135202 0.000000 0.135202
642.474504 96.268724 0.175039 0.000000 0.175039
604.254368 417.491758 0.106185 0.000000 0.106185
104.125135 324.695944 0.020361 0.000000 0.020361
586.077537 286.043808 0.011540 0.000000 0.011540
617.351031 200.314042 0.044136 0.000000 0.044136
298.570013 261.754131 0.062070 0.000000 0.062070
287.479801 45.198456 0.010682 0.000000 0.010682
459.958314 386.889221 0.006171 0.000000 0.006171
727.354137 194.588474 0.154110 0.000000 0.154110
691.252460 290.154802 0.152731 0.000000 0.152731
654.737924 355.364615 0.069032 0.000000 0.069032
574.667171 257.110112 0.150481 0.000000 0.150481
271.046915 48.178163 0.062542 0.000000 0.062542
728.988322 421.929776 0.112994 0.000000 0.112994
228.927619 491.448433 0.095889 0.000000 0.095889
270.493088 168.321614 0.155927 0.000000 0.155927
53.097443 443.508858 0.089798 0.000000 0.089798
38.697259 141.906600 0.060912 0.000000 0.060912
222.441035 291.348216 0.144395 0.000000 0.144395
348.271647 17.326212 0.101610 0.000000 0.101610
334.810273 151.937043 0.055530 0.000000 0.055530
609.643123 475.237422 0.053738 0.000000 0.053738
678.919701 471.162820 0.086481 0.000000 0.086481
174.043687 329.916067 0.024649 0.000000 0.024649
695.929306 69.727621 0.088620 0.000000 0.088620
114.823422 273.396489 0.057711 0.000000 0.057711
555.027348 251.226282 0.138605 0.000000 0.138605
432.212839 183.910040 0.103701 0.000000 0.103701
35.255046 348.354777 0.080771 0.000000 0.080771
305.330670 151.886125 0.022547 0.000000 0.022547
498.589207 152.739879 0.163168 0.000000 0.163168
352.904877 194.168579 0.145072 0.000000 0.145072
516.783627 129.432732 0.137396 0.000000 0.137396
239.021999 329.907060 0.169032 0.000000 0.169032
142.668825 392.621072 0.109175 0.000000 0.109175
17.737460 249.971850 0.143781 0.000000 0.143781
630.663778 193.450003 0.054267 0.000000 0.054267
367.327247 114.175857 0.082969 0.000000 0.082969
339.258755 359.742577 0.067640 0.000000 0.067640
111.108637 242.775731 0.038785 0.000000 0.038785
293.651344 321.962194 0.053349 0.000000 0.053349
458.447606 245.895230 0.164340 0.000000 0.164340
539.871506 318.899887 0.035204 0.000000 0.035204
724.434708 86.927888 0.043088 0.000000 0.043088
609.789758 155.814158 0.161557 0.000000 0.161557
579.147372 62.309679 0.093477 0.000000 0.093477
573.075008 266.936365 0.126679 0.000000 0.126679
198.180976 37.238824 0.007800 0.000000 0.007800
37.196772 305.888056 0.048437 0.000000 0.048437
266.892426 134.059553 0.060110 0.000000 0.060110
658.705873 95.518103 0.156834 0.000000 0.156834
757.209751 54.703300 0.153673 0.000000 0.153673
121.575697 50.688473 0.164899 0.000000 0.164899
541.217496 404.708717 0.167174 0.000000 0.167174
443.655927 92.255963 0.049165 0.000000 0.049165
468.239999 161.959165 0.104334 0.000000 0.104334
620.616536 356.059923 0.111208 0.000000 0.111208
375.753021 484.489369 0.057381 0.000000 0.057381
697.021412 145.928492 0.127910 0.000000 0.127910
525.214160 379.141547 0.051688 0.000000 0.051688
354.244316 53.715839 0.091637 0.000000 0.091637
657.302907 463.097935 0.037780 0.000000 0.037780
334.348504 165.749208 0.015110 0.000000 0.015110
318.343262 302.336042 0.017673 0.000000 0.017673
381.434093 191.173495 0.083029 0.000000 0.083029
508.382973 96.814035 0.142532 0.000000 0.142532
373.518673 124.999167 0.064108 0.000000 0.064108
486.456938 33.298220 0.058228 0.000000 0.058228
296.692126 221.401946 0.042629 0.000000 0.042629
253.937085 265.945164 0.145000 0.000000 0.145000
661.163546 161.853776 0.078384 0.000000 0.078384
81.478040 198.475513 0.088329 0.000000 0.088329
215.932784 459.287416 0.022069 0.000000 0.022069
206.618174 268.288283 0.092488 0.000000 0.092488
153.629441 126.191125 0.099005 0.000000 0.099005
50.719831 420.908443 0.115461 0.000000 0.115461
695.262471 161.042496 0.098386 0.000000 0.098386
313.380384 363.287648 0.013919 0.000000 0.013919
260.522093 463.703038 0.121577 0.000000 0.121577
571.359218 279.936316 0.118328 0.000000 0.118328
589.576912 372.153701 0.037741 0.000000 0.037741
707.809127 248.660893 0.041506 0.000000 0.041506
573.812044 102.638474 0.070972 0.000000 0.070972
736.251946 107.274925 0.039880 0.000000 0.039880
628.628959 236.361976 0.164920 0.000000 0.164920
178.453949 465.611848 0.099103 0.000000 0.099103
366.037577 453.025875 0.088872 0.000000 0.088872
634.920949 106.294240 0.027137 0.000000 0.027137
222.375034 418.568799 0.065653 0.000000 0.065653
663.006110 419.050166 0.033775 0.000000 0.033775
494.170044 145.743895 0.145184 0.000000 0.145184
502.321561 210.725006 0.143783 0.000000 0.143783
501.290747 45.239144 0.112190 0.000000 0.112190
33.215012 485.868590 0.036331 0.000000 0.036331
414.633356 71.959461 0.104101 0.000000 0.104101
236.521635 410.914810 0.028355 0.000000 0.028355
177.696412 51.632591 0.159642 0.000000 0.159642
219.213226 326.619601 0.077308 0.000000 0.077308
739.752415 157.354544 0.092073 0.000000 0.092073
336.884068 294.342800 0.170402 0.000000 0.170402
691.539179 141.402847 0.127538 0.000000 0.127538
412.896344 99.365140 0.093149 0.000000 0.093149
582.789309 168.420810 0.156900 0.000000 0.156900
213.410105 29.512555 0.025745 0.000000 0.025745
242.228419 125.481065 0.149634 0.000000 0.149634
523.802270 481.571658 0.101633 0.000000 0.101633
15.063612 491.241555 0.125593 0.000000 0.125593
338.101560 156.354996 0.082470 0.000000 0.082470
233.499544 482.051235 0.007792 0.000000 0.007792
669.562130 89.000249 0.126525 0.000000 0.126525
364.053059 198.034137 0.151884 0.000000 0.151884
715.442538 29.231335 0.160589 0.000000 0.160589
200.596643 310.252943 0.135068 0.000000 0.135068
339.071555 101.448137 0.165325 0.000000 0.165325
220.077223 414.096675 0.143228 0.000000 0.143228
659.580356 153.423154 0.101280 0.000000 0.101280
229.681742 420.811638 0.042247 0.000000 0.042247
256.006086 355.776148 0.013953 0.000000 0.013953
623.826307 336.881763 0.077420 0.000000 0.077420
90.488033 357.086328 0.035099 0.000000 0.035099
521.434737 451.551341 0.102958 0.000000 0.102958
640.969791 182.958320 0.127838 0.000000 0.127838
475.975868 320.817316 0.113766 0.000000 0.113766
454.451390 21.445741 0.115363 0.000000 0.115363
541.583642 190.592660 0.047291 0.000000 0.047291
214.331396 327.951249 0.124948 0.000000 0.124948
175.940235 288.647212 0.153881 0.000000 0.153881
509.379705 368.085505 0.061611 0.000000 0.061611
615.864804 264.756338 0.090529 0.000000 0.090529
312.188485 308.499863 0.030463 0.000000 0.030463
443.349629 294.116375 0.083568 0.000000 0.083568
242.008752 309.223388 0.016071 0.000000 0.016071
714.466672 50.267044 0.166987 0.000000 0.166987
618.080100 324.267254 0.033673 0.000000 0.033673
246.300087 134.622103 0.175044 0.000000 0.175044
339.091034 46.885973 0.166117 0.000000 0.166117
312.433863 260.838621 0.173668 0.000000 0.173668
117.774056 205.410736 0.095440 0.000000 0.095440
633.607905 47.617011 0.075913 0.000000 0.075913
528.257565 363.188434 0.056908 0.000000 0.056908
496.535232 486.919179 0.127447 0.000000 0.127447
22.102863 68.679670 0.154116 0.000000 0.154116
495.688801 422.839722 0.092057 0.000000 0.092057
708.860123 148.575496 0.116351 0.000000 0.116351
331.619058 184.693443 0.103318 0.000000 0.103318
165.852323 209.521398 0.070694 0.000000 0.070694
753.575214 135.357390 0.076706 0.000000 0.076706
694.292347 486.077400 0.161061 0.000000 0.161061
359.326057 157.180567 0.026487 0.000000 0.026487
514.339158 281.954429 0.030560 0.000000 0.030560
258.313689 239.181034 0.141538 0.000000 0.141538
103.808609 373.161388 0.153726 0.000000 0.153726
554.013908 23.560619 0.058423 0.000000 0.058423
41.212830 53.009820 0.130775 0.000000 0.130775
321.688437 226.903387 0.083389 0.000000 0.083389
71.518672 203.750435 0.127388 0.000000 0.127388
101.594460 16.852215 0.084129 0.000000 0.084129
607.918308 167.529112 0.089516 0.000000 0.089516
367.607972 140.993182 0.168987 0.000000 0.168987
563.400955 151.807357 0.084515 0.000000 0.084515
66.793268 313.144689 0.118151 0.000000 0.118151
595.264961 126.518550 0.123595 0.000000 0.123595
523.683012 131.055040 0.107019 0.000000 0.107019
214.546132 175.783444 0.119296 0.000000 0.119296
205.196017 295.166201 0.054632 0.000000 0.054632
723.501370 21.585998 0.106201 0.000000 0.106201
415.329012 198.797793 0.011124 0.000000 0.011124
371.528371 325.533386 0.003940 0.000000 0.003940
400.168781 346.021842 0.022533 0.000000 0.022533
716.414835 345.608982 0.100344 0.000000 0.100344
487.974769 91.077301 0.128797 0.000000 0.128797
454.395091 175.650864 0.052625 0.000000 0.052625
574.212907 426.206799 0.144170 0.000000 0.144170
598.493162 20.168029 0.123962 0.000000 0.123962
158.174969 35.434447 0.057540 0.000000 0.057540
279.701434 193.267090 0.165218 0.000000 0.165218
80.225328 375.165745 0.175855 0.000000 0.175855
405.008084 87.358891 0.119021 0.000000 0.119021
52.974266 447.274847 0.162448 0.000000 0.162448
269.004342 171.980425 0.167624 0.000000 0.167624
683.797452 196.232228 0.109165 0.000000 0.109165
48.057061 133.645334 0.078826 0.000000 0.078826
729.933606 284.526519 0.050134 0.000000 0.050134
432.117498 418.019533 0.130272 0.000000 0.130272
62.957788 474.774547 0.021406 0.000000 0.021406
362.348446 266.460755 0.146911 0.000000 0.146911
519.641017 333.219250 0.050929 0.000000 0.050929
594.639414 132.015598 0.077931 0.000000 0.077931
712.107673 483.338663 0.064043 0.000000 0.064043
594.731053 91.826340 0.162495 0.000000 0.162495
524.479143 316.812466 0.067667 0.000000 0.067667
52.604178 57.709631 0.164128 0.000000 0.164128
582.474853 85.754032 0.082577 0.000000 0.082577
38.213786 376.002575 0.149768 0.000000 0.149768
341.294419 56.746273 0.125898 0.000000 0.125898
307.442384 387.116323 0.104767 0.000000 0.104767
457.078291 17.349926 0.040746 0.000000 0.040746
245.811131 39.154906 0.139587 0.000000 0.139587
351.054401 238.890838 0.145694 0.000000 0.145694
641.657328 95.185618 0.038830 0.000000 0.038830
713.445773 110.366330 0.053162 0.000000 0.053162
484.700166 338.858992 0.170653 0.000000 0.170653
14.050148 154.062655 0.041703 0.000000 0.041703
561.814989 46.682205 0.033279 0.000000 0.033279
715.913849 222.858906 0.025158 0.000000 0.025158
486.233379 384.027481 0.041694 0.000000 0.041694
706.960974 414.209913 0.118316 0.000000 0.118316
95.442335 438.921612 0.118387 0.000000 0.118387
124.132601 46.709348 0.089642 0.000000 0.089642
38.855933 130.358489 0.034992 0.000000 0.034992
90.388264 409.739457 0.136130 0.000000 0.136130
208.515575 254.765967 0.040343 0.000000 0.040343
253.756717 257.338089 0.028822 0.000000 0.028822
450.566637 26.091154 0.159430 0.000000 0.159430
716.808869 218.464975 0.083050 0.000000 0.083050
723.159153 120.721645 0.119367 0.000000 0.119367
689.977297 498.638882 0.082634 0.000000 0.082634
556.150106 313.002722 0.087382 0.000000 0.087382
680.284934 194.384367 0.062851 0.000000 0.062851
287.202466 110.574604 0.018717 0.000000 0.018717
625.807147 451.222362 0.064877 0.000000 0.064877
521.217161 249.671753 0.059084 0.000000 0.059084
522.053063 457.438769 0.067565 0.000000 0.067565
43.745856 356.518779 0.041312 0.000000 0.041312
562.856930 257.513307 0.052200 0.000000 0.052200
552.137465 369.537257 0.084003 0.000000 0.084003
271.749574 314.819336 0.038103 0.000000 0.038103
170.392310 288.794422 0.167389 0.000000 0.167389
160.762081 443.855781 0.045312 0.000000 0.045312
702.634214 19.456612 0.022032 0.000000 0.022032
96.271718 14.101161 0.158816 0.000000 0.158816
329.384937 30.893090 0.033535 0.000000 0.033535
734.957617 127.054773 0.153431 0.000000 0.153431
459.858455 118.998305 0.090757 0.000000 0.090757
94.398084 21.082071 0.036682 0.000000 0.036682
713.709141 239.561804 0.034949 0.000000 0.034949
197.470075 285.600678 0.047770 0.000000 0.047770
497.059326 113.775852 0.139392 0.000000 0.139392
698.409971 443.574370 0.019146 0.000000 0.019146
590.935961 474.366777 0.104785 0.000000 0.104785
594.141797 479.043836 0.103234 0.000000 0.103234
304.324803 254.286676 0.133327 0.000000 0.133327
374.809529 44.733365 0.113600 0.000000 0.113600
537.249238 355.479431 0.123515 0.000000 0.123515
663.046178 59.847819 0.038343 0.000000 0.038343
460.690822 344.204416 0.139701 0.000000 0.139701
276.986660 275.817913 0.141179 0.000000 0.141179
132.605119 412.602166 0.158071 0.000000 0.158071
634.284821 481.564695 0.078961 0.000000 0.078961
101.503203 30.431584 0.099852 0.000000 0.099852
438.506297 476.849889 0.098116 0.000000 0.098116
453.917689 210.033424 0.145923 0.000000 0.145923
586.069576 383.699336 0.130123 0.000000 0.130123
155.548830 494.089979 0.112376 0.000000 0.112376
436.169330 57.186317 0.115792 0.000000 0.115792
95.893473 84.673298 0.116294 0.000000 0.116294
536.315310 416.333038 0.004386 0.000000 0.004386
125.518570 75.036508 0.171421 0.000000 0.171421
483.054485 224.676323 0.010598 0.000000 0.010598
397.385249 323.592138 0.006548 0.000000 0.006548
521.855461 180.627694 0.071480 0.000000 0.071480
558.791386 378.946840 0.111271 0.000000 0.111271
661.411318 224.828020 0.140801 0.000000 0.140801
469.882408 175.990937 0.070015 0.000000 0.070015
175.929070 113.672370 0.063673 0.000000 0.063673
216.394951 233.742503 0.048211 0.000000 0.048211
285.439595 240.592610 0.019439 0.000000 0.019439
549.307916 274.387290 0.039961 0.000000 0.039961
628.206356 90.792015 0.118249 0.000000 0.118249
556.455866 467.562054 0.028338 0.000000 0.028338
119.096516 474.399769 0.104771 0.000000 0.104771
161.831229 414.530849 0.011358 0.000000 0.011358
648.010396 458.024924 0.160514 0.000000 0.160514
42.747258 501.534446 0.127884 0.000000 0.127884
403.441242 367.642627 0.112063 0.000000 0.112063
436.284544 415.358462 0.050884 0.000000 0.050884
539.266240 281.908337 0.084631 0.000000 0.084631
557.848453 42.856251 0.105559 0.000000 0.105559
77.109186 37.372739 0.066586 0.000000 0.066586
483.480147 433.374889 0.156808 0.000000 0.156808
315.594567 464.173097 0.171374 0.000000 0.171374
284.775496 291.332266 0.035913 0.000000 0.035913
425.100536 209.014554 0.042974 0.000000 0.042974
261.925955 197.838691 0.067767 0.000000 0.067767
750.509729 318.510827 0.078025 0.000000 0.078025
29.895826 305.232564 0.117800 0.000000 0.117800
309.413129 361.493050 0.096220 0.000000 0.096220
652.264388 387.937462 0.168471 0.000000 0.168471
117.305551 283.779096 0.124372 0.000000 0.124372
699.163380 373.039310 0.059403 0.000000 0.059403
493.857215 486.730729 0.053127 0.000000 0.053127
346.573966 439.516831 0.051482 0.000000 0.051482
179.323934 72.966587 0.173889 0.000000 0.173889
629.305446 341.040908 0.100313 0.000000 0.100313
382.056351 346.792928 0.134497 0.000000 0.134497
91.171468 368.229230 0.140359 0.000000 0.140359
610.278535 355.948302 0.015766 0.000000 0.015766
157.396610 465.460792 0.017978 0.000000 0.017978
23.279616 462.228251 0.048549 0.000000 0.048549
325.989803 373.995303 0.082992 0.000000 0.082992
606.855762 226.879250 0.174385 0.000000 0.174385
362.766896 348.394895 0.167483 0.000000 0.167483
501.966424 434.369977 0.154941 0.000000 0.154941
193.315366 263.060201 0.062955 0.000000 0.062955
293.249745 338.980371 0.057530 0.000000 0.057530
251.553368 204.618672 0.045389 0.000000 0.045389
601.043099 365.093007 0.070427 0.000000 0.070427
245.626157 412.673226 0.025672 0.000000 0.025672
196.557895 166.255143 0.062973 0.000000 0.062973
652.508564 254.406138 0.031147 0.000000 0.031147
473.786441 404.509340 0.038655 0.000000 0.038655
492.927980 82.840424 0.106039 0.000000 0.106039
115.934743 226.772541 0.124803 0.000000 0.124803
400.763651 268.592350 0.107134 0.000000 0.107134
427.536685 348.865585 0.043832 0.000000 0.043832
214.303293 408.540112 0.077825 0.000000 0.077825
564.611349 210.868600 0.056413 0.000000 0.056413
186.324678 90.316823 0.120586 0.000000 0.120586
184.056623 27.837359 0.023687 0.000000 0.023687
413.101242 167.163675 0.062477 0.000000 0.062477
359.865299 20.939809 0.071180 0.000000 0.071180
379.747437 204.477155 0.037839 0.000000 0.037839
413.670973 364.542537 0.173483 0.000000 0.173483
378.661101 451.911893 0.115848 0.000000 0.115848
701.101849 281.008745 0.008071 0.000000 0.008071
249.216349 254.154233 0.167018 0.000000 0.167018
518.064260 379.501702 0.154061 0.000000 0.154061
217.037392 378.216558 0.131026 0.000000 0.131026
749.394889 106.767092 0.048919 0.000000 0.048919
512.321467 170.634157 0.125501 0.000000 0.125501
347.701275 277.713990 0.118077 0.000000 0.118077
731.011330 114.469136 0.100592 0.000000 0.100592
464.029077 479.461156 0.150139 0.000000 0.150139
604.955567 259.639804 0.030059 0.000000 0.030059
548.489584 463.868547 0.036762 0.000000 0.036762
438.146984 176.713280 0.042983 0.000000 0.042983
553.282883 367.794777 0.015894 0.000000 0.015894
253.141026 41.410713 0.009921 0.000000 0.009921
237.419007 37.244412 0.113861 0.000000 0.113861
73.232118 279.687860 0.166097 0.000000 0.166097
59.017177 122.033358 0.012779 0.000000 0.012779
483.711091 472.211584 0.043673 0.000000 0.043673
222.417005 400.853643 0.127023 0.000000 0.127023
249.724130 324.419728 0.104035 0.000000 0.104035
683.316471 280.898487 0.079816 0.000000 0.079816
412.590404 307.784056 0.049886 0.000000 0.049886
37.554161 14.182067 0.117920 0.000000 0.117920
316.722347 338.736919 0.027003 0.000000 0.027003
583.671884 415.803922 0.040809 0.000000 0.040809
571.319154 64.555992 0.145461 0.000000 0.145461
72.102392 283.447008 0.119958 0.000000 0.119958
682.759053 23.606097 0.092287 0.000000 0.092287
525.409352 47.336728 0.078477 0.000000 0.078477
323.528907 65.851478 0.064630 0.000000 0.064630
727.756805 277.342328 0.008479 0.000000 0.008479
747.430422 49.242792 0.141316 0.000000 0.141316
448.969985 319.731293 0.149868 0.000000 0.149868
549.567437 242.094801 0.028720 0.000000 0.028720
637.634259 304.703462 0.095573 0.000000 0.095573
274.977199 226.640279 0.047534 0.000000 0.047534
249.996573 284.866145 0.045012 0.000000 0.045012
625.489402 433.386207 0.019648 0.000000 0.019648
433.085618 196.880335 0.012015 0.000000 0.012015
193.820312 501.212122 0.099914 0.000000 0.099914
523.133829 201.556849 0.107440 0.000000 0.107440
176.549899 55.640276 0.100294 0.000000 0.100294
388.054268 87.426358 0.082776 0.000000 0.082776
531.561414 55.514751 0.024164 0.000000 0.024164
60.446193 297.199556 0.058004 0.000000 0.058004
381.838647 15.676818 0.087272 0.000000 0.087272
482.721154 355.012420 0.018091 0.000000 0.018091
331.415533 210.741767 0.165649 0.000000 0.165649
541.579983 478.527040 0.143643 0.000000 0.143643
437.023820 423.139641 0.037084 0.000000 0.037084
461.607870 349.056045 0.009943 0.000000 0.009943
597.420371 7.597269 0.172233 0.000000 0.172233
131.520989 161.651095 0.010264 0.000000 0.010264
314.133444 264.615610 0.167023 0.000000 0.167023
746.111808 380.294378 0.085854 0.000000 0.085854
522.992071 111.450272 0.067807 0.000000 0.067807
327.874293 320.014213 0.127660 0.000000 0.127660
158.790069 97.107265 0.143939 0.000000 0.143939
745.650064 415.761278 0.080479 0.000000 0.080479
168.269345 343.037899 0.099262 0.000000 0.099262
357.639900 223.934922 0.128165 0.000000 0.128165
482.102816 285.444604 0.149101 0.000000 0.149101
78.245279 314.885566 0.103873 0.000000 0.103873
511.636131 210.023658 0.169428 0.000000 0.169428
616.818982 6.362039 0.136227 0.000000 0.136227
43.696925 36.491613 0.059699 0.000000 0.059699
568.542708 70.215325 0.122001 0.000000 0.122001
320.925731 210.598745 0.119649 0.000000 0.119649
518.982375 136.169537 0.155174 0.000000 0.155174
538.808262 305.398758 0.008245 0.000000 0.008245
117.471925 63.821940 0.083741 0.000000 0.083741
699.159745 106.631419 0.079014 0.000000 0.079014
229.596980 181.966916 0.085564 0.000000 0.085564
11.632565 420.188380 0.121892 0.000000 0.121892
203.690060 221.366469 0.149810 0.000000 0.149810
427.820929 57.644611 0.044553 0.000000 0.044553
628.049221 135.707051 0.034885 0.000000 0.034885
261.515880 351.459308 0.144990 0.000000 0.144990
282.508479 435.386037 0.081832 0.000000 0.081832
308.290554 175.978484 0.085538 0.000000 0.085538
594.542287 66.884693 0.171506 0.000000 0.171506
616.163270 255.714390 0.053734 0.000000 0.053734
386.500313 86.736293 0.029796 0.000000 0.029796
606.594312 461.930691 0.088406 0.000000 0.088406
710.263393 386.067912 0.009784 0.000000 0.009784
295.160431 260.578022 0.126506 0.000000 0.126506
213.975124 497.519811 0.070011 0.000000 0.070011
386.956196 266.821180 0.137735 0.000000 0.137735
646.118491 29.369370 0.096037 0.000000 0.096037
51.330938 380.631627 0.113289 0.000000 0.113289
124.829201 479.285049 0.042640 0.000000 0.042640
291.803267 79.779271 0.061737 0.000000 0.061737
513.061382 318.117341 0.121061 0.000000 0.121061
597.591204 82.476828 0.128882 0.000000 0.128882
433.045159 309.000167 0.107160 0.000000 0.107160
61.110328 134.149073 0.059262 0.000000 0.059262
244.230323 473.360092 0.174445 0.000000 0.174445
586.226076 209.440975 0.128441 0.000000 0.128441
492.555025 283.112107 0.059316 0.000000 0.059316
155.568635 171.190850 0.153220 0.000000 0.153220
264.687085 65.759360 0.066725 0.000000 0.066725
242.296457 409.050118 0.120923 0.000000 0.120923
717.573471 204.444734 0.008067 0.000000 0.008067
508.265473 291.784479 0.031645 0.000000 0.031645
422.020777 271.106347 0.095318 0.000000 0.095318
238.493817 232.685921 0.046227 0.000000 0.046227
160.562471 22.587637 0.027385 0.000000 0.027385
656.742606 24.458497 0.114352 0.000000 0.114352
92.653588 463.824941 0.038863 0.000000 0.038863
10.387625 373.500968 0.078759 0.000000 0.078759
431.150041 273.822550 0.056868 0.000000 0.056868
475.961102 64.929290 0.173450 0.000000 0.173450
126.982775 480.638573 0.017316 0.000000 0.017316
30.338705 361.444052 0.165014 0.000000 0.165014
442.571290 139.115907 0.144703 0.000000 0.144703
667.394708 366.375810 0.120462 0.000000 0.120462
358.428119 80.390087 0.133515 0.000000 0.133515
436.284601 87.466812 0.076603 0.000000 0.076603
196.879161 309.475680 0.049931 0.000000 0.049931
697.618620 347.380587 0.136478 0.000000 0.136478
305.987267 182.392441 0.089045 0.000000 0.089045
156.604734 207.347664 0.095050 0.000000 0.095050
177.428916 311.994931 0.089531 0.000000 0.089531
645.307420 487.612055 0.015753 0.000000 0.015753
495.531297 382.051591 0.016901 0.000000 0.016901
429.415271 365.485713 0.058329 0.000000 0.058329
279.188334 314.348149 0.023588 0.000000 0.023588
26.277473 268.318871 0.046380 0.000000 0.046380
390.495037 352.995775 0.034731 0.000000 0.034731
417.058556 59.618431 0.065340 0.000000 0.065340
360.455888 55.241615 0.112872 0.000000 0.112872
675.980382 387.498935 0.145304 0.000000 0.145304
189.668734 471.068201 0.091570 0.000000 0.091570
19.045639 297.493773 0.125427 0.000000 0.125427
245.460676 69.644549 0.126565 0.000000 0.126565
471.806284 150.645659 0.111599 0.000000 0.111599
72.762148 294.811989 0.006368 0.000000 0.006368
161.319276 76.790439 0.106841 0.000000 0.106841
431.450244 151.711094 0.079916 0.000000 0.079916
109.386767 206.904833 0.044940 0.000000 0.044940
556.295046 413.722171 0.013671 0.000000 0.013671
420.600757 120.395698 0.100042 0.000000 0.100042
350.554399 361.167468 0.026547 0.000000 0.026547
336.021514 373.225400 0.033543 0.000000 0.033543
168.272359 327.680251 0.055677 0.000000 0.055677
39.999675 387.297186 0.008876 0.000000 0.008876
122.396868 468.406455 0.140603 0.000000 0.140603
306.738708 32.111709 0.157415 0.000000 0.157415
128.212832 474.887400 0.093363 0.000000 0.093363
369.814636 476.093911 0.101812 0.000000 0.101812
397.078314 38.596750 0.097616 0.000000 0.097616
424.202804 470.861382 0.088464 0.000000 0.088464
94.834123 313.382631 0.146220 0.000000 0.146220
439.525759 284.066672 0.061116 0.000000 0.061116
398.239545 53.813585 0.027504 0.000000 0.027504
308.015727 469.578698 0.033495 0.000000 0.033495
465.871817 229.911836 0.134073 0.000000 0.134073
237.400452 320.749491 0.124695 0.000000 0.124695
89.371005 306.411049 0.100397 0.000000 0.100397
480.863328 344.625554 0.089893 0.000000 0.089893
405.632597 379.313937 0.006071 0.000000 0.006071
665.111294 501.963676 0.112309 0.000000 0.112309
671.146007 159.104513 0.122370 0.000000 0.122370
317.195840 320.170024 0.004721 0.000000 0.004721
425.583032 15.502561 0.140431 0.000000 0.140431
540.431556 496.907593 0.135286 0.000000 0.135286
455.086621 100.823332 0.011823 0.000000 0.011823
267.036911 412.481054 0.053993 0.000000 0.053993
190.377291 368.875527 0.159509 0.000000 0.159509
232.919227 233.569143 0.104941 0.000000 0.104941
452.706251 74.023096 0.105567 0.000000 0.105567
72.813320 75.279065 0.078780 0.000000 0.078780
29.295463 20.304322 0.043072 0.000000 0.043072
70.757608 224.137346 0.024785 0.000000 0.024785
526.034645 285.932962 0.061414 0.000000 0.061414
674.466699 228.480423 0.065130 0.000000 0.065130
708.103739 187.331128 0.103692 0.000000 0.103692
129.195402 427.753489 0.170656 0.000000 0.170656
623.256355 167.094850 0.056206 0.000000 0.056206
727.083331 163.969222 0.172690 0.000000 0.172690
667.129444 243.040034 0.085053 0.000000 0.085053
563.965433 160.959767 0.065471 0.000000 0.065471
617.274328 32.124518 0.130926 0.000000 0.130926
352.169155 268.680382 0.043554 0.000000 0.043554
375.836390 31.066217 0.015983 0.000000 0.015983
429.790384 270.100832 0.106011 0.000000 0.106011
514.777040 337.651107 0.142633 0.000000 0.142633
340.970774 434.591359 0.075916 0.000000 0.075916
333.094827 241.294963 0.079235 0.000000 0.079235
558.613803 301.726581 0.113586 0.000000 0.113586
128.210155 239.156211 0.061888 0.000000 0.061888
192.099138 194.068251 0.043931 0.000000 0.043931
454.934222 236.624890 0.013873 0.000000 0.013873
404.725262 416.684255 0.120881 0.000000 0.120881
507.280763 282.347886 0.112860 0.000000 0.112860
514.907566 168.884689 0.032281 0.000000 0.032281
205.337576 496.001164 0.081597 0.000000 0.081597
622.058480 348.242367 0.096588 0.000000 0.096588
489.369493 374.290196 0.087021 0.000000 0.087021
217.400048 280.978275 0.055985 0.000000 0.055985
106.823969 234.534353 0.156217 0.000000 0.156217
91.760726 222.729762 0.117936 0.000000 0.117936
554.267611 228.265550 0.131620 0.000000 0.131620
416.800612 277.020119 0.075151 0.000000 0.075151
300.365576 211.231832 0.051735 0.000000 0.051735
471.232753 119.018048 0.061778 0.000000 0.061778
455.623193 362.058528 0.073386 0.000000 0.073386
605.994652 456.254630 0.032746 0.000000 0.032746
121.194423 492.487539 0.020607 0.000000 0.020607
514.877893 490.550910 0.125716 0.000000 0.125716
514.717249 223.348252 0.149724 0.000000 0.149724
435.523222 486.013037 0.020704 0.000000 0.020704
404.065912 7.982271 0.171106 0.000000 0.171106
47.826906 371.104789 0.025381 0.000000 0.025381
713.956951 179.043688 0.110121 0.000000 0.110121
372.712950 178.549407 0.125164 0.000000 0.125164
570.412153 209.873319 0.159833 0.000000 0.159833
361.982636 36.256364 0.102684 0.000000 0.102684
276.979937 155.639760 0.079811 0.000000 0.079811
647.358112 320.959075 0.058144 0.000000 0.058144
444.506913 308.500128 0.080880 0.000000 0.080880
709.117582 388.791585 0.137468 0.000000 0.137468
92.279282 490.009155 0.083670 0.000000 0.083670
714.598615 196.614957 0.039232 0.000000 0.039232
538.878768 62.501080 0.063984 0.000000 0.063984
444.334911 273.601192 0.051428 0.000000 0.051428
317.971236 452.506519 0.029100 0.000000 0.029100
658.945780 297.419671 0.050436 0.000000 0.050436
279.163192 242.349546 0.089831 0.000000 0.089831
206.802883 396.734150 0.028741 0.000000 0.028741
359.704078 396.673997 0.036005 0.000000 0.036005
565.704014 402.106098 0.076346 0.000000 0.076346
650.401054 60.351630 0.095328 0.000000 0.095328
461.337923 236.245630 0.064167 0.000000 0.064167
505.125447 240.903872 0.127426 0.000000 0.127426
419.577616 14.307207 0.088863 0.000000 0.088863
439.449947 17.188285 0.084330 0.000000 0.084330
94.706772 296.151587 0.005974 0.000000 0.005974
423.993370 440.194148 0.130425 0.000000 0.130425
54.597458 345.663635 0.102364 0.000000 0.102364
723.126864 230.466341 0.071536 0.000000 0.071536
516.590445 115.868842 0.100898 0.000000 0.100898
390.929078 330.395327 0.037351 0.000000 0.037351
440.634918 57.534199 0.166786 0.000000 0.166786
131.407436 332.656744 0.050753 0.000000 0.050753
621.131348 14.850268 0.053129 0.000000 0.053129
580.564641 31.559207 0.058235 0.000000 0.058235
501.414790 276.485977 0.036442 0.000000 0.036442
142.969007 122.443202 0.144212 0.000000 0.144212
488.782993 171.181165 0.167461 0.000000 0.167461
452.083300 213.286959 0.141007 0.000000 0.141007
639.299518 51.832076 0.034591 0.000000 0.034591
37.922985 213.321421 0.028521 0.000000 0.028521
204.622992 479.003329 0.018361 0.000000 0.018361
44.138949 127.260829 0.106202 0.000000 0.106202
730.487038 358.104722 0.052885 0.000000 0.052885
24.663189 24.710348 0.022917 0.000000 0.022917
515.561068 57.722217 0.064223 0.000000 0.064223
530.987407 475.912047 0.156904 0.000000 0.156904
658.464079 487.633409 0.084871 0.000000 0.084871
592.147478 304.787063 0.029857 0.000000 0.029857
24.467940 190.013080 0.018963 0.000000 0.018963
491.577677 469.983891 0.083629 0.000000 0.083629
475.641919 281.701414 0.173696 0.000000 0.173696
266.404242 354.774053 0.044738 0.000000 0.044738
259.905423 454.789825 0.016020 0.000000 0.016020
568.006798 500.601792 0.125450 0.000000 0.125450
249.742873 499.870904 0.142657 0.000000 0.142657
83.702181 130.284554 0.092568 0.000000 0.092568
77.630009 104.025081 0.040748 0.000000 0.040748
291.989015 473.813805 0.029399 0.000000 0.029399
17.131791 438.246901 0.155451 0.000000 0.155451
494.214916 332.160037 0.150835 0.000000 0.150835
617.142063 237.887677 0.081944 0.000000 0.081944
485.835875 466.868992 0.144387 0.000000 0.144387
207.697881 359.638090 0.117066 0.000000 0.117066
361.407988 314.766719 0.127390 0.000000 0.127390
423.281309 279.529934 0.132569 0.000000 0.132569
650.756868 380.021180 0.097420 0.000000 0.097420
17.657589 429.093434 0.114883 0.000000 0.114883
720.214776 246.275075 0.047182 0.000000 0.047182
355.184013 407.955611 0.028510 0.000000 0.028510
450.248323 240.880744 0.169642 0.000000 0.169642
503.785136 234.043820 0.161102 0.000000 0.161102
100.362948 285.951794 0.069361 0.000000 0.069361
91.563082 462.216640 0.113132 0.000000 0.113132
425.262841 278.273823 0.056916 0.000000 0.056916
525.696385 475.537622 0.037380 0.000000 0.037380
379.923169 236.495013 0.025404 0.000000 0.025404
406.069437 259.505852 0.149536 0.000000 0.149536
38.096866 257.174065 0.175768 0.000000 0.175768
231.460331 362.868384 0.010067 0.000000 0.010067
476.554556 433.637671 0.071663 0.000000 0.071663
613.145863 423.320860 0.046565 0.000000 0.046565
455.930630 375.517369 0.136164 0.000000 0.136164
10.961964 113.161925 0.072944 0.000000 0.072944
202.232657 500.781600 0.140261 0.000000 0.140261
455.586868 268.861189 0.013906 0.000000 0.013906
495.240959 500.309245 0.160951 0.000000 0.160951
135.521441 419.063148 0.080146 0.000000 0.080146
477.387298 425.756037 0.033208 0.000000 0.033208
516.007826 297.940142 0.106022 0.000000 0.106022
581.618247 407.856693 0.086288 0.000000 0.086288
550.177654 258.817641 0.086730 0.000000 0.086730
151.458861 303.328592 0.049541 0.000000 0.049541
190.683817 60.733831 0.137774 0.000000 0.137774
98.711741 155.691387 0.099781 0.000000 0.099781
369.332044 243.026296 0.133810 0.000000 0.133810
686.108020 335.629586 0.150285 0.000000 0.150285
607.792267 17.082258 0.022103 0.000000 0.022103
421.825129 291.231437 0.052549 0.000000 0.052549
554.980916 89.669675 0.142140 0.000000 0.142140
608.860918 47.236392 0.087391 0.000000 0.087391
320.464896 408.168376 0.054115 0.000000 0.054115
531.831137 419.360602 0.158144 0.000000 0.158144
460.033171 207.115912 0.162370 0.000000 0.162370
199.409211 242.927643 0.030522 0.000000 0.030522
613.756004 496.217812 0.080617 0.000000 0.080617
253.278155 417.892739 0.133292 0.000000 0.133292
324.053808 476.807245 0.049653 0.000000 0.049653
417.845502 228.338682 0.025012 0.000000 0.025012
197.753280 378.844824 0.138454 0.000000 0.138454
190.845257 237.775081 0.049930 0.000000 0.049930
482.696000 264.628871 0.020400 0.000000 0.020400
464.121078 306.028812 0.129820 0.000000 0.129820
662.735585 38.217728 0.010613 0.000000 0.010613
442.318367 376.693559 0.148554 0.000000 0.148554
196.916303 411.095293 0.110251 0.000000 0.110251
672.923154 36.585193 0.155382 0.000000 0.155382
377.882917 377.069473 0.127638 0.000000 0.127638
653.355635 119.849822 0.130158 0.000000 0.130158
428.270215 320.455557 0.140613 0.000000 0.140613
141.338858 113.587999 0.082841 0.000000 0.082841
305.877197 447.429614 0.163523 0.000000 0.163523
374.610319 396.457925 0.034311 0.000000 0.034311
231.199971 396.803258 0.047495 0.000000 0.047495
288.778033 495.942450 0.093323 0.000000 0.093323
79.199011 91.650157 0.055622 0.000000 0.055622
290.857843 449.567175 0.066841 0.000000 0.066841
196.660285 491.389325 0.142278 0.000000 0.142278
397.365387 136.800001 0.167535 0.000000 0.167535
221.298890 471.973065 0.059718 0.000000 0.059718
57.393059 69.141166 0.109358 0.000000 0.109358
48.971752 69.732629 0.092121 0.000000 0.092121
148.375385 423.573181 0.088900 0.000000 0.088900
396.506923 445.199333 0.063026 0.000000 0.063026
481.367636 455.043428 0.088032 0.000000 0.088032
454.748001 452.863221 0.022975 0.000000 0.022975
277.753104 381.568191 0.069139 0.000000 0.069139
