1.0
1054
527.679017 380.612587 0.007073 0.000000 0.007073
152.062020 412.586233 0.036787 0.000000 0.036787
377.720083 350.748820 0.108363 0.000000 0.108363
261.698733 445.109165 0.074041 0.000000 0.074041
387.022476 507.505457 0.107140 0.000000 0.107140
580.431751 53.480070 0.140687 0.000000 0.140687
355.739972 241.358536 0.016772 0.000000 0.016772
970.819196 240.765733 0.011814 0.000000 0.011814
229.978044 415.061690 0.012018 0.000000 0.012018
294.372137 520.524818 0.060923 0.000000 0.060923
406.328091 41.897003 0.050290 0.000000 0.050290
398.124347 235.439369 0.018653 0.000000 0.018653
949.127372 437.265391 0.086049 0.000000 0.086049
685.156847 379.337338 0.004514 0.000000 0.004514
645.507252 487.093979 0.024266 0.000000 0.024266
108.255031 505.764716 0.104824 0.000000 0.104824
818.414917 338.315712 0.104289 0.000000 0.104289
137.597104 330.764881 0.037917 0.000000 0.037917
37.895761 492.078628 0.093855 0.000000 0.093855
455.307623 433.741227 0.031954 0.000000 0.031954
238.863572 353.655548 0.038592 0.000000 0.038592
557.409932 250.836256 0.024579 0.000000 0.024579
522.615208 445.889888 0.021855 0.000000 0.021855
219.730583 413.780300 0.036239 0.000000 0.036239
309.397882 409.011710 0.070069 0.000000 0.070069
502.388728 258.396101 0.021605 0.000000 0.021605
560.454595 276.192717 0.026489 0.000000 0.026489
603.071793 473.609546 0.106426 0.000000 0.106426
239.548148 413.844847 0.042998 0.000000 0.042998
179.230618 105.132762 0.064483 0.000000 0.064483
186.649848 434.745788 0.063902 0.000000 0.063902
106.718118 373.324156 0.035679 0.000000 0.035679
603.191817 361.492304 0.013462 0.000000 0.013462
429.951014 449.789531 0.027708 0.000000 0.027708
312.850072 349.642865 0.030591 0.000000 0.030591
801.252324 381.340448 0.024581 0.000000 0.024581
400.037547 386.856073 0.133012 0.000000 0.133012
706.417057 617.552078 0.127223 0.000000 0.127223
940.355666 483.596018 0.154048 0.000000 0.154048
366.053486 346.369106 0.015142 0.000000 0.015142
661.126613 315.024130 0.099924 0.000000 0.099924
406.519832 300.798930 0.016011 0.000000 0.016011
574.161188 506.268228 0.081674 0.000000 0.081674
31.130399 226.389998 0.011931 0.000000 0.011931
489.596172 527.943618 0.006842 0.000000 0.006842
339.402082 346.851263 0.021751 0.000000 0.021751
80.062084 230.458305 0.031579 0.000000 0.031579
964.132263 557.285695 0.036257 0.000000 0.036257
361.038087 304.959839 0.018351 0.000000 0.018351
986.750702 473.548069 0.095992 0.000000 0.095992
376.643156 438.685419 0.030470 0.000000 0.030470
895.407756 61.753984 0.018357 0.000000 0.018357
531.042273 481.683281 0.043212 0.000000 0.043212
506.671973 282.946075 0.018493 0.000000 0.018493
657.462108 343.406840 0.089155 0.000000 0.089155
181.409762 126.132544 0.039980 0.000000 0.039980
101.238808 277.502113 0.025444 0.000000 0.025444
96.662771 412.387562 0.123417 0.000000 0.123417
234.887134 181.715022 0.020968 0.000000 0.020968
651.060476 254.753808 0.069187 0.000000 0.069187
778.463361 151.315492 0.047075 0.000000 0.047075
778.825357 188.900528 0.095600 0.000000 0.095600
197.420555 400.365485 0.031715 0.000000 0.031715
786.727299 544.346088 0.061641 0.000000 0.061641
405.369206 490.458234 0.022649 0.000000 0.022649
488.429294 408.028184 0.011402 0.000000 0.011402
570.537996 491.527505 0.142008 0.000000 0.142008
65.956343 383.972308 0.027566 0.000000 0.027566
511.398015 498.708338 0.147354 0.000000 0.147354
96.103541 408.225192 0.004423 0.000000 0.004423
903.662371 549.718588 0.018214 0.000000 0.018214
443.268549 342.052770 0.026503 0.000000 0.026503
399.898766 414.959699 0.057814 0.000000 0.057814
658.834555 316.961046 0.033789 0.000000 0.033789
223.839367 484.524574 0.138615 0.000000 0.138615
546.247939 556.281956 0.068196 0.000000 0.068196
884.093876 108.269205 0.040232 0.000000 0.040232
152.331416 360.105190 0.037339 0.000000 0.037339
669.663264 235.152176 0.064300 0.000000 0.064300
43.878367 434.655693 0.029151 0.000000 0.029151
37.602605 296.744926 0.025647 0.000000 0.025647
824.306445 526.969972 0.062681 0.000000 0.062681
310.887411 309.542626 0.023789 0.000000 0.023789
793.057519 296.635153 0.036136 0.000000 0.036136
817.828077 229.381479 0.028097 0.000000 0.028097
35.281879 444.180784 0.017845 0.000000 0.017845
648.270952 502.344707 0.008549 0.000000 0.008549
812.942775 220.155025 0.068236 0.000000 0.068236
646.653912 20.674267 0.108393 0.000000 0.108393
608.457807 110.587448 0.009359 0.000000 0.009359
906.345589 384.241133 0.038322 0.000000 0.038322
128.654183 388.887236 0.043298 0.000000 0.043298
329.657547 441.904294 0.050915 0.000000 0.050915
705.947660 515.092539 0.004306 0.000000 0.004306
219.883361 488.483921 0.043690 0.000000 0.043690
535.725564 372.156862 0.033285 0.000000 0.033285
549.448933 600.964709 0.105889 0.000000 0.105889
862.293987 202.169854 0.017843 0.000000 0.017843
317.582489 460.757589 0.065782 0.000000 0.065782
488.597382 505.360917 0.063503 0.000000 0.063503
295.404597 368.179519 0.017697 0.000000 0.017697
584.024437 471.943987 0.047878 0.000000 0.047878
171.639780 171.743853 0.019338 0.000000 0.019338
964.009595 422.857019 0.081403 0.000000 0.081403
819.948108 312.455962 0.074380 0.000000 0.074380
823.526416 355.899580 0.085451 0.000000 0.085451
129.943181 254.248334 0.024987 0.000000 0.024987
248.706386 189.410775 0.005908 0.000000 0.005908
46.067236 302.296552 0.029490 0.000000 0.029490
962.419244 233.116608 0.045331 0.000000 0.045331
645.541844 286.769798 0.069448 0.000000 0.069448
41.391099 454.780305 0.028075 0.000000 0.028075
782.753707 550.578632 0.037883 0.000000 0.037883
229.178976 320.084540 0.051437 0.000000 0.051437
417.091312 367.882918 0.043216 0.000000 0.043216
466.001985 295.931193 0.012275 0.000000 0.012275
529.084707 509.655967 0.039585 0.000000 0.039585
685.241704 521.393640 0.055470 0.000000 0.055470
156.307922 253.607226 0.025519 0.000000 0.025519
557.756251 220.173262 0.050898 0.000000 0.050898
595.285974 439.698156 0.047588 0.000000 0.047588
220.383517 114.684968 0.026833 0.000000 0.026833
844.536915 497.653408 0.046005 0.000000 0.046005
625.312386 352.866399 0.099709 0.000000 0.099709
151.141240 223.797892 0.048197 0.000000 0.048197
601.835783 500.596828 0.029681 0.000000 0.029681
286.020768 439.760111 0.042329 0.000000 0.042329
462.165279 496.419674 0.030753 0.000000 0.030753
931.300788 179.277036 0.041246 0.000000 0.041246
883.558956 539.345711 0.097438 0.000000 0.097438
280.820370 412.367414 0.032748 0.000000 0.032748
698.479024 281.297044 0.076377 0.000000 0.076377
734.042778 136.820730 0.034016 0.000000 0.034016
774.373251 158.102123 0.005193 0.000000 0.005193
142.150323 322.961357 0.057104 0.000000 0.057104
261.286764 507.305764 0.051816 0.000000 0.051816
513.898733 553.539842 0.103156 0.000000 0.103156
434.093534 183.074405 0.019755 0.000000 0.019755
822.995171 362.423060 0.040103 0.000000 0.040103
614.968728 180.849915 0.008904 0.000000 0.008904
360.123471 487.298149 0.057315 0.000000 0.057315
655.321952 326.448652 0.065300 0.000000 0.065300
943.451757 99.914432 0.021496 0.000000 0.021496
358.454604 478.638941 0.027593 0.000000 0.027593
148.013467 374.747872 0.019919 0.000000 0.019919
775.300313 323.677031 0.030050 0.000000 0.030050
654.711683 250.356742 0.065203 0.000000 0.065203
679.908876 285.038039 0.030541 0.000000 0.030541
678.643680 207.664082 0.059115 0.000000 0.059115
14.195094 510.031270 0.039078 0.000000 0.039078
411.277200 452.615917 0.037865 0.000000 0.037865
14.953246 263.219984 0.027195 0.000000 0.027195
312.638375 484.837857 0.091290 0.000000 0.091290
78.953293 347.165716 0.032773 0.000000 0.032773
557.081960 490.010685 0.032405 0.000000 0.032405
776.951697 651.346496 0.110746 0.000000 0.110746
638.699231 84.301139 0.042376 0.000000 0.042376
68.686722 374.622883 0.051795 0.000000 0.051795
588.199757 208.127602 0.017903 0.000000 0.017903
698.773898 225.701445 0.019710 0.000000 0.019710
331.078867 491.657201 0.068292 0.000000 0.068292
205.779498 432.911511 0.067974 0.000000 0.067974
226.947451 34.808076 0.027154 0.000000 0.027154
805.525220 654.387399 0.091956 0.000000 0.091956
881.913222 499.534840 0.034893 0.000000 0.034893
970.429404 327.678371 0.027090 0.000000 0.027090
177.201385 448.919138 0.065944 0.000000 0.065944
227.660078 486.220714 0.004042 0.000000 0.004042
938.980168 205.872500 0.016266 0.000000 0.016266
369.468863 554.276599 0.056186 0.000000 0.056186
533.899946 189.657405 0.072165 0.000000 0.072165
215.330031 364.716247 0.056371 0.000000 0.056371
352.521101 431.855189 0.071163 0.000000 0.071163
670.118355 316.001983 0.035572 0.000000 0.035572
874.849398 351.287167 0.134142 0.000000 0.134142
362.023035 476.431646 0.055790 0.000000 0.055790
919.370471 475.330815 0.088363 0.000000 0.088363
196.588141 172.163538 0.047762 0.000000 0.047762
49.393123 211.747185 0.009717 0.000000 0.009717
775.624151 170.662026 0.059920 0.000000 0.059920
833.164448 173.286806 0.026399 0.000000 0.026399
908.003653 442.008046 0.097169 0.000000 0.097169
981.856374 250.628161 0.019521 0.000000 0.019521
524.842962 532.729196 0.073311 0.000000 0.073311
469.166835 336.461293 0.022254 0.000000 0.022254
779.588167 441.212256 0.085958 0.000000 0.085958
951.283653 407.202252 0.031054 0.000000 0.031054
462.789213 357.832916 0.060721 0.000000 0.060721
622.423687 404.493316 0.075100 0.000000 0.075100
444.593923 480.382945 0.102798 0.000000 0.102798
982.707362 494.168296 0.035178 0.000000 0.035178
670.000014 374.987187 0.023243 0.000000 0.023243
491.754185 511.330705 0.053144 0.000000 0.053144
614.493321 209.911320 0.148725 0.000000 0.148725
92.940068 270.246825 0.023470 0.000000 0.023470
103.739139 226.550567 0.024250 0.000000 0.024250
205.328176 259.394150 0.042624 0.000000 0.042624
522.395376 390.306117 0.028345 0.000000 0.028345
977.927209 229.271665 0.031807 0.000000 0.031807
608.919636 472.438167 0.072820 0.000000 0.072820
940.246823 371.089595 0.038239 0.000000 0.038239
65.305246 240.364289 0.020013 0.000000 0.020013
255.881893 377.661722 0.025600 0.000000 0.025600
430.767153 152.973663 0.054585 0.000000 0.054585
585.018448 213.314614 0.032441 0.000000 0.032441
520.017238 528.948742 0.106026 0.000000 0.106026
945.803112 135.688263 0.028417 0.000000 0.028417
763.948414 145.975727 0.044030 0.000000 0.044030
722.999266 323.873755 0.088231 0.000000 0.088231
208.047481 365.216647 0.079080 0.000000 0.079080
676.555042 629.168945 0.075720 0.000000 0.075720
899.803574 520.895924 0.118032 0.000000 0.118032
962.552495 249.925305 0.038079 0.000000 0.038079
217.758260 472.506548 0.038335 0.000000 0.038335
501.429878 373.754546 0.060060 0.000000 0.060060
568.201123 513.077085 0.017463 0.000000 0.017463
104.627577 417.081191 0.024979 0.000000 0.024979
686.387420 317.319588 0.049120 0.000000 0.049120
895.749425 401.771800 0.005676 0.000000 0.005676
217.910856 92.346026 0.117349 0.000000 0.117349
593.402695 295.214704 0.042524 0.000000 0.042524
460.889813 348.423632 0.115362 0.000000 0.115362
627.412843 401.029265 0.019973 0.000000 0.019973
119.671768 262.749249 0.018475 0.000000 0.018475
765.956054 234.164610 0.044977 0.000000 0.044977
164.767845 471.877616 0.050383 0.000000 0.050383
475.890798 521.437340 0.023522 0.000000 0.023522
283.593442 549.963023 0.092088 0.000000 0.092088
405.788134 56.973182 0.020462 0.000000 0.020462
57.796662 338.412304 0.006004 0.000000 0.006004
859.103143 131.696226 0.059341 0.000000 0.059341
249.672239 329.954436 0.011652 0.000000 0.011652
606.292016 172.760399 0.056612 0.000000 0.056612
612.041533 202.858098 0.050763 0.000000 0.050763
850.487447 544.983927 0.081381 0.000000 0.081381
362.234494 467.637850 0.021319 0.000000 0.021319
348.811167 500.959446 0.101337 0.000000 0.101337
9.658343 110.584198 0.054124 0.000000 0.054124
215.172918 90.494305 0.053137 0.000000 0.053137
283.476252 490.435838 0.075890 0.000000 0.075890
408.644005 501.688163 0.115538 0.000000 0.115538
208.648682 191.610759 0.034030 0.000000 0.034030
167.978299 194.279626 0.006812 0.000000 0.006812
870.616957 200.170590 0.070523 0.000000 0.070523
629.259346 321.800408 0.063991 0.000000 0.063991
892.004886 457.057393 0.104426 0.000000 0.104426
274.283274 182.999762 0.016699 0.000000 0.016699
832.320546 422.915677 0.116262 0.000000 0.116262
865.522629 513.173292 0.041941 0.000000 0.041941
591.099200 287.480890 0.047936 0.000000 0.047936
69.266221 296.827159 0.042927 0.000000 0.042927
582.300179 142.805287 0.072261 0.000000 0.072261
702.935270 250.093628 0.109001 0.000000 0.109001
808.632747 595.934766 0.012307 0.000000 0.012307
178.213913 477.715088 0.027292 0.000000 0.027292
886.908198 121.871544 0.051010 0.000000 0.051010
436.493139 302.250393 0.013254 0.000000 0.013254
814.876027 236.592717 0.083678 0.000000 0.083678
504.664727 334.318433 0.028481 0.000000 0.028481
592.917820 157.538912 0.010465 0.000000 0.010465
691.360290 328.474358 0.084901 0.000000 0.084901
869.237590 526.955052 0.071381 0.000000 0.071381
219.524672 96.855275 0.009601 0.000000 0.009601
431.721962 358.620278 0.101717 0.000000 0.101717
879.901957 116.356967 0.057393 0.000000 0.057393
893.646654 443.330500 0.067364 0.000000 0.067364
940.850794 235.915376 0.053849 0.000000 0.053849
353.164457 521.462971 0.033499 0.000000 0.033499
341.677159 459.700605 0.094372 0.000000 0.094372
945.719130 364.889009 0.137353 0.000000 0.137353
355.592251 454.946289 0.019730 0.000000 0.019730
945.916920 407.042779 0.115751 0.000000 0.115751
512.730475 518.263292 0.092828 0.000000 0.092828
746.300144 331.027227 0.112098 0.000000 0.112098
171.050978 122.364882 0.027809 0.000000 0.027809
740.804881 335.445076 0.053786 0.000000 0.053786
963.160948 586.336511 0.032144 0.000000 0.032144
591.047470 466.112615 0.064503 0.000000 0.064503
97.796467 395.635345 0.044105 0.000000 0.044105
493.126474 327.488102 0.070474 0.000000 0.070474
368.536813 523.202234 0.090221 0.000000 0.090221
571.312407 225.281727 0.133884 0.000000 0.133884
221.829361 41.106751 0.075081 0.000000 0.075081
353.132140 339.058062 0.010114 0.000000 0.010114
842.225099 243.293194 0.142863 0.000000 0.142863
89.755572 235.060496 0.018808 0.000000 0.018808
700.157383 161.032689 0.043609 0.000000 0.043609
262.828367 369.814888 0.046264 0.000000 0.046264
819.699329 655.434019 0.137215 0.000000 0.137215
672.904952 391.968755 0.029739 0.000000 0.029739
510.531589 197.069833 0.048782 0.000000 0.048782
208.300197 19.998756 0.041725 0.000000 0.041725
217.934400 448.314263 0.021928 0.000000 0.021928
320.954236 321.013788 0.031234 0.000000 0.031234
211.866401 292.629522 0.064890 0.000000 0.064890
383.938014 409.435844 0.069087 0.000000 0.069087
438.905365 380.305536 0.066264 0.000000 0.066264
899.199975 525.250602 0.065929 0.000000 0.065929
120.426215 282.817813 0.032661 0.000000 0.032661
969.959762 92.266852 0.074469 0.000000 0.074469
925.164684 476.186928 0.127222 0.000000 0.127222
210.416256 369.284501 0.016378 0.000000 0.016378
212.304445 509.488876 0.038941 0.000000 0.038941
948.125405 327.425455 0.061997 0.000000 0.061997
901.634291 415.712270 0.124050 0.000000 0.124050
862.419280 82.253230 0.027358 0.000000 0.027358
581.636504 415.668863 0.021052 0.000000 0.021052
760.105992 149.116398 0.129599 0.000000 0.129599
717.787550 488.176590 0.006244 0.000000 0.006244
660.634862 507.933723 0.034316 0.000000 0.034316
906.304960 509.774184 0.072888 0.000000 0.072888
906.474045 412.923658 0.018966 0.000000 0.018966
666.375450 439.948605 0.007318 0.000000 0.007318
182.744904 87.680012 0.101295 0.000000 0.101295
414.327728 358.456178 0.008469 0.000000 0.008469
496.718678 163.943812 0.045624 0.000000 0.045624
524.372238 163.749921 0.032480 0.000000 0.032480
235.181439 538.064542 0.007930 0.000000 0.007930
518.302316 551.143535 0.033802 0.000000 0.033802
702.512768 251.587302 0.053173 0.000000 0.053173
854.458271 196.659103 0.045920 0.000000 0.045920
864.947986 146.992088 0.107388 0.000000 0.107388
355.760720 549.063239 0.028602 0.000000 0.028602
512.680052 269.935851 0.019703 0.000000 0.019703
542.421339 551.911871 0.060301 0.000000 0.060301
460.220495 428.084067 0.067161 0.000000 0.067161
175.225507 276.460202 0.042801 0.000000 0.042801
320.565059 490.667850 0.014324 0.000000 0.014324
231.846047 354.209409 0.076632 0.000000 0.076632
902.842300 505.670585 0.099607 0.000000 0.099607
542.007831 539.627517 0.065220 0.000000 0.065220
815.610386 456.650815 0.075512 0.000000 0.075512
708.014409 315.189743 0.013808 0.000000 0.013808
559.443830 497.885636 0.131813 0.000000 0.131813
893.590418 492.729399 0.018698 0.000000 0.018698
488.661716 207.560579 0.048878 0.000000 0.048878
728.848319 144.156618 0.141700 0.000000 0.141700
26.740533 389.521781 0.034612 0.000000 0.034612
552.701201 470.911004 0.102738 0.000000 0.102738
336.114846 311.584168 0.018662 0.000000 0.018662
200.864298 472.753362 0.046933 0.000000 0.046933
841.587594 60.814787 0.063081 0.000000 0.063081
460.436474 69.379745 0.047846 0.000000 0.047846
799.974792 189.651734 0.043486 0.000000 0.043486
800.277052 310.206771 0.017243 0.000000 0.017243
323.578526 340.084382 0.019399 0.000000 0.019399
502.755942 526.127471 0.049092 0.000000 0.049092
263.931476 494.004888 0.027739 0.000000 0.027739
648.754857 381.146437 0.085086 0.000000 0.085086
21.149659 307.594279 0.043947 0.000000 0.043947
427.727254 506.341494 0.079944 0.000000 0.079944
138.755213 317.074066 0.006670 0.000000 0.006670
940.931233 300.798769 0.047297 0.000000 0.047297
219.582553 87.504416 0.022704 0.000000 0.022704
199.696959 190.779026 0.055199 0.000000 0.055199
806.836549 317.968397 0.083559 0.000000 0.083559
278.583404 265.035853 0.067986 0.000000 0.067986
356.479133 408.375493 0.087186 0.000000 0.087186
262.075523 289.455875 0.035044 0.000000 0.035044
889.378321 361.621718 0.022050 0.000000 0.022050
379.351581 333.164423 0.092428 0.000000 0.092428
916.921287 196.751061 0.031989 0.000000 0.031989
855.182600 369.965066 0.010264 0.000000 0.010264
457.478318 325.710771 0.005886 0.000000 0.005886
348.313183 537.101290 0.020479 0.000000 0.020479
125.701613 366.413349 0.099710 0.000000 0.099710
259.649648 452.094156 0.069174 0.000000 0.069174
529.504648 185.455292 0.039801 0.000000 0.039801
916.754265 489.866177 0.046018 0.000000 0.046018
331.362582 422.113278 0.004518 0.000000 0.004518
842.914433 231.727614 0.047773 0.000000 0.047773
822.610925 513.989857 0.129863 0.000000 0.129863
945.765037 426.005355 0.080760 0.000000 0.080760
951.269575 113.652794 0.048103 0.000000 0.048103
652.870741 163.693970 0.057362 0.000000 0.057362
617.928277 403.732817 0.021204 0.000000 0.021204
783.936955 142.001005 0.046889 0.000000 0.046889
446.906123 437.804048 0.050703 0.000000 0.050703
833.640173 463.988476 0.115796 0.000000 0.115796
351.683417 539.361339 0.008104 0.000000 0.008104
887.707054 138.312054 0.045861 0.000000 0.045861
202.899981 364.622564 0.009712 0.000000 0.009712
168.740731 181.574997 0.063666 0.000000 0.063666
953.941885 386.960560 0.091310 0.000000 0.091310
820.376890 382.364217 0.138193 0.000000 0.138193
949.426563 30.861539 0.083678 0.000000 0.083678
455.290311 311.254082 0.015737 0.000000 0.015737
976.387327 234.455698 0.137941 0.000000 0.137941
237.812262 439.329670 0.019036 0.000000 0.019036
145.605779 485.171719 0.074987 0.000000 0.074987
921.310770 510.485535 0.067280 0.000000 0.067280
902.802688 523.053418 0.019438 0.000000 0.019438
530.090344 517.605360 0.069471 0.000000 0.069471
129.925202 124.034555 0.025720 0.000000 0.025720
248.606707 433.824324 0.125911 0.000000 0.125911
172.304930 150.513275 0.066912 0.000000 0.066912
295.712206 376.574210 0.058969 0.000000 0.058969
269.112932 514.576256 0.011508 0.000000 0.011508
55.657824 259.093568 0.035756 0.000000 0.035756
944.965428 35.730036 0.039120 0.000000 0.039120
878.775422 172.831859 0.138209 0.000000 0.138209
636.801216 507.496460 0.034912 0.000000 0.034912
858.736924 226.190528 0.108180 0.000000 0.108180
705.933439 215.113822 0.091183 0.000000 0.091183
633.598537 68.347033 0.087637 0.000000 0.087637
489.192161 448.407597 0.027311 0.000000 0.027311
944.918826 403.570684 0.011217 0.000000 0.011217
952.106390 355.784855 0.104075 0.000000 0.104075
547.295850 469.444582 0.128165 0.000000 0.128165
694.462721 182.603610 0.039108 0.000000 0.039108
534.157603 537.811614 0.023690 0.000000 0.023690
840.814934 386.686074 0.048103 0.000000 0.048103
566.882679 194.048844 0.078733 0.000000 0.078733
384.264128 403.707732 0.054666 0.000000 0.054666
531.755027 548.869271 0.010431 0.000000 0.010431
421.131172 438.572660 0.112172 0.000000 0.112172
268.528983 298.160422 0.059207 0.000000 0.059207
826.111293 314.972053 0.043976 0.000000 0.043976
653.247664 340.330260 0.051647 0.000000 0.051647
391.872499 87.704120 0.043651 0.000000 0.043651
613.656130 198.331081 0.140428 0.000000 0.140428
46.866248 351.046033 0.012672 0.000000 0.012672
703.360956 219.195373 0.113523 0.000000 0.113523
424.016923 347.877496 0.159020 0.000000 0.159020
162.499086 20.817587 0.014330 0.000000 0.014330
320.156307 188.057787 0.018677 0.000000 0.018677
244.965166 353.063863 0.149496 0.000000 0.149496
895.504683 335.461036 0.110191 0.000000 0.110191
507.224297 173.270688 0.020107 0.000000 0.020107
517.798574 511.044642 0.019056 0.000000 0.019056
489.566624 473.816343 0.032559 0.000000 0.032559
642.624429 508.976842 0.063578 0.000000 0.063578
499.679504 305.897486 0.043514 0.000000 0.043514
793.397016 544.529450 0.049689 0.000000 0.049689
374.843033 524.185517 0.041927 0.000000 0.041927
94.224186 420.040171 0.017710 0.000000 0.017710
467.920691 398.217003 0.093052 0.000000 0.093052
558.367946 467.680375 0.034620 0.000000 0.034620
224.570508 150.065909 0.033136 0.000000 0.033136
879.984800 164.817767 0.078180 0.000000 0.078180
866.663736 167.516428 0.066058 0.000000 0.066058
501.870556 440.926872 0.134465 0.000000 0.134465
402.932528 352.338448 0.054864 0.000000 0.054864
167.255026 386.712366 0.025163 0.000000 0.025163
914.687008 138.289524 0.028388 0.000000 0.028388
957.590787 117.059384 0.048286 0.000000 0.048286
405.676726 365.303713 0.018019 0.000000 0.018019
608.084752 252.298444 0.139436 0.000000 0.139436
420.807483 313.602620 0.020204 0.000000 0.020204
417.753380 285.295774 0.020557 0.000000 0.020557
933.804718 401.071604 0.077858 0.000000 0.077858
843.403664 583.024423 0.008340 0.000000 0.008340
385.947487 378.390302 0.016332 0.000000 0.016332
602.771666 461.180933 0.110933 0.000000 0.110933
278.035848 360.869451 0.055513 0.000000 0.055513
877.259352 347.649003 0.098399 0.000000 0.098399
89.277322 246.386642 0.052142 0.000000 0.052142
848.532158 528.542203 0.085448 0.000000 0.085448
834.786748 504.158951 0.041422 0.000000 0.041422
350.483136 318.378964 0.025481 0.000000 0.025481
679.880830 191.826518 0.066680 0.000000 0.066680
301.951829 492.962209 0.100414 0.000000 0.100414
169.252496 288.256947 0.012697 0.000000 0.012697
429.538272 340.860688 0.030392 0.000000 0.030392
184.092875 385.103818 0.050786 0.000000 0.050786
643.847249 171.076063 0.037853 0.000000 0.037853
293.392432 113.824821 0.008222 0.000000 0.008222
21.248581 280.384850 0.036674 0.000000 0.036674
888.161959 368.028512 0.084699 0.000000 0.084699
934.565309 431.607522 0.084350 0.000000 0.084350
680.369063 248.081441 0.052415 0.000000 0.052415
763.018846 76.441803 0.081871 0.000000 0.081871
464.638653 413.018395 0.052281 0.000000 0.052281
797.417395 150.753299 0.035403 0.000000 0.035403
276.848499 526.506768 0.068040 0.000000 0.068040
646.175718 237.901408 0.068396 0.000000 0.068396
884.145066 420.309810 0.007430 0.000000 0.007430
51.285570 326.229851 0.057885 0.000000 0.057885
754.831310 533.300974 0.004543 0.000000 0.004543
666.904825 245.590122 0.036345 0.000000 0.036345
649.053423 204.469865 0.077172 0.000000 0.077172
219.588080 181.603980 0.072374 0.000000 0.072374
938.058290 18.710125 0.041529 0.000000 0.041529
819.984086 136.249087 0.124350 0.000000 0.124350
829.562757 459.477002 0.068886 0.000000 0.068886
832.281903 409.308013 0.034476 0.000000 0.034476
645.171524 60.214224 0.004085 0.000000 0.004085
290.721502 388.610769 0.007836 0.000000 0.007836
874.518153 313.024494 0.079774 0.000000 0.079774
816.506417 546.032081 0.073190 0.000000 0.073190
868.413206 162.497979 0.141809 0.000000 0.141809
579.307825 209.552786 0.090938 0.000000 0.090938
66.679476 471.596948 0.012584 0.000000 0.012584
648.543436 279.120115 0.076496 0.000000 0.076496
18.372864 674.001375 0.024856 0.000000 0.024856
842.385221 180.895334 0.041741 0.000000 0.041741
695.960950 86.569198 0.119188 0.000000 0.119188
418.606088 71.675008 0.072200 0.000000 0.072200
854.172775 225.894751 0.035509 0.000000 0.035509
924.591670 445.892287 0.065397 0.000000 0.065397
97.360622 325.997070 0.045649 0.000000 0.045649
975.040929 301.476094 0.024021 0.000000 0.024021
532.937945 167.296211 0.027686 0.000000 0.027686
609.240509 395.128528 0.042360 0.000000 0.042360
645.446605 82.277229 0.034695 0.000000 0.034695
232.198573 42.463876 0.037217 0.000000 0.037217
854.731043 315.935526 0.090232 0.000000 0.090232
265.839720 461.687881 0.065309 0.000000 0.065309
954.720121 350.334662 0.069604 0.000000 0.069604
15.051405 111.202427 0.146452 0.000000 0.146452
571.126171 373.916269 0.060204 0.000000 0.060204
772.677427 509.559121 0.041545 0.000000 0.041545
862.762688 316.096286 0.017854 0.000000 0.017854
871.378855 160.502903 0.045556 0.000000 0.045556
760.639451 534.690713 0.022124 0.000000 0.022124
572.216624 365.093137 0.030045 0.000000 0.030045
270.293683 395.645499 0.094828 0.000000 0.094828
293.051728 526.146960 0.086328 0.000000 0.086328
382.137655 502.630684 0.069271 0.000000 0.069271
655.111586 509.691737 0.056047 0.000000 0.056047
915.711825 87.033150 0.020232 0.000000 0.020232
877.181757 161.509917 0.157686 0.000000 0.157686
853.562981 503.483296 0.014290 0.000000 0.014290
156.601079 465.230301 0.023668 0.000000 0.023668
967.955240 302.174685 0.103616 0.000000 0.103616
554.876706 271.414565 0.126351 0.000000 0.126351
806.397604 603.047575 0.075939 0.000000 0.075939
849.402046 161.394824 0.105140 0.000000 0.105140
763.603124 507.252579 0.007421 0.000000 0.007421
816.928704 385.350630 0.047196 0.000000 0.047196
522.976296 504.364322 0.066468 0.000000 0.066468
897.307869 214.893654 0.076844 0.000000 0.076844
18.121209 430.704699 0.018596 0.000000 0.018596
297.949008 513.920506 0.069281 0.000000 0.069281
844.149184 549.622103 0.016775 0.000000 0.016775
934.091592 146.781696 0.040740 0.000000 0.040740
851.872968 215.274268 0.083040 0.000000 0.083040
646.177437 361.219690 0.073504 0.000000 0.073504
670.012509 288.657906 0.004352 0.000000 0.004352
334.136069 421.142447 0.020863 0.000000 0.020863
191.046838 269.634470 0.039392 0.000000 0.039392
772.074311 274.889217 0.122531 0.000000 0.122531
315.686699 301.002839 0.056612 0.000000 0.056612
257.557515 334.676756 0.023336 0.000000 0.023336
268.194968 34.796479 0.150776 0.000000 0.150776
107.585996 393.440507 0.083742 0.000000 0.083742
828.056556 136.860035 0.059334 0.000000 0.059334
183.717980 98.219594 0.067249 0.000000 0.067249
859.243123 415.775644 0.057206 0.000000 0.057206
872.262937 231.822720 0.123643 0.000000 0.123643
852.475608 152.202280 0.066679 0.000000 0.066679
945.474066 443.631611 0.044630 0.000000 0.044630
786.935543 321.896179 0.147258 0.000000 0.147258
412.521538 484.645228 0.045441 0.000000 0.045441
779.990219 165.422677 0.066034 0.000000 0.066034
322.659786 467.899753 0.017346 0.000000 0.017346
672.518837 252.901973 0.062437 0.000000 0.062437
319.544136 298.633847 0.032196 0.000000 0.032196
627.930516 170.577403 0.054588 0.000000 0.054588
613.522776 136.078038 0.033920 0.000000 0.033920
86.889355 522.932423 0.120344 0.000000 0.120344
895.114249 511.421634 0.135934 0.000000 0.135934
336.118485 552.725346 0.135003 0.000000 0.135003
226.371080 15.294488 0.076019 0.000000 0.076019
729.175749 187.508877 0.085144 0.000000 0.085144
830.354222 391.553511 0.111873 0.000000 0.111873
573.040497 191.468800 0.083615 0.000000 0.083615
927.243359 95.159242 0.007046 0.000000 0.007046
537.601697 490.549998 0.006793 0.000000 0.006793
539.207159 311.559912 0.030886 0.000000 0.030886
852.449267 392.182196 0.037278 0.000000 0.037278
500.048447 543.457027 0.026649 0.000000 0.026649
672.603641 186.370182 0.043257 0.000000 0.043257
667.787167 286.536132 0.027201 0.000000 0.027201
869.479395 313.804035 0.048124 0.000000 0.048124
835.919428 358.984355 0.106445 0.000000 0.106445
815.551842 425.316985 0.061756 0.000000 0.061756
444.306044 166.080863 0.009084 0.000000 0.009084
31.277284 487.784974 0.041035 0.000000 0.041035
723.393672 141.584464 0.077638 0.000000 0.077638
79.634780 19.585647 0.029897 0.000000 0.029897
728.642142 336.808810 0.103801 0.000000 0.103801
679.569062 30.060232 0.051660 0.000000 0.051660
420.707204 344.214552 0.077953 0.000000 0.077953
512.007513 513.582702 0.042399 0.000000 0.042399
593.899699 348.775239 0.071869 0.000000 0.071869
708.074684 246.128637 0.082959 0.000000 0.082959
279.953701 439.132214 0.009829 0.000000 0.009829
836.876256 230.533784 0.071691 0.000000 0.071691
856.851554 148.004880 0.037500 0.000000 0.037500
936.545605 467.502734 0.063156 0.000000 0.063156
405.866558 426.080837 0.123838 0.000000 0.123838
810.146916 429.644915 0.158110 0.000000 0.158110
477.051409 354.999233 0.084470 0.000000 0.084470
580.086645 86.778556 0.034430 0.000000 0.034430
555.550566 161.676275 0.052071 0.000000 0.052071
666.411332 358.996736 0.039418 0.000000 0.039418
929.614379 409.988383 0.027076 0.000000 0.027076
503.346511 510.901447 0.162978 0.000000 0.162978
227.403915 532.357983 0.054221 0.000000 0.054221
463.892900 211.672310 0.034385 0.000000 0.034385
883.308976 382.425669 0.022602 0.000000 0.022602
901.077263 540.967191 0.036426 0.000000 0.036426
39.000734 369.042833 0.033058 0.000000 0.033058
67.603678 519.597330 0.004283 0.000000 0.004283
239.221621 322.389914 0.037137 0.000000 0.037137
931.354830 503.284337 0.068506 0.000000 0.068506
132.272938 333.960926 0.072277 0.000000 0.072277
100.858941 521.472164 0.038211 0.000000 0.038211
798.115815 234.307750 0.093882 0.000000 0.093882
19.410781 216.946536 0.018256 0.000000 0.018256
357.353704 507.561546 0.066401 0.000000 0.066401
459.285006 287.157166 0.065412 0.000000 0.065412
840.644335 452.314647 0.113656 0.000000 0.113656
331.406625 257.715045 0.029030 0.000000 0.029030
632.824550 213.911092 0.036853 0.000000 0.036853
86.660381 400.003720 0.039398 0.000000 0.039398
636.537144 319.389216 0.079460 0.000000 0.079460
443.656195 287.083786 0.070064 0.000000 0.070064
408.397050 244.894802 0.010780 0.000000 0.010780
826.698183 426.430276 0.069249 0.000000 0.069249
891.929412 356.770598 0.165182 0.000000 0.165182
901.370589 349.038014 0.008253 0.000000 0.008253
846.432849 423.769600 0.121906 0.000000 0.121906
845.722632 57.413116 0.099886 0.000000 0.099886
555.370304 131.660255 0.113361 0.000000 0.113361
267.713452 438.789062 0.037124 0.000000 0.037124
935.542942 375.648864 0.067618 0.000000 0.067618
200.173328 369.979240 0.060764 0.000000 0.060764
696.357389 322.803587 0.010968 0.000000 0.010968
381.900747 521.264555 0.013544 0.000000 0.013544
646.469839 424.125867 0.022157 0.000000 0.022157
427.750355 244.530611 0.034097 0.000000 0.034097
649.480187 315.525904 0.143636 0.000000 0.143636
546.258993 147.910633 0.010470 0.000000 0.010470
904.767992 357.783850 0.125999 0.000000 0.125999
626.965228 229.370085 0.072422 0.000000 0.072422
794.303306 176.412895 0.075707 0.000000 0.075707
913.946692 101.296565 0.020348 0.000000 0.020348
174.654245 293.073278 0.043057 0.000000 0.043057
922.060209 500.098981 0.089388 0.000000 0.089388
853.341137 408.070255 0.017565 0.000000 0.017565
735.599766 187.117328 0.085041 0.000000 0.085041
801.914663 515.080019 0.124352 0.000000 0.124352
847.855181 227.761009 0.109751 0.000000 0.109751
781.577921 231.431192 0.080685 0.000000 0.080685
850.090445 158.524065 0.022992 0.000000 0.022992
945.327239 199.965809 0.059370 0.000000 0.059370
341.120807 536.114567 0.085375 0.000000 0.085375
865.213056 306.106274 0.005178 0.000000 0.005178
449.745578 283.500847 0.019402 0.000000 0.019402
438.369205 93.760156 0.018163 0.000000 0.018163
412.007335 442.780796 0.164311 0.000000 0.164311
607.167207 453.169008 0.093773 0.000000 0.093773
407.110033 377.437374 0.075434 0.000000 0.075434
933.923302 14.896931 0.087911 0.000000 0.087911
510.203997 321.198270 0.017869 0.000000 0.017869
922.835001 411.088321 0.057505 0.000000 0.057505
907.533346 134.643288 0.046879 0.000000 0.046879
637.961341 343.554398 0.133068 0.000000 0.133068
828.654866 471.866566 0.013119 0.000000 0.013119
851.308173 520.522396 0.049449 0.000000 0.049449
671.832156 171.939944 0.017831 0.000000 0.017831
232.582172 23.075109 0.111705 0.000000 0.111705
210.148267 458.718252 0.044911 0.000000 0.044911
629.456710 376.171906 0.125183 0.000000 0.125183
626.830524 216.812530 0.060560 0.000000 0.060560
445.434151 91.716478 0.028486 0.000000 0.028486
333.133573 478.413944 0.147496 0.000000 0.147496
823.298539 488.259205 0.131161 0.000000 0.131161
642.377784 389.024453 0.050478 0.000000 0.050478
643.185185 337.555038 0.053157 0.000000 0.053157
923.060262 364.493649 0.004737 0.000000 0.004737
653.428969 286.236011 0.039120 0.000000 0.039120
913.981446 516.117941 0.079538 0.000000 0.079538
168.273698 199.297375 0.034207 0.000000 0.034207
777.417107 193.639203 0.012415 0.000000 0.012415
836.081934 363.633809 0.055498 0.000000 0.055498
220.809917 214.045529 0.044720 0.000000 0.044720
569.413099 160.421050 0.034219 0.000000 0.034219
863.079453 540.098502 0.066242 0.000000 0.066242
161.399905 323.135797 0.042790 0.000000 0.042790
62.508164 225.770083 0.022697 0.000000 0.022697
786.217516 435.528794 0.023687 0.000000 0.023687
419.691817 551.196170 0.031364 0.000000 0.031364
475.287725 444.871432 0.110053 0.000000 0.110053
846.569686 367.751592 0.091647 0.000000 0.091647
842.854987 446.448347 0.089570 0.000000 0.089570
337.553459 525.575269 0.005733 0.000000 0.005733
122.081797 357.027193 0.031556 0.000000 0.031556
652.828524 56.956348 0.077275 0.000000 0.077275
507.777985 549.350230 0.138228 0.000000 0.138228
904.002820 394.618043 0.061634 0.000000 0.061634
633.638455 295.553514 0.083167 0.000000 0.083167
800.784001 227.210186 0.149448 0.000000 0.149448
572.138735 495.887682 0.123854 0.000000 0.123854
961.044132 367.916690 0.075625 0.000000 0.075625
78.426692 491.336467 0.171251 0.000000 0.171251
114.634742 409.320050 0.064149 0.000000 0.064149
965.665058 417.845039 0.085351 0.000000 0.085351
870.782831 545.577957 0.028718 0.000000 0.028718
808.591069 513.450374 0.116901 0.000000 0.116901
823.684352 342.897629 0.082726 0.000000 0.082726
59.911192 466.553252 0.086895 0.000000 0.086895
816.265840 418.795508 0.127160 0.000000 0.127160
706.401163 154.449308 0.083851 0.000000 0.083851
674.987603 529.986705 0.025878 0.000000 0.025878
423.982382 486.457762 0.037925 0.000000 0.037925
763.773582 183.985926 0.136681 0.000000 0.136681
448.298828 365.296611 0.141649 0.000000 0.141649
190.646941 253.733663 0.071749 0.000000 0.071749
188.099264 398.615066 0.046573 0.000000 0.046573
105.468126 201.593352 0.030198 0.000000 0.030198
84.678387 463.714162 0.008074 0.000000 0.008074
945.846303 164.682357 0.028685 0.000000 0.028685
595.411039 472.865742 0.102544 0.000000 0.102544
151.846582 267.171681 0.031402 0.000000 0.031402
107.362612 388.257457 0.135214 0.000000 0.135214
144.063739 633.157130 0.070438 0.000000 0.070438
812.748440 335.092855 0.086435 0.000000 0.086435
797.837753 519.784329 0.167572 0.000000 0.167572
622.390493 343.423614 0.060360 0.000000 0.060360
428.858998 99.031493 0.032770 0.000000 0.032770
847.056042 404.854495 0.069359 0.000000 0.069359
552.478435 427.917690 0.029278 0.000000 0.029278
599.114392 465.716244 0.078596 0.000000 0.078596
785.358997 497.801568 0.054160 0.000000 0.054160
726.405891 107.236397 0.019354 0.000000 0.019354
287.779357 237.977030 0.042802 0.000000 0.042802
902.459827 311.636224 0.013521 0.000000 0.013521
982.762441 515.925855 0.159357 0.000000 0.159357
234.963910 447.334323 0.077115 0.000000 0.077115
912.081746 601.110003 0.026808 0.000000 0.026808
323.343875 61.786704 0.033361 0.000000 0.033361
803.345870 495.271622 0.109187 0.000000 0.109187
370.832167 539.739593 0.100503 0.000000 0.100503
556.964472 513.468722 0.140913 0.000000 0.140913
841.345122 458.796639 0.167900 0.000000 0.167900
794.418768 516.298338 0.113548 0.000000 0.113548
743.350775 277.310145 0.101645 0.000000 0.101645
388.567923 65.773074 0.019895 0.000000 0.019895
799.407012 333.888486 0.072939 0.000000 0.072939
967.551210 309.550226 0.151150 0.000000 0.151150
305.981669 388.717422 0.031516 0.000000 0.031516
662.609897 453.862866 0.076681 0.000000 0.076681
616.408606 218.268295 0.050063 0.000000 0.050063
223.573970 212.965915 0.107856 0.000000 0.107856
256.021628 443.321254 0.085037 0.000000 0.085037
111.849610 415.363393 0.061480 0.000000 0.061480
737.970752 277.673867 0.101200 0.000000 0.101200
947.757103 152.374627 0.035017 0.000000 0.035017
202.837559 447.806427 0.015208 0.000000 0.015208
480.305445 442.809866 0.046557 0.000000 0.046557
792.614801 184.048896 0.044584 0.000000 0.044584
663.206356 279.119273 0.026233 0.000000 0.026233
90.331597 255.358909 0.014578 0.000000 0.014578
990.620625 560.808469 0.143426 0.000000 0.143426
649.659185 196.443833 0.064991 0.000000 0.064991
590.923340 496.358879 0.060959 0.000000 0.060959
117.795548 429.314005 0.110737 0.000000 0.110737
659.411461 349.438642 0.100912 0.000000 0.100912
963.294017 257.267705 0.116680 0.000000 0.116680
465.149224 459.912093 0.031879 0.000000 0.031879
512.607999 178.071213 0.062987 0.000000 0.062987
555.940989 325.286939 0.059111 0.000000 0.059111
481.601511 466.681086 0.074224 0.000000 0.074224
460.042219 456.960710 0.089252 0.000000 0.089252
534.132132 35.216581 0.015028 0.000000 0.015028
832.684042 548.495754 0.139877 0.000000 0.139877
234.036596 152.715511 0.008928 0.000000 0.008928
817.533922 401.614946 0.106286 0.000000 0.106286
299.881342 482.416329 0.045289 0.000000 0.045289
817.111625 533.656680 0.033968 0.000000 0.033968
970.261380 342.635173 0.033690 0.000000 0.033690
272.301233 328.437690 0.014045 0.000000 0.014045
405.855727 163.535345 0.036738 0.000000 0.036738
96.222942 206.699393 0.011317 0.000000 0.011317
384.419384 174.666192 0.008222 0.000000 0.008222
815.747917 88.852907 0.026490 0.000000 0.026490
293.702693 514.670688 0.005117 0.000000 0.005117
155.849000 501.506666 0.022176 0.000000 0.022176
630.572157 328.592447 0.070950 0.000000 0.070950
839.892866 534.962867 0.005942 0.000000 0.005942
649.760055 398.955345 0.027034 0.000000 0.027034
659.281149 392.664636 0.079372 0.000000 0.079372
816.003387 492.009162 0.037994 0.000000 0.037994
854.978836 170.655285 0.028967 0.000000 0.028967
70.031262 395.983166 0.062595 0.000000 0.062595
805.740032 471.593036 0.098973 0.000000 0.098973
275.261748 253.646000 0.026537 0.000000 0.026537
678.860157 219.795460 0.061927 0.000000 0.061927
508.405165 491.878556 0.097887 0.000000 0.097887
482.200288 198.508026 0.015051 0.000000 0.015051
110.282646 19.103359 0.023786 0.000000 0.023786
232.555120 473.239137 0.079314 0.000000 0.079314
806.434602 223.243942 0.099878 0.000000 0.099878
701.770842 243.008698 0.022884 0.000000 0.022884
216.567947 167.277588 0.047081 0.000000 0.047081
139.967109 439.170815 0.042213 0.000000 0.042213
177.117781 149.932095 0.019012 0.000000 0.019012
812.444905 189.523694 0.064543 0.000000 0.064543
466.170248 363.081782 0.150555 0.000000 0.150555
298.208583 546.109291 0.105428 0.000000 0.105428
830.189878 342.597360 0.069822 0.000000 0.069822
175.847783 137.457688 0.047312 0.000000 0.047312
837.205083 443.140022 0.097377 0.000000 0.097377
417.182328 121.759732 0.012180 0.000000 0.012180
904.326927 179.801717 0.041511 0.000000 0.041511
735.574233 348.943538 0.073864 0.000000 0.073864
372.186291 391.008682 0.030704 0.000000 0.030704
467.931676 516.871353 0.146869 0.000000 0.146869
205.740373 125.731836 0.022057 0.000000 0.022057
458.348580 541.292469 0.046312 0.000000 0.046312
527.868668 151.969547 0.022847 0.000000 0.022847
183.047535 109.290714 0.004925 0.000000 0.004925
384.560305 559.973298 0.094974 0.000000 0.094974
253.285414 474.624621 0.075604 0.000000 0.075604
324.716790 82.819871 0.009632 0.000000 0.009632
491.955523 302.302359 0.046134 0.000000 0.046134
784.198500 215.467779 0.073008 0.000000 0.073008
844.286265 313.610936 0.070011 0.000000 0.070011
248.445792 472.633425 0.125459 0.000000 0.125459
616.710651 474.121664 0.069171 0.000000 0.069171
784.280567 472.081771 0.007231 0.000000 0.007231
958.854659 402.585194 0.113038 0.000000 0.113038
973.435805 353.948721 0.128017 0.000000 0.128017
651.697572 65.580096 0.062925 0.000000 0.062925
183.606531 161.019438 0.025309 0.000000 0.025309
416.977582 540.872968 0.005939 0.000000 0.005939
641.651161 224.999855 0.114332 0.000000 0.114332
807.416069 234.843943 0.102441 0.000000 0.102441
456.300353 491.883003 0.084949 0.000000 0.084949
110.692425 521.671473 0.152205 0.000000 0.152205
853.967374 550.690044 0.117091 0.000000 0.117091
711.004215 232.760037 0.089661 0.000000 0.089661
181.107383 393.095147 0.047624 0.000000 0.047624
23.041898 402.647645 0.013768 0.000000 0.013768
691.793907 120.652869 0.022492 0.000000 0.022492
224.471728 431.728325 0.052873 0.000000 0.052873
658.756271 22.325011 0.022796 0.000000 0.022796
773.803644 179.158815 0.148996 0.000000 0.148996
693.577542 202.423089 0.075686 0.000000 0.075686
172.840583 109.538682 0.078791 0.000000 0.078791
373.565448 508.432567 0.065757 0.000000 0.065757
458.583916 478.146900 0.040348 0.000000 0.040348
200.481417 481.939539 0.043092 0.000000 0.043092
692.648751 215.527426 0.086199 0.000000 0.086199
209.522315 110.174295 0.115053 0.000000 0.115053
795.650104 486.144939 0.078825 0.000000 0.078825
327.286945 510.979932 0.082341 0.000000 0.082341
684.725656 472.549560 0.028212 0.000000 0.028212
738.851312 106.503324 0.022132 0.000000 0.022132
525.936315 146.222455 0.044995 0.000000 0.044995
744.734130 139.113925 0.079050 0.000000 0.079050
913.375449 397.529889 0.116081 0.000000 0.116081
293.205558 489.147251 0.048612 0.000000 0.048612
813.527089 269.891648 0.104968 0.000000 0.104968
625.093861 371.595371 0.111279 0.000000 0.111279
468.391801 204.392414 0.073928 0.000000 0.073928
499.033864 480.682797 0.014340 0.000000 0.014340
778.302359 216.198061 0.082878 0.000000 0.082878
919.665956 223.798640 0.010875 0.000000 0.010875
992.693615 515.627440 0.117214 0.000000 0.117214
234.465833 148.735984 0.059997 0.000000 0.059997
146.671181 25.756998 0.047368 0.000000 0.047368
827.587678 484.378089 0.126147 0.000000 0.126147
209.681761 147.675218 0.054968 0.000000 0.054968
988.280990 362.022976 0.077565 0.000000 0.077565
220.619492 20.050124 0.138677 0.000000 0.138677
375.275749 77.513030 0.004067 0.000000 0.004067
272.930594 387.745848 0.020424 0.000000 0.020424
925.255659 55.734100 0.021097 0.000000 0.021097
213.268405 481.946075 0.154962 0.000000 0.154962
278.763771 479.078253 0.033177 0.000000 0.033177
399.005638 445.516921 0.122648 0.000000 0.122648
132.971976 312.000440 0.045887 0.000000 0.045887
278.557651 503.099690 0.032938 0.000000 0.032938
344.119448 271.141059 0.085877 0.000000 0.085877
793.179171 475.471854 0.039968 0.000000 0.039968
163.533986 306.875226 0.033324 0.000000 0.033324
85.777073 481.179021 0.073107 0.000000 0.073107
691.733132 126.069802 0.047134 0.000000 0.047134
331.735451 468.846151 0.080954 0.000000 0.080954
66.704542 619.571682 0.016801 0.000000 0.016801
297.007159 412.610373 0.063965 0.000000 0.063965
462.124143 371.355066 0.160177 0.000000 0.160177
453.799359 453.635232 0.092305 0.000000 0.092305
678.008786 638.125589 0.015670 0.000000 0.015670
555.477579 510.073902 0.027919 0.000000 0.027919
623.941867 135.911109 0.046406 0.000000 0.046406
616.787742 449.399908 0.015150 0.000000 0.015150
797.713179 347.073087 0.042615 0.000000 0.042615
571.555472 445.999152 0.035297 0.000000 0.035297
699.525638 94.633473 0.069184 0.000000 0.069184
967.181738 108.558047 0.061064 0.000000 0.061064
622.863624 366.061942 0.110632 0.000000 0.110632
882.138822 348.822398 0.020063 0.000000 0.020063
580.746191 300.384044 0.063015 0.000000 0.063015
192.369297 464.956663 0.041656 0.000000 0.041656
612.598908 359.264211 0.079171 0.000000 0.079171
406.842219 435.857094 0.029800 0.000000 0.029800
769.773611 491.937824 0.028020 0.000000 0.028020
29.042144 204.865978 0.032068 0.000000 0.032068
192.318211 300.720352 0.031641 0.000000 0.031641
636.705455 364.136270 0.044732 0.000000 0.044732
861.628433 233.186740 0.007913 0.000000 0.007913
634.515076 227.426733 0.029119 0.000000 0.029119
722.903229 332.594422 0.021427 0.000000 0.021427
208.627876 477.551038 0.026721 0.000000 0.026721
517.389579 492.039211 0.009345 0.000000 0.009345
970.947560 530.978657 0.052987 0.000000 0.052987
658.968450 197.747531 0.013863 0.000000 0.013863
69.014869 521.006811 0.032450 0.000000 0.032450
477.370929 184.067980 0.007602 0.000000 0.007602
506.078259 401.529548 0.057920 0.000000 0.057920
670.099070 35.381600 0.023119 0.000000 0.023119
820.333208 269.181469 0.056633 0.000000 0.056633
481.582784 260.473141 0.045414 0.000000 0.045414
669.103043 295.950792 0.067730 0.000000 0.067730
480.604426 341.974528 0.129530 0.000000 0.129530
488.960233 558.895012 0.059866 0.000000 0.059866
277.557624 213.573367 0.023817 0.000000 0.023817
925.114921 489.020893 0.086800 0.000000 0.086800
956.243556 36.621796 0.055994 0.000000 0.055994
802.396065 436.320477 0.110573 0.000000 0.110573
659.810910 32.912951 0.025018 0.000000 0.025018
298.448607 539.982825 0.054770 0.000000 0.054770
922.644734 364.712796 0.067244 0.000000 0.067244
568.081178 460.115240 0.056807 0.000000 0.056807
928.287165 387.237983 0.042487 0.000000 0.042487
471.353199 505.139855 0.094241 0.000000 0.094241
147.600201 117.550791 0.039631 0.000000 0.039631
387.497735 551.327698 0.032945 0.000000 0.032945
886.221913 450.677393 0.007687 0.000000 0.007687
440.277488 387.477510 0.074019 0.000000 0.074019
375.333901 205.354468 0.012507 0.000000 0.012507
642.777179 439.205022 0.011760 0.000000 0.011760
976.595754 384.556755 0.071975 0.000000 0.071975
114.013859 100.461625 0.068697 0.000000 0.068697
921.447517 577.016810 0.023287 0.000000 0.023287
157.270365 97.116705 0.051248 0.000000 0.051248
365.313910 403.065948 0.057938 0.000000 0.057938
836.118193 315.623327 0.021193 0.000000 0.021193
487.318492 95.109594 0.028998 0.000000 0.028998
118.234094 458.183486 0.090986 0.000000 0.090986
783.420708 194.442998 0.103452 0.000000 0.103452
326.372714 513.202852 0.015274 0.000000 0.015274
803.499384 139.230700 0.090118 0.000000 0.090118
888.130717 591.136631 0.013513 0.000000 0.013513
513.479186 222.402931 0.025960 0.000000 0.025960
200.527880 455.069943 0.068362 0.000000 0.068362
782.359965 159.335745 0.119033 0.000000 0.119033
927.288794 552.727647 0.016754 0.000000 0.016754
158.846465 511.956368 0.005129 0.000000 0.005129
562.348303 540.054839 0.039237 0.000000 0.039237
839.790040 419.020884 0.111640 0.000000 0.111640
300.072905 654.662958 0.008827 0.000000 0.008827
431.588191 559.681166 0.008193 0.000000 0.008193
365.442509 190.173664 0.015670 0.000000 0.015670
608.213674 348.188372 0.049578 0.000000 0.049578
784.037687 566.633421 0.040078 0.000000 0.040078
839.755367 441.409297 0.013067 0.000000 0.013067
945.272514 234.968997 0.009669 0.000000 0.009669
977.164709 311.654446 0.084594 0.000000 0.084594
892.969017 106.381701 0.058568 0.000000 0.058568
163.401584 74.140676 0.057228 0.000000 0.057228
984.321721 561.166561 0.033247 0.000000 0.033247
454.866038 387.010635 0.044788 0.000000 0.044788
680.754077 158.649293 0.082144 0.000000 0.082144
778.134999 397.147934 0.010485 0.000000 0.010485
755.223293 508.219607 0.030924 0.000000 0.030924
63.253124 524.423149 0.140443 0.000000 0.140443
382.869338 475.752749 0.043642 0.000000 0.043642
521.446354 220.659518 0.015610 0.000000 0.015610
109.319164 175.275234 0.020572 0.000000 0.020572
704.028042 373.269364 0.034430 0.000000 0.034430
338.289980 44.349016 0.039540 0.000000 0.039540
242.613413 669.879156 0.014798 0.000000 0.014798
709.380914 371.303874 0.016561 0.000000 0.016561
766.361994 200.261344 0.130850 0.000000 0.130850
877.895359 212.723864 0.100029 0.000000 0.100029
324.275862 119.153681 0.013912 0.000000 0.013912
833.780819 484.153751 0.077114 0.000000 0.077114
412.726870 347.945802 0.146690 0.000000 0.146690
135.071839 521.774072 0.005850 0.000000 0.005850
533.933298 62.409961 0.016006 0.000000 0.016006
548.917305 373.932396 0.070996 0.000000 0.070996
474.501297 567.641293 0.049490 0.000000 0.049490
486.154575 73.288233 0.033777 0.000000 0.033777
385.685966 113.471216 0.042937 0.000000 0.042937
252.178062 562.847849 0.032867 0.000000 0.032867
191.276010 679.625974 0.022296 0.000000 0.022296
860.332355 451.620351 0.013581 0.000000 0.013581
429.089144 547.757998 0.068415 0.000000 0.068415
613.402524 114.107094 0.083475 0.000000 0.083475
481.795195 55.245661 0.004942 0.000000 0.004942
951.325624 609.248125 0.015567 0.000000 0.015567
201.226861 419.881223 0.032208 0.000000 0.032208
183.609171 577.015904 0.039092 0.000000 0.039092
233.868094 646.513225 0.009343 0.000000 0.009343
331.802796 657.422878 0.007667 0.000000 0.007667
781.191257 372.964891 0.017318 0.000000 0.017318
268.731322 56.078400 0.057675 0.000000 0.057675
286.248765 326.526294 0.027005 0.000000 0.027005
761.736450 591.306351 0.059072 0.000000 0.059072
149.872219 655.031124 0.012731 0.000000 0.012731
522.936011 411.880064 0.040347 0.000000 0.040347
87.898232 463.365872 0.071045 0.000000 0.071045
728.305489 508.695302 0.061752 0.000000 0.061752
259.226840 247.555296 0.031799 0.000000 0.031799
601.741509 330.253361 0.042970 0.000000 0.042970
179.765986 28.544426 0.031390 0.000000 0.031390
773.838330 375.496249 0.008340 0.000000 0.008340
425.536058 221.116831 0.057037 0.000000 0.057037
455.253604 514.599138 0.042820 0.000000 0.042820
47.892455 135.342941 0.016374 0.000000 0.016374
578.330659 248.096495 0.074604 0.000000 0.074604
397.625129 665.746487 0.006837 0.000000 0.006837
116.183469 627.431926 0.013555 0.000000 0.013555
932.270458 343.740672 0.086722 0.000000 0.086722
929.521693 620.093247 0.029424 0.000000 0.029424
738.982498 73.023465 0.008180 0.000000 0.008180
180.092137 635.707001 0.011406 0.000000 0.011406
144.832038 80.602796 0.055925 0.000000 0.055925
827.109270 117.725055 0.056320 0.000000 0.056320
102.329911 455.407102 0.116737 0.000000 0.116737
677.275583 608.704676 0.021295 0.000000 0.021295
287.243060 301.101655 0.035216 0.000000 0.035216
855.291056 112.588706 0.056743 0.000000 0.056743
105.114318 451.726564 0.110101 0.000000 0.110101
634.105944 150.742507 0.055349 0.000000 0.055349
527.587202 254.364454 0.020876 0.000000 0.020876
716.134993 637.331398 0.011693 0.000000 0.011693
180.929618 72.478371 0.046286 0.000000 0.046286
250.335192 294.003941 0.014763 0.000000 0.014763
685.134688 141.845575 0.052003 0.000000 0.052003
795.135434 122.970106 0.036303 0.000000 0.036303
297.026009 263.351819 0.035985 0.000000 0.035985
322.446234 227.633612 0.018129 0.000000 0.018129
856.297483 268.881963 0.021871 0.000000 0.021871
123.874951 559.910611 0.041365 0.000000 0.041365
960.075011 647.216194 0.012164 0.000000 0.012164
586.204425 608.815199 0.020273 0.000000 0.020273
654.736206 148.007706 0.046397 0.000000 0.046397
431.768830 401.241251 0.093925 0.000000 0.093925
68.214436 566.555522 0.081191 0.000000 0.081191
284.822890 574.673668 0.044855 0.000000 0.044855
179.494912 549.299966 0.009323 0.000000 0.009323
211.626958 64.744470 0.036628 0.000000 0.036628
144.984299 41.688164 0.070900 0.000000 0.070900
428.843884 594.857853 0.028010 0.000000 0.028010
665.187869 582.566719 0.017251 0.000000 0.017251
597.873792 251.200955 0.017726 0.000000 0.017726
36.913906 99.081639 0.033721 0.000000 0.033721
