1.0
1846
263.081209 387.662554 0.073297 0.000000 0.073297
769.508219 145.238580 0.103770 0.000000 0.103770
199.328847 380.014065 0.081386 0.000000 0.081386
86.993958 356.486429 0.139892 0.000000 0.139892
778.943450 136.002429 0.157178 0.000000 0.157178
318.021540 204.989695 0.128332 0.000000 0.128332
475.053442 353.622441 0.165857 0.000000 0.165857
669.489726 268.084193 0.055867 0.000000 0.055867
445.333037 275.295601 0.165071 0.000000 0.165071
281.367021 373.319370 0.125169 0.000000 0.125169
223.520242 385.424742 0.133554 0.000000 0.133554
425.606593 157.507129 0.113095 0.000000 0.113095
413.899730 332.959422 0.055655 0.000000 0.055655
311.740962 175.441125 0.074133 0.000000 0.074133
80.895487 426.937218 0.127609 0.000000 0.127609
335.529428 547.975967 0.012053 0.000000 0.012053
103.342608 413.276344 0.043963 0.000000 0.043963
97.689382 332.471519 0.109628 0.000000 0.109628
373.470362 388.926092 0.156494 0.000000 0.156494
50.483189 429.597806 0.012607 0.000000 0.012607
260.258707 351.653830 0.157566 0.000000 0.157566
336.580631 406.125314 0.052533 0.000000 0.052533
289.592440 392.814248 0.098786 0.000000 0.098786
696.139076 194.563992 0.156787 0.000000 0.156787
394.349321 146.166453 0.115719 0.000000 0.115719
149.354962 370.748426 0.162853 0.000000 0.162853
495.400616 352.348989 0.093348 0.000000 0.093348
427.886822 437.960642 0.088698 0.000000 0.088698
381.431079 154.351575 0.155550 0.000000 0.155550
110.644503 289.474910 0.033442 0.000000 0.033442
394.084059 74.731950 0.042706 0.000000 0.042706
447.769229 299.656672 0.156768 0.000000 0.156768
200.188668 601.124911 0.058730 0.000000 0.058730
683.039002 313.871832 0.116691 0.000000 0.116691
463.732079 289.251861 0.149468 0.000000 0.149468
443.594267 372.065541 0.096660 0.000000 0.096660
396.731643 99.078130 0.019217 0.000000 0.019217
428.561673 387.688102 0.040502 0.000000 0.040502
410.351779 120.723983 0.065040 0.000000 0.065040
187.425676 189.153876 0.059546 0.000000 0.059546
500.717695 130.585610 0.167535 0.000000 0.167535
469.929750 383.545924 0.109030 0.000000 0.109030
24.401337 266.724734 0.036393 0.000000 0.036393
470.474215 393.495203 0.149990 0.000000 0.149990
489.443635 373.971557 0.080040 0.000000 0.080040
483.270365 191.504973 0.175584 0.000000 0.175584
267.217969 373.350807 0.111621 0.000000 0.111621
411.038303 146.820582 0.160996 0.000000 0.160996
452.446969 148.026766 0.158122 0.000000 0.158122
254.584971 458.679497 0.061949 0.000000 0.061949
55.123992 396.600688 0.052075 0.000000 0.052075
165.044524 369.920018 0.121020 0.000000 0.121020
330.363345 281.397757 0.066065 0.000000 0.066065
768.791603 162.711517 0.112127 0.000000 0.112127
388.888227 97.482111 0.088307 0.000000 0.088307
436.262690 468.612477 0.034714 0.000000 0.034714
704.356234 225.325327 0.115069 0.000000 0.115069
430.854857 330.760952 0.046873 0.000000 0.046873
557.471831 286.996560 0.049982 0.000000 0.049982
211.587166 178.498118 0.125947 0.000000 0.125947
388.243893 398.595618 0.127675 0.000000 0.127675
414.997567 475.278823 0.027342 0.000000 0.027342
340.857312 188.515069 0.046259 0.000000 0.046259
289.339146 328.697801 0.034688 0.000000 0.034688
690.908469 245.414160 0.117530 0.000000 0.117530
291.173224 417.014141 0.150965 0.000000 0.150965
285.501764 264.167229 0.005841 0.000000 0.005841
773.183969 281.206517 0.011418 0.000000 0.011418
188.476206 206.769579 0.037858 0.000000 0.037858
465.247872 203.076534 0.006373 0.000000 0.006373
215.754471 189.238258 0.100223 0.000000 0.100223
682.762154 174.793272 0.115849 0.000000 0.115849
791.286374 160.369136 0.100363 0.000000 0.100363
56.410629 374.098786 0.109411 0.000000 0.109411
57.840398 261.404666 0.052267 0.000000 0.052267
251.226363 460.557849 0.013464 0.000000 0.013464
237.074603 292.617732 0.135334 0.000000 0.135334
150.924990 237.933423 0.085766 0.000000 0.085766
34.720619 441.440461 0.106883 0.000000 0.106883
412.711356 441.676004 0.126858 0.000000 0.126858
54.916892 410.060736 0.052218 0.000000 0.052218
409.251857 165.152471 0.146091 0.000000 0.146091
224.171657 280.921148 0.105050 0.000000 0.105050
122.057842 247.746308 0.063373 0.000000 0.063373
325.248073 132.380160 0.013065 0.000000 0.013065
778.922028 255.987888 0.106727 0.000000 0.106727
779.423529 161.280373 0.092562 0.000000 0.092562
364.786155 192.225752 0.098708 0.000000 0.098708
769.326707 161.367585 0.019540 0.000000 0.019540
383.593503 557.163569 0.054732 0.000000 0.054732
770.418730 211.762600 0.130024 0.000000 0.130024
691.557031 184.089210 0.154551 0.000000 0.154551
208.878254 154.629635 0.016219 0.000000 0.016219
465.731684 436.170582 0.149790 0.000000 0.149790
389.458793 123.251234 0.055385 0.000000 0.055385
576.475200 125.082165 0.067094 0.000000 0.067094
190.041324 189.905483 0.010987 0.000000 0.010987
284.024276 283.500194 0.040520 0.000000 0.040520
66.423696 308.899736 0.149039 0.000000 0.149039
482.807029 148.940035 0.163368 0.000000 0.163368
350.998600 433.898276 0.116306 0.000000 0.116306
493.608119 375.114758 0.004716 0.000000 0.004716
357.748254 575.251340 0.056281 0.000000 0.056281
283.695048 261.328085 0.021688 0.000000 0.021688
439.844168 356.187829 0.086292 0.000000 0.086292
574.512942 126.980375 0.026900 0.000000 0.026900
75.906243 403.206403 0.046099 0.000000 0.046099
370.205565 575.813245 0.009196 0.000000 0.009196
168.915994 245.990932 0.136682 0.000000 0.136682
560.921866 178.621597 0.082988 0.000000 0.082988
237.329547 132.720161 0.025514 0.000000 0.025514
50.787129 393.285766 0.082095 0.000000 0.082095
494.878906 199.315282 0.132587 0.000000 0.132587
311.962361 500.560490 0.009912 0.000000 0.009912
444.995720 394.006862 0.132716 0.000000 0.132716
84.966401 372.855553 0.122992 0.000000 0.122992
685.561490 201.571582 0.112893 0.000000 0.112893
549.929486 319.691398 0.106337 0.000000 0.106337
26.059760 288.936158 0.025733 0.000000 0.025733
432.959344 411.385504 0.063713 0.000000 0.063713
447.684895 511.504238 0.011458 0.000000 0.011458
322.895228 129.932555 0.061536 0.000000 0.061536
413.008846 531.462337 0.115245 0.000000 0.115245
294.668369 347.473933 0.102241 0.000000 0.102241
54.673722 327.610270 0.137515 0.000000 0.137515
550.600880 205.508717 0.035320 0.000000 0.035320
408.329226 292.143064 0.142304 0.000000 0.142304
305.584640 301.258255 0.092230 0.000000 0.092230
786.009146 218.870249 0.091141 0.000000 0.091141
238.058042 432.852891 0.105840 0.000000 0.105840
686.166628 420.535529 0.073599 0.000000 0.073599
360.685952 536.111659 0.022048 0.000000 0.022048
363.699449 460.096068 0.043789 0.000000 0.043789
398.979691 374.480238 0.115741 0.000000 0.115741
399.861611 127.712919 0.013704 0.000000 0.013704
159.830520 247.632458 0.147103 0.000000 0.147103
789.600012 240.906933 0.077683 0.000000 0.077683
474.983559 216.856312 0.022494 0.000000 0.022494
314.343082 487.332592 0.071296 0.000000 0.071296
233.722583 129.502066 0.091232 0.000000 0.091232
472.151565 170.841012 0.039248 0.000000 0.039248
490.055296 234.001352 0.175075 0.000000 0.175075
61.333875 429.583142 0.155214 0.000000 0.155214
516.606131 181.422863 0.099773 0.000000 0.099773
476.161915 112.093030 0.008305 0.000000 0.008305
404.411587 95.281879 0.073445 0.000000 0.073445
279.907902 217.816604 0.018296 0.000000 0.018296
775.634851 220.284242 0.155152 0.000000 0.155152
407.713251 544.813834 0.096466 0.000000 0.096466
522.562665 370.055225 0.099186 0.000000 0.099186
330.515080 324.998060 0.010525 0.000000 0.010525
679.601508 294.092675 0.162932 0.000000 0.162932
478.492738 104.459736 0.059150 0.000000 0.059150
193.363324 393.387000 0.114916 0.000000 0.114916
194.125668 362.625927 0.096307 0.000000 0.096307
270.825864 453.145999 0.040390 0.000000 0.040390
672.021000 176.308620 0.118243 0.000000 0.118243
325.306104 540.284827 0.055895 0.000000 0.055895
548.862237 368.035107 0.091644 0.000000 0.091644
65.204488 360.686236 0.042983 0.000000 0.042983
371.838768 275.964293 0.031315 0.000000 0.031315
552.207555 182.300520 0.013447 0.000000 0.013447
682.286856 173.993240 0.026728 0.000000 0.026728
258.229724 297.099275 0.069991 0.000000 0.069991
676.765491 246.573460 0.158616 0.000000 0.158616
330.882891 301.233678 0.132285 0.000000 0.132285
236.517058 230.623973 0.068858 0.000000 0.068858
169.243695 426.856090 0.159216 0.000000 0.159216
675.430224 203.045394 0.100338 0.000000 0.100338
209.063365 490.556876 0.011702 0.000000 0.011702
319.620140 575.599685 0.157749 0.000000 0.157749
497.773702 455.420127 0.017808 0.000000 0.017808
133.930535 280.808652 0.093883 0.000000 0.093883
306.224180 405.003292 0.078273 0.000000 0.078273
693.852631 217.430315 0.114847 0.000000 0.114847
310.356426 435.353418 0.008309 0.000000 0.008309
235.921281 139.251947 0.109803 0.000000 0.109803
182.572421 364.261263 0.090595 0.000000 0.090595
236.830760 282.563137 0.120797 0.000000 0.120797
37.231616 424.427827 0.082113 0.000000 0.082113
215.738460 360.205095 0.106471 0.000000 0.106471
215.518914 593.256985 0.061221 0.000000 0.061221
369.866848 253.413699 0.175196 0.000000 0.175196
628.739439 178.553292 0.060904 0.000000 0.060904
455.927592 270.050271 0.061804 0.000000 0.061804
659.373958 155.144155 0.152567 0.000000 0.152567
471.757632 189.913666 0.021252 0.000000 0.021252
426.738179 311.770391 0.057225 0.000000 0.057225
346.385099 208.357636 0.035260 0.000000 0.035260
152.698175 306.787191 0.008939 0.000000 0.008939
213.504727 335.775439 0.109758 0.000000 0.109758
365.275438 433.355939 0.096864 0.000000 0.096864
282.293113 241.979909 0.118191 0.000000 0.118191
151.408521 286.963263 0.076287 0.000000 0.076287
205.368197 361.346720 0.093738 0.000000 0.093738
324.239356 342.520821 0.170347 0.000000 0.170347
618.972301 128.709456 0.021309 0.000000 0.021309
642.869336 164.592251 0.068486 0.000000 0.068486
76.777118 258.763679 0.075683 0.000000 0.075683
651.709322 119.298063 0.048759 0.000000 0.048759
51.025718 338.084691 0.063791 0.000000 0.063791
551.917374 227.029860 0.076664 0.000000 0.076664
782.637478 188.194410 0.095419 0.000000 0.095419
164.629126 252.552287 0.027478 0.000000 0.027478
209.726053 186.006205 0.015305 0.000000 0.015305
327.865138 598.866950 0.073302 0.000000 0.073302
114.813536 217.333646 0.057802 0.000000 0.057802
100.908271 225.421269 0.024630 0.000000 0.024630
774.501392 191.905636 0.026668 0.000000 0.026668
584.433138 131.036180 0.010885 0.000000 0.010885
334.206534 383.573765 0.084292 0.000000 0.084292
401.505866 106.313328 0.108992 0.000000 0.108992
362.840485 205.463070 0.027422 0.000000 0.027422
462.490922 402.505128 0.083129 0.000000 0.083129
401.779506 272.339267 0.015422 0.000000 0.015422
180.179077 339.663905 0.106340 0.000000 0.106340
412.879144 379.031946 0.140468 0.000000 0.140468
399.863957 334.057165 0.128904 0.000000 0.128904
569.898315 436.467749 0.088175 0.000000 0.088175
20.075012 318.408641 0.139833 0.000000 0.139833
544.186114 235.388024 0.050022 0.000000 0.050022
694.996790 236.673588 0.168903 0.000000 0.168903
377.033042 173.816810 0.064073 0.000000 0.064073
359.440340 580.275829 0.159737 0.000000 0.159737
787.086128 517.213592 0.043191 0.000000 0.043191
569.088265 149.166965 0.101948 0.000000 0.101948
306.468454 402.654943 0.027124 0.000000 0.027124
549.192087 260.608560 0.076765 0.000000 0.076765
79.092842 240.156747 0.060801 0.000000 0.060801
515.784646 197.407154 0.156692 0.000000 0.156692
332.253101 401.508043 0.151721 0.000000 0.151721
492.096625 301.840795 0.098586 0.000000 0.098586
39.098174 377.036810 0.143159 0.000000 0.143159
390.948691 431.946933 0.021657 0.000000 0.021657
468.602852 195.330676 0.130348 0.000000 0.130348
151.376570 311.260371 0.124786 0.000000 0.124786
426.039339 544.558641 0.166033 0.000000 0.166033
302.494238 212.733436 0.103394 0.000000 0.103394
60.343398 299.118318 0.017214 0.000000 0.017214
353.764333 276.485327 0.038785 0.000000 0.038785
772.060929 189.989354 0.091180 0.000000 0.091180
25.636717 315.894912 0.019680 0.000000 0.019680
207.980334 232.786375 0.112660 0.000000 0.112660
480.828496 302.571695 0.150406 0.000000 0.150406
768.752223 376.953341 0.044685 0.000000 0.044685
202.145532 337.013538 0.106928 0.000000 0.106928
543.937389 93.950125 0.108003 0.000000 0.108003
379.320344 574.072279 0.019842 0.000000 0.019842
380.264243 428.023903 0.058360 0.000000 0.058360
434.276671 280.981171 0.142359 0.000000 0.142359
629.202437 101.220487 0.076029 0.000000 0.076029
553.113534 352.511826 0.108155 0.000000 0.108155
431.022884 511.726565 0.008455 0.000000 0.008455
367.716261 229.784208 0.150387 0.000000 0.150387
57.541086 296.717647 0.051737 0.000000 0.051737
764.449136 492.535503 0.161760 0.000000 0.161760
504.246899 300.454834 0.120729 0.000000 0.120729
457.240491 377.950082 0.081656 0.000000 0.081656
369.534085 549.245296 0.144698 0.000000 0.144698
663.086019 615.123726 0.089937 0.000000 0.089937
764.152832 267.796085 0.116729 0.000000 0.116729
512.430566 368.738318 0.167294 0.000000 0.167294
662.631871 176.641586 0.035133 0.000000 0.035133
224.061906 285.758432 0.022390 0.000000 0.022390
760.987694 547.815525 0.013254 0.000000 0.013254
612.195732 133.402032 0.101135 0.000000 0.101135
143.276931 386.706208 0.146437 0.000000 0.146437
40.799419 351.312777 0.139935 0.000000 0.139935
303.766408 346.992133 0.157658 0.000000 0.157658
293.525930 598.966379 0.078456 0.000000 0.078456
430.389797 267.774460 0.006963 0.000000 0.006963
500.030800 373.528713 0.113615 0.000000 0.113615
664.978724 201.680824 0.116508 0.000000 0.116508
190.918528 338.518943 0.102131 0.000000 0.102131
11.673979 319.353611 0.137464 0.000000 0.137464
191.326878 167.556130 0.043272 0.000000 0.043272
682.138150 225.406873 0.138391 0.000000 0.138391
687.865614 587.283889 0.083870 0.000000 0.083870
681.986260 246.329253 0.025571 0.000000 0.025571
60.004057 397.824141 0.152097 0.000000 0.152097
64.958151 307.059220 0.029575 0.000000 0.029575
480.129522 306.897566 0.017825 0.000000 0.017825
442.260701 234.630727 0.056256 0.000000 0.056256
446.847957 384.063084 0.152609 0.000000 0.152609
161.320630 587.221336 0.112003 0.000000 0.112003
345.660148 626.563940 0.038531 0.000000 0.038531
772.649106 270.640259 0.044914 0.000000 0.044914
253.193756 303.426305 0.017047 0.000000 0.017047
540.493371 296.383144 0.109868 0.000000 0.109868
438.582215 219.900468 0.166987 0.000000 0.166987
642.876648 532.981295 0.165434 0.000000 0.165434
217.001624 311.052744 0.084431 0.000000 0.084431
260.856049 221.776931 0.027108 0.000000 0.027108
453.559518 195.421270 0.167671 0.000000 0.167671
454.296296 193.152520 0.030540 0.000000 0.030540
209.100232 394.304510 0.074448 0.000000 0.074448
233.447378 428.245695 0.030607 0.000000 0.030607
676.058440 198.313970 0.005267 0.000000 0.005267
542.272619 143.961656 0.121891 0.000000 0.121891
340.667010 600.652065 0.012009 0.000000 0.012009
236.395385 221.300119 0.166038 0.000000 0.166038
631.520271 147.485376 0.142206 0.000000 0.142206
705.844890 250.696656 0.073861 0.000000 0.073861
691.396411 332.328322 0.106889 0.000000 0.106889
195.091380 623.991012 0.168205 0.000000 0.168205
726.369730 425.485096 0.138506 0.000000 0.138506
170.060296 364.484481 0.027108 0.000000 0.027108
717.676753 460.333021 0.047345 0.000000 0.047345
107.785254 565.555716 0.025586 0.000000 0.025586
162.628867 392.815292 0.047386 0.000000 0.047386
776.240845 218.860207 0.023618 0.000000 0.023618
620.859783 511.317878 0.165502 0.000000 0.165502
334.911567 148.578453 0.085605 0.000000 0.085605
35.033304 368.056055 0.055195 0.000000 0.055195
199.296171 188.484420 0.158185 0.000000 0.158185
159.390629 428.704159 0.176142 0.000000 0.176142
544.088436 614.962841 0.171658 0.000000 0.171658
312.872434 345.460267 0.146001 0.000000 0.146001
549.830397 332.371035 0.119917 0.000000 0.119917
186.578055 609.195555 0.107914 0.000000 0.107914
223.448892 289.194288 0.004923 0.000000 0.004923
281.776229 607.128374 0.170982 0.000000 0.170982
267.883374 446.522449 0.158991 0.000000 0.158991
406.983690 543.215726 0.009168 0.000000 0.009168
356.397023 207.920463 0.102024 0.000000 0.102024
446.508923 134.412721 0.057858 0.000000 0.057858
422.138022 420.462497 0.020292 0.000000 0.020292
472.180707 482.878387 0.036081 0.000000 0.036081
540.428918 500.150045 0.108673 0.000000 0.108673
543.859393 311.287637 0.147968 0.000000 0.147968
242.446741 301.961392 0.116051 0.000000 0.116051
618.766884 421.148530 0.084791 0.000000 0.084791
168.517729 365.453244 0.008777 0.000000 0.008777
198.506204 407.138916 0.143144 0.000000 0.143144
496.776193 327.041183 0.127401 0.000000 0.127401
283.088875 412.191844 0.148304 0.000000 0.148304
647.119417 169.012030 0.028659 0.000000 0.028659
150.767201 317.576042 0.019965 0.000000 0.019965
105.507967 564.504225 0.148812 0.000000 0.148812
422.855477 502.567061 0.019900 0.000000 0.019900
199.987737 424.827527 0.073773 0.000000 0.073773
220.626350 404.777080 0.124732 0.000000 0.124732
135.739821 273.066562 0.024282 0.000000 0.024282
226.969881 301.759896 0.135889 0.000000 0.135889
327.585595 524.613127 0.064536 0.000000 0.064536
176.359765 410.040736 0.109471 0.000000 0.109471
421.664683 564.880405 0.142057 0.000000 0.142057
58.654737 383.657134 0.131843 0.000000 0.131843
99.866352 498.784930 0.111886 0.000000 0.111886
637.484859 68.734390 0.004199 0.000000 0.004199
515.592659 297.458286 0.088859 0.000000 0.088859
207.678274 575.496544 0.070265 0.000000 0.070265
455.858039 216.286261 0.039698 0.000000 0.039698
8.045843 292.000561 0.155526 0.000000 0.155526
31.730669 342.603841 0.159193 0.000000 0.159193
731.023575 223.588979 0.058809 0.000000 0.058809
537.718320 369.553699 0.079500 0.000000 0.079500
655.609494 550.776371 0.093973 0.000000 0.093973
295.320884 603.153346 0.157412 0.000000 0.157412
722.993376 532.990676 0.128282 0.000000 0.128282
622.275004 148.018293 0.145067 0.000000 0.145067
185.431768 249.894714 0.044988 0.000000 0.044988
724.154437 474.361938 0.169419 0.000000 0.169419
15.043369 267.512001 0.162950 0.000000 0.162950
345.017102 389.147638 0.007405 0.000000 0.007405
172.338498 364.466802 0.146816 0.000000 0.146816
514.880214 444.875358 0.166337 0.000000 0.166337
104.121578 234.012245 0.069549 0.000000 0.069549
289.431685 507.537207 0.160111 0.000000 0.160111
350.459885 585.405238 0.046707 0.000000 0.046707
16.685778 369.918357 0.155317 0.000000 0.155317
165.787835 409.632288 0.144233 0.000000 0.144233
748.348878 603.401260 0.168800 0.000000 0.168800
207.527095 224.876971 0.040584 0.000000 0.040584
157.426501 359.100242 0.172628 0.000000 0.172628
512.693624 325.614898 0.030133 0.000000 0.030133
768.751264 466.537576 0.105365 0.000000 0.105365
546.639542 301.676651 0.133000 0.000000 0.133000
543.299851 182.474179 0.034454 0.000000 0.034454
209.757891 405.974158 0.158194 0.000000 0.158194
396.010396 428.922086 0.146335 0.000000 0.146335
169.463073 341.258797 0.112144 0.000000 0.112144
462.346310 193.482232 0.099631 0.000000 0.099631
389.787133 455.975713 0.153266 0.000000 0.153266
256.582773 259.202983 0.093806 0.000000 0.093806
233.683088 576.913898 0.105707 0.000000 0.105707
549.429017 559.919788 0.131039 0.000000 0.131039
125.607595 251.617560 0.038050 0.000000 0.038050
219.799086 338.182386 0.125501 0.000000 0.125501
187.240382 408.533939 0.129057 0.000000 0.129057
692.422640 349.593626 0.067829 0.000000 0.067829
157.880380 189.497996 0.129052 0.000000 0.129052
356.934299 433.296512 0.027038 0.000000 0.027038
51.834546 331.424970 0.053479 0.000000 0.053479
414.802372 513.708544 0.139763 0.000000 0.139763
535.431612 274.017221 0.145912 0.000000 0.145912
650.349649 467.143964 0.105522 0.000000 0.105522
697.501160 431.250905 0.080097 0.000000 0.080097
630.316129 114.417543 0.145225 0.000000 0.145225
685.137652 591.188254 0.005667 0.000000 0.005667
13.684050 318.980775 0.045216 0.000000 0.045216
50.633164 579.237712 0.020450 0.000000 0.020450
760.217961 260.325646 0.111826 0.000000 0.111826
72.669837 400.201365 0.109921 0.000000 0.109921
476.045635 110.673417 0.125824 0.000000 0.125824
477.278615 404.452018 0.083111 0.000000 0.083111
344.251994 577.157270 0.118893 0.000000 0.118893
274.721049 242.782916 0.139727 0.000000 0.139727
338.558872 242.771251 0.049799 0.000000 0.049799
716.833650 416.049489 0.141671 0.000000 0.141671
512.791366 571.461907 0.144335 0.000000 0.144335
7.408774 371.229839 0.100798 0.000000 0.100798
295.116673 539.547010 0.034624 0.000000 0.034624
484.310683 304.902336 0.052035 0.000000 0.052035
23.063803 343.585914 0.110875 0.000000 0.110875
554.310986 560.514298 0.086878 0.000000 0.086878
481.252915 277.495114 0.073275 0.000000 0.073275
365.391720 435.229473 0.013856 0.000000 0.013856
265.258566 454.295532 0.146855 0.000000 0.146855
446.580876 436.463344 0.083786 0.000000 0.083786
474.683277 448.826580 0.104806 0.000000 0.104806
122.064100 592.536576 0.086153 0.000000 0.086153
451.564130 217.843570 0.142417 0.000000 0.142417
417.000461 224.226976 0.124845 0.000000 0.124845
633.675815 361.736937 0.132724 0.000000 0.132724
71.136837 423.246640 0.164493 0.000000 0.164493
535.927727 391.884644 0.133054 0.000000 0.133054
420.488010 308.953310 0.022466 0.000000 0.022466
457.857819 345.532449 0.148069 0.000000 0.148069
390.905127 312.211879 0.070647 0.000000 0.070647
592.505059 138.222336 0.037727 0.000000 0.037727
530.911209 345.269228 0.151376 0.000000 0.151376
742.642165 244.739368 0.033736 0.000000 0.033736
25.300690 368.948065 0.158999 0.000000 0.158999
77.635905 234.449830 0.126004 0.000000 0.126004
780.816488 244.604418 0.024766 0.000000 0.024766
615.931196 618.386080 0.082196 0.000000 0.082196
548.860912 337.450063 0.052729 0.000000 0.052729
170.050525 258.517065 0.082036 0.000000 0.082036
773.061153 286.549331 0.116693 0.000000 0.116693
228.313656 407.039694 0.072119 0.000000 0.072119
429.242976 529.636242 0.088811 0.000000 0.088811
575.072109 138.429524 0.138168 0.000000 0.138168
544.421054 524.846109 0.155290 0.000000 0.155290
664.532231 210.202739 0.160346 0.000000 0.160346
219.746828 557.631034 0.158509 0.000000 0.158509
364.391316 275.366813 0.163395 0.000000 0.163395
182.813687 314.877463 0.130942 0.000000 0.130942
412.289135 269.082147 0.155407 0.000000 0.155407
345.543187 390.954613 0.068197 0.000000 0.068197
194.154272 313.623886 0.119645 0.000000 0.119645
275.349454 259.037218 0.122792 0.000000 0.122792
642.409134 609.270549 0.059293 0.000000 0.059293
421.830991 267.616661 0.152406 0.000000 0.152406
627.068335 163.982088 0.051708 0.000000 0.051708
445.313706 533.308470 0.058461 0.000000 0.058461
596.881974 207.179805 0.161552 0.000000 0.161552
519.159939 324.079686 0.093949 0.000000 0.093949
419.568750 246.151151 0.086889 0.000000 0.086889
636.899898 62.016555 0.102897 0.000000 0.102897
598.453917 603.233541 0.073556 0.000000 0.073556
553.432055 371.989176 0.102345 0.000000 0.102345
132.432211 623.166997 0.158420 0.000000 0.158420
662.476734 207.154407 0.010303 0.000000 0.010303
539.773502 255.141323 0.004810 0.000000 0.004810
707.524429 485.107443 0.164006 0.000000 0.164006
711.638787 231.700042 0.131686 0.000000 0.131686
471.231641 127.942963 0.064644 0.000000 0.064644
311.934460 482.859626 0.169232 0.000000 0.169232
400.495768 445.335551 0.155783 0.000000 0.155783
153.208991 600.183277 0.050715 0.000000 0.050715
772.044428 365.875873 0.165630 0.000000 0.165630
526.553517 296.090413 0.086707 0.000000 0.086707
121.020827 240.289102 0.087996 0.000000 0.087996
226.729082 578.621826 0.047720 0.000000 0.047720
51.067488 538.065430 0.056037 0.000000 0.056037
668.685711 320.496895 0.138780 0.000000 0.138780
158.578113 193.158665 0.069673 0.000000 0.069673
56.190527 439.714156 0.093784 0.000000 0.093784
12.859797 288.700157 0.172146 0.000000 0.172146
236.905765 470.137708 0.033929 0.000000 0.033929
592.303734 526.315857 0.044419 0.000000 0.044419
538.949039 394.226411 0.042009 0.000000 0.042009
61.061672 473.636276 0.051720 0.000000 0.051720
473.776152 129.674583 0.137295 0.000000 0.137295
136.136926 587.410294 0.129924 0.000000 0.129924
612.150067 484.871077 0.043970 0.000000 0.043970
230.112605 560.702146 0.099276 0.000000 0.099276
269.935270 257.096111 0.118931 0.000000 0.118931
168.637209 410.279573 0.019108 0.000000 0.019108
706.080247 365.606548 0.108377 0.000000 0.108377
386.074346 316.241146 0.017532 0.000000 0.017532
142.328643 355.065577 0.131423 0.000000 0.131423
423.825323 615.556211 0.041215 0.000000 0.041215
544.468866 268.577064 0.011881 0.000000 0.011881
710.612480 328.194963 0.100703 0.000000 0.100703
226.091224 292.036772 0.108174 0.000000 0.108174
572.962782 356.712166 0.148037 0.000000 0.148037
143.012411 557.909799 0.107672 0.000000 0.107672
462.185808 350.532284 0.020955 0.000000 0.020955
470.839623 212.342634 0.062295 0.000000 0.062295
722.176423 445.301439 0.093022 0.000000 0.093022
224.198628 422.633999 0.093744 0.000000 0.093744
49.624465 322.715130 0.020044 0.000000 0.020044
549.578122 378.105980 0.160721 0.000000 0.160721
132.961627 427.152216 0.146206 0.000000 0.146206
399.334008 457.275560 0.077230 0.000000 0.077230
630.998671 576.594920 0.076240 0.000000 0.076240
513.044604 184.877439 0.168722 0.000000 0.168722
729.183900 345.552621 0.062994 0.000000 0.062994
591.452667 546.883850 0.128932 0.000000 0.128932
413.159995 309.401127 0.062108 0.000000 0.062108
72.768511 283.941848 0.102100 0.000000 0.102100
298.266795 172.666921 0.046934 0.000000 0.046934
590.531652 500.442165 0.099855 0.000000 0.099855
95.376934 511.098310 0.144207 0.000000 0.144207
443.492705 537.742377 0.139642 0.000000 0.139642
271.453167 220.429482 0.150628 0.000000 0.150628
702.334312 580.937501 0.156817 0.000000 0.156817
664.631650 355.376181 0.071555 0.000000 0.071555
522.904255 587.779594 0.066890 0.000000 0.066890
121.364291 497.769228 0.007101 0.000000 0.007101
318.663578 301.765455 0.082646 0.000000 0.082646
185.234553 463.018670 0.021950 0.000000 0.021950
523.019637 458.705467 0.026517 0.000000 0.026517
729.406197 499.995962 0.151570 0.000000 0.151570
54.581922 474.829538 0.148286 0.000000 0.148286
627.920636 612.845802 0.144635 0.000000 0.144635
573.613877 146.048216 0.076301 0.000000 0.076301
494.621744 377.390456 0.078788 0.000000 0.078788
611.286779 452.857025 0.141490 0.000000 0.141490
391.297858 378.410100 0.006800 0.000000 0.006800
679.317433 358.737308 0.074121 0.000000 0.074121
713.788126 339.933885 0.053529 0.000000 0.053529
298.695132 168.090533 0.080002 0.000000 0.080002
148.667007 600.925529 0.009904 0.000000 0.009904
699.888903 588.803010 0.088289 0.000000 0.088289
615.234218 604.205090 0.123892 0.000000 0.123892
193.191540 584.230966 0.112463 0.000000 0.112463
393.949239 269.582058 0.104601 0.000000 0.104601
418.181637 548.940434 0.150178 0.000000 0.150178
360.231171 230.732830 0.148244 0.000000 0.148244
182.802350 572.316845 0.078520 0.000000 0.078520
183.939532 412.379262 0.140938 0.000000 0.140938
230.758650 176.650304 0.110312 0.000000 0.110312
253.630909 576.671904 0.105543 0.000000 0.105543
115.986594 392.993695 0.124663 0.000000 0.124663
436.318433 291.742625 0.082115 0.000000 0.082115
785.971023 613.795523 0.117389 0.000000 0.117389
563.131650 159.565538 0.118928 0.000000 0.118928
702.926725 435.502688 0.039718 0.000000 0.039718
374.928339 341.251447 0.121337 0.000000 0.121337
401.239491 303.823341 0.077722 0.000000 0.077722
432.645339 397.070681 0.009856 0.000000 0.009856
662.488685 509.403397 0.103606 0.000000 0.103606
433.274605 455.685538 0.174868 0.000000 0.174868
114.748708 331.236459 0.120955 0.000000 0.120955
781.421011 433.636228 0.141965 0.000000 0.141965
616.516992 284.272311 0.098796 0.000000 0.098796
769.771406 302.974993 0.057813 0.000000 0.057813
441.399910 457.455394 0.044133 0.000000 0.044133
117.711497 625.634407 0.058418 0.000000 0.058418
527.854765 501.976858 0.085827 0.000000 0.085827
507.974930 560.281798 0.147117 0.000000 0.147117
428.815879 248.359442 0.151230 0.000000 0.151230
254.217150 404.442653 0.151418 0.000000 0.151418
629.437814 433.076813 0.168581 0.000000 0.168581
470.875184 491.104390 0.045956 0.000000 0.045956
728.222339 626.929967 0.086406 0.000000 0.086406
71.335366 391.414812 0.170602 0.000000 0.170602
488.656651 273.583782 0.159188 0.000000 0.159188
495.886494 338.282539 0.171382 0.000000 0.171382
298.470985 321.044942 0.020935 0.000000 0.020935
425.188857 222.358647 0.167258 0.000000 0.167258
326.892104 430.154069 0.141202 0.000000 0.141202
629.358328 407.673995 0.062230 0.000000 0.062230
783.016942 291.435099 0.127269 0.000000 0.127269
362.727513 254.634561 0.158304 0.000000 0.158304
475.603756 445.506525 0.055615 0.000000 0.055615
683.284940 291.817090 0.129105 0.000000 0.129105
422.074868 267.495981 0.043687 0.000000 0.043687
550.749869 397.822004 0.096778 0.000000 0.096778
55.631431 542.269963 0.022117 0.000000 0.022117
407.120560 224.513331 0.113170 0.000000 0.113170
583.101890 579.652325 0.105767 0.000000 0.105767
516.362038 455.150348 0.084003 0.000000 0.084003
783.983552 490.895526 0.044690 0.000000 0.044690
249.071108 519.868744 0.038240 0.000000 0.038240
165.244201 342.508486 0.155871 0.000000 0.155871
312.432559 546.987527 0.171969 0.000000 0.171969
44.719427 606.107865 0.141237 0.000000 0.141237
709.134289 561.174726 0.106256 0.000000 0.106256
542.466548 372.637250 0.071163 0.000000 0.071163
577.661608 251.450563 0.132665 0.000000 0.132665
457.742803 196.744346 0.156365 0.000000 0.156365
350.284469 594.505133 0.106918 0.000000 0.106918
91.675205 461.864995 0.069115 0.000000 0.069115
731.911947 494.108131 0.037411 0.000000 0.037411
351.150403 211.174083 0.125968 0.000000 0.125968
206.590973 428.522821 0.080683 0.000000 0.080683
619.642510 363.891324 0.063528 0.000000 0.063528
46.104276 618.026254 0.087372 0.000000 0.087372
142.295982 267.781060 0.076314 0.000000 0.076314
258.055493 281.029299 0.135478 0.000000 0.135478
146.840337 475.392131 0.142182 0.000000 0.142182
197.458461 340.929061 0.148894 0.000000 0.148894
791.893253 336.325063 0.168743 0.000000 0.168743
341.748421 609.793927 0.059792 0.000000 0.059792
546.329643 445.879903 0.081683 0.000000 0.081683
100.778808 539.525168 0.026348 0.000000 0.026348
195.342305 429.322664 0.073759 0.000000 0.073759
218.783250 376.370878 0.127299 0.000000 0.127299
685.987628 486.649799 0.064043 0.000000 0.064043
671.569759 380.042534 0.015158 0.000000 0.015158
392.167858 437.826090 0.093588 0.000000 0.093588
474.214288 251.709374 0.080029 0.000000 0.080029
95.936681 559.269359 0.006845 0.000000 0.006845
716.522231 326.058493 0.038074 0.000000 0.038074
583.323136 509.534420 0.128829 0.000000 0.128829
548.910056 184.151984 0.137596 0.000000 0.137596
117.123738 524.739749 0.165900 0.000000 0.165900
718.405769 593.298379 0.071660 0.000000 0.071660
54.183329 313.551029 0.011857 0.000000 0.011857
630.954690 423.722634 0.091868 0.000000 0.091868
265.938350 222.856934 0.162865 0.000000 0.162865
287.237924 299.780891 0.120864 0.000000 0.120864
706.434193 438.680331 0.129644 0.000000 0.129644
716.288173 184.766518 0.085927 0.000000 0.085927
676.693148 342.639788 0.149764 0.000000 0.149764
406.719536 267.610265 0.107026 0.000000 0.107026
510.313581 218.216424 0.018401 0.000000 0.018401
439.812912 518.488272 0.119462 0.000000 0.119462
711.530469 356.382516 0.023550 0.000000 0.023550
369.319270 272.514206 0.113821 0.000000 0.113821
785.339935 617.645599 0.040753 0.000000 0.040753
585.396577 165.102525 0.139196 0.000000 0.139196
773.930536 164.766778 0.097383 0.000000 0.097383
782.461179 451.828112 0.168408 0.000000 0.168408
417.327207 400.469977 0.119162 0.000000 0.119162
701.404800 462.451078 0.057794 0.000000 0.057794
14.942427 633.120071 0.137061 0.000000 0.137061
429.053705 242.288663 0.105502 0.000000 0.105502
396.599992 198.612143 0.028708 0.000000 0.028708
171.788983 316.048132 0.134458 0.000000 0.134458
704.763758 368.017293 0.034555 0.000000 0.034555
412.703911 258.703860 0.006332 0.000000 0.006332
552.254027 180.972394 0.159938 0.000000 0.159938
756.142287 540.091114 0.156965 0.000000 0.156965
407.047476 620.909665 0.082000 0.000000 0.082000
511.973100 622.908357 0.030665 0.000000 0.030665
208.366535 339.431593 0.144890 0.000000 0.144890
677.534910 539.329915 0.150229 0.000000 0.150229
314.663539 464.280886 0.068329 0.000000 0.068329
638.840640 464.350164 0.169101 0.000000 0.169101
537.111275 468.326662 0.098591 0.000000 0.098591
20.574276 618.799172 0.136306 0.000000 0.136306
618.652784 437.622851 0.098278 0.000000 0.098278
128.822286 495.609707 0.017359 0.000000 0.017359
725.957388 370.740369 0.099357 0.000000 0.099357
547.538139 201.411322 0.005958 0.000000 0.005958
401.258249 249.382315 0.172746 0.000000 0.172746
447.968987 558.394274 0.083451 0.000000 0.083451
673.533790 473.581877 0.160195 0.000000 0.160195
611.716179 297.505081 0.129234 0.000000 0.129234
421.655624 195.486627 0.026034 0.000000 0.026034
706.890000 346.125195 0.147298 0.000000 0.147298
663.776667 499.260523 0.030296 0.000000 0.030296
611.092946 500.103198 0.158844 0.000000 0.158844
266.437351 260.214198 0.033885 0.000000 0.033885
453.548764 598.522389 0.148906 0.000000 0.148906
472.502153 601.540455 0.058204 0.000000 0.058204
434.167764 275.657780 0.041268 0.000000 0.041268
217.359052 409.032529 0.128676 0.000000 0.128676
407.404781 355.195641 0.063435 0.000000 0.063435
480.391499 581.538919 0.067359 0.000000 0.067359
427.143722 245.352472 0.063684 0.000000 0.063684
138.476438 610.742470 0.105730 0.000000 0.105730
306.797040 209.029618 0.102445 0.000000 0.102445
34.312607 473.022700 0.102551 0.000000 0.102551
610.297314 228.343648 0.042832 0.000000 0.042832
149.503668 532.846264 0.115072 0.000000 0.115072
771.349133 619.560835 0.070485 0.000000 0.070485
370.844165 549.888044 0.004533 0.000000 0.004533
409.638686 207.729406 0.006639 0.000000 0.006639
639.518859 536.176144 0.029947 0.000000 0.029947
519.138191 272.004754 0.121302 0.000000 0.121302
204.012307 522.110581 0.174290 0.000000 0.174290
481.277398 502.059944 0.057139 0.000000 0.057139
321.709216 312.155415 0.016587 0.000000 0.016587
539.257760 458.424043 0.131553 0.000000 0.131553
617.607338 490.623342 0.024721 0.000000 0.024721
185.989685 342.478504 0.138709 0.000000 0.138709
514.003630 426.103036 0.101506 0.000000 0.101506
632.645886 612.438120 0.136560 0.000000 0.136560
754.292377 411.414506 0.049999 0.000000 0.049999
336.604975 466.789468 0.062721 0.000000 0.062721
698.637762 524.438520 0.086482 0.000000 0.086482
510.411453 532.716690 0.135267 0.000000 0.135267
329.816694 248.242462 0.097891 0.000000 0.097891
194.503320 264.179533 0.146641 0.000000 0.146641
596.992580 476.990436 0.113929 0.000000 0.113929
385.762803 226.765920 0.142565 0.000000 0.142565
9.029589 613.163479 0.163596 0.000000 0.163596
381.862679 172.799256 0.136950 0.000000 0.136950
30.343367 476.682662 0.055511 0.000000 0.055511
170.730443 450.139367 0.159375 0.000000 0.159375
472.397094 143.397173 0.108677 0.000000 0.108677
565.359610 468.888145 0.070075 0.000000 0.070075
280.959185 568.534456 0.160746 0.000000 0.160746
526.103788 610.436609 0.134929 0.000000 0.134929
772.541889 544.072889 0.103593 0.000000 0.103593
615.931511 276.775128 0.146028 0.000000 0.146028
218.651699 575.906186 0.017074 0.000000 0.017074
765.019141 350.959200 0.144834 0.000000 0.144834
106.088891 536.116295 0.067402 0.000000 0.067402
639.619433 591.254814 0.119089 0.000000 0.119089
785.311163 588.885531 0.160048 0.000000 0.160048
512.437525 559.326256 0.046540 0.000000 0.046540
709.137436 410.560252 0.154035 0.000000 0.154035
503.336184 619.104690 0.165681 0.000000 0.165681
387.025393 295.505407 0.130234 0.000000 0.130234
680.962161 199.644105 0.112572 0.000000 0.112572
587.236465 385.754314 0.162443 0.000000 0.162443
726.871467 214.975688 0.005540 0.000000 0.005540
745.896883 543.495009 0.161958 0.000000 0.161958
50.737037 473.996729 0.151739 0.000000 0.151739
147.824724 437.709383 0.086217 0.000000 0.086217
21.342755 601.229244 0.133223 0.000000 0.133223
570.206728 601.584229 0.074234 0.000000 0.074234
647.204273 295.130831 0.067196 0.000000 0.067196
213.584696 423.910199 0.042599 0.000000 0.042599
758.515430 325.245201 0.035461 0.000000 0.035461
126.071724 423.896591 0.172905 0.000000 0.172905
580.391889 601.052035 0.013136 0.000000 0.013136
677.299109 484.755136 0.028953 0.000000 0.028953
339.903030 480.569121 0.090514 0.000000 0.090514
62.110446 264.449400 0.091861 0.000000 0.091861
348.896056 589.576712 0.133671 0.000000 0.133671
176.875612 429.731400 0.140911 0.000000 0.140911
780.600094 222.077274 0.101039 0.000000 0.101039
708.494226 516.495279 0.045117 0.000000 0.045117
362.136453 209.703585 0.172034 0.000000 0.172034
197.632491 508.823785 0.076193 0.000000 0.076193
130.750268 481.982235 0.045845 0.000000 0.045845
767.807443 509.383756 0.010064 0.000000 0.010064
593.842465 429.559086 0.129207 0.000000 0.129207
647.737181 568.811416 0.043609 0.000000 0.043609
168.969784 567.119682 0.010212 0.000000 0.010212
602.636996 310.818858 0.145065 0.000000 0.145065
81.394763 588.516754 0.099002 0.000000 0.099002
252.388195 515.301637 0.092072 0.000000 0.092072
622.647997 386.344233 0.068524 0.000000 0.068524
497.228986 275.154300 0.163385 0.000000 0.163385
161.844073 318.447717 0.138386 0.000000 0.138386
704.775533 238.996504 0.161565 0.000000 0.161565
523.104706 602.378302 0.145531 0.000000 0.145531
114.590296 453.549723 0.010784 0.000000 0.010784
640.397754 192.680522 0.103819 0.000000 0.103819
525.858000 447.410271 0.075972 0.000000 0.075972
541.067587 583.122215 0.030147 0.000000 0.030147
485.022448 527.978575 0.051254 0.000000 0.051254
190.742168 537.350064 0.028346 0.000000 0.028346
561.358377 465.641199 0.035846 0.000000 0.035846
496.553249 596.182468 0.095348 0.000000 0.095348
326.376995 352.780222 0.085488 0.000000 0.085488
525.111546 540.633967 0.163953 0.000000 0.163953
671.625955 301.807247 0.087445 0.000000 0.087445
735.835176 599.807336 0.161101 0.000000 0.161101
727.600795 237.619859 0.087881 0.000000 0.087881
776.674536 480.412459 0.049941 0.000000 0.049941
175.129217 343.689152 0.155471 0.000000 0.155471
466.539860 459.930585 0.062134 0.000000 0.062134
755.333299 314.584982 0.103065 0.000000 0.103065
159.019074 289.062943 0.026855 0.000000 0.026855
785.862769 540.484760 0.102059 0.000000 0.102059
321.571036 434.095016 0.026138 0.000000 0.026138
16.405495 538.175144 0.099583 0.000000 0.099583
176.445005 362.048964 0.106880 0.000000 0.106880
545.328071 589.544091 0.169801 0.000000 0.169801
145.309213 426.873776 0.050188 0.000000 0.050188
425.362035 249.987233 0.150390 0.000000 0.150390
687.916621 625.184067 0.093019 0.000000 0.093019
220.195242 575.856742 0.099946 0.000000 0.099946
587.350077 595.837997 0.155902 0.000000 0.155902
776.730374 186.961526 0.110342 0.000000 0.110342
572.293789 630.377219 0.118798 0.000000 0.118798
699.836649 508.896025 0.006974 0.000000 0.006974
171.313295 610.477552 0.131731 0.000000 0.131731
106.812866 455.890367 0.057166 0.000000 0.057166
367.725701 392.932998 0.007157 0.000000 0.007157
532.306002 466.320421 0.036731 0.000000 0.036731
388.614940 77.218129 0.101498 0.000000 0.101498
509.987927 293.795858 0.167439 0.000000 0.167439
402.316304 609.808103 0.139862 0.000000 0.139862
694.196533 303.206143 0.094693 0.000000 0.094693
40.764207 414.095862 0.061645 0.000000 0.061645
786.439340 163.356809 0.104528 0.000000 0.104528
271.110997 508.082597 0.157723 0.000000 0.157723
527.011894 572.246776 0.135384 0.000000 0.135384
38.880788 350.904450 0.013369 0.000000 0.013369
527.872310 550.166139 0.122415 0.000000 0.122415
617.214977 511.511431 0.031024 0.000000 0.031024
416.637004 265.978585 0.140137 0.000000 0.140137
308.077493 291.873837 0.116987 0.000000 0.116987
193.513215 448.310580 0.128711 0.000000 0.128711
759.214716 483.117693 0.123572 0.000000 0.123572
278.763439 530.338832 0.158774 0.000000 0.158774
279.325994 245.959278 0.163867 0.000000 0.163867
251.430523 251.668885 0.059103 0.000000 0.059103
179.871977 427.784080 0.058076 0.000000 0.058076
734.546694 399.558468 0.049907 0.000000 0.049907
555.182498 486.590011 0.116979 0.000000 0.116979
155.241939 506.431232 0.063205 0.000000 0.063205
762.545513 600.286179 0.140432 0.000000 0.140432
686.156052 531.014743 0.077962 0.000000 0.077962
434.299261 599.292114 0.150227 0.000000 0.150227
635.913941 381.309847 0.076384 0.000000 0.076384
75.118062 510.955759 0.087580 0.000000 0.087580
81.879388 229.128083 0.008141 0.000000 0.008141
694.585003 452.433672 0.053628 0.000000 0.053628
124.313922 467.933030 0.038247 0.000000 0.038247
317.604090 296.193495 0.088691 0.000000 0.088691
12.178775 514.678934 0.162832 0.000000 0.162832
436.044513 234.504211 0.084872 0.000000 0.084872
735.114748 508.210699 0.117894 0.000000 0.117894
345.255640 456.166851 0.040478 0.000000 0.040478
529.655151 586.543236 0.018270 0.000000 0.018270
591.133714 180.429703 0.028538 0.000000 0.028538
18.841374 561.495854 0.054689 0.000000 0.054689
147.273428 280.406142 0.159780 0.000000 0.159780
740.428719 335.307576 0.106916 0.000000 0.106916
359.111080 273.452622 0.118841 0.000000 0.118841
175.753406 270.128144 0.149284 0.000000 0.149284
724.888365 227.007971 0.144141 0.000000 0.144141
71.029272 556.208253 0.162364 0.000000 0.162364
762.201901 595.515523 0.056076 0.000000 0.056076
64.535958 535.924100 0.055229 0.000000 0.055229
590.593409 179.721214 0.084665 0.000000 0.084665
643.992765 406.984068 0.130810 0.000000 0.130810
229.047039 424.894653 0.106616 0.000000 0.106616
102.268127 478.457126 0.106114 0.000000 0.106114
711.460404 349.128393 0.076831 0.000000 0.076831
482.511232 472.760361 0.175666 0.000000 0.175666
79.676064 387.363465 0.149692 0.000000 0.149692
693.754273 394.927738 0.173053 0.000000 0.173053
281.014766 256.912562 0.135839 0.000000 0.135839
487.454031 566.283765 0.152432 0.000000 0.152432
724.897093 606.696077 0.114195 0.000000 0.114195
652.872455 621.957539 0.160669 0.000000 0.160669
225.786439 540.090969 0.091793 0.000000 0.091793
375.473606 297.942673 0.129232 0.000000 0.129232
542.624511 447.069526 0.117282 0.000000 0.117282
508.034101 509.837311 0.144194 0.000000 0.144194
510.228420 402.657869 0.113241 0.000000 0.113241
87.099366 471.258865 0.104178 0.000000 0.104178
558.109208 614.906190 0.082500 0.000000 0.082500
746.739013 441.701187 0.151367 0.000000 0.151367
678.314777 233.879636 0.058556 0.000000 0.058556
114.286854 511.848287 0.119433 0.000000 0.119433
172.429247 620.517222 0.141380 0.000000 0.141380
97.869746 602.678795 0.057299 0.000000 0.057299
726.275330 406.205691 0.153671 0.000000 0.153671
187.831965 360.816012 0.147138 0.000000 0.147138
414.052427 243.090053 0.162964 0.000000 0.162964
165.939586 315.034716 0.159919 0.000000 0.159919
706.290413 550.791767 0.011523 0.000000 0.011523
596.870030 132.169950 0.015776 0.000000 0.015776
682.908227 272.664395 0.140925 0.000000 0.140925
608.118641 295.576384 0.086447 0.000000 0.086447
106.882976 447.174446 0.115191 0.000000 0.115191
684.030783 479.122638 0.031824 0.000000 0.031824
639.004241 252.774652 0.170430 0.000000 0.170430
120.172692 229.383126 0.069419 0.000000 0.069419
788.339806 184.473460 0.116645 0.000000 0.116645
412.527681 228.103069 0.147524 0.000000 0.147524
740.075456 582.188530 0.079647 0.000000 0.079647
16.139897 320.866471 0.154508 0.000000 0.154508
732.555271 569.794987 0.110148 0.000000 0.110148
16.214609 489.599241 0.060524 0.000000 0.060524
631.635315 226.605337 0.145447 0.000000 0.145447
383.397170 620.494724 0.052596 0.000000 0.052596
626.783332 355.122475 0.162399 0.000000 0.162399
665.836975 600.384481 0.109725 0.000000 0.109725
114.483160 595.354661 0.004325 0.000000 0.004325
97.747761 377.209131 0.065079 0.000000 0.065079
174.570858 247.658969 0.139168 0.000000 0.139168
396.463020 588.430982 0.119218 0.000000 0.119218
95.875429 579.071853 0.104774 0.000000 0.104774
123.038313 225.501172 0.022589 0.000000 0.022589
646.299229 224.858603 0.126330 0.000000 0.126330
190.231228 254.641646 0.077377 0.000000 0.077377
210.081991 358.355886 0.130841 0.000000 0.130841
695.637083 553.538571 0.078214 0.000000 0.078214
614.349954 560.926685 0.022545 0.000000 0.022545
166.249528 542.762739 0.129669 0.000000 0.129669
764.696904 411.895619 0.176315 0.000000 0.176315
735.744454 584.201484 0.170334 0.000000 0.170334
332.471370 450.240355 0.052276 0.000000 0.052276
621.433745 594.581865 0.118896 0.000000 0.118896
543.871275 485.946595 0.078247 0.000000 0.078247
112.712951 525.691105 0.142037 0.000000 0.142037
729.083760 324.612937 0.061701 0.000000 0.061701
783.499819 453.087699 0.036493 0.000000 0.036493
564.556036 327.352213 0.154141 0.000000 0.154141
695.642224 600.201987 0.061823 0.000000 0.061823
184.239207 520.834215 0.045450 0.000000 0.045450
761.089867 515.298559 0.041154 0.000000 0.041154
520.806332 291.674064 0.140611 0.000000 0.140611
736.085302 265.793449 0.082450 0.000000 0.082450
295.387849 512.992174 0.156190 0.000000 0.156190
655.278514 358.215031 0.119120 0.000000 0.119120
701.980248 251.789659 0.158224 0.000000 0.158224
757.238691 462.987757 0.097589 0.000000 0.097589
427.709529 511.651712 0.173264 0.000000 0.173264
590.610174 207.148911 0.054665 0.000000 0.054665
431.231688 512.383504 0.148461 0.000000 0.148461
523.066489 444.994567 0.154819 0.000000 0.154819
733.466008 439.144201 0.111464 0.000000 0.111464
449.754573 157.821515 0.167060 0.000000 0.167060
17.607225 567.615690 0.066783 0.000000 0.066783
650.156804 212.155014 0.121475 0.000000 0.121475
764.385786 372.298205 0.153041 0.000000 0.153041
455.709221 629.896197 0.098198 0.000000 0.098198
234.640229 534.334694 0.044495 0.000000 0.044495
544.387977 430.839583 0.148685 0.000000 0.148685
752.759099 525.030346 0.085013 0.000000 0.085013
655.689280 472.514798 0.127566 0.000000 0.127566
622.793363 211.736869 0.134237 0.000000 0.134237
742.434588 577.409246 0.132104 0.000000 0.132104
333.793571 248.319830 0.161040 0.000000 0.161040
217.067182 506.576646 0.132491 0.000000 0.132491
751.039291 412.486847 0.125930 0.000000 0.125930
659.721462 376.326422 0.091611 0.000000 0.091611
428.151129 504.057690 0.076733 0.000000 0.076733
606.596722 616.876514 0.024229 0.000000 0.024229
79.445791 451.378192 0.126031 0.000000 0.126031
442.560496 252.341148 0.094277 0.000000 0.094277
265.866583 552.374357 0.067602 0.000000 0.067602
436.484246 566.914591 0.019609 0.000000 0.019609
560.949659 540.842760 0.032271 0.000000 0.032271
309.281531 235.181762 0.112097 0.000000 0.112097
613.551900 606.113809 0.007057 0.000000 0.007057
176.853815 436.465691 0.131947 0.000000 0.131947
649.403320 271.786832 0.160098 0.000000 0.160098
132.785048 571.097287 0.080637 0.000000 0.080637
687.529953 558.597321 0.112251 0.000000 0.112251
656.201476 325.400848 0.027494 0.000000 0.027494
568.153174 551.695444 0.021006 0.000000 0.021006
182.615539 593.162770 0.079456 0.000000 0.079456
337.554869 612.698216 0.096746 0.000000 0.096746
126.611845 486.122880 0.096067 0.000000 0.096067
10.341273 270.282386 0.155382 0.000000 0.155382
144.899044 619.764348 0.080911 0.000000 0.080911
277.295341 550.020584 0.065529 0.000000 0.065529
215.858617 545.555676 0.058427 0.000000 0.058427
461.051216 457.681483 0.067031 0.000000 0.067031
608.836804 548.442942 0.136462 0.000000 0.136462
634.036238 538.617311 0.070667 0.000000 0.070667
660.669710 236.804357 0.116672 0.000000 0.116672
219.260099 423.446641 0.137877 0.000000 0.137877
584.650435 203.174527 0.079297 0.000000 0.079297
409.410581 568.021737 0.037551 0.000000 0.037551
674.239090 512.571038 0.137329 0.000000 0.137329
233.228448 181.837014 0.056892 0.000000 0.056892
538.092665 610.660663 0.031098 0.000000 0.031098
122.797045 348.679952 0.117553 0.000000 0.117553
159.004062 545.175656 0.173505 0.000000 0.173505
145.629997 404.999956 0.153299 0.000000 0.153299
186.095274 275.370487 0.106869 0.000000 0.106869
336.149014 164.936195 0.104909 0.000000 0.104909
106.936944 471.755760 0.119245 0.000000 0.119245
436.047443 609.647555 0.131144 0.000000 0.131144
579.161999 615.833413 0.048426 0.000000 0.048426
756.362007 292.649038 0.063974 0.000000 0.063974
597.636774 447.760295 0.118509 0.000000 0.118509
617.083331 329.744247 0.155715 0.000000 0.155715
100.575107 387.829218 0.156088 0.000000 0.156088
318.629020 436.938156 0.126301 0.000000 0.126301
767.518549 545.635515 0.144084 0.000000 0.144084
682.317328 607.419896 0.071527 0.000000 0.071527
56.082939 553.239572 0.118130 0.000000 0.118130
789.179529 492.581225 0.073350 0.000000 0.073350
151.704300 572.468050 0.165422 0.000000 0.165422
558.787882 470.153507 0.078945 0.000000 0.078945
755.377963 394.841953 0.049429 0.000000 0.049429
514.173494 405.186527 0.079152 0.000000 0.079152
717.668664 521.400841 0.081955 0.000000 0.081955
438.378085 573.609433 0.110350 0.000000 0.110350
547.848823 483.807226 0.033898 0.000000 0.033898
180.708817 256.303575 0.111575 0.000000 0.111575
533.213533 444.122897 0.152176 0.000000 0.152176
481.491679 438.640234 0.158714 0.000000 0.158714
125.406890 198.064610 0.075306 0.000000 0.075306
122.051163 579.638689 0.156423 0.000000 0.156423
599.109484 539.666116 0.021591 0.000000 0.021591
15.565594 513.580389 0.071874 0.000000 0.071874
398.189279 606.305324 0.048666 0.000000 0.048666
86.535184 474.634261 0.045576 0.000000 0.045576
414.145566 498.934240 0.064252 0.000000 0.064252
697.827103 162.891581 0.160351 0.000000 0.160351
507.569155 629.127416 0.085306 0.000000 0.085306
89.954300 541.281399 0.064071 0.000000 0.064071
90.997794 221.777694 0.066879 0.000000 0.066879
757.138895 411.079538 0.172983 0.000000 0.172983
737.312426 207.817435 0.028495 0.000000 0.028495
93.791879 587.520364 0.128715 0.000000 0.128715
262.708813 558.343089 0.089650 0.000000 0.089650
461.129211 596.097778 0.098938 0.000000 0.098938
505.381369 438.215095 0.104520 0.000000 0.104520
346.286924 176.951906 0.091887 0.000000 0.091887
118.516511 547.923201 0.151198 0.000000 0.151198
513.564946 219.646449 0.107357 0.000000 0.107357
168.001992 516.232679 0.139539 0.000000 0.139539
524.814318 461.465230 0.108886 0.000000 0.108886
266.510730 569.188303 0.130463 0.000000 0.130463
610.532853 382.890771 0.132367 0.000000 0.132367
190.894520 238.601839 0.147720 0.000000 0.147720
545.161995 573.187730 0.118806 0.000000 0.118806
278.928464 524.150943 0.047961 0.000000 0.047961
518.566931 219.232667 0.097353 0.000000 0.097353
623.433667 381.192765 0.022929 0.000000 0.022929
712.262826 491.938039 0.172751 0.000000 0.172751
723.016610 214.298455 0.046413 0.000000 0.046413
18.782199 602.278022 0.019989 0.000000 0.019989
668.963561 629.114316 0.142854 0.000000 0.142854
144.014907 438.503684 0.174593 0.000000 0.174593
621.051534 539.325000 0.145220 0.000000 0.145220
168.599181 417.619955 0.136669 0.000000 0.136669
697.704518 578.602232 0.051922 0.000000 0.051922
26.264725 597.838241 0.052065 0.000000 0.052065
307.728426 327.900034 0.050314 0.000000 0.050314
704.740131 397.313301 0.090978 0.000000 0.090978
774.145597 306.921974 0.146621 0.000000 0.146621
469.610378 593.544189 0.050869 0.000000 0.050869
743.807666 330.423708 0.023479 0.000000 0.023479
638.532015 562.573042 0.136449 0.000000 0.136449
554.019091 593.949843 0.052844 0.000000 0.052844
479.703653 176.402021 0.125485 0.000000 0.125485
169.269752 619.247063 0.048087 0.000000 0.048087
687.566355 450.543489 0.121735 0.000000 0.121735
456.290721 388.538496 0.111972 0.000000 0.111972
760.076573 622.656508 0.094560 0.000000 0.094560
575.289771 493.813830 0.111807 0.000000 0.111807
461.878407 277.061585 0.006408 0.000000 0.006408
477.258060 505.916224 0.091600 0.000000 0.091600
761.393866 360.186758 0.114071 0.000000 0.114071
534.165945 288.759239 0.163573 0.000000 0.163573
218.009551 329.393037 0.154511 0.000000 0.154511
537.996460 427.075949 0.141314 0.000000 0.141314
588.460857 278.708560 0.104597 0.000000 0.104597
553.764934 581.376638 0.152159 0.000000 0.152159
603.332019 548.570458 0.142167 0.000000 0.142167
737.689196 306.335905 0.069972 0.000000 0.069972
173.317504 415.089232 0.130657 0.000000 0.130657
368.871454 423.668220 0.038494 0.000000 0.038494
717.400063 517.082008 0.113365 0.000000 0.113365
106.896608 477.461283 0.038664 0.000000 0.038664
199.215821 323.217519 0.006492 0.000000 0.006492
521.728881 376.923152 0.035705 0.000000 0.035705
246.020217 364.996950 0.148906 0.000000 0.148906
530.629568 271.834767 0.085320 0.000000 0.085320
550.677484 587.618381 0.160444 0.000000 0.160444
599.082133 583.364156 0.039791 0.000000 0.039791
147.649018 500.627192 0.104061 0.000000 0.104061
704.024010 324.043933 0.066040 0.000000 0.066040
364.419054 233.956817 0.176703 0.000000 0.176703
588.851250 175.037135 0.110233 0.000000 0.110233
634.575974 346.520646 0.161762 0.000000 0.161762
439.317215 403.597023 0.147163 0.000000 0.147163
656.692416 527.883299 0.145159 0.000000 0.145159
773.938422 350.669675 0.026832 0.000000 0.026832
580.731140 374.103918 0.150246 0.000000 0.150246
464.622164 545.408172 0.011676 0.000000 0.011676
506.906508 273.476352 0.100620 0.000000 0.100620
720.219843 200.863802 0.114697 0.000000 0.114697
23.238650 496.803695 0.090858 0.000000 0.090858
410.875381 219.645657 0.169528 0.000000 0.169528
417.436513 365.817252 0.108612 0.000000 0.108612
198.843601 262.657497 0.117922 0.000000 0.117922
529.470957 554.130210 0.051146 0.000000 0.051146
184.264875 333.907309 0.159336 0.000000 0.159336
732.733040 512.528350 0.080975 0.000000 0.080975
461.621222 560.633550 0.030207 0.000000 0.030207
62.814257 585.593154 0.045958 0.000000 0.045958
651.789448 429.139940 0.059312 0.000000 0.059312
123.946646 611.088053 0.127742 0.000000 0.127742
24.526171 524.732112 0.104046 0.000000 0.104046
28.745887 306.717885 0.147788 0.000000 0.147788
735.909019 591.124126 0.012249 0.000000 0.012249
604.330845 535.376369 0.137567 0.000000 0.137567
717.411766 623.737196 0.155266 0.000000 0.155266
154.219110 525.577147 0.028280 0.000000 0.028280
678.569727 177.842227 0.102131 0.000000 0.102131
119.756669 359.197663 0.062031 0.000000 0.062031
127.656967 456.400863 0.049882 0.000000 0.049882
678.074453 331.604359 0.112022 0.000000 0.112022
662.806800 312.811934 0.130950 0.000000 0.130950
104.455779 242.506170 0.111960 0.000000 0.111960
645.173629 327.287935 0.083515 0.000000 0.083515
635.428647 477.603559 0.137856 0.000000 0.137856
167.859792 440.511668 0.131531 0.000000 0.131531
509.535291 437.052184 0.172655 0.000000 0.172655
299.421165 457.578011 0.015177 0.000000 0.015177
703.497052 304.642463 0.176562 0.000000 0.176562
504.107057 547.765359 0.086881 0.000000 0.086881
716.710490 143.996902 0.145931 0.000000 0.145931
334.386622 360.622537 0.130477 0.000000 0.130477
767.488331 623.156521 0.106302 0.000000 0.106302
518.619217 623.058164 0.081064 0.000000 0.081064
697.577600 155.808497 0.043008 0.000000 0.043008
562.146667 609.733991 0.016034 0.000000 0.016034
653.880722 501.083888 0.106359 0.000000 0.106359
500.663820 516.378322 0.042470 0.000000 0.042470
611.747093 590.146284 0.135735 0.000000 0.135735
228.876033 565.384564 0.096010 0.000000 0.096010
188.453058 312.025368 0.139092 0.000000 0.139092
775.232270 329.263646 0.017864 0.000000 0.017864
264.500510 532.261770 0.111669 0.000000 0.111669
173.338843 603.584608 0.083634 0.000000 0.083634
743.356003 630.317550 0.169263 0.000000 0.169263
580.689926 473.354069 0.023460 0.000000 0.023460
85.038702 529.577782 0.074753 0.000000 0.074753
709.363126 601.309119 0.093489 0.000000 0.093489
85.387070 583.854775 0.146960 0.000000 0.146960
775.466938 535.890578 0.043354 0.000000 0.043354
99.483892 624.733558 0.113111 0.000000 0.113111
204.798804 409.685644 0.110643 0.000000 0.110643
703.172787 308.904969 0.039285 0.000000 0.039285
110.917274 491.727384 0.039425 0.000000 0.039425
92.392646 501.618387 0.060573 0.000000 0.060573
751.189289 561.649054 0.121186 0.000000 0.121186
689.177420 493.326251 0.015521 0.000000 0.015521
495.849729 590.387890 0.160869 0.000000 0.160869
602.785771 579.951300 0.169996 0.000000 0.169996
78.712903 585.240982 0.032816 0.000000 0.032816
154.312951 532.388483 0.152233 0.000000 0.152233
652.910349 452.083396 0.078809 0.000000 0.078809
655.694765 445.353349 0.117675 0.000000 0.117675
754.401699 322.223379 0.080159 0.000000 0.080159
331.836835 265.679959 0.115851 0.000000 0.115851
288.774777 552.972274 0.157436 0.000000 0.157436
555.337060 598.211344 0.126762 0.000000 0.126762
90.837392 570.809643 0.070834 0.000000 0.070834
230.216787 546.948940 0.158930 0.000000 0.158930
597.478007 455.681903 0.134143 0.000000 0.134143
547.221117 467.510159 0.139421 0.000000 0.139421
785.239009 397.257788 0.141321 0.000000 0.141321
40.357121 588.571349 0.155042 0.000000 0.155042
566.701108 399.737064 0.135848 0.000000 0.135848
15.640394 445.038250 0.052979 0.000000 0.052979
137.965374 356.519019 0.045121 0.000000 0.045121
741.931547 329.674803 0.159456 0.000000 0.159456
178.013351 509.972308 0.172889 0.000000 0.172889
745.283275 480.061216 0.091103 0.000000 0.091103
133.135439 523.349134 0.058921 0.000000 0.058921
636.777651 466.710172 0.029343 0.000000 0.029343
478.854403 601.616762 0.108111 0.000000 0.108111
702.467590 162.643701 0.097063 0.000000 0.097063
716.090239 308.429254 0.073620 0.000000 0.073620
738.364236 483.967072 0.075007 0.000000 0.075007
221.047459 357.378550 0.165089 0.000000 0.165089
359.529818 397.592864 0.150053 0.000000 0.150053
108.954692 394.141830 0.172093 0.000000 0.172093
134.661726 465.638124 0.028129 0.000000 0.028129
599.874258 538.154822 0.062662 0.000000 0.062662
496.478418 283.714793 0.012194 0.000000 0.012194
208.829578 352.704825 0.011252 0.000000 0.011252
754.765613 398.689007 0.012741 0.000000 0.012741
391.655831 357.298615 0.065309 0.000000 0.065309
729.014329 437.340712 0.041476 0.000000 0.041476
598.166123 565.678813 0.043235 0.000000 0.043235
727.288947 596.372230 0.033071 0.000000 0.033071
713.545045 531.817435 0.071883 0.000000 0.071883
590.903272 194.149534 0.090850 0.000000 0.090850
199.999298 265.428405 0.040423 0.000000 0.040423
85.628934 499.619757 0.025792 0.000000 0.025792
635.659237 511.197912 0.132288 0.000000 0.132288
642.731165 439.118122 0.089992 0.000000 0.089992
131.731123 589.103837 0.076192 0.000000 0.076192
755.023834 566.522315 0.060616 0.000000 0.060616
714.405973 489.530152 0.037232 0.000000 0.037232
736.067295 414.086765 0.070369 0.000000 0.070369
712.824049 271.437473 0.074817 0.000000 0.074817
782.843686 339.784522 0.124410 0.000000 0.124410
88.958514 624.791614 0.115206 0.000000 0.115206
389.837032 441.706290 0.125629 0.000000 0.125629
99.654760 435.254221 0.151508 0.000000 0.151508
347.018915 263.322693 0.024612 0.000000 0.024612
116.533364 432.224462 0.053979 0.000000 0.053979
619.004383 559.725213 0.040299 0.000000 0.040299
45.192381 495.519909 0.057838 0.000000 0.057838
100.984598 546.427236 0.100010 0.000000 0.100010
719.386568 179.691803 0.097064 0.000000 0.097064
770.636498 315.971749 0.079568 0.000000 0.079568
576.153232 588.028493 0.116645 0.000000 0.116645
767.167459 610.670408 0.012967 0.000000 0.012967
461.333857 587.022588 0.148806 0.000000 0.148806
471.453985 532.139756 0.097048 0.000000 0.097048
300.607905 303.277741 0.071468 0.000000 0.071468
623.984338 104.990964 0.107577 0.000000 0.107577
260.264799 539.240673 0.101134 0.000000 0.101134
22.532093 551.766231 0.082293 0.000000 0.082293
704.914879 177.243314 0.060889 0.000000 0.060889
747.130538 278.888546 0.074433 0.000000 0.074433
681.858917 331.186107 0.019398 0.000000 0.019398
656.270416 457.222870 0.158334 0.000000 0.158334
587.721805 610.583578 0.092770 0.000000 0.092770
160.705203 573.122154 0.055946 0.000000 0.055946
564.332868 457.984848 0.173097 0.000000 0.173097
713.136773 200.318848 0.080511 0.000000 0.080511
444.609238 498.994690 0.043633 0.000000 0.043633
370.049352 401.862615 0.052313 0.000000 0.052313
779.913688 357.378447 0.040157 0.000000 0.040157
163.619385 610.862793 0.030987 0.000000 0.030987
71.295566 570.340243 0.163417 0.000000 0.163417
156.071331 501.120878 0.171044 0.000000 0.171044
198.922009 200.296398 0.136582 0.000000 0.136582
384.413451 273.498877 0.141640 0.000000 0.141640
661.715136 344.632356 0.004969 0.000000 0.004969
754.329075 442.304911 0.051824 0.000000 0.051824
397.401248 546.604864 0.101646 0.000000 0.101646
513.947277 278.190751 0.008307 0.000000 0.008307
562.161455 568.731051 0.091674 0.000000 0.091674
726.682713 557.725046 0.066189 0.000000 0.066189
149.279591 495.781701 0.105205 0.000000 0.105205
713.668476 408.528136 0.034341 0.000000 0.034341
89.295944 312.607236 0.163771 0.000000 0.163771
27.248695 549.900542 0.133510 0.000000 0.133510
274.914068 523.311979 0.108707 0.000000 0.108707
411.808910 616.962782 0.174464 0.000000 0.174464
611.305732 534.416978 0.014714 0.000000 0.014714
61.860389 599.713529 0.056821 0.000000 0.056821
465.322171 614.229606 0.085084 0.000000 0.085084
86.619511 515.914273 0.117426 0.000000 0.117426
571.690945 551.922304 0.165988 0.000000 0.165988
239.783287 187.754344 0.129622 0.000000 0.129622
653.859042 588.735192 0.086468 0.000000 0.086468
87.153664 515.027719 0.036920 0.000000 0.036920
740.248153 467.754980 0.041491 0.000000 0.041491
327.805733 529.761469 0.151036 0.000000 0.151036
289.650639 527.984646 0.172596 0.000000 0.172596
162.767446 572.497683 0.149908 0.000000 0.149908
774.931571 318.092603 0.152550 0.000000 0.152550
100.329381 467.398489 0.087329 0.000000 0.087329
341.731380 259.837797 0.050857 0.000000 0.050857
134.636364 517.269308 0.054575 0.000000 0.054575
755.635128 506.817267 0.120845 0.000000 0.120845
262.780382 277.443817 0.056701 0.000000 0.056701
513.212474 141.323974 0.045215 0.000000 0.045215
401.941933 76.501668 0.097151 0.000000 0.097151
674.932121 499.280137 0.142851 0.000000 0.142851
19.171261 348.094346 0.155793 0.000000 0.155793
759.230980 543.605245 0.097512 0.000000 0.097512
265.915313 600.553584 0.056613 0.000000 0.056613
531.175125 371.741352 0.048138 0.000000 0.048138
580.281041 175.181158 0.159154 0.000000 0.159154
74.079831 561.426303 0.091262 0.000000 0.091262
650.715454 395.837569 0.010653 0.000000 0.010653
150.678502 520.340308 0.004688 0.000000 0.004688
299.703149 587.254358 0.070656 0.000000 0.070656
138.967847 477.223892 0.128798 0.000000 0.128798
626.545602 360.446116 0.008164 0.000000 0.008164
76.315304 441.844323 0.110240 0.000000 0.110240
602.190538 188.079488 0.135715 0.000000 0.135715
74.881413 471.740920 0.132273 0.000000 0.132273
662.135952 365.727437 0.030065 0.000000 0.030065
40.518339 499.033714 0.152974 0.000000 0.152974
265.535207 541.742377 0.013218 0.000000 0.013218
32.227579 510.161758 0.090149 0.000000 0.090149
288.428660 525.139699 0.110646 0.000000 0.110646
518.602549 214.296194 0.076011 0.000000 0.076011
733.003280 377.467892 0.155674 0.000000 0.155674
664.094492 630.892401 0.109339 0.000000 0.109339
78.659533 301.536037 0.122818 0.000000 0.122818
701.463687 524.627619 0.016142 0.000000 0.016142
397.230950 181.949438 0.147459 0.000000 0.147459
597.255829 145.458419 0.087476 0.000000 0.087476
627.587338 223.952895 0.124945 0.000000 0.124945
554.758003 498.933036 0.100836 0.000000 0.100836
407.087559 177.263219 0.103176 0.000000 0.103176
605.377892 526.526946 0.005086 0.000000 0.005086
568.429614 312.406836 0.110886 0.000000 0.110886
646.833491 416.070374 0.006253 0.000000 0.006253
749.045688 263.260225 0.148751 0.000000 0.148751
750.797572 456.214083 0.005190 0.000000 0.005190
682.720934 625.790486 0.040024 0.000000 0.040024
251.989267 592.378446 0.115047 0.000000 0.115047
600.186381 609.402042 0.012545 0.000000 0.012545
695.967325 370.606182 0.034708 0.000000 0.034708
44.115184 572.554187 0.118674 0.000000 0.118674
541.338763 269.071218 0.171556 0.000000 0.171556
428.264112 573.297025 0.151922 0.000000 0.151922
617.724859 557.061778 0.003927 0.000000 0.003927
506.668579 531.430588 0.044514 0.000000 0.044514
313.659096 590.986505 0.102677 0.000000 0.102677
753.168394 515.051140 0.006662 0.000000 0.006662
347.563559 273.267734 0.073833 0.000000 0.073833
780.445402 383.633893 0.156261 0.000000 0.156261
428.015176 622.968020 0.047159 0.000000 0.047159
522.628445 300.647010 0.118854 0.000000 0.118854
622.922187 449.512109 0.149754 0.000000 0.149754
210.087373 151.901097 0.150509 0.000000 0.150509
492.382467 493.829976 0.161444 0.000000 0.161444
465.796785 533.994534 0.048698 0.000000 0.048698
303.096786 192.181702 0.034058 0.000000 0.034058
500.264654 307.154664 0.040437 0.000000 0.040437
88.956974 486.128952 0.143794 0.000000 0.143794
627.254884 450.110379 0.116586 0.000000 0.116586
662.855112 621.468452 0.103302 0.000000 0.103302
18.430372 607.636260 0.163107 0.000000 0.163107
447.633522 590.541041 0.024869 0.000000 0.024869
241.400674 448.764065 0.159408 0.000000 0.159408
660.352925 568.153065 0.072028 0.000000 0.072028
640.161772 141.032147 0.021769 0.000000 0.021769
621.101097 543.619638 0.025667 0.000000 0.025667
337.732482 228.655672 0.141578 0.000000 0.141578
389.165921 251.020635 0.174463 0.000000 0.174463
221.564430 470.759922 0.143099 0.000000 0.143099
708.158594 165.468989 0.054091 0.000000 0.054091
371.406343 327.197427 0.161244 0.000000 0.161244
686.071385 150.098370 0.075873 0.000000 0.075873
685.505247 277.481337 0.106753 0.000000 0.106753
603.745895 579.412702 0.075731 0.000000 0.075731
659.799267 546.364655 0.088422 0.000000 0.088422
34.181930 537.566025 0.035391 0.000000 0.035391
170.901925 599.119240 0.091688 0.000000 0.091688
729.590552 452.560938 0.153349 0.000000 0.153349
667.940539 526.681265 0.091564 0.000000 0.091564
399.374662 133.911988 0.063327 0.000000 0.063327
286.149718 544.862050 0.100867 0.000000 0.100867
681.676531 568.750963 0.087390 0.000000 0.087390
445.887404 589.515136 0.082668 0.000000 0.082668
227.471828 515.221316 0.066213 0.000000 0.066213
170.171987 560.038123 0.073868 0.000000 0.073868
147.593205 560.718400 0.034148 0.000000 0.034148
323.234026 356.677094 0.069466 0.000000 0.069466
691.377073 165.371733 0.137222 0.000000 0.137222
161.656671 534.720795 0.112288 0.000000 0.112288
731.403721 372.797562 0.132372 0.000000 0.132372
479.477073 594.206428 0.093076 0.000000 0.093076
684.368417 474.778355 0.126512 0.000000 0.126512
726.527149 565.124235 0.018397 0.000000 0.018397
729.298203 359.717136 0.136166 0.000000 0.136166
202.339964 550.370875 0.008021 0.000000 0.008021
66.873255 239.155069 0.008849 0.000000 0.008849
222.112633 520.521968 0.066218 0.000000 0.066218
593.237118 132.232465 0.123959 0.000000 0.123959
282.152992 557.493169 0.033941 0.000000 0.033941
720.108168 288.722447 0.074444 0.000000 0.074444
601.710289 553.263490 0.057048 0.000000 0.057048
28.313113 531.728949 0.024766 0.000000 0.024766
112.417773 579.196261 0.048619 0.000000 0.048619
715.882154 383.010220 0.027548 0.000000 0.027548
67.794273 604.963551 0.047150 0.000000 0.047150
556.242819 193.156150 0.170578 0.000000 0.170578
788.780100 624.676931 0.103078 0.000000 0.103078
753.010679 530.700890 0.085652 0.000000 0.085652
790.842462 344.105681 0.153885 0.000000 0.153885
641.964883 356.885091 0.027242 0.000000 0.027242
176.454892 581.035393 0.101131 0.000000 0.101131
706.071014 286.427154 0.104250 0.000000 0.104250
501.896781 628.236883 0.129358 0.000000 0.129358
577.059868 571.077956 0.086471 0.000000 0.086471
710.410164 394.383225 0.148019 0.000000 0.148019
718.103963 568.311405 0.081289 0.000000 0.081289
87.852629 385.606190 0.072197 0.000000 0.072197
169.526121 564.858270 0.158823 0.000000 0.158823
736.040404 525.272585 0.117607 0.000000 0.117607
204.840782 312.523678 0.121875 0.000000 0.121875
490.121763 554.116160 0.170490 0.000000 0.170490
100.100861 445.415175 0.087343 0.000000 0.087343
703.861477 405.360043 0.116427 0.000000 0.116427
340.243789 153.530536 0.151884 0.000000 0.151884
252.451924 538.324380 0.052009 0.000000 0.052009
518.893485 444.039606 0.035713 0.000000 0.035713
137.838970 419.492246 0.145357 0.000000 0.145357
148.297833 394.567325 0.142962 0.000000 0.142962
765.781883 610.346058 0.134075 0.000000 0.134075
699.775987 272.601793 0.067415 0.000000 0.067415
102.740773 611.704820 0.147552 0.000000 0.147552
567.680627 324.781746 0.055325 0.000000 0.055325
407.797460 187.922314 0.076244 0.000000 0.076244
80.350811 222.548847 0.060847 0.000000 0.060847
668.205680 306.082229 0.089425 0.000000 0.089425
498.712456 304.739450 0.080500 0.000000 0.080500
192.606764 443.854796 0.059051 0.000000 0.059051
394.387410 401.239130 0.023858 0.000000 0.023858
768.199775 533.686038 0.093944 0.000000 0.093944
609.659879 474.200402 0.083984 0.000000 0.083984
705.689060 204.953390 0.088423 0.000000 0.088423
66.224633 573.327721 0.037195 0.000000 0.037195
82.598046 596.837816 0.153942 0.000000 0.153942
768.114993 522.281793 0.137123 0.000000 0.137123
455.925038 602.514917 0.024848 0.000000 0.024848
740.404340 482.200666 0.006719 0.000000 0.006719
636.711378 218.308250 0.126627 0.000000 0.126627
720.109159 175.974691 0.172369 0.000000 0.172369
140.292248 500.409261 0.143136 0.000000 0.143136
681.916033 537.195591 0.039324 0.000000 0.039324
161.739506 531.300842 0.054690 0.000000 0.054690
773.865054 317.430830 0.018802 0.000000 0.018802
725.142457 317.534938 0.110251 0.000000 0.110251
178.364573 480.797803 0.085666 0.000000 0.085666
687.764687 615.448236 0.160641 0.000000 0.160641
280.210716 594.057865 0.162220 0.000000 0.162220
742.512345 263.892043 0.057718 0.000000 0.057718
590.298533 372.579916 0.148952 0.000000 0.148952
100.957769 395.244469 0.116914 0.000000 0.116914
286.459949 572.541191 0.018049 0.000000 0.018049
595.636857 571.428132 0.051925 0.000000 0.051925
278.210400 342.403038 0.130770 0.000000 0.130770
581.066213 540.387927 0.067633 0.000000 0.067633
723.661675 628.138618 0.129480 0.000000 0.129480
191.262981 451.577945 0.011428 0.000000 0.011428
343.296792 292.636552 0.174686 0.000000 0.174686
408.424758 194.880463 0.052662 0.000000 0.052662
656.267047 593.164039 0.088073 0.000000 0.088073
508.850387 600.558937 0.054662 0.000000 0.054662
732.906958 504.856306 0.004123 0.000000 0.004123
173.704978 335.545900 0.175071 0.000000 0.175071
627.770303 458.334590 0.041634 0.000000 0.041634
681.954212 364.736591 0.172292 0.000000 0.172292
446.714770 555.056470 0.159796 0.000000 0.159796
739.859444 511.579967 0.027626 0.000000 0.027626
263.057150 607.425088 0.085689 0.000000 0.085689
689.108880 369.165785 0.109621 0.000000 0.109621
193.350977 467.233100 0.098457 0.000000 0.098457
468.377184 610.782206 0.027734 0.000000 0.027734
384.808168 199.464545 0.135740 0.000000 0.135740
558.312961 518.333821 0.095346 0.000000 0.095346
230.389030 284.111892 0.065904 0.000000 0.065904
479.766248 548.068872 0.104580 0.000000 0.104580
584.964836 324.860669 0.005501 0.000000 0.005501
512.063704 390.696178 0.009574 0.000000 0.009574
661.136724 527.682682 0.035982 0.000000 0.035982
648.631208 266.448687 0.042733 0.000000 0.042733
309.669629 192.920968 0.013919 0.000000 0.013919
755.326518 359.645312 0.078726 0.000000 0.078726
585.720879 414.308729 0.085266 0.000000 0.085266
134.528935 359.798000 0.009680 0.000000 0.009680
404.881982 252.630516 0.169378 0.000000 0.169378
488.970911 609.766608 0.155713 0.000000 0.155713
41.729830 554.478622 0.077422 0.000000 0.077422
195.586416 332.693068 0.150262 0.000000 0.150262
700.558443 539.313572 0.083398 0.000000 0.083398
409.847178 345.417103 0.172444 0.000000 0.172444
627.599853 589.601606 0.138339 0.000000 0.138339
257.406488 269.723773 0.162635 0.000000 0.162635
194.899311 435.481128 0.160391 0.000000 0.160391
300.791456 557.272314 0.060443 0.000000 0.060443
164.551877 455.774201 0.106320 0.000000 0.106320
571.329725 569.182541 0.141498 0.000000 0.141498
381.366584 609.972666 0.078816 0.000000 0.078816
129.374014 308.060054 0.142848 0.000000 0.142848
160.988374 552.217946 0.025533 0.000000 0.025533
764.980309 336.720755 0.108504 0.000000 0.108504
53.242967 559.591330 0.050729 0.000000 0.050729
327.443106 256.811967 0.175745 0.000000 0.175745
127.113425 513.861324 0.166197 0.000000 0.166197
36.124096 547.133871 0.096227 0.000000 0.096227
680.499728 457.097726 0.058900 0.000000 0.058900
320.390292 516.639059 0.115467 0.000000 0.115467
545.356520 549.227133 0.135066 0.000000 0.135066
581.570609 561.977616 0.050384 0.000000 0.050384
81.213346 509.987448 0.031421 0.000000 0.031421
475.052515 562.297958 0.048798 0.000000 0.048798
467.933579 513.711348 0.047090 0.000000 0.047090
375.621140 395.473291 0.108551 0.000000 0.108551
713.338000 253.566239 0.150575 0.000000 0.150575
693.987145 412.827046 0.164516 0.000000 0.164516
173.215697 399.623411 0.103832 0.000000 0.103832
633.899772 373.099716 0.069016 0.000000 0.069016
626.769989 444.411422 0.054117 0.000000 0.054117
602.976119 589.433599 0.126136 0.000000 0.126136
300.915698 525.696471 0.127201 0.000000 0.127201
707.499404 423.762294 0.104669 0.000000 0.104669
113.181036 548.228138 0.079074 0.000000 0.079074
681.565882 573.235186 0.029266 0.000000 0.029266
457.970694 565.680776 0.015573 0.000000 0.015573
226.678239 450.754340 0.116702 0.000000 0.116702
591.769203 419.572483 0.155959 0.000000 0.155959
714.093072 572.888754 0.156460 0.000000 0.156460
281.683678 303.663354 0.173451 0.000000 0.173451
645.902495 131.999152 0.040221 0.000000 0.040221
602.548348 127.612654 0.144805 0.000000 0.144805
743.313337 401.295891 0.059206 0.000000 0.059206
440.260216 312.519991 0.125729 0.000000 0.125729
246.032594 573.905574 0.152776 0.000000 0.152776
341.416620 347.633050 0.128268 0.000000 0.128268
199.299976 560.961842 0.058327 0.000000 0.058327
601.401714 464.353230 0.150851 0.000000 0.150851
172.279796 597.815461 0.013907 0.000000 0.013907
693.000890 587.977288 0.131866 0.000000 0.131866
325.184490 336.391980 0.056833 0.000000 0.056833
211.143457 524.871721 0.021109 0.000000 0.021109
495.803185 502.491494 0.132695 0.000000 0.132695
533.400865 529.193454 0.035809 0.000000 0.035809
487.045319 610.684093 0.049924 0.000000 0.049924
751.976448 541.283357 0.171314 0.000000 0.171314
122.679254 614.704488 0.070226 0.000000 0.070226
493.867002 522.200349 0.108845 0.000000 0.108845
507.818943 475.148397 0.086746 0.000000 0.086746
106.759384 523.137508 0.094557 0.000000 0.094557
724.425609 499.759350 0.148928 0.000000 0.148928
265.732046 594.285275 0.016172 0.000000 0.016172
576.555008 263.793182 0.057441 0.000000 0.057441
606.727295 170.523811 0.061252 0.000000 0.061252
268.060679 193.228510 0.143319 0.000000 0.143319
560.501130 499.382031 0.061757 0.000000 0.061757
567.984719 507.711543 0.030767 0.000000 0.030767
683.159938 563.140913 0.047921 0.000000 0.047921
322.151361 294.215149 0.044020 0.000000 0.044020
127.634874 520.721793 0.033401 0.000000 0.033401
643.833029 254.929193 0.116627 0.000000 0.116627
686.993313 155.618034 0.107312 0.000000 0.107312
30.547701 466.766294 0.172823 0.000000 0.172823
283.878670 179.875656 0.166150 0.000000 0.166150
393.322145 571.823183 0.167405 0.000000 0.167405
516.058260 540.360537 0.073146 0.000000 0.073146
532.716302 430.636926 0.153397 0.000000 0.153397
577.140918 557.913918 0.121599 0.000000 0.121599
88.436609 308.034012 0.134700 0.000000 0.134700
652.916704 511.171507 0.023750 0.000000 0.023750
340.844701 471.823867 0.165075 0.000000 0.165075
633.486230 390.739549 0.128778 0.000000 0.128778
690.677784 475.679662 0.151538 0.000000 0.151538
47.882732 509.734879 0.113541 0.000000 0.113541
779.558290 302.974587 0.138847 0.000000 0.138847
471.216182 610.871320 0.106865 0.000000 0.106865
627.116158 205.894318 0.046117 0.000000 0.046117
109.117244 547.054066 0.146820 0.000000 0.146820
501.695132 624.153098 0.128737 0.000000 0.128737
709.834360 550.389922 0.103457 0.000000 0.103457
561.232630 553.412376 0.136149 0.000000 0.136149
52.734586 561.722603 0.128685 0.000000 0.128685
448.238516 616.249762 0.161459 0.000000 0.161459
185.943228 422.505385 0.094639 0.000000 0.094639
392.332317 186.366854 0.168078 0.000000 0.168078
594.019194 467.776517 0.060389 0.000000 0.060389
459.866062 609.533273 0.156049 0.000000 0.156049
706.574761 543.172491 0.051737 0.000000 0.051737
536.448623 327.183344 0.082475 0.000000 0.082475
306.770868 371.363652 0.136298 0.000000 0.136298
90.040215 387.924968 0.125287 0.000000 0.125287
460.079474 445.036571 0.097044 0.000000 0.097044
45.321709 523.144872 0.115104 0.000000 0.115104
581.086098 313.108560 0.070261 0.000000 0.070261
227.544803 252.256328 0.017915 0.000000 0.017915
750.263104 615.406573 0.108970 0.000000 0.108970
198.490295 527.387645 0.019553 0.000000 0.019553
632.782120 498.319038 0.086010 0.000000 0.086010
402.802107 315.534572 0.082630 0.000000 0.082630
341.647495 288.762661 0.106079 0.000000 0.106079
563.917197 476.885321 0.019617 0.000000 0.019617
99.439820 355.298685 0.023330 0.000000 0.023330
28.831397 486.088866 0.054319 0.000000 0.054319
728.865642 278.881305 0.048710 0.000000 0.048710
574.209446 191.492079 0.041891 0.000000 0.041891
151.615606 405.096030 0.049326 0.000000 0.049326
573.257536 448.554027 0.126714 0.000000 0.126714
783.021051 366.269761 0.037242 0.000000 0.037242
36.069121 557.928689 0.126764 0.000000 0.126764
74.091295 462.206025 0.113897 0.000000 0.113897
377.226421 348.363854 0.096949 0.000000 0.096949
430.946465 577.542743 0.131953 0.000000 0.131953
741.550127 148.365425 0.014952 0.000000 0.014952
396.693695 327.746022 0.048722 0.000000 0.048722
590.488976 443.849897 0.057131 0.000000 0.057131
595.735110 128.191016 0.116367 0.000000 0.116367
476.765123 544.473329 0.080408 0.000000 0.080408
386.900366 604.361041 0.073568 0.000000 0.073568
342.988625 151.754973 0.043139 0.000000 0.043139
709.811729 153.069471 0.012384 0.000000 0.012384
506.880789 550.996239 0.156224 0.000000 0.156224
610.940945 469.867509 0.046103 0.000000 0.046103
667.917713 416.469147 0.011221 0.000000 0.011221
176.153484 496.141510 0.016320 0.000000 0.016320
70.718802 493.090052 0.008087 0.000000 0.008087
608.944038 375.727439 0.080530 0.000000 0.080530
480.204982 553.604943 0.091544 0.000000 0.091544
74.720135 486.157390 0.064539 0.000000 0.064539
766.517395 575.912842 0.051785 0.000000 0.051785
618.254484 387.342695 0.005238 0.000000 0.005238
475.126250 574.781211 0.126256 0.000000 0.126256
652.756147 439.651357 0.012842 0.000000 0.012842
650.352557 363.007593 0.044663 0.000000 0.044663
409.792615 109.480707 0.116706 0.000000 0.116706
226.554230 492.635564 0.145046 0.000000 0.145046
643.827218 418.977677 0.161288 0.000000 0.161288
630.913448 397.438902 0.151156 0.000000 0.151156
260.994178 435.843799 0.090949 0.000000 0.090949
744.818092 301.046889 0.067404 0.000000 0.067404
538.344863 601.211867 0.097379 0.000000 0.097379
782.470063 557.241017 0.148511 0.000000 0.148511
76.237247 621.788218 0.089325 0.000000 0.089325
71.024109 599.470914 0.062248 0.000000 0.062248
526.691934 431.132079 0.110273 0.000000 0.110273
462.614503 522.030067 0.051418 0.000000 0.051418
370.686369 620.879711 0.068427 0.000000 0.068427
55.843691 457.933503 0.117075 0.000000 0.117075
601.981624 399.848973 0.018388 0.000000 0.018388
598.071881 242.828335 0.135821 0.000000 0.135821
585.832791 233.705569 0.122589 0.000000 0.122589
587.222033 364.386848 0.076990 0.000000 0.076990
399.560424 186.048201 0.080241 0.000000 0.080241
697.255625 298.232599 0.140029 0.000000 0.140029
440.851848 440.958811 0.089206 0.000000 0.089206
205.366156 585.315197 0.119458 0.000000 0.119458
104.318202 368.391579 0.017725 0.000000 0.017725
133.861460 560.713895 0.022770 0.000000 0.022770
640.395903 495.329938 0.030107 0.000000 0.030107
20.052635 484.835530 0.054941 0.000000 0.054941
55.958022 614.618943 0.028810 0.000000 0.028810
40.742831 518.060422 0.151507 0.000000 0.151507
394.622712 191.245006 0.071468 0.000000 0.071468
726.526169 139.271182 0.126407 0.000000 0.126407
601.683787 417.132461 0.009855 0.000000 0.009855
74.473071 491.620293 0.111202 0.000000 0.111202
611.187901 165.006263 0.022358 0.000000 0.022358
129.564172 610.775944 0.149062 0.000000 0.149062
647.709802 580.053916 0.009828 0.000000 0.009828
64.058598 499.876131 0.033288 0.000000 0.033288
152.164399 574.456022 0.016226 0.000000 0.016226
775.983723 558.659653 0.061997 0.000000 0.061997
468.437027 421.365463 0.135075 0.000000 0.135075
667.088498 421.055112 0.063839 0.000000 0.063839
703.793639 260.077173 0.147727 0.000000 0.147727
147.671687 511.792011 0.040274 0.000000 0.040274
385.959483 566.722218 0.084651 0.000000 0.084651
361.547305 336.421398 0.012315 0.000000 0.012315
535.674307 481.450307 0.116955 0.000000 0.116955
646.267337 447.707117 0.039583 0.000000 0.039583
275.404395 409.980224 0.037111 0.000000 0.037111
310.200191 504.902094 0.162291 0.000000 0.162291
745.397450 457.915280 0.065526 0.000000 0.065526
491.096923 437.763164 0.164950 0.000000 0.164950
359.491658 342.147758 0.075240 0.000000 0.075240
725.832778 150.359617 0.005682 0.000000 0.005682
155.020637 255.127077 0.097089 0.000000 0.097089
266.871436 421.662663 0.049365 0.000000 0.049365
532.510655 568.751178 0.009401 0.000000 0.009401
559.555766 384.347570 0.052893 0.000000 0.052893
311.956898 322.438146 0.112765 0.000000 0.112765
219.628900 554.456895 0.007460 0.000000 0.007460
129.592763 350.655269 0.168379 0.000000 0.168379
299.975338 239.176442 0.103312 0.000000 0.103312
776.678475 548.224425 0.144710 0.000000 0.144710
200.041256 250.471712 0.133709 0.000000 0.133709
164.278246 274.681976 0.160918 0.000000 0.160918
624.534054 314.828589 0.019128 0.000000 0.019128
18.987496 547.353393 0.058024 0.000000 0.058024
562.878118 515.939092 0.137243 0.000000 0.137243
201.817894 491.505307 0.124077 0.000000 0.124077
373.724910 609.129400 0.084956 0.000000 0.084956
652.615558 389.371806 0.085630 0.000000 0.085630
516.980486 522.670733 0.127728 0.000000 0.127728
309.337754 525.459532 0.060169 0.000000 0.060169
554.140697 417.753962 0.061378 0.000000 0.061378
483.794814 424.330799 0.049321 0.000000 0.049321
343.904991 437.370761 0.158411 0.000000 0.158411
420.495483 186.629702 0.060833 0.000000 0.060833
166.071700 400.913098 0.095907 0.000000 0.095907
458.323396 544.153678 0.126818 0.000000 0.126818
786.939668 298.487964 0.114916 0.000000 0.114916
329.406031 557.961742 0.160196 0.000000 0.160196
130.587197 597.307720 0.076055 0.000000 0.076055
142.259855 403.143509 0.016841 0.000000 0.016841
261.561195 424.576704 0.120327 0.000000 0.120327
704.418312 168.434950 0.136585 0.000000 0.136585
277.156034 588.185637 0.098100 0.000000 0.098100
562.779018 592.617742 0.154520 0.000000 0.154520
16.252785 427.773096 0.062699 0.000000 0.062699
14.234443 427.503730 0.153000 0.000000 0.153000
377.756216 332.344704 0.115988 0.000000 0.115988
775.776086 505.524758 0.038704 0.000000 0.038704
683.361029 454.673364 0.018707 0.000000 0.018707
64.532212 513.344339 0.168844 0.000000 0.168844
535.777047 551.545096 0.058252 0.000000 0.058252
598.143003 132.154373 0.117186 0.000000 0.117186
262.688334 313.774259 0.100799 0.000000 0.100799
777.554600 511.168554 0.136385 0.000000 0.136385
227.491153 193.978747 0.157695 0.000000 0.157695
561.456131 525.120029 0.132685 0.000000 0.132685
562.418550 295.324547 0.128706 0.000000 0.128706
715.834824 282.166444 0.043526 0.000000 0.043526
249.118857 274.642652 0.155270 0.000000 0.155270
648.321005 532.385922 0.009308 0.000000 0.009308
725.852365 545.267918 0.076111 0.000000 0.076111
149.345087 626.292817 0.046261 0.000000 0.046261
542.875312 566.443714 0.087539 0.000000 0.087539
392.199606 161.768910 0.130592 0.000000 0.130592
204.181094 208.589274 0.124883 0.000000 0.124883
614.967491 86.708398 0.022896 0.000000 0.022896
245.003590 605.242730 0.065038 0.000000 0.065038
567.455605 379.483803 0.082064 0.000000 0.082064
605.693866 619.199873 0.142283 0.000000 0.142283
705.592649 536.163236 0.033714 0.000000 0.033714
490.078349 216.578617 0.047924 0.000000 0.047924
82.255410 606.827329 0.033160 0.000000 0.033160
216.774955 618.563583 0.080882 0.000000 0.080882
505.863069 376.597462 0.082022 0.000000 0.082022
22.820618 628.815743 0.081603 0.000000 0.081603
59.990842 273.106865 0.091162 0.000000 0.091162
598.388910 512.577797 0.084011 0.000000 0.084011
675.967529 565.043354 0.129632 0.000000 0.129632
424.379318 558.068205 0.167962 0.000000 0.167962
539.082557 129.860526 0.066812 0.000000 0.066812
518.912591 204.107788 0.005150 0.000000 0.005150
621.745868 302.718988 0.056781 0.000000 0.056781
358.054240 612.296863 0.021256 0.000000 0.021256
712.886910 472.901095 0.082272 0.000000 0.082272
651.103815 313.612285 0.053529 0.000000 0.053529
637.049338 241.948308 0.009222 0.000000 0.009222
111.536237 602.263650 0.055525 0.000000 0.055525
309.461742 555.540247 0.117045 0.000000 0.117045
32.754827 554.664644 0.109355 0.000000 0.109355
621.841641 236.305099 0.075491 0.000000 0.075491
264.373600 333.007892 0.118241 0.000000 0.118241
252.744120 630.319739 0.109796 0.000000 0.109796
272.235055 419.468347 0.026062 0.000000 0.026062
719.659849 192.722570 0.078860 0.000000 0.078860
210.105865 504.987163 0.143798 0.000000 0.143798
367.508028 622.769881 0.148198 0.000000 0.148198
419.150698 111.690907 0.106191 0.000000 0.106191
180.646866 240.318916 0.021011 0.000000 0.021011
47.847993 488.712812 0.088312 0.000000 0.088312
556.890017 420.052998 0.010967 0.000000 0.010967
261.552734 513.329527 0.110144 0.000000 0.110144
642.657131 314.002287 0.091155 0.000000 0.091155
433.459404 199.052133 0.070859 0.000000 0.070859
158.894318 473.690653 0.012547 0.000000 0.012547
730.881405 180.766429 0.127670 0.000000 0.127670
572.260380 301.701672 0.069244 0.000000 0.069244
502.229046 472.036824 0.025162 0.000000 0.025162
313.732877 476.258469 0.105460 0.000000 0.105460
637.171215 294.033895 0.038593 0.000000 0.038593
383.962437 594.582518 0.094327 0.000000 0.094327
610.226658 187.657519 0.014675 0.000000 0.014675
394.125680 576.943879 0.015882 0.000000 0.015882
617.424456 262.151029 0.046731 0.000000 0.046731
248.490461 402.547241 0.118109 0.000000 0.118109
27.094476 577.055974 0.014471 0.000000 0.014471
443.283828 189.776278 0.156598 0.000000 0.156598
288.243281 423.668758 0.011400 0.000000 0.011400
133.940932 301.707838 0.158831 0.000000 0.158831
326.553923 271.157200 0.153934 0.000000 0.153934
706.955142 290.962508 0.113754 0.000000 0.113754
385.352585 206.410066 0.083321 0.000000 0.083321
758.028512 223.595742 0.009321 0.000000 0.009321
210.986426 462.254136 0.050058 0.000000 0.050058
631.067279 272.676645 0.084641 0.000000 0.084641
500.186637 485.310078 0.016745 0.000000 0.016745
160.849109 445.901814 0.050305 0.000000 0.050305
157.672956 435.964852 0.027185 0.000000 0.027185
177.328822 468.854822 0.087411 0.000000 0.087411
621.018889 191.565670 0.151481 0.000000 0.151481
406.670532 469.838943 0.148077 0.000000 0.148077
175.745319 233.770682 0.101497 0.000000 0.101497
433.554317 124.866218 0.075747 0.000000 0.075747
562.036246 304.277848 0.049220 0.000000 0.049220
346.308194 306.934523 0.098092 0.000000 0.098092
640.259463 310.790457 0.049594 0.000000 0.049594
186.360242 490.086390 0.080366 0.000000 0.080366
726.434201 146.594031 0.147546 0.000000 0.147546
374.379581 596.259251 0.137417 0.000000 0.137417
420.849689 578.750332 0.102886 0.000000 0.102886
617.551819 234.836812 0.004230 0.000000 0.004230
656.797986 307.262100 0.022752 0.000000 0.022752
591.792799 278.505996 0.004012 0.000000 0.004012
728.690330 615.712865 0.112288 0.000000 0.112288
250.267305 172.269087 0.078375 0.000000 0.078375
628.897301 324.897912 0.129395 0.000000 0.129395
293.038537 441.387022 0.171817 0.000000 0.171817
622.391388 249.209188 0.018036 0.000000 0.018036
172.508208 467.559560 0.166932 0.000000 0.166932
405.282728 420.498701 0.127173 0.000000 0.127173
584.857230 141.825155 0.129077 0.000000 0.129077
656.815232 420.942550 0.176411 0.000000 0.176411
647.269434 151.206044 0.054551 0.000000 0.054551
252.790455 470.422580 0.165227 0.000000 0.165227
673.302025 163.223363 0.104728 0.000000 0.104728
424.464142 368.082258 0.004851 0.000000 0.004851
153.620518 391.371551 0.151265 0.000000 0.151265
318.611823 248.579498 0.031815 0.000000 0.031815
622.666061 240.807015 0.135498 0.000000 0.135498
445.620720 425.536917 0.175966 0.000000 0.175966
621.224320 268.749191 0.020356 0.000000 0.020356
595.168571 394.282172 0.105820 0.000000 0.105820
423.932878 287.408618 0.031526 0.000000 0.031526
565.713372 238.885967 0.015783 0.000000 0.015783
254.368688 445.928368 0.111818 0.000000 0.111818
359.408343 409.804377 0.165139 0.000000 0.165139
588.170728 237.556102 0.006096 0.000000 0.006096
260.840726 501.411378 0.165312 0.000000 0.165312
460.617847 112.812241 0.117135 0.000000 0.117135
645.100669 202.177394 0.170965 0.000000 0.170965
238.599053 401.505479 0.135053 0.000000 0.135053
415.092940 391.023179 0.087620 0.000000 0.087620
123.396753 306.650192 0.075700 0.000000 0.075700
313.616481 377.886147 0.023596 0.000000 0.023596
521.932703 133.288766 0.058218 0.000000 0.058218
644.557294 281.849699 0.167179 0.000000 0.167179
241.220333 331.351380 0.121362 0.000000 0.121362
586.037967 354.969336 0.007535 0.000000 0.007535
425.471119 118.594507 0.050664 0.000000 0.050664
493.058025 344.832972 0.008038 0.000000 0.008038
461.198371 117.340690 0.165295 0.000000 0.165295
595.156627 333.849177 0.016635 0.000000 0.016635
446.647108 340.998236 0.042730 0.000000 0.042730
574.113087 274.918674 0.007955 0.000000 0.007955
84.989144 313.339231 0.012904 0.000000 0.012904
166.373417 380.316242 0.140315 0.000000 0.140315
234.046591 362.054485 0.140942 0.000000 0.140942
650.195536 107.964220 0.160066 0.000000 0.160066
294.561932 133.575158 0.121885 0.000000 0.121885
27.858611 394.725027 0.085816 0.000000 0.085816
649.298334 104.287805 0.115399 0.000000 0.115399
500.748895 244.602466 0.080380 0.000000 0.080380
427.378487 103.239720 0.090280 0.000000 0.090280
345.543765 499.221675 0.093662 0.000000 0.093662
341.303034 130.470990 0.113026 0.000000 0.113026
363.525538 494.242633 0.094007 0.000000 0.094007
725.552489 129.720887 0.026177 0.000000 0.026177
249.977275 492.884248 0.152088 0.000000 0.152088
566.379820 92.045422 0.110517 0.000000 0.110517
609.195589 84.887130 0.097048 0.000000 0.097048
442.644278 107.771207 0.131754 0.000000 0.131754
242.356232 156.361572 0.052356 0.000000 0.052356
36.406463 228.175332 0.059253 0.000000 0.059253
171.692678 287.285940 0.091845 0.000000 0.091845
777.876217 101.917867 0.115750 0.000000 0.115750
51.920567 208.108438 0.158986 0.000000 0.158986
358.634817 118.211870 0.133854 0.000000 0.133854
374.593112 534.722262 0.164498 0.000000 0.164498
593.504813 87.799411 0.133983 0.000000 0.133983
254.954553 501.578653 0.015276 0.000000 0.015276
82.784503 204.057754 0.080310 0.000000 0.080310
520.098551 99.140544 0.113145 0.000000 0.113145
310.236031 131.618019 0.137244 0.000000 0.137244
282.279398 150.671893 0.057628 0.000000 0.057628
234.555082 373.326629 0.127313 0.000000 0.127313
235.096354 379.099338 0.122673 0.000000 0.122673
685.868880 135.940011 0.019732 0.000000 0.019732
742.446694 126.796368 0.041570 0.000000 0.041570
159.127329 211.153398 0.040478 0.000000 0.040478
781.880644 120.650833 0.022612 0.000000 0.022612
