1.0
1098
154.701510 107.387619 0.132443 0.000000 0.132443
178.087142 325.957659 0.077255 0.000000 0.077255
264.770356 296.642590 0.081090 0.000000 0.081090
273.104085 503.053258 0.089887 0.000000 0.089887
144.866102 26.392317 0.108138 0.000000 0.108138
633.530207 543.869631 0.074835 0.000000 0.074835
384.147618 525.826416 0.070071 0.000000 0.070071
115.667620 14.865941 0.063092 0.000000 0.063092
199.143674 74.038415 0.085258 0.000000 0.085258
223.516038 326.569087 0.033286 0.000000 0.033286
273.440329 469.655599 0.068361 0.000000 0.068361
235.391053 586.089777 0.117695 0.000000 0.117695
373.303598 535.035992 0.104558 0.000000 0.104558
301.577035 338.733933 0.097164 0.000000 0.097164
450.461729 39.337684 0.103586 0.000000 0.103586
159.720125 83.762500 0.059874 0.000000 0.059874
232.056697 376.337867 0.083541 0.000000 0.083541
216.018832 265.878568 0.107308 0.000000 0.107308
523.664426 164.553664 0.111368 0.000000 0.111368
692.313030 49.529748 0.009795 0.000000 0.009795
618.722833 388.462117 0.068768 0.000000 0.068768
197.747949 327.659143 0.122395 0.000000 0.122395
151.674933 446.428725 0.102117 0.000000 0.102117
200.402834 629.786086 0.084459 0.000000 0.084459
395.358949 623.624405 0.060760 0.000000 0.060760
140.043274 103.029082 0.054696 0.000000 0.054696
156.135964 81.154878 0.154909 0.000000 0.154909
244.902298 570.114728 0.140211 0.000000 0.140211
416.083497 520.099392 0.127870 0.000000 0.127870
309.336234 390.617797 0.046981 0.000000 0.046981
83.294885 73.370125 0.079861 0.000000 0.079861
276.176594 530.891100 0.079021 0.000000 0.079021
598.111350 345.121331 0.098131 0.000000 0.098131
425.173218 562.249348 0.130159 0.000000 0.130159
113.621267 344.886925 0.133496 0.000000 0.133496
678.493213 99.122735 0.153972 0.000000 0.153972
195.926543 551.952613 0.027259 0.000000 0.027259
296.559282 148.224812 0.020499 0.000000 0.020499
332.396726 513.596654 0.108357 0.000000 0.108357
160.420813 202.346501 0.126404 0.000000 0.126404
81.708399 266.144059 0.104240 0.000000 0.104240
288.534036 339.599242 0.071145 0.000000 0.071145
27.162690 303.164065 0.145627 0.000000 0.145627
153.517699 382.326913 0.089443 0.000000 0.089443
9.390962 318.185779 0.088889 0.000000 0.088889
32.750477 115.370786 0.131152 0.000000 0.131152
39.637255 626.087556 0.136506 0.000000 0.136506
152.087938 298.167490 0.119174 0.000000 0.119174
273.222993 610.635543 0.112613 0.000000 0.112613
130.757886 103.588932 0.008683 0.000000 0.008683
78.680386 352.679093 0.045075 0.000000 0.045075
156.954672 56.902196 0.068362 0.000000 0.068362
476.182827 225.027629 0.025102 0.000000 0.025102
134.094997 570.792502 0.038961 0.000000 0.038961
300.372469 327.505296 0.122206 0.000000 0.122206
233.913333 357.066044 0.176225 0.000000 0.176225
98.832582 193.224646 0.173107 0.000000 0.173107
104.602941 235.630733 0.087623 0.000000 0.087623
375.591463 363.145802 0.080040 0.000000 0.080040
593.401653 302.676670 0.044751 0.000000 0.044751
336.437796 522.604615 0.127349 0.000000 0.127349
27.808685 183.442694 0.013616 0.000000 0.013616
704.110120 528.482810 0.059666 0.000000 0.059666
273.025441 488.896447 0.081916 0.000000 0.081916
594.830389 420.433276 0.057719 0.000000 0.057719
457.269030 324.866013 0.167521 0.000000 0.167521
413.384229 574.897782 0.106833 0.000000 0.106833
695.696043 626.909929 0.109021 0.000000 0.109021
387.876266 50.696654 0.028834 0.000000 0.028834
754.995117 608.051640 0.129508 0.000000 0.129508
190.534869 479.781897 0.088066 0.000000 0.088066
54.614563 339.240730 0.112938 0.000000 0.112938
300.444739 375.624190 0.057886 0.000000 0.057886
189.030154 616.946069 0.097708 0.000000 0.097708
437.082959 332.022761 0.127302 0.000000 0.127302
146.079320 432.667570 0.087522 0.000000 0.087522
80.690023 224.759600 0.039264 0.000000 0.039264
750.632019 490.475281 0.065786 0.000000 0.065786
548.979496 291.994156 0.009580 0.000000 0.009580
436.115657 383.074214 0.047443 0.000000 0.047443
266.909527 494.478782 0.023396 0.000000 0.023396
723.057131 564.063271 0.162869 0.000000 0.162869
287.168356 327.541765 0.080292 0.000000 0.080292
34.810284 273.120402 0.020770 0.000000 0.020770
536.826712 226.074806 0.018232 0.000000 0.018232
416.413172 88.799366 0.023531 0.000000 0.023531
768.995421 491.386312 0.082124 0.000000 0.082124
87.373825 222.376215 0.012838 0.000000 0.012838
420.061112 317.511308 0.093399 0.000000 0.093399
470.020337 181.998816 0.015146 0.000000 0.015146
303.977279 359.869213 0.055238 0.000000 0.055238
27.538385 89.990526 0.052150 0.000000 0.052150
628.274922 385.263718 0.042213 0.000000 0.042213
141.719182 246.093674 0.112307 0.000000 0.112307
341.583756 518.105109 0.039694 0.000000 0.039694
200.445370 531.645385 0.106114 0.000000 0.106114
377.997127 174.333707 0.040428 0.000000 0.040428
695.368535 469.608515 0.020803 0.000000 0.020803
564.639985 557.480601 0.059509 0.000000 0.059509
229.973814 361.581184 0.052790 0.000000 0.052790
414.051237 409.425137 0.130614 0.000000 0.130614
258.465679 434.012706 0.083626 0.000000 0.083626
8.810175 268.893599 0.114837 0.000000 0.114837
425.515490 529.603863 0.141361 0.000000 0.141361
432.383883 226.846172 0.119664 0.000000 0.119664
144.690750 418.820433 0.084230 0.000000 0.084230
192.082577 501.223577 0.064263 0.000000 0.064263
393.336328 598.505847 0.064385 0.000000 0.064385
690.496470 398.917871 0.116231 0.000000 0.116231
23.811669 474.180977 0.024006 0.000000 0.024006
327.310587 184.977696 0.108159 0.000000 0.108159
550.929323 191.856820 0.136889 0.000000 0.136889
226.594048 601.953671 0.129601 0.000000 0.129601
512.528620 254.043369 0.088343 0.000000 0.088343
417.943991 617.068331 0.136270 0.000000 0.136270
684.376887 542.354609 0.071748 0.000000 0.071748
28.792239 518.180587 0.156255 0.000000 0.156255
447.474311 134.408905 0.149953 0.000000 0.149953
759.673337 339.821906 0.072358 0.000000 0.072358
454.171505 395.507441 0.050450 0.000000 0.050450
139.822847 575.844638 0.085122 0.000000 0.085122
481.204665 229.267181 0.084164 0.000000 0.084164
460.013859 138.054242 0.066165 0.000000 0.066165
693.604803 305.249064 0.162228 0.000000 0.162228
753.463291 604.943479 0.048098 0.000000 0.048098
180.059790 44.792770 0.019712 0.000000 0.019712
781.708016 389.489946 0.139319 0.000000 0.139319
470.642056 355.558094 0.028188 0.000000 0.028188
303.792306 383.800307 0.023909 0.000000 0.023909
655.694710 36.831844 0.073710 0.000000 0.073710
685.239564 437.886261 0.041618 0.000000 0.041618
496.549209 386.089368 0.097161 0.000000 0.097161
549.755927 58.372737 0.117298 0.000000 0.117298
150.959147 404.027884 0.065848 0.000000 0.065848
36.048803 306.813876 0.132929 0.000000 0.132929
27.289784 451.194012 0.020340 0.000000 0.020340
755.400880 240.886507 0.176420 0.000000 0.176420
411.312870 87.986592 0.079470 0.000000 0.079470
336.301341 208.830865 0.013323 0.000000 0.013323
226.740032 320.122781 0.148106 0.000000 0.148106
515.768155 139.882651 0.094941 0.000000 0.094941
349.799005 430.803703 0.029943 0.000000 0.029943
595.047592 553.892677 0.156117 0.000000 0.156117
763.559134 472.181048 0.136799 0.000000 0.136799
258.907250 467.665126 0.051449 0.000000 0.051449
125.602678 98.610933 0.042414 0.000000 0.042414
443.318874 529.535685 0.172746 0.000000 0.172746
456.698787 319.873714 0.063876 0.000000 0.063876
348.201563 11.444981 0.042880 0.000000 0.042880
605.477018 588.384390 0.053077 0.000000 0.053077
402.653019 57.266135 0.084344 0.000000 0.084344
186.879914 532.982050 0.046117 0.000000 0.046117
528.966811 540.610928 0.007460 0.000000 0.007460
445.252856 106.303884 0.060127 0.000000 0.060127
157.883931 171.404906 0.032974 0.000000 0.032974
408.778073 69.064858 0.027576 0.000000 0.027576
148.404105 607.291116 0.146231 0.000000 0.146231
632.561046 33.469333 0.119307 0.000000 0.119307
597.927222 253.157552 0.140834 0.000000 0.140834
478.376797 85.912493 0.042945 0.000000 0.042945
652.987663 326.075762 0.109654 0.000000 0.109654
541.532778 236.460293 0.013519 0.000000 0.013519
338.035321 18.231398 0.110947 0.000000 0.110947
139.403026 66.904720 0.041244 0.000000 0.041244
502.951264 539.207974 0.106178 0.000000 0.106178
202.595652 258.992410 0.012202 0.000000 0.012202
274.522922 514.214133 0.141551 0.000000 0.141551
692.415666 59.810578 0.067305 0.000000 0.067305
159.254827 382.770482 0.085986 0.000000 0.085986
573.377888 540.179989 0.056623 0.000000 0.056623
648.681742 11.365579 0.166474 0.000000 0.166474
340.800738 255.087572 0.007154 0.000000 0.007154
52.818439 443.596664 0.120306 0.000000 0.120306
296.560508 344.945477 0.016634 0.000000 0.016634
188.680229 559.600319 0.046175 0.000000 0.046175
351.176217 538.324784 0.041361 0.000000 0.041361
96.190755 36.135405 0.021972 0.000000 0.021972
100.761324 58.969117 0.154166 0.000000 0.154166
602.612607 345.264560 0.012501 0.000000 0.012501
299.881633 26.770516 0.053563 0.000000 0.053563
459.223981 401.608696 0.159548 0.000000 0.159548
604.655711 517.617860 0.169660 0.000000 0.169660
145.248134 474.300497 0.063240 0.000000 0.063240
144.646475 296.191395 0.043950 0.000000 0.043950
697.191793 381.806684 0.088333 0.000000 0.088333
696.711296 306.088691 0.054931 0.000000 0.054931
681.033719 497.604597 0.029239 0.000000 0.029239
597.672307 549.642023 0.042142 0.000000 0.042142
35.035725 461.124605 0.028886 0.000000 0.028886
75.285908 490.567036 0.108390 0.000000 0.108390
384.257648 583.622395 0.081693 0.000000 0.081693
370.583412 585.995244 0.143484 0.000000 0.143484
705.214321 302.291902 0.017702 0.000000 0.017702
706.397255 239.780003 0.133550 0.000000 0.133550
364.929736 569.054395 0.060477 0.000000 0.060477
199.981792 587.808197 0.018380 0.000000 0.018380
712.701378 23.615904 0.085997 0.000000 0.085997
366.225554 50.326824 0.117001 0.000000 0.117001
156.986386 204.690528 0.027532 0.000000 0.027532
236.579278 270.743973 0.016256 0.000000 0.016256
79.969382 271.714354 0.048255 0.000000 0.048255
358.948346 555.593857 0.058916 0.000000 0.058916
484.139789 102.372842 0.087058 0.000000 0.087058
285.936852 608.568342 0.088752 0.000000 0.088752
715.245788 544.769583 0.099431 0.000000 0.099431
305.354432 590.544739 0.101630 0.000000 0.101630
631.110325 621.221607 0.168569 0.000000 0.168569
478.405615 537.939423 0.018721 0.000000 0.018721
191.942680 528.984527 0.016391 0.000000 0.016391
446.201181 364.590632 0.132992 0.000000 0.132992
469.161401 215.610584 0.152427 0.000000 0.152427
547.128773 371.628348 0.153017 0.000000 0.153017
350.141001 554.007494 0.084952 0.000000 0.084952
380.118761 201.758389 0.037162 0.000000 0.037162
32.514604 105.268151 0.122806 0.000000 0.122806
586.570659 546.727088 0.139341 0.000000 0.139341
571.234970 168.224274 0.157002 0.000000 0.157002
620.997165 256.392749 0.103364 0.000000 0.103364
115.285807 236.372513 0.158735 0.000000 0.158735
740.327189 613.135661 0.168382 0.000000 0.168382
463.172317 319.464509 0.015015 0.000000 0.015015
461.513710 395.441794 0.040383 0.000000 0.040383
738.207486 597.430354 0.083982 0.000000 0.083982
28.195250 444.633975 0.071048 0.000000 0.071048
259.089276 443.969002 0.055047 0.000000 0.055047
173.761770 157.427511 0.046771 0.000000 0.046771
127.965964 69.415872 0.022697 0.000000 0.022697
367.548891 45.797649 0.066764 0.000000 0.066764
324.428561 198.088105 0.082858 0.000000 0.082858
94.979433 38.517815 0.066920 0.000000 0.066920
359.232079 588.987329 0.158911 0.000000 0.158911
372.677918 49.968438 0.007712 0.000000 0.007712
320.123700 212.787757 0.116593 0.000000 0.116593
66.735268 375.680415 0.130110 0.000000 0.130110
463.885901 526.452702 0.090489 0.000000 0.090489
730.679987 496.197534 0.147530 0.000000 0.147530
452.504039 521.088450 0.014191 0.000000 0.014191
283.506116 299.897633 0.049569 0.000000 0.049569
543.600238 181.720648 0.074329 0.000000 0.074329
613.550660 483.316911 0.073316 0.000000 0.073316
598.441224 543.299749 0.113818 0.000000 0.113818
147.296540 451.384508 0.100233 0.000000 0.100233
87.626136 561.291318 0.135690 0.000000 0.135690
537.725317 533.394782 0.086647 0.000000 0.086647
344.290428 543.665991 0.054012 0.000000 0.054012
555.504676 254.366057 0.114631 0.000000 0.114631
204.221786 587.114964 0.134032 0.000000 0.134032
440.835473 534.659760 0.120021 0.000000 0.120021
93.730522 363.756767 0.132116 0.000000 0.132116
440.057043 553.751530 0.039235 0.000000 0.039235
769.109315 466.285422 0.008444 0.000000 0.008444
449.827093 424.774453 0.009831 0.000000 0.009831
443.257028 100.738833 0.034410 0.000000 0.034410
305.641406 374.456436 0.110069 0.000000 0.110069
742.598637 556.432943 0.165189 0.000000 0.165189
464.563482 179.020702 0.114936 0.000000 0.114936
258.982149 501.037370 0.059740 0.000000 0.059740
749.774793 532.634622 0.143387 0.000000 0.143387
599.148463 150.438884 0.096794 0.000000 0.096794
294.359192 333.232169 0.095466 0.000000 0.095466
442.743630 367.590853 0.067765 0.000000 0.067765
151.084906 618.871537 0.163501 0.000000 0.163501
473.930972 368.246733 0.167470 0.000000 0.167470
439.741025 498.340351 0.067208 0.000000 0.067208
572.402129 147.842544 0.017697 0.000000 0.017697
299.202930 309.438268 0.171627 0.000000 0.171627
146.948724 442.537394 0.142290 0.000000 0.142290
128.709415 551.866607 0.119623 0.000000 0.119623
31.507895 481.626993 0.067017 0.000000 0.067017
478.965496 42.333925 0.056661 0.000000 0.056661
221.890144 297.926913 0.018980 0.000000 0.018980
149.399193 421.373988 0.047921 0.000000 0.047921
786.500599 569.874025 0.114198 0.000000 0.114198
783.011795 335.747044 0.136926 0.000000 0.136926
586.842361 149.508412 0.012706 0.000000 0.012706
62.917389 262.787201 0.018346 0.000000 0.018346
167.374894 332.301674 0.110055 0.000000 0.110055
356.255714 567.165337 0.113475 0.000000 0.113475
665.852366 528.943707 0.051596 0.000000 0.051596
267.401025 526.295786 0.028412 0.000000 0.028412
594.003870 416.827968 0.151370 0.000000 0.151370
684.897256 603.073549 0.113961 0.000000 0.113961
289.089435 352.061072 0.096860 0.000000 0.096860
589.977129 347.562391 0.009906 0.000000 0.009906
427.068066 23.354325 0.094054 0.000000 0.094054
596.352765 461.073356 0.120872 0.000000 0.120872
475.663515 323.551095 0.108494 0.000000 0.108494
700.863953 614.517082 0.043222 0.000000 0.043222
477.316152 72.904459 0.137703 0.000000 0.137703
157.316850 138.125709 0.064127 0.000000 0.064127
149.524861 411.784808 0.011903 0.000000 0.011903
737.286285 504.849910 0.161662 0.000000 0.161662
259.540602 532.201491 0.015053 0.000000 0.015053
201.468547 276.198736 0.080700 0.000000 0.080700
19.944420 184.796825 0.078245 0.000000 0.078245
202.326207 558.474615 0.108363 0.000000 0.108363
564.394839 475.006827 0.100348 0.000000 0.100348
221.982488 344.966969 0.145661 0.000000 0.145661
136.584802 563.389379 0.084596 0.000000 0.084596
444.581943 355.811108 0.105401 0.000000 0.105401
285.247673 316.986550 0.078164 0.000000 0.078164
733.005683 527.652237 0.136136 0.000000 0.136136
188.766019 590.624231 0.024959 0.000000 0.024959
385.978823 262.202958 0.039113 0.000000 0.039113
227.698069 412.027176 0.033178 0.000000 0.033178
688.064244 592.678158 0.088721 0.000000 0.088721
300.803653 586.624396 0.077316 0.000000 0.077316
131.909142 80.977175 0.053129 0.000000 0.053129
259.721428 557.807031 0.164529 0.000000 0.164529
360.196489 28.675068 0.093776 0.000000 0.093776
469.658426 521.037834 0.142048 0.000000 0.142048
405.981786 564.886156 0.090446 0.000000 0.090446
652.112503 375.755501 0.043604 0.000000 0.043604
266.407967 461.929716 0.014048 0.000000 0.014048
407.829591 75.774104 0.070567 0.000000 0.070567
240.230845 400.469944 0.066313 0.000000 0.066313
186.257935 511.053659 0.041758 0.000000 0.041758
164.433064 387.237406 0.146642 0.000000 0.146642
12.060636 185.884281 0.157141 0.000000 0.157141
727.854038 564.792758 0.024724 0.000000 0.024724
30.557861 533.323819 0.017897 0.000000 0.017897
32.535230 502.780495 0.028910 0.000000 0.028910
489.298147 541.888984 0.084853 0.000000 0.084853
742.013330 426.333112 0.137520 0.000000 0.137520
486.617297 195.067098 0.052598 0.000000 0.052598
580.440265 214.079276 0.113818 0.000000 0.113818
192.326327 516.081985 0.067633 0.000000 0.067633
467.407195 452.208097 0.119593 0.000000 0.119593
759.505831 336.249815 0.150684 0.000000 0.150684
225.390394 454.702201 0.022900 0.000000 0.022900
458.711245 628.774731 0.078889 0.000000 0.078889
399.253158 262.308390 0.058625 0.000000 0.058625
574.424617 168.154046 0.059819 0.000000 0.059819
655.509731 496.957543 0.041880 0.000000 0.041880
713.430249 614.197964 0.151556 0.000000 0.151556
223.856690 314.158496 0.005272 0.000000 0.005272
154.051692 626.025972 0.069973 0.000000 0.069973
739.618454 347.765831 0.117887 0.000000 0.117887
78.423737 495.056667 0.020506 0.000000 0.020506
270.559965 532.091251 0.009810 0.000000 0.009810
209.309476 385.666760 0.023392 0.000000 0.023392
446.408475 242.859689 0.037849 0.000000 0.037849
150.480810 475.922815 0.143222 0.000000 0.143222
216.162805 407.246679 0.007533 0.000000 0.007533
218.392362 101.036352 0.051977 0.000000 0.051977
402.718936 621.165853 0.031032 0.000000 0.031032
316.279363 158.841277 0.037804 0.000000 0.037804
564.708243 472.162175 0.051430 0.000000 0.051430
101.774930 175.201916 0.136142 0.000000 0.136142
31.480549 159.502637 0.007835 0.000000 0.007835
341.940025 620.302492 0.083051 0.000000 0.083051
215.357883 451.114622 0.044231 0.000000 0.044231
74.585419 509.061565 0.023749 0.000000 0.023749
373.745534 188.132499 0.030338 0.000000 0.030338
50.381557 528.077774 0.138347 0.000000 0.138347
259.485046 485.459252 0.056525 0.000000 0.056525
750.074857 324.470913 0.060170 0.000000 0.060170
194.771017 588.672763 0.148715 0.000000 0.148715
187.648954 544.426186 0.045141 0.000000 0.045141
152.044255 157.527353 0.010234 0.000000 0.010234
167.365774 158.871413 0.051880 0.000000 0.051880
745.672749 502.140002 0.007174 0.000000 0.007174
636.381465 596.400939 0.056877 0.000000 0.056877
447.468734 395.000613 0.057609 0.000000 0.057609
781.498375 118.114129 0.054330 0.000000 0.054330
586.858514 184.447604 0.150574 0.000000 0.150574
143.069917 406.778990 0.063290 0.000000 0.063290
310.372454 577.801863 0.144618 0.000000 0.144618
273.401977 598.445421 0.124091 0.000000 0.124091
346.966786 514.140679 0.019349 0.000000 0.019349
739.857551 552.722909 0.064040 0.000000 0.064040
513.879356 154.172339 0.036082 0.000000 0.036082
155.012891 418.472044 0.094641 0.000000 0.094641
308.705128 522.693879 0.037436 0.000000 0.037436
716.229424 492.814591 0.172067 0.000000 0.172067
155.631805 432.043085 0.107226 0.000000 0.107226
780.576669 489.996174 0.132002 0.000000 0.132002
360.409857 235.761222 0.164732 0.000000 0.164732
598.231594 570.852823 0.118192 0.000000 0.118192
457.003709 123.724179 0.026275 0.000000 0.026275
428.077828 131.500078 0.034827 0.000000 0.034827
785.607762 389.740797 0.148585 0.000000 0.148585
185.308988 495.387603 0.066860 0.000000 0.066860
370.941415 289.411432 0.022215 0.000000 0.022215
697.903312 599.943148 0.093087 0.000000 0.093087
222.407422 398.989738 0.068666 0.000000 0.068666
24.924583 511.884911 0.057486 0.000000 0.057486
568.075695 536.114995 0.107146 0.000000 0.107146
132.715660 262.785797 0.015509 0.000000 0.015509
373.782236 526.222276 0.018720 0.000000 0.018720
765.507414 104.996288 0.162734 0.000000 0.162734
602.940135 429.268162 0.086961 0.000000 0.086961
98.535394 27.429051 0.108738 0.000000 0.108738
65.935583 499.094155 0.012432 0.000000 0.012432
229.632529 300.327903 0.151940 0.000000 0.151940
95.440977 376.159925 0.006814 0.000000 0.006814
559.225111 193.976734 0.009038 0.000000 0.009038
726.360947 555.388801 0.144521 0.000000 0.144521
585.814900 625.266848 0.127941 0.000000 0.127941
778.648130 133.272103 0.116207 0.000000 0.116207
275.305585 438.839886 0.161639 0.000000 0.161639
578.184581 512.746248 0.040523 0.000000 0.040523
765.644451 372.878478 0.146633 0.000000 0.146633
206.701097 573.122036 0.062396 0.000000 0.062396
493.985501 566.280566 0.026252 0.000000 0.026252
198.170615 48.771618 0.118878 0.000000 0.118878
618.692338 58.691197 0.083974 0.000000 0.083974
57.255449 495.073146 0.025278 0.000000 0.025278
69.156426 481.927211 0.020950 0.000000 0.020950
292.962878 117.615893 0.073582 0.000000 0.073582
704.317355 519.580569 0.005509 0.000000 0.005509
257.775930 579.267259 0.086643 0.000000 0.086643
442.878355 385.710022 0.010421 0.000000 0.010421
273.688437 445.440920 0.021414 0.000000 0.021414
739.897383 385.362484 0.152176 0.000000 0.152176
638.488775 575.851246 0.132120 0.000000 0.132120
224.949191 345.291010 0.040826 0.000000 0.040826
154.588839 400.177742 0.157776 0.000000 0.157776
714.397591 606.723853 0.050029 0.000000 0.050029
257.288434 584.041075 0.043036 0.000000 0.043036
400.041109 333.845455 0.031224 0.000000 0.031224
732.115085 597.379504 0.077639 0.000000 0.077639
59.698099 486.970557 0.015393 0.000000 0.015393
326.206920 584.525795 0.070972 0.000000 0.070972
438.653323 419.321088 0.123371 0.000000 0.123371
330.377369 207.343188 0.041986 0.000000 0.041986
367.302096 34.549724 0.104665 0.000000 0.104665
506.125615 168.991513 0.105390 0.000000 0.105390
383.359108 361.837010 0.041912 0.000000 0.041912
351.722747 423.191518 0.119556 0.000000 0.119556
432.574145 421.650435 0.005199 0.000000 0.005199
132.848367 339.606833 0.127456 0.000000 0.127456
446.976547 522.809727 0.174450 0.000000 0.174450
265.880878 449.421896 0.030570 0.000000 0.030570
730.233804 413.824295 0.070346 0.000000 0.070346
10.446591 511.756072 0.053429 0.000000 0.053429
691.693738 463.064474 0.138584 0.000000 0.138584
329.031425 197.264396 0.012897 0.000000 0.012897
415.677997 377.938606 0.063459 0.000000 0.063459
366.476268 558.687574 0.047338 0.000000 0.047338
433.979002 137.682253 0.014702 0.000000 0.014702
188.640690 575.873865 0.043203 0.000000 0.043203
389.083082 302.447256 0.011598 0.000000 0.011598
389.455023 191.815921 0.005836 0.000000 0.005836
191.180273 491.044299 0.015093 0.000000 0.015093
152.716252 193.855299 0.005301 0.000000 0.005301
34.338656 441.889162 0.052150 0.000000 0.052150
207.357272 590.250269 0.054897 0.000000 0.054897
786.505058 526.451502 0.136106 0.000000 0.136106
659.108082 323.288994 0.083091 0.000000 0.083091
662.083587 328.161940 0.157498 0.000000 0.157498
51.697259 143.105014 0.014280 0.000000 0.014280
47.156824 487.202618 0.167782 0.000000 0.167782
487.664128 389.749632 0.021841 0.000000 0.021841
483.769699 306.305467 0.169734 0.000000 0.169734
592.912754 456.503331 0.049137 0.000000 0.049137
560.174260 315.724304 0.005369 0.000000 0.005369
596.333169 623.243966 0.128234 0.000000 0.128234
682.167733 610.373064 0.098150 0.000000 0.098150
157.736946 195.397888 0.012543 0.000000 0.012543
49.145451 517.346123 0.114358 0.000000 0.114358
427.157538 520.312836 0.005783 0.000000 0.005783
563.585850 265.039546 0.156291 0.000000 0.156291
779.037815 529.754472 0.105336 0.000000 0.105336
105.874355 257.885295 0.091020 0.000000 0.091020
787.696286 500.341845 0.103014 0.000000 0.103014
252.494606 242.944753 0.094574 0.000000 0.094574
480.276638 370.361068 0.021189 0.000000 0.021189
726.135777 621.778784 0.084370 0.000000 0.084370
708.618692 285.367369 0.035166 0.000000 0.035166
184.374541 479.591785 0.033081 0.000000 0.033081
335.224270 54.638570 0.119240 0.000000 0.119240
272.078527 527.682383 0.125635 0.000000 0.125635
198.675347 508.786003 0.030049 0.000000 0.030049
298.785655 299.804267 0.052331 0.000000 0.052331
326.936722 217.994182 0.014742 0.000000 0.014742
449.293496 119.712709 0.083550 0.000000 0.083550
207.541426 290.119777 0.004700 0.000000 0.004700
133.176101 215.849529 0.021446 0.000000 0.021446
381.088807 597.618931 0.170300 0.000000 0.170300
123.354845 223.861830 0.073059 0.000000 0.073059
155.394215 513.398959 0.096312 0.000000 0.096312
67.049913 254.860200 0.040303 0.000000 0.040303
670.980201 336.864197 0.134780 0.000000 0.134780
711.800917 519.266802 0.013887 0.000000 0.013887
37.028385 155.145599 0.071496 0.000000 0.071496
233.524991 405.377165 0.098336 0.000000 0.098336
154.177319 503.013033 0.117762 0.000000 0.117762
134.037688 207.662137 0.011442 0.000000 0.011442
303.759359 351.508866 0.130239 0.000000 0.130239
379.806160 268.288076 0.031823 0.000000 0.031823
567.951662 213.955603 0.153318 0.000000 0.153318
206.095188 376.415389 0.114875 0.000000 0.114875
525.680863 135.125242 0.042692 0.000000 0.042692
735.613494 367.179365 0.077060 0.000000 0.077060
398.886514 478.986298 0.033942 0.000000 0.033942
140.642418 231.922564 0.012169 0.000000 0.012169
270.557796 619.036375 0.021988 0.000000 0.021988
274.548701 521.934517 0.111846 0.000000 0.111846
248.507792 563.693412 0.049037 0.000000 0.049037
373.590225 601.903184 0.008625 0.000000 0.008625
363.684739 511.559615 0.119256 0.000000 0.119256
144.200841 149.806621 0.042965 0.000000 0.042965
712.018670 188.772298 0.128381 0.000000 0.128381
677.058184 511.491807 0.117982 0.000000 0.117982
668.345919 443.395740 0.031205 0.000000 0.031205
659.921912 448.468617 0.077284 0.000000 0.077284
717.876821 402.876507 0.098438 0.000000 0.098438
316.591728 560.391606 0.029955 0.000000 0.029955
38.049806 366.270725 0.036861 0.000000 0.036861
592.075782 253.040512 0.075989 0.000000 0.075989
616.417046 20.786292 0.146761 0.000000 0.146761
170.709627 496.998399 0.080275 0.000000 0.080275
217.356268 595.001607 0.127704 0.000000 0.127704
260.256259 135.867536 0.046867 0.000000 0.046867
775.705810 356.965463 0.091954 0.000000 0.091954
545.693191 558.991330 0.123989 0.000000 0.123989
390.200402 181.348440 0.121925 0.000000 0.121925
418.157622 439.718935 0.010882 0.000000 0.010882
148.797151 222.288905 0.057773 0.000000 0.057773
694.171677 528.929564 0.134270 0.000000 0.134270
187.187001 56.518001 0.166177 0.000000 0.166177
399.195925 567.358544 0.063968 0.000000 0.063968
391.406976 253.478371 0.009532 0.000000 0.009532
291.740419 296.961538 0.031263 0.000000 0.031263
597.616378 588.719156 0.037007 0.000000 0.037007
302.548084 304.658156 0.013872 0.000000 0.013872
480.069653 190.702615 0.049011 0.000000 0.049011
146.224506 223.551739 0.115130 0.000000 0.115130
705.571455 55.902526 0.019738 0.000000 0.019738
770.379132 363.174121 0.167305 0.000000 0.167305
686.811450 609.370219 0.040988 0.000000 0.040988
101.962577 567.137314 0.087091 0.000000 0.087091
18.880809 457.885330 0.026333 0.000000 0.026333
174.214736 595.230415 0.099041 0.000000 0.099041
120.861083 264.662554 0.016102 0.000000 0.016102
547.940688 196.367550 0.113855 0.000000 0.113855
106.231645 227.365503 0.038619 0.000000 0.038619
769.063414 517.179013 0.010807 0.000000 0.010807
200.410322 543.502339 0.121419 0.000000 0.121419
125.367686 402.006933 0.118386 0.000000 0.118386
359.875555 47.200616 0.015354 0.000000 0.015354
352.671042 39.418069 0.062111 0.000000 0.062111
231.400757 450.326142 0.063284 0.000000 0.063284
402.673807 384.427489 0.066592 0.000000 0.066592
72.212211 488.166424 0.155790 0.000000 0.155790
127.211978 267.549225 0.069504 0.000000 0.069504
296.641449 392.848835 0.103678 0.000000 0.103678
560.482851 429.095174 0.170055 0.000000 0.170055
428.483179 368.152996 0.103047 0.000000 0.103047
478.603084 397.393043 0.085675 0.000000 0.085675
316.609046 19.694335 0.043920 0.000000 0.043920
541.349438 355.250973 0.162913 0.000000 0.162913
202.098598 543.725210 0.045784 0.000000 0.045784
407.314809 33.604885 0.069602 0.000000 0.069602
778.662565 606.364013 0.115247 0.000000 0.115247
435.212528 365.392882 0.046729 0.000000 0.046729
468.046257 416.873375 0.009714 0.000000 0.009714
292.683728 323.067438 0.014672 0.000000 0.014672
468.416012 626.768114 0.133263 0.000000 0.133263
336.868070 43.232813 0.113439 0.000000 0.113439
223.343920 434.383046 0.010258 0.000000 0.010258
679.161099 534.095038 0.013826 0.000000 0.013826
452.040031 76.603207 0.086303 0.000000 0.086303
155.368231 224.972463 0.008209 0.000000 0.008209
271.437099 105.173331 0.029087 0.000000 0.029087
446.258256 429.323615 0.110869 0.000000 0.110869
319.868147 568.504413 0.008478 0.000000 0.008478
778.386609 506.792750 0.093673 0.000000 0.093673
567.968489 189.277035 0.033599 0.000000 0.033599
554.824527 248.921793 0.076200 0.000000 0.076200
665.475363 329.063904 0.019783 0.000000 0.019783
469.109793 367.482862 0.098262 0.000000 0.098262
219.225853 470.140159 0.085572 0.000000 0.085572
416.961497 106.206412 0.105034 0.000000 0.105034
240.650720 202.838637 0.146191 0.000000 0.146191
649.894948 103.961627 0.069147 0.000000 0.069147
102.524296 219.240312 0.020153 0.000000 0.020153
712.810747 12.389667 0.045691 0.000000 0.045691
285.452553 351.909506 0.004570 0.000000 0.004570
752.960596 394.090281 0.167038 0.000000 0.167038
547.182902 200.189804 0.136257 0.000000 0.136257
225.476424 285.111568 0.168364 0.000000 0.168364
576.976682 53.985108 0.071199 0.000000 0.071199
700.357639 496.355129 0.143623 0.000000 0.143623
56.540323 296.250348 0.091332 0.000000 0.091332
585.636187 122.484737 0.148712 0.000000 0.148712
136.104582 275.380342 0.113180 0.000000 0.113180
469.415230 302.764598 0.022676 0.000000 0.022676
275.670957 562.184211 0.010073 0.000000 0.010073
482.022160 431.773831 0.006992 0.000000 0.006992
465.997600 630.053374 0.122901 0.000000 0.122901
404.967015 236.062394 0.140788 0.000000 0.140788
373.143491 496.179367 0.090246 0.000000 0.090246
484.098431 185.276248 0.081194 0.000000 0.081194
92.337523 285.533524 0.060496 0.000000 0.060496
281.325516 29.569792 0.107961 0.000000 0.107961
741.070074 381.310220 0.115744 0.000000 0.115744
407.737005 582.391311 0.150252 0.000000 0.150252
781.468487 428.094106 0.164931 0.000000 0.164931
207.209911 399.003298 0.037430 0.000000 0.037430
633.588533 615.800839 0.085811 0.000000 0.085811
788.598898 428.723234 0.058318 0.000000 0.058318
474.725584 402.752735 0.019345 0.000000 0.019345
364.355817 604.888990 0.167652 0.000000 0.167652
283.933329 308.159313 0.009071 0.000000 0.009071
694.832142 405.319773 0.006441 0.000000 0.006441
148.712599 491.912803 0.084970 0.000000 0.084970
548.520598 251.515208 0.073072 0.000000 0.073072
170.187346 596.827517 0.068262 0.000000 0.068262
411.197560 320.297278 0.004205 0.000000 0.004205
199.319107 92.899197 0.025679 0.000000 0.025679
92.434907 563.036348 0.030185 0.000000 0.030185
579.840782 264.200695 0.009101 0.000000 0.009101
577.041167 184.092739 0.035339 0.000000 0.035339
594.194170 510.808414 0.034695 0.000000 0.034695
780.637198 506.542292 0.047646 0.000000 0.047646
149.247615 503.967297 0.108109 0.000000 0.108109
148.028807 462.953763 0.007344 0.000000 0.007344
677.412017 562.407711 0.048954 0.000000 0.048954
630.687762 46.724072 0.004870 0.000000 0.004870
523.169781 346.051051 0.065568 0.000000 0.065568
434.416264 315.984474 0.052228 0.000000 0.052228
584.399861 534.413953 0.114851 0.000000 0.114851
660.826830 81.033692 0.121337 0.000000 0.121337
192.983801 340.834806 0.173229 0.000000 0.173229
110.926158 176.194629 0.100120 0.000000 0.100120
503.664689 624.329581 0.161727 0.000000 0.161727
549.013220 203.869441 0.087040 0.000000 0.087040
103.116451 53.184941 0.010940 0.000000 0.010940
755.818942 320.259742 0.066018 0.000000 0.066018
517.801508 327.624197 0.079968 0.000000 0.079968
713.406651 187.977153 0.006264 0.000000 0.006264
98.069172 590.519004 0.097339 0.000000 0.097339
256.906291 304.772522 0.150557 0.000000 0.150557
719.077626 202.317111 0.160289 0.000000 0.160289
286.757812 550.285366 0.024419 0.000000 0.024419
656.805004 211.084955 0.011469 0.000000 0.011469
560.350060 178.178646 0.091525 0.000000 0.091525
678.903076 488.408910 0.091108 0.000000 0.091108
311.553749 140.410369 0.068822 0.000000 0.068822
220.272461 531.263856 0.142324 0.000000 0.142324
164.453049 616.192699 0.132886 0.000000 0.132886
363.582116 22.421487 0.032664 0.000000 0.032664
148.941786 257.495303 0.027837 0.000000 0.027837
31.732701 199.803532 0.134738 0.000000 0.134738
539.726812 350.999383 0.081794 0.000000 0.081794
746.833200 484.454806 0.083381 0.000000 0.083381
675.235843 335.020695 0.086825 0.000000 0.086825
382.523706 409.608697 0.111221 0.000000 0.111221
118.322484 536.401699 0.009963 0.000000 0.009963
159.149935 502.928517 0.117210 0.000000 0.117210
112.993203 202.498366 0.036555 0.000000 0.036555
260.566465 520.155894 0.049847 0.000000 0.049847
668.467452 315.843269 0.139830 0.000000 0.139830
725.126875 574.104992 0.153131 0.000000 0.153131
782.617625 147.728378 0.155757 0.000000 0.155757
728.746041 601.571048 0.055659 0.000000 0.055659
588.802860 503.842423 0.080064 0.000000 0.080064
697.186242 559.093602 0.112974 0.000000 0.112974
789.776858 518.954765 0.116185 0.000000 0.116185
193.027360 254.134781 0.067179 0.000000 0.067179
773.870602 362.504869 0.048342 0.000000 0.048342
111.047098 380.925231 0.075349 0.000000 0.075349
636.260100 38.027525 0.042735 0.000000 0.042735
476.681696 439.641065 0.079496 0.000000 0.079496
630.303553 234.922961 0.066603 0.000000 0.066603
695.520827 462.130726 0.169560 0.000000 0.169560
234.520896 143.316518 0.076368 0.000000 0.076368
635.819870 86.327051 0.035745 0.000000 0.035745
598.107169 65.484251 0.050204 0.000000 0.050204
90.889743 98.419409 0.129342 0.000000 0.129342
406.506403 400.657724 0.142876 0.000000 0.142876
361.032525 550.632110 0.152142 0.000000 0.152142
757.205489 585.108499 0.063358 0.000000 0.063358
350.386583 20.753376 0.132190 0.000000 0.132190
678.759740 307.585838 0.083073 0.000000 0.083073
401.685150 311.416941 0.098275 0.000000 0.098275
139.808173 284.311466 0.014193 0.000000 0.014193
214.444706 294.284380 0.152973 0.000000 0.152973
260.201762 513.174062 0.157357 0.000000 0.157357
639.119203 505.676256 0.112190 0.000000 0.112190
562.568608 261.007655 0.106877 0.000000 0.106877
420.803586 431.811753 0.071294 0.000000 0.071294
473.491114 42.747976 0.086371 0.000000 0.086371
90.189543 546.573931 0.064889 0.000000 0.064889
311.741801 287.024090 0.129609 0.000000 0.129609
743.589723 266.624464 0.081816 0.000000 0.081816
388.822690 174.150518 0.066598 0.000000 0.066598
574.537765 357.944659 0.066720 0.000000 0.066720
127.270047 596.041100 0.027694 0.000000 0.027694
60.926767 515.181800 0.036323 0.000000 0.036323
84.124698 90.685056 0.064600 0.000000 0.064600
458.578265 153.267007 0.012616 0.000000 0.012616
128.976613 609.110691 0.027517 0.000000 0.027517
123.594684 559.256211 0.016411 0.000000 0.016411
210.468896 425.974177 0.037636 0.000000 0.037636
411.512870 549.672170 0.092953 0.000000 0.092953
225.929959 370.806891 0.072341 0.000000 0.072341
461.094764 552.502100 0.053465 0.000000 0.053465
548.611753 181.762890 0.172051 0.000000 0.172051
774.855767 335.627820 0.081110 0.000000 0.081110
398.583553 610.307336 0.081278 0.000000 0.081278
658.530940 378.195734 0.008803 0.000000 0.008803
680.475850 623.984318 0.114939 0.000000 0.114939
530.508886 140.020569 0.108241 0.000000 0.108241
61.195487 509.620664 0.150708 0.000000 0.150708
349.886735 75.249656 0.022413 0.000000 0.022413
563.405948 434.860888 0.027488 0.000000 0.027488
49.770697 252.323926 0.153183 0.000000 0.153183
753.182596 116.559463 0.062271 0.000000 0.062271
409.217517 388.321718 0.146204 0.000000 0.146204
117.849577 281.036273 0.088715 0.000000 0.088715
275.653817 20.804075 0.146347 0.000000 0.146347
555.776551 519.230033 0.028043 0.000000 0.028043
751.503162 587.268739 0.066961 0.000000 0.066961
436.574928 212.673416 0.110535 0.000000 0.110535
132.846856 123.530941 0.041704 0.000000 0.041704
487.714622 626.737730 0.158052 0.000000 0.158052
38.927091 205.428857 0.031117 0.000000 0.031117
398.995233 250.799539 0.141773 0.000000 0.141773
712.210517 376.727134 0.069878 0.000000 0.069878
256.581061 126.990362 0.051259 0.000000 0.051259
388.093685 565.092725 0.113195 0.000000 0.113195
577.006087 229.665828 0.134130 0.000000 0.134130
475.316153 554.505001 0.007463 0.000000 0.007463
61.235172 247.737192 0.027207 0.000000 0.027207
567.374983 532.574276 0.013374 0.000000 0.013374
751.474794 375.593968 0.023149 0.000000 0.023149
353.722564 616.031452 0.172499 0.000000 0.172499
546.564112 554.762284 0.109830 0.000000 0.109830
702.234324 242.101130 0.012106 0.000000 0.012106
626.610279 499.855819 0.044046 0.000000 0.044046
699.450832 12.532898 0.104530 0.000000 0.104530
469.519170 572.958695 0.059399 0.000000 0.059399
237.916640 376.344112 0.018059 0.000000 0.018059
656.581344 310.760068 0.056546 0.000000 0.056546
239.766550 295.881731 0.041053 0.000000 0.041053
771.902562 607.785874 0.039070 0.000000 0.039070
748.002019 262.939414 0.024452 0.000000 0.024452
443.553420 482.404119 0.063035 0.000000 0.063035
595.043689 495.710532 0.124615 0.000000 0.124615
588.457710 432.543828 0.023869 0.000000 0.023869
154.928936 481.438881 0.009114 0.000000 0.009114
92.336513 201.481448 0.123821 0.000000 0.123821
447.321277 251.556076 0.109826 0.000000 0.109826
500.277687 544.144274 0.159978 0.000000 0.159978
468.264656 195.987364 0.052550 0.000000 0.052550
372.871730 471.014905 0.007029 0.000000 0.007029
522.180911 185.773707 0.064300 0.000000 0.064300
496.590181 20.166096 0.082342 0.000000 0.082342
465.590490 550.334293 0.016361 0.000000 0.016361
369.476817 597.747590 0.134985 0.000000 0.134985
712.843876 368.843030 0.126825 0.000000 0.126825
260.414665 151.710909 0.052709 0.000000 0.052709
215.594670 505.548027 0.097661 0.000000 0.097661
583.567599 432.005682 0.086859 0.000000 0.086859
694.142915 151.179789 0.152026 0.000000 0.152026
561.697567 571.381584 0.014005 0.000000 0.014005
544.743659 528.139045 0.108213 0.000000 0.108213
613.300341 43.313467 0.102041 0.000000 0.102041
637.881240 497.518564 0.022632 0.000000 0.022632
217.263193 511.555832 0.064675 0.000000 0.064675
157.877391 251.144331 0.004816 0.000000 0.004816
578.675653 179.540501 0.007486 0.000000 0.007486
723.919273 534.291925 0.107392 0.000000 0.107392
158.372548 243.746949 0.035771 0.000000 0.035771
748.530658 264.435219 0.061068 0.000000 0.061068
119.263858 295.210064 0.133408 0.000000 0.133408
209.283313 414.340800 0.039301 0.000000 0.039301
395.275635 300.807571 0.081464 0.000000 0.081464
603.527407 15.530374 0.154425 0.000000 0.154425
569.916004 347.669531 0.008315 0.000000 0.008315
240.498370 229.634169 0.019746 0.000000 0.019746
691.932207 32.816244 0.061849 0.000000 0.061849
274.227808 83.666304 0.035898 0.000000 0.035898
280.498405 58.231285 0.104122 0.000000 0.104122
714.282464 429.321092 0.014978 0.000000 0.014978
392.573431 277.509420 0.072957 0.000000 0.072957
115.715726 308.288483 0.042363 0.000000 0.042363
432.515951 510.229911 0.068116 0.000000 0.068116
315.817823 413.117863 0.064829 0.000000 0.064829
649.235141 523.652851 0.115146 0.000000 0.115146
749.193046 145.083746 0.075951 0.000000 0.075951
772.780709 137.482022 0.099209 0.000000 0.099209
402.220322 376.324628 0.035342 0.000000 0.035342
128.282344 564.820475 0.149040 0.000000 0.149040
726.304196 547.489689 0.059221 0.000000 0.059221
741.544527 506.728198 0.101273 0.000000 0.101273
687.373883 28.662851 0.022182 0.000000 0.022182
399.022618 301.964646 0.142521 0.000000 0.142521
312.787400 235.554835 0.091163 0.000000 0.091163
229.946461 438.811854 0.083424 0.000000 0.083424
453.573231 156.798420 0.148618 0.000000 0.148618
784.785413 517.423955 0.140260 0.000000 0.140260
380.448072 295.192977 0.113684 0.000000 0.113684
62.433063 585.279015 0.059295 0.000000 0.059295
599.816886 537.839007 0.032054 0.000000 0.032054
358.499807 605.291334 0.041469 0.000000 0.041469
659.153484 369.578169 0.042347 0.000000 0.042347
337.436568 49.273110 0.094495 0.000000 0.094495
591.153430 499.176730 0.004892 0.000000 0.004892
755.350406 270.737630 0.045898 0.000000 0.045898
648.129491 529.805299 0.030591 0.000000 0.030591
768.460088 478.484863 0.087244 0.000000 0.087244
775.277934 573.315359 0.019984 0.000000 0.019984
670.562223 45.911668 0.050566 0.000000 0.050566
720.094568 217.756198 0.162992 0.000000 0.162992
513.699252 324.758929 0.151094 0.000000 0.151094
398.446544 379.812366 0.004957 0.000000 0.004957
281.748448 33.246007 0.030452 0.000000 0.030452
541.738803 250.728180 0.067222 0.000000 0.067222
776.244968 369.073996 0.085380 0.000000 0.085380
619.929734 400.872036 0.042648 0.000000 0.042648
575.473688 105.187857 0.063506 0.000000 0.063506
416.244072 284.131979 0.025999 0.000000 0.025999
741.331815 258.275897 0.011856 0.000000 0.011856
114.273829 207.286262 0.116365 0.000000 0.116365
582.324274 172.941650 0.068385 0.000000 0.068385
379.453079 577.488823 0.015931 0.000000 0.015931
419.333558 446.672012 0.167264 0.000000 0.167264
750.200198 576.025341 0.019906 0.000000 0.019906
122.528936 38.660994 0.012752 0.000000 0.012752
115.409467 197.071917 0.015706 0.000000 0.015706
629.474095 362.549895 0.069354 0.000000 0.069354
598.109979 201.868672 0.107988 0.000000 0.107988
464.944033 465.143860 0.032825 0.000000 0.032825
246.298911 348.728477 0.110312 0.000000 0.110312
11.910659 491.907557 0.055682 0.000000 0.055682
393.241105 417.545111 0.171471 0.000000 0.171471
557.662594 310.728260 0.101554 0.000000 0.101554
734.884230 260.726376 0.101825 0.000000 0.101825
458.682877 154.500555 0.042131 0.000000 0.042131
564.901434 518.178984 0.023654 0.000000 0.023654
348.207764 202.015187 0.143673 0.000000 0.143673
269.644243 281.882465 0.067494 0.000000 0.067494
754.191157 313.199149 0.104580 0.000000 0.104580
653.243883 156.632866 0.135190 0.000000 0.135190
419.199468 366.515582 0.012993 0.000000 0.012993
237.131354 306.396001 0.032732 0.000000 0.032732
595.924949 164.503060 0.032888 0.000000 0.032888
602.159788 203.067967 0.116034 0.000000 0.116034
668.779197 246.257407 0.102055 0.000000 0.102055
90.104067 61.464170 0.007583 0.000000 0.007583
622.665810 53.762500 0.113753 0.000000 0.113753
454.868333 445.577572 0.045042 0.000000 0.045042
544.274161 331.010019 0.070314 0.000000 0.070314
556.295811 331.754635 0.036864 0.000000 0.036864
97.252158 179.530263 0.105747 0.000000 0.105747
718.099141 276.378738 0.028841 0.000000 0.028841
210.006155 373.465707 0.081130 0.000000 0.081130
306.041045 563.165362 0.025683 0.000000 0.025683
50.921231 206.075261 0.092804 0.000000 0.092804
677.029016 64.429163 0.086854 0.000000 0.086854
585.528206 375.901062 0.119044 0.000000 0.119044
37.861716 558.702831 0.012794 0.000000 0.012794
558.136763 464.929498 0.045563 0.000000 0.045563
402.816999 169.059592 0.112024 0.000000 0.112024
461.857472 277.688898 0.016283 0.000000 0.016283
228.792412 311.026224 0.043460 0.000000 0.043460
771.299136 497.795932 0.136391 0.000000 0.136391
468.389556 584.076092 0.017811 0.000000 0.017811
640.248609 610.165690 0.120742 0.000000 0.120742
98.657374 281.010241 0.042206 0.000000 0.042206
718.234767 516.585481 0.093952 0.000000 0.093952
584.738819 472.365448 0.149046 0.000000 0.149046
161.982717 113.058035 0.024644 0.000000 0.024644
448.421277 580.544946 0.034149 0.000000 0.034149
207.914917 470.836294 0.005653 0.000000 0.005653
690.032544 80.467391 0.158085 0.000000 0.158085
242.145354 143.666645 0.046476 0.000000 0.046476
252.038409 280.235479 0.026563 0.000000 0.026563
353.811821 199.310963 0.124776 0.000000 0.124776
637.935979 584.264701 0.094146 0.000000 0.094146
45.280927 207.491305 0.047268 0.000000 0.047268
70.337951 312.625847 0.007910 0.000000 0.007910
278.906450 586.360360 0.065501 0.000000 0.065501
695.100926 416.512500 0.036451 0.000000 0.036451
586.697699 216.692965 0.026555 0.000000 0.026555
748.853968 593.037700 0.022022 0.000000 0.022022
736.341366 317.528841 0.009994 0.000000 0.009994
72.380052 282.972031 0.006474 0.000000 0.006474
452.005303 19.185245 0.172229 0.000000 0.172229
620.671462 629.937615 0.090554 0.000000 0.090554
736.896784 212.391400 0.013961 0.000000 0.013961
348.422684 252.241531 0.047815 0.000000 0.047815
764.115828 287.800934 0.045641 0.000000 0.045641
114.679882 226.824277 0.098527 0.000000 0.098527
358.608006 575.638143 0.110836 0.000000 0.110836
243.197176 238.153608 0.146485 0.000000 0.146485
266.695870 28.115591 0.039851 0.000000 0.039851
593.594751 132.941974 0.075416 0.000000 0.075416
664.554394 51.582070 0.112399 0.000000 0.112399
360.971885 62.167144 0.115615 0.000000 0.115615
701.753803 225.024824 0.005806 0.000000 0.005806
790.451310 295.109124 0.144364 0.000000 0.144364
325.655100 264.494516 0.062790 0.000000 0.062790
759.881505 576.295375 0.065023 0.000000 0.065023
297.291342 560.121236 0.085005 0.000000 0.085005
371.977950 419.131497 0.126437 0.000000 0.126437
715.594566 271.533825 0.078132 0.000000 0.078132
784.454171 177.525767 0.093275 0.000000 0.093275
580.872189 73.483844 0.044283 0.000000 0.044283
117.352420 169.627197 0.046045 0.000000 0.046045
159.620085 122.850202 0.011149 0.000000 0.011149
368.766379 501.976505 0.036025 0.000000 0.036025
431.207926 328.364830 0.013417 0.000000 0.013417
485.849598 460.094335 0.038210 0.000000 0.038210
242.300603 190.342088 0.044135 0.000000 0.044135
271.888180 404.627516 0.101719 0.000000 0.101719
363.462603 516.900056 0.071040 0.000000 0.071040
561.187902 485.083199 0.093060 0.000000 0.093060
502.442792 578.679771 0.077710 0.000000 0.077710
58.273442 314.175470 0.081387 0.000000 0.081387
68.911278 457.230291 0.021212 0.000000 0.021212
548.436782 464.941093 0.119810 0.000000 0.119810
677.631294 424.948466 0.107848 0.000000 0.107848
498.215811 506.111633 0.151747 0.000000 0.151747
347.342642 241.425172 0.042031 0.000000 0.042031
616.784104 494.114163 0.103024 0.000000 0.103024
253.774912 604.446809 0.175056 0.000000 0.175056
677.163696 362.036756 0.028678 0.000000 0.028678
704.569419 564.263085 0.051141 0.000000 0.051141
225.847261 474.402447 0.021773 0.000000 0.021773
398.548804 407.522477 0.015984 0.000000 0.015984
227.129151 520.833414 0.077124 0.000000 0.077124
788.688659 445.063627 0.101034 0.000000 0.101034
314.798654 90.705554 0.005371 0.000000 0.005371
710.440759 260.787751 0.135300 0.000000 0.135300
579.993121 483.262338 0.012262 0.000000 0.012262
104.864162 464.681838 0.011818 0.000000 0.011818
763.707473 195.887257 0.016448 0.000000 0.016448
44.243580 587.177604 0.026186 0.000000 0.026186
694.741842 158.917950 0.031354 0.000000 0.031354
717.558664 336.469313 0.062376 0.000000 0.062376
575.274966 88.891208 0.053188 0.000000 0.053188
340.188384 180.063495 0.038771 0.000000 0.038771
657.571172 267.118745 0.120067 0.000000 0.120067
165.187952 270.449402 0.024949 0.000000 0.024949
114.813162 119.548766 0.021422 0.000000 0.021422
40.931490 248.925784 0.022505 0.000000 0.022505
544.553922 77.041515 0.158807 0.000000 0.158807
520.080096 548.774305 0.132976 0.000000 0.132976
698.729135 147.184161 0.008543 0.000000 0.008543
552.067616 75.387824 0.050930 0.000000 0.050930
123.923070 362.716354 0.006322 0.000000 0.006322
655.031173 594.406450 0.011067 0.000000 0.011067
133.762048 358.616728 0.037618 0.000000 0.037618
442.710393 303.788890 0.076201 0.000000 0.076201
132.167928 24.919364 0.013678 0.000000 0.013678
93.672386 580.733747 0.089229 0.000000 0.089229
241.136007 209.957372 0.049700 0.000000 0.049700
576.874550 100.054444 0.151552 0.000000 0.151552
644.448495 249.070404 0.038567 0.000000 0.038567
227.900892 235.044124 0.133757 0.000000 0.133757
248.583443 181.549460 0.032599 0.000000 0.032599
750.187934 467.996519 0.094972 0.000000 0.094972
354.450348 222.173274 0.057761 0.000000 0.057761
128.650218 365.469070 0.026692 0.000000 0.026692
449.722701 260.078297 0.005330 0.000000 0.005330
457.038153 545.090486 0.143993 0.000000 0.143993
760.851735 183.312704 0.111600 0.000000 0.111600
52.024776 580.388409 0.023811 0.000000 0.023811
245.943830 529.685251 0.116314 0.000000 0.116314
16.936085 352.691073 0.065170 0.000000 0.065170
126.157583 412.724943 0.112699 0.000000 0.112699
368.876172 75.916507 0.026147 0.000000 0.026147
428.099477 455.950739 0.037125 0.000000 0.037125
386.846005 440.013156 0.060023 0.000000 0.060023
236.172578 261.645647 0.119231 0.000000 0.119231
150.685299 70.964290 0.036324 0.000000 0.036324
428.671402 270.131505 0.143354 0.000000 0.143354
493.697586 307.769755 0.010034 0.000000 0.010034
670.965568 55.477677 0.066217 0.000000 0.066217
728.216453 301.788223 0.145589 0.000000 0.145589
514.902655 183.791707 0.116590 0.000000 0.116590
660.716410 182.464206 0.127210 0.000000 0.127210
501.821052 410.814109 0.111297 0.000000 0.111297
661.638434 132.021740 0.111872 0.000000 0.111872
338.083230 289.333322 0.010978 0.000000 0.010978
534.263445 27.911902 0.173357 0.000000 0.173357
276.099910 390.443669 0.083505 0.000000 0.083505
700.978961 136.313886 0.053428 0.000000 0.053428
353.233707 214.802424 0.144721 0.000000 0.144721
572.254845 378.167805 0.143278 0.000000 0.143278
585.893991 84.703995 0.014412 0.000000 0.014412
396.744288 345.203620 0.041454 0.000000 0.041454
269.731920 60.298683 0.072793 0.000000 0.072793
217.923935 609.842008 0.138951 0.000000 0.138951
703.897920 421.602417 0.043553 0.000000 0.043553
158.175121 187.602241 0.100195 0.000000 0.100195
310.848188 247.205039 0.020037 0.000000 0.020037
421.474506 240.933014 0.114728 0.000000 0.114728
257.412448 217.043414 0.023042 0.000000 0.023042
764.071369 128.602681 0.038284 0.000000 0.038284
529.785413 490.826139 0.108047 0.000000 0.108047
445.271505 288.269845 0.153979 0.000000 0.153979
272.724176 392.745336 0.012695 0.000000 0.012695
556.841545 448.493137 0.159280 0.000000 0.159280
554.590273 60.805735 0.008933 0.000000 0.008933
111.036838 535.493227 0.058057 0.000000 0.058057
535.026246 8.946055 0.092595 0.000000 0.092595
730.869273 223.569348 0.096347 0.000000 0.096347
377.044295 422.293051 0.042123 0.000000 0.042123
619.207339 612.756258 0.094180 0.000000 0.094180
112.386186 269.569831 0.104812 0.000000 0.104812
494.219079 499.037666 0.026349 0.000000 0.026349
419.141100 243.848444 0.029800 0.000000 0.029800
498.513654 349.552166 0.013076 0.000000 0.013076
646.370634 148.279149 0.004638 0.000000 0.004638
70.223347 28.946353 0.123670 0.000000 0.123670
490.249289 141.797099 0.088173 0.000000 0.088173
499.647033 513.550381 0.129910 0.000000 0.129910
438.105754 133.489190 0.140063 0.000000 0.140063
201.661080 205.363450 0.045437 0.000000 0.045437
310.800239 178.348386 0.052501 0.000000 0.052501
651.415305 89.879263 0.108163 0.000000 0.108163
322.071943 120.779044 0.020097 0.000000 0.020097
199.703035 24.510853 0.020197 0.000000 0.020197
26.860076 560.417816 0.161791 0.000000 0.161791
283.507317 210.940142 0.073526 0.000000 0.073526
523.034764 382.892602 0.153418 0.000000 0.153418
662.887441 236.527017 0.141404 0.000000 0.141404
450.202009 606.864121 0.023088 0.000000 0.023088
564.807137 306.484291 0.145185 0.000000 0.145185
653.806071 203.906178 0.091187 0.000000 0.091187
707.393348 220.949666 0.065417 0.000000 0.065417
350.219488 399.930853 0.077920 0.000000 0.077920
498.590109 530.166859 0.098558 0.000000 0.098558
154.295886 318.320657 0.031087 0.000000 0.031087
672.296479 175.113034 0.039624 0.000000 0.039624
500.176668 338.853855 0.040728 0.000000 0.040728
383.552709 449.544930 0.091323 0.000000 0.091323
232.811376 488.513095 0.087183 0.000000 0.087183
198.416982 217.635867 0.036539 0.000000 0.036539
526.741123 373.323425 0.044012 0.000000 0.044012
362.528312 409.678105 0.110139 0.000000 0.110139
555.643809 130.752591 0.164495 0.000000 0.164495
277.579426 176.542060 0.130383 0.000000 0.130383
253.952706 81.435143 0.071025 0.000000 0.071025
656.832972 141.365982 0.036305 0.000000 0.036305
349.429579 338.411128 0.124538 0.000000 0.124538
649.053862 615.665385 0.019198 0.000000 0.019198
500.032739 326.332621 0.045913 0.000000 0.045913
463.832371 37.526119 0.147633 0.000000 0.147633
707.666262 74.277715 0.100809 0.000000 0.100809
96.811504 147.638596 0.047450 0.000000 0.047450
305.700741 198.311307 0.053018 0.000000 0.053018
680.510160 199.873553 0.045577 0.000000 0.045577
348.257530 136.944441 0.033339 0.000000 0.033339
242.079222 607.050513 0.131612 0.000000 0.131612
679.542355 233.327622 0.056944 0.000000 0.056944
787.357119 244.265260 0.078941 0.000000 0.078941
467.507960 235.345464 0.117026 0.000000 0.117026
497.044728 292.132399 0.064389 0.000000 0.064389
287.968755 186.209848 0.109964 0.000000 0.109964
521.802215 426.565943 0.120491 0.000000 0.120491
400.007785 578.038794 0.145772 0.000000 0.145772
433.815346 479.379337 0.065791 0.000000 0.065791
193.847830 355.418252 0.065398 0.000000 0.065398
281.917997 178.620748 0.167094 0.000000 0.167094
301.327780 223.092953 0.113500 0.000000 0.113500
358.509922 273.203492 0.115513 0.000000 0.115513
547.188421 101.672544 0.030392 0.000000 0.030392
301.633540 604.814242 0.159496 0.000000 0.159496
465.502207 59.577931 0.105512 0.000000 0.105512
714.634577 81.987378 0.085435 0.000000 0.085435
556.781256 378.386808 0.033530 0.000000 0.033530
494.037496 604.505552 0.098686 0.000000 0.098686
517.145655 283.999168 0.030325 0.000000 0.030325
113.753513 397.076456 0.120572 0.000000 0.120572
686.664968 251.153091 0.088177 0.000000 0.088177
435.692977 272.462656 0.023772 0.000000 0.023772
543.040144 482.775426 0.058708 0.000000 0.058708
331.755976 315.255156 0.110849 0.000000 0.110849
340.625025 373.134055 0.028328 0.000000 0.028328
389.102571 104.868333 0.093935 0.000000 0.093935
356.002766 109.011344 0.024838 0.000000 0.024838
297.766426 272.560443 0.080628 0.000000 0.080628
399.837084 148.214239 0.076876 0.000000 0.076876
280.356515 276.748321 0.041286 0.000000 0.041286
200.441810 171.901730 0.058578 0.000000 0.058578
401.610064 126.533585 0.086408 0.000000 0.086408
522.505911 104.011635 0.141310 0.000000 0.141310
634.362541 67.229336 0.061849 0.000000 0.061849
281.374861 232.235537 0.040474 0.000000 0.040474
199.042310 188.575895 0.065198 0.000000 0.065198
397.479452 457.821441 0.148362 0.000000 0.148362
539.793384 462.195101 0.060004 0.000000 0.060004
526.922359 93.646990 0.057157 0.000000 0.057157
234.212539 68.920394 0.047412 0.000000 0.047412
385.471792 122.443361 0.056390 0.000000 0.056390
633.121694 296.987331 0.046130 0.000000 0.046130
535.593704 433.088682 0.113925 0.000000 0.113925
187.154988 397.225029 0.082823 0.000000 0.082823
535.741503 426.691439 0.048591 0.000000 0.048591
218.591356 168.471383 0.048021 0.000000 0.048021
220.891194 56.309744 0.077172 0.000000 0.077172
