1.0
1965
550.508740 166.903584 0.027647 0.000000 0.027647
709.478800 151.151741 0.059061 0.000000 0.059061
746.070023 582.762208 0.122188 0.000000 0.122188
165.496357 324.758156 0.124294 0.000000 0.124294
457.365039 667.972980 0.170929 0.000000 0.170929
769.446901 326.138772 0.030081 0.000000 0.030081
721.937509 336.334019 0.050036 0.000000 0.050036
697.730585 215.332303 0.081775 0.000000 0.081775
44.649067 374.474903 0.049201 0.000000 0.049201
685.651278 218.269142 0.085864 0.000000 0.085864
768.182535 625.021669 0.173814 0.000000 0.173814
18.325331 177.504413 0.036297 0.000000 0.036297
508.232538 659.676273 0.058075 0.000000 0.058075
752.855589 563.204906 0.063589 0.000000 0.063589
594.277585 157.743785 0.106981 0.000000 0.106981
187.991316 235.601103 0.080867 0.000000 0.080867
742.072199 331.873126 0.043679 0.000000 0.043679
481.606166 484.477689 0.167916 0.000000 0.167916
292.700187 316.963067 0.009112 0.000000 0.009112
293.029167 315.592603 0.115620 0.000000 0.115620
149.549886 285.287756 0.163488 0.000000 0.163488
305.219060 65.602432 0.088847 0.000000 0.088847
607.264718 417.608458 0.056282 0.000000 0.056282
496.128896 310.789251 0.076286 0.000000 0.076286
692.128403 249.540252 0.086958 0.000000 0.086958
428.156396 293.596048 0.108871 0.000000 0.108871
599.090484 204.055890 0.064480 0.000000 0.064480
260.119489 510.043535 0.086214 0.000000 0.086214
302.763630 313.256210 0.108041 0.000000 0.108041
408.177964 409.946594 0.142065 0.000000 0.142065
501.807879 430.164082 0.122008 0.000000 0.122008
372.510728 160.966373 0.103241 0.000000 0.103241
40.895613 344.562705 0.062263 0.000000 0.062263
683.074900 405.517362 0.083583 0.000000 0.083583
470.520589 492.757658 0.158522 0.000000 0.158522
520.108914 141.050281 0.063583 0.000000 0.063583
754.349334 256.322824 0.025340 0.000000 0.025340
775.738639 645.657923 0.168864 0.000000 0.168864
705.759153 246.458251 0.079147 0.000000 0.079147
511.918407 307.938854 0.077178 0.000000 0.077178
598.488806 187.043083 0.123319 0.000000 0.123319
46.123584 395.611863 0.049054 0.000000 0.049054
10.639055 497.159154 0.059866 0.000000 0.059866
307.592034 67.962422 0.014401 0.000000 0.014401
602.279820 670.661292 0.145579 0.000000 0.145579
581.743405 328.182050 0.098902 0.000000 0.098902
412.064522 297.579101 0.103667 0.000000 0.103667
466.523909 378.754212 0.133840 0.000000 0.133840
705.747044 618.424286 0.145685 0.000000 0.145685
21.893775 537.092262 0.086718 0.000000 0.086718
579.333506 318.107353 0.133901 0.000000 0.133901
459.068921 306.895964 0.064327 0.000000 0.064327
312.968272 401.072413 0.151646 0.000000 0.151646
427.671601 169.759756 0.125282 0.000000 0.125282
260.887630 191.932015 0.124230 0.000000 0.124230
12.120974 423.961469 0.048294 0.000000 0.048294
311.431323 144.768242 0.110143 0.000000 0.110143
365.182238 209.253409 0.082092 0.000000 0.082092
611.296923 438.150275 0.043297 0.000000 0.043297
250.681987 262.190113 0.046529 0.000000 0.046529
802.582764 316.259164 0.015010 0.000000 0.015010
720.719967 609.195487 0.146152 0.000000 0.146152
101.646443 360.389862 0.094857 0.000000 0.094857
475.619107 446.780573 0.073530 0.000000 0.073530
577.979223 176.021944 0.122242 0.000000 0.122242
398.520689 326.972028 0.110041 0.000000 0.110041
355.175146 183.973766 0.151512 0.000000 0.151512
62.514315 582.344676 0.045129 0.000000 0.045129
66.103941 334.716996 0.011203 0.000000 0.011203
390.330898 379.179550 0.127218 0.000000 0.127218
445.608092 358.804860 0.041298 0.000000 0.041298
348.336911 177.999173 0.012421 0.000000 0.012421
425.349098 362.481300 0.049066 0.000000 0.049066
507.788119 270.359573 0.021811 0.000000 0.021811
254.640740 488.395035 0.074026 0.000000 0.074026
641.926593 207.509141 0.024762 0.000000 0.024762
657.155917 256.048670 0.057285 0.000000 0.057285
672.219957 252.782407 0.058324 0.000000 0.058324
544.555724 131.713484 0.105775 0.000000 0.105775
569.703798 356.304745 0.042360 0.000000 0.042360
732.113819 65.655048 0.043615 0.000000 0.043615
468.730993 451.391820 0.026739 0.000000 0.026739
580.816873 480.939843 0.076040 0.000000 0.076040
419.741814 334.232626 0.145351 0.000000 0.145351
399.965275 337.089686 0.144670 0.000000 0.144670
111.363339 311.132296 0.094907 0.000000 0.094907
623.624722 132.439865 0.039657 0.000000 0.039657
189.583813 523.352481 0.141569 0.000000 0.141569
501.968599 473.050682 0.061001 0.000000 0.061001
376.265209 304.978533 0.148862 0.000000 0.148862
614.791168 451.374381 0.091400 0.000000 0.091400
809.382288 637.796426 0.172462 0.000000 0.172462
819.697571 634.978374 0.164750 0.000000 0.164750
760.133950 286.421929 0.040997 0.000000 0.040997
557.109714 194.383527 0.039381 0.000000 0.039381
592.560233 442.831918 0.049261 0.000000 0.049261
763.048451 658.137396 0.163487 0.000000 0.163487
54.398865 615.792552 0.009785 0.000000 0.009785
202.878781 234.150135 0.114886 0.000000 0.114886
9.953701 547.151115 0.103681 0.000000 0.103681
463.071328 474.300237 0.104692 0.000000 0.104692
471.821680 382.706036 0.027722 0.000000 0.027722
618.683314 213.848168 0.127375 0.000000 0.127375
215.841049 415.667687 0.095405 0.000000 0.095405
586.740511 349.783537 0.067889 0.000000 0.067889
312.050294 399.324519 0.057727 0.000000 0.057727
616.802880 358.119713 0.149839 0.000000 0.149839
782.178976 226.295760 0.075372 0.000000 0.075372
809.996108 23.623292 0.076737 0.000000 0.076737
708.097243 414.644058 0.128015 0.000000 0.128015
424.630702 356.874311 0.081514 0.000000 0.081514
748.238191 183.634339 0.005452 0.000000 0.005452
227.954051 513.544883 0.054162 0.000000 0.054162
579.463997 393.849120 0.078194 0.000000 0.078194
21.523459 395.392150 0.048511 0.000000 0.048511
289.889233 618.193218 0.082991 0.000000 0.082991
681.724840 365.148639 0.081092 0.000000 0.081092
828.566053 290.632891 0.044184 0.000000 0.044184
307.024830 183.034048 0.130391 0.000000 0.130391
315.499846 602.753554 0.147189 0.000000 0.147189
810.309355 394.343966 0.104922 0.000000 0.104922
173.533254 163.945526 0.073204 0.000000 0.073204
608.967396 360.378332 0.125169 0.000000 0.125169
525.378938 430.694351 0.092725 0.000000 0.092725
556.614690 421.389293 0.072957 0.000000 0.072957
596.053743 455.624758 0.122752 0.000000 0.122752
827.443009 657.360357 0.084096 0.000000 0.084096
738.486257 156.314157 0.120501 0.000000 0.120501
810.173985 140.560267 0.138530 0.000000 0.138530
577.664932 385.809443 0.031168 0.000000 0.031168
114.944713 315.404792 0.028074 0.000000 0.028074
574.641411 430.210911 0.082470 0.000000 0.082470
562.988490 331.555782 0.132323 0.000000 0.132323
795.385053 56.790992 0.132527 0.000000 0.132527
515.177641 322.218887 0.112930 0.000000 0.112930
285.123308 352.157706 0.164222 0.000000 0.164222
586.753047 423.167940 0.115683 0.000000 0.115683
636.960430 103.123950 0.052124 0.000000 0.052124
170.098552 458.576065 0.123437 0.000000 0.123437
36.308609 512.973802 0.029916 0.000000 0.029916
498.058617 325.706864 0.098258 0.000000 0.098258
46.449176 244.072005 0.023174 0.000000 0.023174
438.310676 668.863216 0.139569 0.000000 0.139569
266.554910 227.498844 0.020741 0.000000 0.020741
182.588214 499.501344 0.058650 0.000000 0.058650
373.446757 245.256474 0.030709 0.000000 0.030709
338.278270 346.076450 0.162704 0.000000 0.162704
223.433245 579.914336 0.145490 0.000000 0.145490
583.493648 408.817345 0.124203 0.000000 0.124203
802.294918 304.411079 0.083592 0.000000 0.083592
722.005863 541.855742 0.129162 0.000000 0.129162
212.908709 256.054138 0.042664 0.000000 0.042664
688.773186 599.715419 0.111826 0.000000 0.111826
330.714130 319.716385 0.045047 0.000000 0.045047
776.685093 288.041517 0.114397 0.000000 0.114397
371.243300 188.135954 0.102336 0.000000 0.102336
352.721234 353.182124 0.068733 0.000000 0.068733
141.568281 273.583497 0.099972 0.000000 0.099972
778.320021 72.169504 0.115326 0.000000 0.115326
573.468381 298.826790 0.131743 0.000000 0.131743
16.908387 545.669964 0.021229 0.000000 0.021229
782.803543 169.736577 0.069327 0.000000 0.069327
41.309121 553.334925 0.133486 0.000000 0.133486
421.308775 295.137274 0.019978 0.000000 0.019978
551.247412 203.622674 0.172039 0.000000 0.172039
209.719312 571.570452 0.138977 0.000000 0.138977
416.858725 416.595233 0.119721 0.000000 0.119721
243.473475 7.398522 0.132717 0.000000 0.132717
538.403678 374.104488 0.148484 0.000000 0.148484
757.408584 476.302633 0.005389 0.000000 0.005389
28.058964 554.871084 0.095341 0.000000 0.095341
183.710721 302.397739 0.065790 0.000000 0.065790
237.030877 391.050831 0.145974 0.000000 0.145974
816.609837 359.597743 0.041501 0.000000 0.041501
323.528545 554.430128 0.033139 0.000000 0.033139
444.373918 353.446437 0.151840 0.000000 0.151840
216.118257 239.834881 0.110146 0.000000 0.110146
838.408524 316.505461 0.153474 0.000000 0.153474
335.149625 531.767028 0.120315 0.000000 0.120315
490.260165 597.565549 0.040115 0.000000 0.040115
117.810188 371.779550 0.045558 0.000000 0.045558
221.758445 477.110604 0.167840 0.000000 0.167840
494.078780 162.372915 0.069286 0.000000 0.069286
52.633945 625.485535 0.031145 0.000000 0.031145
362.611688 278.829995 0.158613 0.000000 0.158613
641.010414 279.836884 0.071213 0.000000 0.071213
467.263598 388.007057 0.142955 0.000000 0.142955
219.042628 260.995867 0.112424 0.000000 0.112424
375.091796 222.076762 0.112722 0.000000 0.112722
403.071083 332.580667 0.078926 0.000000 0.078926
13.879433 569.279240 0.058449 0.000000 0.058449
149.770234 197.609538 0.124620 0.000000 0.124620
300.000832 275.271954 0.012620 0.000000 0.012620
247.991458 224.154835 0.060649 0.000000 0.060649
662.146291 105.943391 0.054700 0.000000 0.054700
660.625961 278.577891 0.033317 0.000000 0.033317
614.781605 205.018688 0.004696 0.000000 0.004696
736.914372 270.718580 0.131036 0.000000 0.131036
827.456662 622.703152 0.158989 0.000000 0.158989
714.680752 184.820572 0.163734 0.000000 0.163734
380.968183 420.214111 0.150865 0.000000 0.150865
360.306338 567.898210 0.162319 0.000000 0.162319
404.717189 154.270121 0.082642 0.000000 0.082642
440.220263 146.513653 0.025655 0.000000 0.025655
8.742052 87.212705 0.054951 0.000000 0.054951
617.634769 206.278230 0.047686 0.000000 0.047686
607.669562 500.447759 0.009163 0.000000 0.009163
221.883767 544.747565 0.162159 0.000000 0.162159
153.388681 399.740162 0.152193 0.000000 0.152193
561.734789 409.896360 0.134186 0.000000 0.134186
58.291280 611.013246 0.092533 0.000000 0.092533
348.886341 318.585906 0.127375 0.000000 0.127375
654.892923 390.526790 0.101906 0.000000 0.101906
410.166372 334.545421 0.145546 0.000000 0.145546
85.909623 357.015444 0.075850 0.000000 0.075850
208.576868 193.230177 0.154830 0.000000 0.154830
753.308430 77.574419 0.155153 0.000000 0.155153
243.742145 176.279995 0.035222 0.000000 0.035222
486.731239 159.840640 0.022692 0.000000 0.022692
126.430584 437.602338 0.019661 0.000000 0.019661
544.082646 423.691562 0.083417 0.000000 0.083417
624.302132 396.474428 0.033801 0.000000 0.033801
779.065703 479.495262 0.004422 0.000000 0.004422
688.785913 108.419994 0.026911 0.000000 0.026911
569.613877 484.650429 0.080601 0.000000 0.080601
438.764898 414.440381 0.120710 0.000000 0.120710
706.706403 454.819891 0.075608 0.000000 0.075608
50.045833 386.811424 0.015859 0.000000 0.015859
600.182455 93.398261 0.129069 0.000000 0.129069
692.299154 342.893672 0.055609 0.000000 0.055609
592.321050 158.348092 0.015313 0.000000 0.015313
302.938115 656.612297 0.083886 0.000000 0.083886
586.192768 188.294999 0.042453 0.000000 0.042453
366.512436 190.192635 0.087256 0.000000 0.087256
50.251744 296.557083 0.028393 0.000000 0.028393
779.620803 72.937472 0.023441 0.000000 0.023441
541.893957 409.369060 0.137214 0.000000 0.137214
671.833212 311.848965 0.018122 0.000000 0.018122
429.390349 415.832097 0.127676 0.000000 0.127676
492.301174 374.424681 0.139955 0.000000 0.139955
133.203790 584.960440 0.120415 0.000000 0.120415
268.822613 252.753672 0.065035 0.000000 0.065035
203.810718 402.149247 0.133389 0.000000 0.133389
457.359730 339.959415 0.131648 0.000000 0.131648
629.001683 391.712207 0.151615 0.000000 0.151615
52.564332 552.299784 0.078745 0.000000 0.078745
323.462293 505.646641 0.024673 0.000000 0.024673
693.362116 403.971432 0.156422 0.000000 0.156422
639.073227 154.616310 0.144239 0.000000 0.144239
230.513974 492.968312 0.139448 0.000000 0.139448
336.406794 22.848874 0.034660 0.000000 0.034660
56.420592 640.916773 0.035417 0.000000 0.035417
655.246870 643.729628 0.143281 0.000000 0.143281
584.179990 174.830880 0.012277 0.000000 0.012277
457.804342 509.288823 0.010941 0.000000 0.010941
703.813722 330.728367 0.009528 0.000000 0.009528
428.362158 465.789995 0.091598 0.000000 0.091598
203.645628 585.414003 0.086123 0.000000 0.086123
769.636830 505.683668 0.124059 0.000000 0.124059
695.730220 397.450800 0.054613 0.000000 0.054613
721.195218 596.993101 0.111474 0.000000 0.111474
24.423721 155.276955 0.028084 0.000000 0.028084
695.886726 67.225900 0.104658 0.000000 0.104658
508.183132 439.760848 0.092889 0.000000 0.092889
771.567350 70.169428 0.048567 0.000000 0.048567
633.355615 316.103573 0.128199 0.000000 0.128199
697.745759 65.212066 0.005794 0.000000 0.005794
346.635439 372.423070 0.117740 0.000000 0.117740
582.938503 631.165110 0.100695 0.000000 0.100695
368.789754 219.218508 0.021640 0.000000 0.021640
810.565278 359.994411 0.080554 0.000000 0.080554
650.246198 318.186011 0.106607 0.000000 0.106607
178.436700 359.520905 0.144769 0.000000 0.144769
548.728676 476.969004 0.150416 0.000000 0.150416
379.430125 494.812892 0.065114 0.000000 0.065114
841.001129 295.595743 0.103352 0.000000 0.103352
560.398252 247.096648 0.021417 0.000000 0.021417
425.517790 170.199846 0.020459 0.000000 0.020459
489.076583 653.102357 0.088424 0.000000 0.088424
469.043039 640.163533 0.124647 0.000000 0.124647
117.994806 377.333289 0.123043 0.000000 0.123043
435.432471 413.207306 0.013829 0.000000 0.013829
298.586312 156.266447 0.060093 0.000000 0.060093
265.139209 474.668219 0.029621 0.000000 0.029621
267.018143 391.052946 0.075749 0.000000 0.075749
701.821835 454.990768 0.127475 0.000000 0.127475
126.485258 334.234816 0.119103 0.000000 0.119103
820.015702 260.070842 0.015786 0.000000 0.015786
442.943712 624.050963 0.020998 0.000000 0.020998
339.799159 393.171806 0.159411 0.000000 0.159411
187.708522 318.073380 0.117792 0.000000 0.117792
486.712192 275.096383 0.024025 0.000000 0.024025
815.163607 353.527843 0.007583 0.000000 0.007583
289.163255 570.141218 0.008209 0.000000 0.008209
156.808526 259.221510 0.122691 0.000000 0.122691
98.561320 437.235526 0.056822 0.000000 0.056822
193.690018 198.980303 0.036940 0.000000 0.036940
371.634796 344.175644 0.147520 0.000000 0.147520
801.344137 114.446862 0.066066 0.000000 0.066066
171.808238 563.374107 0.042313 0.000000 0.042313
549.531243 69.230000 0.033965 0.000000 0.033965
838.253132 354.049640 0.149537 0.000000 0.149537
790.155201 73.511380 0.163411 0.000000 0.163411
437.017996 322.612787 0.045182 0.000000 0.045182
370.040013 208.553976 0.005444 0.000000 0.005444
364.701350 367.995758 0.069581 0.000000 0.069581
325.976891 212.998475 0.146469 0.000000 0.146469
87.190160 585.900822 0.146344 0.000000 0.146344
404.809885 171.466716 0.098122 0.000000 0.098122
216.552739 348.884438 0.138557 0.000000 0.138557
150.941855 531.871729 0.130214 0.000000 0.130214
556.841703 630.062642 0.131966 0.000000 0.131966
436.992203 404.979917 0.146812 0.000000 0.146812
424.097359 240.224096 0.167963 0.000000 0.167963
283.370441 545.322020 0.137005 0.000000 0.137005
108.690281 403.395533 0.117778 0.000000 0.117778
420.261709 462.044870 0.055563 0.000000 0.055563
285.334881 619.622412 0.013748 0.000000 0.013748
588.908281 592.780859 0.162836 0.000000 0.162836
758.401551 485.923512 0.078587 0.000000 0.078587
738.187187 65.756918 0.102745 0.000000 0.102745
500.169554 420.585463 0.096575 0.000000 0.096575
405.958460 373.930639 0.138841 0.000000 0.138841
685.456402 67.095123 0.089996 0.000000 0.089996
448.845791 482.391887 0.021134 0.000000 0.021134
633.732704 476.330919 0.072801 0.000000 0.072801
620.390871 633.314297 0.165393 0.000000 0.165393
227.063504 345.490024 0.148218 0.000000 0.148218
71.816713 418.952709 0.089878 0.000000 0.089878
785.255844 154.449753 0.030419 0.000000 0.030419
34.186069 440.589920 0.080479 0.000000 0.080479
407.321034 461.375889 0.096381 0.000000 0.096381
414.830591 429.909020 0.076141 0.000000 0.076141
582.238827 459.820450 0.130709 0.000000 0.130709
762.535421 106.406634 0.123552 0.000000 0.123552
370.856863 403.274633 0.093934 0.000000 0.093934
378.262219 422.277900 0.085464 0.000000 0.085464
530.495801 448.605571 0.085306 0.000000 0.085306
635.924090 107.535454 0.102055 0.000000 0.102055
401.840888 236.125764 0.111963 0.000000 0.111963
363.536540 239.772732 0.085846 0.000000 0.085846
405.969123 335.016795 0.015206 0.000000 0.015206
785.113266 157.024670 0.120607 0.000000 0.120607
591.164651 452.919974 0.047828 0.000000 0.047828
449.617090 505.517768 0.118680 0.000000 0.118680
64.179079 646.710943 0.019220 0.000000 0.019220
611.645443 476.462224 0.119973 0.000000 0.119973
501.111117 222.698184 0.060334 0.000000 0.060334
96.024647 413.716888 0.147660 0.000000 0.147660
682.610158 528.561424 0.100110 0.000000 0.100110
621.246323 403.274483 0.174117 0.000000 0.174117
455.504661 452.448184 0.007250 0.000000 0.007250
401.976719 115.864106 0.131711 0.000000 0.131711
618.560036 468.335294 0.132620 0.000000 0.132620
192.822005 300.489788 0.166526 0.000000 0.166526
322.362983 658.898232 0.148237 0.000000 0.148237
344.945948 630.094840 0.167205 0.000000 0.167205
451.404221 438.215708 0.135585 0.000000 0.135585
534.201342 374.463710 0.044233 0.000000 0.044233
138.618337 300.305967 0.120378 0.000000 0.120378
55.319313 339.697766 0.103297 0.000000 0.103297
154.598704 622.335302 0.066199 0.000000 0.066199
361.582409 490.010725 0.154925 0.000000 0.154925
261.530602 372.096124 0.082806 0.000000 0.082806
549.397079 607.168966 0.033469 0.000000 0.033469
668.020224 123.905652 0.071555 0.000000 0.071555
747.324869 544.054053 0.162477 0.000000 0.162477
315.087807 473.721998 0.085794 0.000000 0.085794
153.843663 386.755161 0.026471 0.000000 0.026471
633.504100 326.727351 0.019044 0.000000 0.019044
237.670988 621.029504 0.026361 0.000000 0.026361
709.052889 93.416271 0.043446 0.000000 0.043446
389.733011 273.390648 0.029435 0.000000 0.029435
647.376519 261.086311 0.085460 0.000000 0.085460
327.675119 523.949791 0.005882 0.000000 0.005882
629.303355 224.120208 0.129466 0.000000 0.129466
86.087630 374.937767 0.171063 0.000000 0.171063
557.509580 444.021033 0.127012 0.000000 0.127012
685.513755 371.066247 0.063158 0.000000 0.063158
129.325582 430.916501 0.116692 0.000000 0.116692
442.710011 576.697202 0.095109 0.000000 0.095109
354.337054 390.067883 0.129077 0.000000 0.129077
437.733301 640.023194 0.091987 0.000000 0.091987
341.547576 271.634254 0.011070 0.000000 0.011070
423.565422 657.613410 0.087050 0.000000 0.087050
553.710900 592.805534 0.132528 0.000000 0.132528
498.217326 491.509450 0.172477 0.000000 0.172477
475.526987 614.411178 0.117995 0.000000 0.117995
711.333889 600.836229 0.106728 0.000000 0.106728
827.936667 97.837180 0.079228 0.000000 0.079228
838.069464 587.484602 0.139302 0.000000 0.139302
200.801611 441.957413 0.058671 0.000000 0.058671
76.379659 463.383156 0.173067 0.000000 0.173067
82.682394 362.251738 0.021362 0.000000 0.021362
217.065812 286.605714 0.096110 0.000000 0.096110
323.074604 644.677869 0.035041 0.000000 0.035041
370.192755 226.548850 0.127581 0.000000 0.127581
305.291580 615.423233 0.175634 0.000000 0.175634
119.457976 441.382622 0.151939 0.000000 0.151939
522.144067 308.144681 0.150158 0.000000 0.150158
680.386230 94.758439 0.012922 0.000000 0.012922
391.719627 375.327101 0.102524 0.000000 0.102524
541.504832 595.983696 0.010909 0.000000 0.010909
668.635087 624.091219 0.133030 0.000000 0.133030
539.728653 462.860295 0.038173 0.000000 0.038173
517.805168 394.385007 0.134651 0.000000 0.134651
294.201740 274.088006 0.166252 0.000000 0.166252
426.402087 136.232408 0.080103 0.000000 0.080103
372.170166 345.994754 0.033096 0.000000 0.033096
659.359260 335.461498 0.149731 0.000000 0.149731
33.234387 480.434888 0.168446 0.000000 0.168446
427.815754 520.613312 0.147851 0.000000 0.147851
609.481639 627.222953 0.138078 0.000000 0.138078
777.058759 92.376996 0.162061 0.000000 0.162061
379.806833 387.536659 0.161099 0.000000 0.161099
630.821428 306.137974 0.030142 0.000000 0.030142
15.107494 340.249502 0.175832 0.000000 0.175832
357.720828 478.823458 0.013401 0.000000 0.013401
400.401557 447.274803 0.142532 0.000000 0.142532
119.544602 295.504820 0.165394 0.000000 0.165394
374.960823 352.255424 0.104971 0.000000 0.104971
368.583746 275.540862 0.029031 0.000000 0.029031
55.878561 605.980052 0.056839 0.000000 0.056839
651.071538 177.259728 0.043218 0.000000 0.043218
316.464389 165.292190 0.118579 0.000000 0.118579
612.387980 356.544038 0.133608 0.000000 0.133608
781.068829 439.649808 0.166528 0.000000 0.166528
687.978448 489.677785 0.007484 0.000000 0.007484
669.820637 303.779144 0.005734 0.000000 0.005734
67.803141 384.110211 0.024433 0.000000 0.024433
542.009821 588.740789 0.022406 0.000000 0.022406
720.547406 583.447900 0.157255 0.000000 0.157255
667.348615 658.776388 0.040812 0.000000 0.040812
729.469664 562.833590 0.144340 0.000000 0.144340
97.208095 373.328047 0.014017 0.000000 0.014017
583.416438 660.558809 0.130829 0.000000 0.130829
445.712174 491.299902 0.024427 0.000000 0.024427
170.001605 451.135898 0.155296 0.000000 0.155296
33.933239 509.482422 0.137834 0.000000 0.137834
741.892985 171.210883 0.125082 0.000000 0.125082
117.283915 278.883865 0.056557 0.000000 0.056557
235.106177 365.225910 0.139893 0.000000 0.139893
676.435597 366.434912 0.097717 0.000000 0.097717
440.931896 365.690383 0.004090 0.000000 0.004090
674.987297 572.650087 0.042339 0.000000 0.042339
557.155053 222.022694 0.158992 0.000000 0.158992
398.756460 279.816917 0.080656 0.000000 0.080656
665.950640 346.579005 0.050201 0.000000 0.050201
413.648092 20.400911 0.106669 0.000000 0.106669
493.973379 220.642137 0.041713 0.000000 0.041713
373.068946 302.710328 0.124000 0.000000 0.124000
286.523724 577.500520 0.127883 0.000000 0.127883
186.594964 571.426460 0.139891 0.000000 0.139891
237.276790 227.074282 0.019508 0.000000 0.019508
403.349919 371.214272 0.164869 0.000000 0.164869
692.438140 219.900227 0.051628 0.000000 0.051628
439.251878 463.422982 0.032150 0.000000 0.032150
475.085790 224.894720 0.061695 0.000000 0.061695
650.253028 94.110979 0.161238 0.000000 0.161238
756.539382 36.200844 0.168843 0.000000 0.168843
741.039383 155.298873 0.017164 0.000000 0.017164
591.662892 337.146866 0.015133 0.000000 0.015133
826.022186 375.826112 0.121814 0.000000 0.121814
539.615911 467.795012 0.122216 0.000000 0.122216
809.026616 342.196300 0.138313 0.000000 0.138313
655.848215 181.463494 0.159020 0.000000 0.159020
66.193339 432.659734 0.050292 0.000000 0.050292
69.643173 330.510441 0.157625 0.000000 0.157625
562.392741 435.135086 0.081255 0.000000 0.081255
406.027331 644.579203 0.137865 0.000000 0.137865
25.265715 473.328942 0.146150 0.000000 0.146150
832.504710 130.964042 0.103263 0.000000 0.103263
670.631943 137.757581 0.048186 0.000000 0.048186
805.035732 263.364898 0.101733 0.000000 0.101733
497.148226 470.992881 0.107483 0.000000 0.107483
225.884734 112.325542 0.047157 0.000000 0.047157
508.589593 600.888643 0.164568 0.000000 0.164568
40.884904 636.574238 0.099929 0.000000 0.099929
333.357628 408.846815 0.079048 0.000000 0.079048
227.466974 84.104476 0.088538 0.000000 0.088538
486.500212 227.380542 0.036115 0.000000 0.036115
17.514918 589.332416 0.063774 0.000000 0.063774
234.911893 630.617316 0.015072 0.000000 0.015072
728.137366 575.747193 0.132615 0.000000 0.132615
469.616002 397.678592 0.173364 0.000000 0.173364
159.679386 272.216879 0.115576 0.000000 0.115576
131.608588 637.818353 0.020761 0.000000 0.020761
343.541597 365.206581 0.106922 0.000000 0.106922
759.040658 462.796919 0.093193 0.000000 0.093193
185.048954 426.523921 0.024992 0.000000 0.024992
627.098810 476.767138 0.019732 0.000000 0.019732
783.034618 243.880576 0.056622 0.000000 0.056622
365.665447 345.941085 0.074789 0.000000 0.074789
558.672630 429.257291 0.157126 0.000000 0.157126
450.731387 495.844657 0.007660 0.000000 0.007660
576.373919 389.409052 0.137950 0.000000 0.137950
93.211112 436.229357 0.018712 0.000000 0.018712
132.092295 370.537639 0.138283 0.000000 0.138283
546.138470 180.260666 0.108740 0.000000 0.108740
647.523354 179.556551 0.140554 0.000000 0.140554
674.488055 93.092554 0.034478 0.000000 0.034478
136.213545 76.451031 0.022931 0.000000 0.022931
316.788305 397.089630 0.083163 0.000000 0.083163
775.075523 348.913375 0.153123 0.000000 0.153123
433.728777 392.443744 0.060290 0.000000 0.060290
154.525752 222.184710 0.084276 0.000000 0.084276
491.891713 668.608811 0.114712 0.000000 0.114712
454.150373 280.839846 0.147602 0.000000 0.147602
445.296177 496.230008 0.098785 0.000000 0.098785
409.714540 599.889569 0.071676 0.000000 0.071676
411.412332 450.685799 0.010425 0.000000 0.010425
97.778402 495.618290 0.121002 0.000000 0.121002
281.761509 395.325732 0.109416 0.000000 0.109416
468.825874 37.092170 0.068314 0.000000 0.068314
293.043911 663.572161 0.051857 0.000000 0.051857
420.396102 532.690462 0.082415 0.000000 0.082415
323.466025 255.728079 0.068672 0.000000 0.068672
554.394829 648.409801 0.083936 0.000000 0.083936
36.402870 482.085390 0.144413 0.000000 0.144413
674.020825 85.511028 0.092955 0.000000 0.092955
235.409534 412.343005 0.161653 0.000000 0.161653
664.353111 72.322125 0.140808 0.000000 0.140808
316.190811 562.445987 0.075148 0.000000 0.075148
533.333609 395.623814 0.121267 0.000000 0.121267
810.831284 531.028344 0.082052 0.000000 0.082052
241.799220 451.676074 0.082128 0.000000 0.082128
756.486351 242.619712 0.004147 0.000000 0.004147
222.632175 414.498157 0.137583 0.000000 0.137583
402.836565 598.802871 0.084476 0.000000 0.084476
12.082564 359.645327 0.066209 0.000000 0.066209
371.390339 386.447038 0.070349 0.000000 0.070349
782.904649 578.874252 0.095870 0.000000 0.095870
593.597012 553.942969 0.033537 0.000000 0.033537
528.588021 376.477006 0.100515 0.000000 0.100515
292.476306 640.082081 0.017063 0.000000 0.017063
561.301715 107.287286 0.063232 0.000000 0.063232
357.544613 515.390355 0.014127 0.000000 0.014127
77.209370 407.404720 0.114221 0.000000 0.114221
82.628345 611.670857 0.133869 0.000000 0.133869
800.440472 622.958372 0.152806 0.000000 0.152806
582.069489 289.770277 0.150075 0.000000 0.150075
231.501189 414.284547 0.069642 0.000000 0.069642
616.197037 445.401510 0.063965 0.000000 0.063965
674.427054 251.620109 0.006193 0.000000 0.006193
622.632272 83.681933 0.040665 0.000000 0.040665
504.848856 98.668106 0.146447 0.000000 0.146447
415.622776 601.218259 0.069364 0.000000 0.069364
408.444900 277.154712 0.059425 0.000000 0.059425
40.952870 520.117154 0.054669 0.000000 0.054669
573.797590 409.555620 0.111717 0.000000 0.111717
662.661654 591.809485 0.020346 0.000000 0.020346
433.486895 622.894662 0.128702 0.000000 0.128702
485.311044 631.188483 0.168620 0.000000 0.168620
148.648420 624.544105 0.032591 0.000000 0.032591
625.948184 309.102896 0.144016 0.000000 0.144016
633.560567 638.611935 0.162497 0.000000 0.162497
782.420007 262.321235 0.113146 0.000000 0.113146
472.044741 405.051274 0.168929 0.000000 0.168929
64.199300 608.502266 0.043103 0.000000 0.043103
646.520865 198.781097 0.039604 0.000000 0.039604
809.494011 439.471274 0.153705 0.000000 0.153705
560.332486 178.815825 0.099271 0.000000 0.099271
430.232776 588.291867 0.129481 0.000000 0.129481
236.285650 355.783097 0.105081 0.000000 0.105081
59.280376 381.362667 0.136291 0.000000 0.136291
69.731563 663.473035 0.118881 0.000000 0.118881
157.027680 579.501436 0.085787 0.000000 0.085787
552.057637 599.820472 0.086890 0.000000 0.086890
722.051722 412.740211 0.163681 0.000000 0.163681
489.889963 482.574291 0.174544 0.000000 0.174544
304.786315 580.736177 0.078241 0.000000 0.078241
480.020833 450.493942 0.123609 0.000000 0.123609
539.066007 218.331411 0.157109 0.000000 0.157109
553.896236 390.627244 0.025233 0.000000 0.025233
676.215164 548.835015 0.129610 0.000000 0.129610
36.849421 313.637968 0.152307 0.000000 0.152307
537.683462 588.790555 0.110401 0.000000 0.110401
629.575687 312.525414 0.008053 0.000000 0.008053
236.047814 235.370766 0.093979 0.000000 0.093979
22.032446 668.828674 0.078232 0.000000 0.078232
701.192072 109.381001 0.130564 0.000000 0.130564
621.373662 426.425067 0.004914 0.000000 0.004914
274.491110 216.156628 0.127221 0.000000 0.127221
751.371417 317.662536 0.010096 0.000000 0.010096
795.715503 96.040525 0.101835 0.000000 0.101835
740.308419 305.838536 0.007368 0.000000 0.007368
605.048933 374.923243 0.091806 0.000000 0.091806
555.508444 317.628521 0.025719 0.000000 0.025719
629.728051 83.150390 0.154738 0.000000 0.154738
358.060190 565.220816 0.115874 0.000000 0.115874
310.228464 393.925743 0.165787 0.000000 0.165787
163.971787 390.029476 0.162850 0.000000 0.162850
785.756379 571.376339 0.056286 0.000000 0.056286
282.057961 377.576813 0.157164 0.000000 0.157164
616.644875 646.983782 0.158475 0.000000 0.158475
421.079151 478.669739 0.157443 0.000000 0.157443
366.977747 332.412135 0.127233 0.000000 0.127233
232.687339 487.579578 0.061303 0.000000 0.061303
269.633157 666.823103 0.149751 0.000000 0.149751
431.279721 584.562191 0.081713 0.000000 0.081713
73.201301 305.247457 0.113107 0.000000 0.113107
93.071957 629.216005 0.025369 0.000000 0.025369
689.761167 561.183392 0.108307 0.000000 0.108307
507.491649 316.772310 0.046901 0.000000 0.046901
805.456641 450.382159 0.022057 0.000000 0.022057
682.692942 390.278087 0.121796 0.000000 0.121796
229.631856 113.370752 0.009071 0.000000 0.009071
456.884154 279.767414 0.014277 0.000000 0.014277
634.385659 569.816763 0.118570 0.000000 0.118570
253.619518 518.968498 0.141077 0.000000 0.141077
419.740398 644.652661 0.120395 0.000000 0.120395
648.792069 643.000213 0.104198 0.000000 0.104198
638.761629 651.375975 0.120368 0.000000 0.120368
362.313371 659.520700 0.043143 0.000000 0.043143
414.559030 117.683112 0.099905 0.000000 0.099905
419.215558 548.474431 0.005046 0.000000 0.005046
747.271235 641.273565 0.123474 0.000000 0.123474
280.311345 373.726665 0.047877 0.000000 0.047877
29.190067 440.800604 0.042351 0.000000 0.042351
820.779353 438.494416 0.094665 0.000000 0.094665
219.365865 282.236213 0.071765 0.000000 0.071765
467.862403 402.252119 0.115047 0.000000 0.115047
754.346080 177.335317 0.105429 0.000000 0.105429
231.820979 461.494725 0.153706 0.000000 0.153706
183.311882 133.668626 0.031166 0.000000 0.031166
147.019150 105.682327 0.012772 0.000000 0.012772
352.272244 474.088039 0.035990 0.000000 0.035990
170.572115 375.631087 0.149633 0.000000 0.149633
685.257845 531.230563 0.038093 0.000000 0.038093
560.129740 337.845266 0.068400 0.000000 0.068400
673.166866 297.612350 0.035862 0.000000 0.035862
772.183129 227.508790 0.061638 0.000000 0.061638
431.685734 458.670487 0.079403 0.000000 0.079403
327.243295 522.762033 0.085621 0.000000 0.085621
812.441525 620.031946 0.085537 0.000000 0.085537
777.784858 548.337899 0.139583 0.000000 0.139583
620.446575 476.698409 0.139545 0.000000 0.139545
752.635388 161.077708 0.039208 0.000000 0.039208
19.821627 431.417454 0.151428 0.000000 0.151428
32.429779 285.267057 0.007652 0.000000 0.007652
163.181537 580.227345 0.160839 0.000000 0.160839
760.017004 78.560219 0.012054 0.000000 0.012054
10.868017 511.521080 0.102272 0.000000 0.102272
400.882208 276.442060 0.018100 0.000000 0.018100
763.974398 215.552234 0.143041 0.000000 0.143041
579.945442 412.604252 0.145597 0.000000 0.145597
616.592798 425.930796 0.022045 0.000000 0.022045
692.386191 501.887644 0.070902 0.000000 0.070902
261.712439 433.225558 0.102309 0.000000 0.102309
401.436916 616.752518 0.049193 0.000000 0.049193
799.447939 61.790309 0.023342 0.000000 0.023342
193.598261 654.608520 0.139817 0.000000 0.139817
671.663879 417.289273 0.073857 0.000000 0.073857
229.609391 247.826355 0.111151 0.000000 0.111151
11.848001 286.460450 0.055639 0.000000 0.055639
85.911721 635.087948 0.047178 0.000000 0.047178
670.392039 663.777156 0.123970 0.000000 0.123970
558.514828 515.465186 0.019031 0.000000 0.019031
449.918145 503.788747 0.031198 0.000000 0.031198
108.647041 323.644123 0.131634 0.000000 0.131634
693.378760 392.010152 0.111310 0.000000 0.111310
495.232656 561.085847 0.095792 0.000000 0.095792
16.046617 515.508459 0.138148 0.000000 0.138148
234.764511 225.661013 0.106654 0.000000 0.106654
753.267815 667.104232 0.148142 0.000000 0.148142
552.929555 465.648776 0.141492 0.000000 0.141492
191.566945 272.875159 0.135065 0.000000 0.135065
416.920757 627.471126 0.118701 0.000000 0.118701
18.212642 401.431148 0.021641 0.000000 0.021641
144.702763 297.558256 0.070659 0.000000 0.070659
439.660211 283.206749 0.157568 0.000000 0.157568
82.477258 453.957697 0.104402 0.000000 0.104402
553.825195 562.971719 0.155476 0.000000 0.155476
270.659433 417.006304 0.077291 0.000000 0.077291
128.851582 406.655453 0.069835 0.000000 0.069835
173.636393 420.876474 0.011912 0.000000 0.011912
135.934019 621.871112 0.021545 0.000000 0.021545
604.370239 602.687288 0.007186 0.000000 0.007186
418.367253 620.788823 0.153006 0.000000 0.153006
632.803085 204.513014 0.065701 0.000000 0.065701
397.175237 174.625252 0.094920 0.000000 0.094920
651.440810 353.267252 0.092712 0.000000 0.092712
822.231492 250.230854 0.065333 0.000000 0.065333
509.423855 628.776084 0.092153 0.000000 0.092153
17.876275 427.962912 0.061826 0.000000 0.061826
300.583647 546.107606 0.093296 0.000000 0.093296
85.368360 402.360697 0.019691 0.000000 0.019691
470.923869 230.157955 0.013259 0.000000 0.013259
499.960396 631.851582 0.086430 0.000000 0.086430
484.688489 523.695759 0.011758 0.000000 0.011758
132.344349 286.619007 0.086195 0.000000 0.086195
279.637203 508.943518 0.083536 0.000000 0.083536
621.632630 125.279520 0.114094 0.000000 0.114094
419.800617 595.190674 0.007053 0.000000 0.007053
698.085032 213.102396 0.005178 0.000000 0.005178
522.288737 511.283814 0.138376 0.000000 0.138376
559.531521 326.777027 0.150059 0.000000 0.150059
498.710089 276.387248 0.023848 0.000000 0.023848
394.878392 407.946918 0.120409 0.000000 0.120409
164.895421 573.664090 0.013002 0.000000 0.013002
609.516676 375.836418 0.116989 0.000000 0.116989
532.241431 320.607977 0.083803 0.000000 0.083803
487.305356 603.949496 0.115423 0.000000 0.115423
22.835834 460.607571 0.041468 0.000000 0.041468
82.565674 437.426648 0.143167 0.000000 0.143167
543.919842 261.843320 0.131503 0.000000 0.131503
150.984966 433.617484 0.155284 0.000000 0.155284
145.921273 390.567636 0.070154 0.000000 0.070154
555.650731 330.811296 0.017616 0.000000 0.017616
521.168945 526.446038 0.036231 0.000000 0.036231
783.273688 209.936544 0.004298 0.000000 0.004298
490.633508 154.899232 0.122665 0.000000 0.122665
394.582263 625.395813 0.021858 0.000000 0.021858
606.795806 298.330297 0.159140 0.000000 0.159140
282.020660 242.150877 0.054676 0.000000 0.054676
285.714042 256.859258 0.061764 0.000000 0.061764
701.378100 561.403005 0.029480 0.000000 0.029480
374.169496 618.723227 0.167117 0.000000 0.167117
623.876872 551.036830 0.120100 0.000000 0.120100
451.880633 304.336541 0.045811 0.000000 0.045811
588.064377 293.030659 0.034864 0.000000 0.034864
184.830705 264.227427 0.158428 0.000000 0.158428
541.309741 566.085363 0.098057 0.000000 0.098057
670.678450 346.814391 0.158118 0.000000 0.158118
747.240130 256.182567 0.109199 0.000000 0.109199
671.828558 610.637595 0.062637 0.000000 0.062637
676.479761 558.662092 0.156193 0.000000 0.156193
197.187438 590.222606 0.067346 0.000000 0.067346
600.630220 539.988363 0.115793 0.000000 0.115793
721.603424 218.025781 0.140121 0.000000 0.140121
760.430397 514.981650 0.164943 0.000000 0.164943
404.257377 620.411642 0.145100 0.000000 0.145100
381.726752 505.574605 0.005614 0.000000 0.005614
41.763432 542.559837 0.130321 0.000000 0.130321
277.807026 546.823136 0.015783 0.000000 0.015783
340.838397 627.192046 0.072023 0.000000 0.072023
394.976310 649.289217 0.154698 0.000000 0.154698
167.343760 612.007949 0.005991 0.000000 0.005991
369.358966 476.177323 0.031258 0.000000 0.031258
772.903627 231.113490 0.031475 0.000000 0.031475
441.449845 20.046614 0.119189 0.000000 0.119189
763.429589 126.434607 0.049228 0.000000 0.049228
322.609935 279.781337 0.023824 0.000000 0.023824
783.616442 624.207835 0.074191 0.000000 0.074191
232.250642 417.858222 0.133110 0.000000 0.133110
11.112595 327.117330 0.069598 0.000000 0.069598
65.920505 447.421359 0.018654 0.000000 0.018654
824.057061 639.865304 0.030049 0.000000 0.030049
725.411856 471.015296 0.010301 0.000000 0.010301
190.787786 108.855528 0.119188 0.000000 0.119188
331.990213 524.311434 0.149036 0.000000 0.149036
22.649019 232.883923 0.033986 0.000000 0.033986
630.172458 663.000567 0.105800 0.000000 0.105800
662.645984 312.398983 0.087035 0.000000 0.087035
619.998993 460.562758 0.145815 0.000000 0.145815
543.560212 260.629177 0.048098 0.000000 0.048098
714.867228 311.261464 0.012950 0.000000 0.012950
323.999041 616.000220 0.068042 0.000000 0.068042
347.547456 561.792351 0.019127 0.000000 0.019127
243.712766 574.030195 0.073959 0.000000 0.073959
269.362059 405.623025 0.109938 0.000000 0.109938
247.956305 217.710052 0.066530 0.000000 0.066530
190.024044 586.940930 0.111433 0.000000 0.111433
672.825287 86.014072 0.016250 0.000000 0.016250
784.503695 452.687837 0.103518 0.000000 0.103518
100.860453 133.550794 0.022045 0.000000 0.022045
280.078400 365.529571 0.144513 0.000000 0.144513
112.803470 586.719089 0.076027 0.000000 0.076027
755.792353 293.599853 0.116872 0.000000 0.116872
99.086742 491.596377 0.152766 0.000000 0.152766
808.137467 84.392703 0.099648 0.000000 0.099648
727.933873 35.421311 0.115147 0.000000 0.115147
637.129695 276.242615 0.011707 0.000000 0.011707
514.169456 624.322748 0.078042 0.000000 0.078042
75.476712 667.390228 0.050757 0.000000 0.050757
837.207726 239.987089 0.097887 0.000000 0.097887
382.212860 633.513285 0.141618 0.000000 0.141618
514.459288 454.709392 0.067188 0.000000 0.067188
348.665750 348.142340 0.024689 0.000000 0.024689
146.783582 411.107408 0.073570 0.000000 0.073570
762.992313 581.002526 0.092787 0.000000 0.092787
760.149402 123.979887 0.081119 0.000000 0.081119
386.966895 503.130815 0.153991 0.000000 0.153991
556.128020 548.527878 0.019790 0.000000 0.019790
79.149557 612.792255 0.064842 0.000000 0.064842
814.752825 464.367031 0.027481 0.000000 0.027481
835.289203 133.937625 0.174670 0.000000 0.174670
764.146891 331.945884 0.061818 0.000000 0.061818
672.266629 315.023976 0.162966 0.000000 0.162966
69.289647 426.577639 0.155059 0.000000 0.155059
400.946496 440.303734 0.159368 0.000000 0.159368
653.984161 351.427048 0.007878 0.000000 0.007878
555.608782 87.790822 0.015720 0.000000 0.015720
61.571484 335.286256 0.158524 0.000000 0.158524
714.806175 644.232505 0.038957 0.000000 0.038957
159.419133 424.368612 0.020996 0.000000 0.020996
266.042971 651.562328 0.021391 0.000000 0.021391
622.398742 578.078058 0.085167 0.000000 0.085167
16.177988 354.210721 0.054761 0.000000 0.054761
187.966089 409.371955 0.006033 0.000000 0.006033
805.832725 378.829119 0.148806 0.000000 0.148806
677.653536 317.149697 0.053932 0.000000 0.053932
13.141997 519.033724 0.140939 0.000000 0.140939
556.705492 463.814123 0.060765 0.000000 0.060765
118.918682 387.463097 0.142198 0.000000 0.142198
558.364490 672.240253 0.174702 0.000000 0.174702
663.002759 656.978307 0.095450 0.000000 0.095450
356.000659 196.240735 0.162016 0.000000 0.162016
805.377995 383.379914 0.171809 0.000000 0.171809
393.104118 661.118127 0.125840 0.000000 0.125840
573.826042 220.143802 0.082689 0.000000 0.082689
597.886931 574.808782 0.083494 0.000000 0.083494
23.830380 580.401615 0.027297 0.000000 0.027297
461.867305 47.957546 0.148826 0.000000 0.148826
391.618549 616.417272 0.059959 0.000000 0.059959
385.377751 640.507511 0.035594 0.000000 0.035594
366.958010 316.621264 0.153896 0.000000 0.153896
113.704247 401.732938 0.014540 0.000000 0.014540
590.212586 565.981892 0.061213 0.000000 0.061213
542.045591 105.002302 0.159865 0.000000 0.159865
286.222120 262.310638 0.111016 0.000000 0.111016
436.016672 358.355303 0.014004 0.000000 0.014004
341.503889 621.663781 0.154968 0.000000 0.154968
477.799998 658.153115 0.129716 0.000000 0.129716
162.643159 666.886821 0.035652 0.000000 0.035652
337.337102 655.669470 0.167658 0.000000 0.167658
486.281798 498.966974 0.159232 0.000000 0.159232
304.775353 168.469901 0.166564 0.000000 0.166564
829.312115 42.465751 0.071114 0.000000 0.071114
734.752594 348.534360 0.142780 0.000000 0.142780
824.216371 253.208798 0.107389 0.000000 0.107389
287.076036 490.458007 0.125386 0.000000 0.125386
823.978801 307.535722 0.146453 0.000000 0.146453
233.317880 654.615763 0.053026 0.000000 0.053026
152.617252 460.864030 0.114136 0.000000 0.114136
74.643647 379.166800 0.075379 0.000000 0.075379
182.895048 588.063779 0.085088 0.000000 0.085088
450.367576 518.079288 0.114613 0.000000 0.114613
346.516995 268.594941 0.077722 0.000000 0.077722
197.904525 597.379312 0.022396 0.000000 0.022396
583.170262 607.805538 0.042713 0.000000 0.042713
468.893444 258.452098 0.165482 0.000000 0.165482
350.491529 516.724894 0.132128 0.000000 0.132128
521.659772 235.343673 0.156298 0.000000 0.156298
97.812059 265.277510 0.058440 0.000000 0.058440
511.909131 116.308101 0.103484 0.000000 0.103484
772.809870 538.996872 0.112763 0.000000 0.112763
457.714566 601.793013 0.011596 0.000000 0.011596
821.353564 313.873190 0.140307 0.000000 0.140307
692.321280 584.766948 0.065392 0.000000 0.065392
238.422731 410.831544 0.036546 0.000000 0.036546
495.881713 335.043458 0.011099 0.000000 0.011099
271.347989 427.265599 0.105881 0.000000 0.105881
321.182040 549.652121 0.071352 0.000000 0.071352
824.368287 532.382101 0.115738 0.000000 0.115738
635.576906 260.440434 0.027905 0.000000 0.027905
252.659010 180.833399 0.117780 0.000000 0.117780
239.371876 407.307488 0.077220 0.000000 0.077220
550.549511 249.650404 0.081406 0.000000 0.081406
632.956421 64.128541 0.125053 0.000000 0.125053
656.878192 193.016985 0.175445 0.000000 0.175445
678.004437 136.061964 0.074679 0.000000 0.074679
661.170609 392.504648 0.098974 0.000000 0.098974
441.727657 341.459335 0.056186 0.000000 0.056186
549.362721 543.139083 0.132340 0.000000 0.132340
122.491797 617.983212 0.147412 0.000000 0.147412
175.587244 186.937968 0.036618 0.000000 0.036618
603.484988 591.949528 0.095864 0.000000 0.095864
260.350959 381.910416 0.159769 0.000000 0.159769
22.585876 228.849249 0.065235 0.000000 0.065235
691.867129 562.941089 0.036791 0.000000 0.036791
82.968773 650.801047 0.059553 0.000000 0.059553
395.464066 419.688382 0.111160 0.000000 0.111160
319.657390 214.704214 0.161160 0.000000 0.161160
385.084033 618.554086 0.013586 0.000000 0.013586
816.710856 531.985998 0.006872 0.000000 0.006872
796.827033 216.221302 0.091349 0.000000 0.091349
708.879546 461.499506 0.098941 0.000000 0.098941
676.332027 66.732048 0.148514 0.000000 0.148514
422.140502 550.780394 0.153152 0.000000 0.153152
568.790577 601.582879 0.117929 0.000000 0.117929
162.410658 432.464766 0.104979 0.000000 0.104979
824.947616 365.689465 0.163688 0.000000 0.163688
197.725504 401.332628 0.020514 0.000000 0.020514
262.285218 377.468944 0.140079 0.000000 0.140079
836.469868 606.013325 0.130989 0.000000 0.130989
16.161215 212.728927 0.079349 0.000000 0.079349
624.330512 565.736053 0.036025 0.000000 0.036025
547.834821 657.497468 0.112614 0.000000 0.112614
663.983215 355.172273 0.021002 0.000000 0.021002
185.442096 442.742398 0.101777 0.000000 0.101777
656.860224 401.422361 0.096255 0.000000 0.096255
389.113180 122.330573 0.132194 0.000000 0.132194
768.205425 573.597007 0.010009 0.000000 0.010009
409.082245 530.873450 0.050291 0.000000 0.050291
837.403225 129.540725 0.109120 0.000000 0.109120
666.442493 616.723138 0.064259 0.000000 0.064259
38.032138 671.332082 0.108369 0.000000 0.108369
677.670196 617.790652 0.159345 0.000000 0.159345
321.872373 638.144701 0.109798 0.000000 0.109798
657.609259 607.573642 0.160185 0.000000 0.160185
521.181603 516.469615 0.018263 0.000000 0.018263
601.745296 588.576353 0.044237 0.000000 0.044237
656.463104 592.093279 0.141931 0.000000 0.141931
726.982098 310.684638 0.016218 0.000000 0.016218
95.016441 609.665493 0.079757 0.000000 0.079757
188.312889 297.490052 0.105449 0.000000 0.105449
113.924180 403.735725 0.078649 0.000000 0.078649
245.294939 652.906341 0.026676 0.000000 0.026676
721.499075 509.816424 0.163230 0.000000 0.163230
793.454405 549.763923 0.072171 0.000000 0.072171
294.070265 362.953425 0.123884 0.000000 0.123884
770.889312 191.379468 0.093825 0.000000 0.093825
539.135207 437.801995 0.161754 0.000000 0.161754
393.945930 119.356516 0.023226 0.000000 0.023226
232.762201 376.561173 0.101069 0.000000 0.101069
125.789479 583.390142 0.098821 0.000000 0.098821
31.186797 308.379822 0.130768 0.000000 0.130768
65.668494 465.993655 0.167929 0.000000 0.167929
365.965938 39.435948 0.018363 0.000000 0.018363
90.567545 660.933065 0.040997 0.000000 0.040997
571.259867 607.607799 0.154395 0.000000 0.154395
533.143487 436.037840 0.037149 0.000000 0.037149
184.343462 173.778786 0.100478 0.000000 0.100478
408.997751 440.019069 0.162603 0.000000 0.162603
641.977727 657.017244 0.091914 0.000000 0.091914
27.104306 266.086115 0.048873 0.000000 0.048873
577.773536 423.297097 0.086552 0.000000 0.086552
538.606182 218.259614 0.034373 0.000000 0.034373
558.971643 386.905036 0.086722 0.000000 0.086722
440.693163 408.356004 0.167297 0.000000 0.167297
539.152035 212.762675 0.149601 0.000000 0.149601
205.236727 271.215625 0.064673 0.000000 0.064673
573.462757 651.620784 0.135199 0.000000 0.135199
735.454860 564.255627 0.059534 0.000000 0.059534
170.471419 297.404877 0.031831 0.000000 0.031831
543.942897 126.247862 0.016156 0.000000 0.016156
740.871093 525.583813 0.023540 0.000000 0.023540
412.997131 329.090336 0.122804 0.000000 0.122804
776.604831 465.973036 0.174797 0.000000 0.174797
173.257415 391.714115 0.100973 0.000000 0.100973
559.893543 459.095226 0.124763 0.000000 0.124763
195.567442 266.673496 0.071775 0.000000 0.071775
255.966252 429.091395 0.119114 0.000000 0.119114
814.623843 489.867969 0.007042 0.000000 0.007042
528.411785 605.448092 0.082137 0.000000 0.082137
731.294146 280.609366 0.164405 0.000000 0.164405
778.135262 330.381513 0.045704 0.000000 0.045704
247.279814 375.835502 0.101335 0.000000 0.101335
138.633803 262.999047 0.017861 0.000000 0.017861
343.688097 117.833204 0.044836 0.000000 0.044836
223.622726 276.890872 0.147314 0.000000 0.147314
243.402708 98.399394 0.075460 0.000000 0.075460
284.826942 328.054223 0.035565 0.000000 0.035565
512.581748 204.084963 0.004553 0.000000 0.004553
604.575911 133.514782 0.101114 0.000000 0.101114
770.461038 559.756804 0.088253 0.000000 0.088253
651.816497 413.658221 0.085935 0.000000 0.085935
286.529762 494.441412 0.037276 0.000000 0.037276
355.023229 289.926969 0.137116 0.000000 0.137116
380.014934 407.165173 0.020802 0.000000 0.020802
811.706591 219.702247 0.006158 0.000000 0.006158
678.912919 552.317880 0.023520 0.000000 0.023520
6.901803 480.768828 0.129855 0.000000 0.129855
242.801937 401.323685 0.018235 0.000000 0.018235
611.536059 616.276334 0.013715 0.000000 0.013715
522.130571 240.595840 0.044035 0.000000 0.044035
428.303275 531.404730 0.019963 0.000000 0.019963
416.522766 193.017474 0.032380 0.000000 0.032380
438.771063 454.061601 0.013197 0.000000 0.013197
125.582312 282.144000 0.025623 0.000000 0.025623
169.972227 388.913447 0.015425 0.000000 0.015425
341.510180 641.649498 0.124563 0.000000 0.124563
753.857398 483.491558 0.106664 0.000000 0.106664
434.086489 162.273693 0.163483 0.000000 0.163483
66.374156 368.093839 0.089165 0.000000 0.089165
439.007607 166.189128 0.067702 0.000000 0.067702
438.243804 280.665264 0.011857 0.000000 0.011857
409.034927 327.489229 0.139450 0.000000 0.139450
171.594104 418.243115 0.119082 0.000000 0.119082
256.681200 407.243582 0.083518 0.000000 0.083518
570.124615 519.407069 0.146736 0.000000 0.146736
263.061074 625.306750 0.073760 0.000000 0.073760
831.602753 426.705695 0.162211 0.000000 0.162211
505.758257 518.269884 0.162383 0.000000 0.162383
447.873326 284.936951 0.035379 0.000000 0.035379
527.511796 65.493219 0.146735 0.000000 0.146735
157.550637 297.077873 0.072135 0.000000 0.072135
790.387236 309.636856 0.014542 0.000000 0.014542
750.167232 487.041289 0.027319 0.000000 0.027319
387.867380 182.997488 0.088435 0.000000 0.088435
87.069190 378.338757 0.058151 0.000000 0.058151
342.699809 329.247139 0.085976 0.000000 0.085976
623.138556 615.520521 0.048825 0.000000 0.048825
839.478728 332.199186 0.162269 0.000000 0.162269
54.857887 444.168675 0.033688 0.000000 0.033688
504.372648 193.604250 0.109385 0.000000 0.109385
684.158285 550.035907 0.098451 0.000000 0.098451
360.141348 489.832713 0.038551 0.000000 0.038551
86.461832 185.828121 0.026820 0.000000 0.026820
239.268091 107.849608 0.026921 0.000000 0.026921
463.751949 256.025146 0.051451 0.000000 0.051451
348.844140 150.482167 0.096289 0.000000 0.096289
630.830759 199.682426 0.136365 0.000000 0.136365
295.659518 626.096443 0.117474 0.000000 0.117474
213.173206 133.581445 0.020071 0.000000 0.020071
424.122733 394.720282 0.138832 0.000000 0.138832
341.351460 113.955117 0.084182 0.000000 0.084182
68.535016 652.272927 0.101488 0.000000 0.101488
470.555561 473.268201 0.121226 0.000000 0.121226
56.916488 443.280623 0.087309 0.000000 0.087309
698.355656 478.183244 0.034327 0.000000 0.034327
763.529129 516.537040 0.045872 0.000000 0.045872
94.691245 402.664822 0.150632 0.000000 0.150632
43.361643 494.695520 0.012826 0.000000 0.012826
507.896060 39.015784 0.031404 0.000000 0.031404
269.877051 174.368836 0.119010 0.000000 0.119010
532.202593 656.914704 0.050988 0.000000 0.050988
414.873658 589.670047 0.061116 0.000000 0.061116
552.104339 449.263994 0.107505 0.000000 0.107505
687.370160 504.852140 0.062675 0.000000 0.062675
534.221257 534.627660 0.030939 0.000000 0.030939
552.595970 549.995870 0.074792 0.000000 0.074792
110.423546 424.882360 0.093484 0.000000 0.093484
835.486390 34.907018 0.176735 0.000000 0.176735
448.234725 330.782170 0.025481 0.000000 0.025481
351.344126 647.130371 0.112908 0.000000 0.112908
662.369360 600.018199 0.141878 0.000000 0.141878
88.618176 362.607917 0.114520 0.000000 0.114520
117.725169 581.527435 0.011443 0.000000 0.011443
593.949314 612.644430 0.147556 0.000000 0.147556
692.857444 493.549446 0.131250 0.000000 0.131250
823.652288 312.236624 0.042762 0.000000 0.042762
544.482148 612.517162 0.042178 0.000000 0.042178
423.043450 268.914042 0.092204 0.000000 0.092204
628.687905 161.863423 0.018625 0.000000 0.018625
298.285026 376.981575 0.077718 0.000000 0.077718
477.719000 150.571619 0.164191 0.000000 0.164191
226.935803 403.466297 0.154755 0.000000 0.154755
528.751916 405.232711 0.068234 0.000000 0.068234
603.579254 541.131511 0.042634 0.000000 0.042634
669.247620 61.686875 0.146485 0.000000 0.146485
683.432452 660.175024 0.034960 0.000000 0.034960
558.374311 222.964051 0.011211 0.000000 0.011211
701.984620 507.722935 0.020735 0.000000 0.020735
833.535974 270.053823 0.099396 0.000000 0.099396
329.490094 100.571590 0.087210 0.000000 0.087210
715.393347 559.553753 0.035259 0.000000 0.035259
627.719855 165.158093 0.038941 0.000000 0.038941
75.601464 423.740842 0.084551 0.000000 0.084551
558.454637 256.032096 0.153812 0.000000 0.153812
319.225521 485.609483 0.088256 0.000000 0.088256
38.478940 292.510737 0.174893 0.000000 0.174893
515.636421 459.849478 0.030293 0.000000 0.030293
750.187230 354.951707 0.116707 0.000000 0.116707
411.580463 350.924244 0.166786 0.000000 0.166786
504.458689 611.220997 0.068704 0.000000 0.068704
241.934094 423.302911 0.070424 0.000000 0.070424
201.251567 660.917525 0.096642 0.000000 0.096642
612.345042 279.098239 0.133964 0.000000 0.133964
250.673767 578.129061 0.018000 0.000000 0.018000
242.963796 354.551241 0.146839 0.000000 0.146839
653.001255 297.089228 0.045627 0.000000 0.045627
31.535344 651.544952 0.134873 0.000000 0.134873
552.013776 112.436725 0.121558 0.000000 0.121558
713.739212 599.855933 0.017807 0.000000 0.017807
686.184699 640.846851 0.066688 0.000000 0.066688
769.654153 26.913979 0.020549 0.000000 0.020549
456.768097 608.074888 0.127147 0.000000 0.127147
191.069244 611.198005 0.028660 0.000000 0.028660
298.731041 622.071150 0.110976 0.000000 0.110976
628.860347 658.548522 0.158691 0.000000 0.158691
351.981275 633.978174 0.090941 0.000000 0.090941
602.150096 491.433943 0.023014 0.000000 0.023014
146.767980 122.211291 0.009686 0.000000 0.009686
736.008643 194.522937 0.013093 0.000000 0.013093
299.183390 576.677632 0.020568 0.000000 0.020568
605.416176 395.502347 0.077060 0.000000 0.077060
327.175758 43.320336 0.063540 0.000000 0.063540
562.357634 86.046773 0.107550 0.000000 0.107550
188.355669 614.704327 0.058033 0.000000 0.058033
160.866714 267.370900 0.163239 0.000000 0.163239
409.592895 628.868842 0.141368 0.000000 0.141368
789.922101 631.594467 0.058798 0.000000 0.058798
294.856548 411.227966 0.048330 0.000000 0.048330
205.074491 610.117581 0.044664 0.000000 0.044664
227.780204 636.487755 0.151769 0.000000 0.151769
573.478636 214.180884 0.072464 0.000000 0.072464
425.394841 597.411768 0.144607 0.000000 0.144607
141.954602 210.956047 0.034176 0.000000 0.034176
278.437771 476.968279 0.041547 0.000000 0.041547
652.286712 397.338678 0.094908 0.000000 0.094908
269.633709 429.213233 0.030713 0.000000 0.030713
525.067483 208.907002 0.129967 0.000000 0.129967
205.902934 209.202608 0.123667 0.000000 0.123667
473.509278 33.080070 0.039338 0.000000 0.039338
335.326933 70.890533 0.030357 0.000000 0.030357
364.084569 390.790973 0.006543 0.000000 0.006543
148.591727 567.291567 0.026987 0.000000 0.026987
588.771093 121.890220 0.013677 0.000000 0.013677
300.323946 381.240732 0.052817 0.000000 0.052817
695.646858 571.794029 0.014988 0.000000 0.014988
583.963147 127.172974 0.138939 0.000000 0.138939
697.009160 659.023801 0.081607 0.000000 0.081607
149.173876 420.551361 0.145985 0.000000 0.145985
495.447166 116.235978 0.156698 0.000000 0.156698
647.975130 495.934648 0.077299 0.000000 0.077299
247.704450 443.456797 0.128698 0.000000 0.128698
592.528417 14.675028 0.051356 0.000000 0.051356
264.512487 407.031865 0.170053 0.000000 0.170053
655.004346 333.337671 0.115612 0.000000 0.115612
634.750271 168.183832 0.058802 0.000000 0.058802
772.259407 435.225525 0.111668 0.000000 0.111668
38.943239 625.439870 0.036794 0.000000 0.036794
255.316914 183.594104 0.033774 0.000000 0.033774
291.454502 346.216813 0.066743 0.000000 0.066743
706.054402 508.766865 0.071838 0.000000 0.071838
351.510839 619.775044 0.067843 0.000000 0.067843
502.325812 589.904094 0.112528 0.000000 0.112528
102.452355 626.844652 0.034237 0.000000 0.034237
536.979257 568.828558 0.079946 0.000000 0.079946
650.374917 559.000737 0.167818 0.000000 0.167818
568.263938 88.572410 0.161125 0.000000 0.161125
333.125773 311.390008 0.073010 0.000000 0.073010
396.687297 532.803971 0.060314 0.000000 0.060314
309.323397 418.171402 0.093989 0.000000 0.093989
361.395190 224.056819 0.101161 0.000000 0.101161
717.263589 655.898051 0.128309 0.000000 0.128309
321.564992 411.035130 0.165122 0.000000 0.165122
220.017274 493.396751 0.013624 0.000000 0.013624
21.881122 630.280306 0.039692 0.000000 0.039692
168.136866 671.316142 0.116502 0.000000 0.116502
494.839058 607.246950 0.160326 0.000000 0.160326
801.180114 413.572085 0.168137 0.000000 0.168137
534.119499 267.759717 0.036493 0.000000 0.036493
685.040668 635.667752 0.163931 0.000000 0.163931
468.564388 125.446321 0.071871 0.000000 0.071871
38.800834 489.432846 0.095145 0.000000 0.095145
339.886491 356.960722 0.119431 0.000000 0.119431
73.384395 274.509000 0.076086 0.000000 0.076086
777.888862 583.933776 0.108054 0.000000 0.108054
451.196801 635.291607 0.173638 0.000000 0.173638
28.689311 296.132841 0.137003 0.000000 0.137003
609.157683 286.245271 0.153484 0.000000 0.153484
355.261438 335.585310 0.136478 0.000000 0.136478
710.254897 585.892674 0.093917 0.000000 0.093917
192.127627 140.273664 0.044674 0.000000 0.044674
148.112765 444.730899 0.072797 0.000000 0.072797
802.191181 618.536649 0.039143 0.000000 0.039143
424.621351 266.468541 0.020344 0.000000 0.020344
679.804078 539.169982 0.016605 0.000000 0.016605
506.579884 141.743305 0.004324 0.000000 0.004324
274.962400 627.593333 0.096830 0.000000 0.096830
783.863459 635.133764 0.087577 0.000000 0.087577
627.061419 186.803469 0.048148 0.000000 0.048148
165.317309 201.736074 0.090755 0.000000 0.090755
475.781837 511.096366 0.164946 0.000000 0.164946
209.562394 663.273247 0.159150 0.000000 0.159150
785.800875 222.737667 0.154431 0.000000 0.154431
672.458561 519.571951 0.033143 0.000000 0.033143
797.757290 540.622214 0.051931 0.000000 0.051931
298.059127 281.379452 0.124482 0.000000 0.124482
347.194862 198.879288 0.052167 0.000000 0.052167
775.633629 149.204419 0.143597 0.000000 0.143597
453.186150 293.467100 0.006250 0.000000 0.006250
329.953726 621.302284 0.088331 0.000000 0.088331
563.852339 431.253457 0.156146 0.000000 0.156146
784.786710 526.978509 0.093106 0.000000 0.093106
609.431805 334.919981 0.015754 0.000000 0.015754
458.793817 257.171303 0.146854 0.000000 0.146854
318.564326 490.972693 0.039191 0.000000 0.039191
459.964079 618.045893 0.169388 0.000000 0.169388
302.805464 360.823348 0.154970 0.000000 0.154970
421.800555 417.940659 0.143982 0.000000 0.143982
342.490453 144.225922 0.134948 0.000000 0.134948
178.050377 396.205998 0.097359 0.000000 0.097359
612.834803 433.066638 0.112422 0.000000 0.112422
358.503118 261.052679 0.032860 0.000000 0.032860
212.911096 315.520535 0.024464 0.000000 0.024464
328.722647 512.368170 0.170668 0.000000 0.170668
765.011332 436.242043 0.062557 0.000000 0.062557
644.599087 522.632223 0.092114 0.000000 0.092114
334.763905 635.769294 0.022505 0.000000 0.022505
760.882244 498.981824 0.074742 0.000000 0.074742
400.184607 186.003473 0.028026 0.000000 0.028026
502.414148 636.623876 0.033721 0.000000 0.033721
484.707753 536.760756 0.015568 0.000000 0.015568
42.367490 649.091538 0.063051 0.000000 0.063051
446.410221 325.507139 0.042961 0.000000 0.042961
400.181926 245.407723 0.160998 0.000000 0.160998
681.700295 474.829579 0.125253 0.000000 0.125253
337.774248 136.013668 0.055280 0.000000 0.055280
509.372181 192.714485 0.144585 0.000000 0.144585
490.699105 543.169831 0.080538 0.000000 0.080538
201.950797 653.577173 0.016242 0.000000 0.016242
758.163353 457.680163 0.096270 0.000000 0.096270
504.804112 531.641775 0.010675 0.000000 0.010675
285.252909 569.330711 0.149556 0.000000 0.149556
230.870695 659.243534 0.089315 0.000000 0.089315
310.031208 412.929108 0.109053 0.000000 0.109053
669.030777 74.459072 0.108133 0.000000 0.108133
404.171691 310.920289 0.126332 0.000000 0.126332
270.075574 260.864737 0.063498 0.000000 0.063498
386.461178 546.653473 0.126170 0.000000 0.126170
362.147112 651.843203 0.057259 0.000000 0.057259
544.030771 520.082148 0.015386 0.000000 0.015386
724.528997 600.779808 0.142584 0.000000 0.142584
576.451076 610.040932 0.146435 0.000000 0.146435
486.060056 378.649239 0.075055 0.000000 0.075055
455.070175 516.539363 0.093774 0.000000 0.093774
805.638444 401.596142 0.056807 0.000000 0.056807
543.742723 625.695938 0.057881 0.000000 0.057881
394.035407 250.617813 0.061706 0.000000 0.061706
44.500994 124.827879 0.053144 0.000000 0.053144
176.932462 280.158771 0.037486 0.000000 0.037486
710.072008 542.777011 0.083113 0.000000 0.083113
360.007137 608.032213 0.118971 0.000000 0.118971
606.747677 484.929419 0.168031 0.000000 0.168031
800.762352 338.818780 0.056216 0.000000 0.056216
570.690006 71.422311 0.098686 0.000000 0.098686
791.981031 536.345626 0.038682 0.000000 0.038682
602.534146 344.642772 0.076515 0.000000 0.076515
706.346794 61.501025 0.042924 0.000000 0.042924
242.746047 549.551873 0.124409 0.000000 0.124409
660.742072 636.950590 0.104982 0.000000 0.104982
560.969591 614.259207 0.082316 0.000000 0.082316
589.082675 131.400887 0.026316 0.000000 0.026316
469.548163 542.832227 0.017394 0.000000 0.017394
272.000860 465.403893 0.068605 0.000000 0.068605
219.314710 495.561356 0.118721 0.000000 0.118721
735.535636 90.480633 0.149815 0.000000 0.149815
46.568884 451.758689 0.068625 0.000000 0.068625
171.186521 465.385094 0.056920 0.000000 0.056920
442.712279 26.522852 0.111296 0.000000 0.111296
685.182518 155.462347 0.113587 0.000000 0.113587
789.198749 266.432642 0.155247 0.000000 0.155247
381.616320 351.255512 0.131939 0.000000 0.131939
771.500113 498.939335 0.140568 0.000000 0.140568
625.637090 191.443913 0.126999 0.000000 0.126999
45.749893 657.675791 0.127575 0.000000 0.127575
462.114958 340.681171 0.018704 0.000000 0.018704
155.615129 334.847126 0.164870 0.000000 0.164870
559.778075 271.698974 0.101854 0.000000 0.101854
498.539317 113.252898 0.036206 0.000000 0.036206
415.338384 146.303159 0.093030 0.000000 0.093030
138.502519 292.882560 0.071290 0.000000 0.071290
81.283851 569.316758 0.035720 0.000000 0.035720
634.852076 409.437888 0.067911 0.000000 0.067911
312.915012 585.225666 0.065318 0.000000 0.065318
490.620731 507.794139 0.111034 0.000000 0.111034
381.891224 464.616734 0.021027 0.000000 0.021027
178.150238 653.507582 0.147009 0.000000 0.147009
583.121410 454.189235 0.083929 0.000000 0.083929
260.906773 418.848481 0.019376 0.000000 0.019376
543.585953 481.610223 0.128630 0.000000 0.128630
84.447744 665.916455 0.045933 0.000000 0.045933
558.698836 580.622434 0.065255 0.000000 0.065255
281.126594 17.463620 0.027689 0.000000 0.027689
460.463625 504.317539 0.145034 0.000000 0.145034
724.428160 154.174842 0.153518 0.000000 0.153518
173.276236 656.559200 0.040391 0.000000 0.040391
829.071563 612.323446 0.029967 0.000000 0.029967
380.638237 337.022891 0.005064 0.000000 0.005064
356.167604 609.327157 0.173085 0.000000 0.173085
271.683824 163.531370 0.112069 0.000000 0.112069
191.665579 265.396135 0.158074 0.000000 0.158074
824.743576 82.458887 0.017954 0.000000 0.017954
578.758235 450.819926 0.112822 0.000000 0.112822
620.092078 545.171295 0.117417 0.000000 0.117417
230.019006 366.667573 0.035231 0.000000 0.035231
430.383091 497.260222 0.145297 0.000000 0.145297
548.986997 27.026902 0.038769 0.000000 0.038769
610.194046 644.190525 0.037473 0.000000 0.037473
648.645779 380.133016 0.064163 0.000000 0.064163
25.192382 323.050317 0.062743 0.000000 0.062743
309.617291 159.870361 0.058448 0.000000 0.058448
784.408029 652.773326 0.173931 0.000000 0.173931
528.611960 319.177102 0.158300 0.000000 0.158300
568.014762 525.093671 0.029798 0.000000 0.029798
478.174091 147.308531 0.039448 0.000000 0.039448
170.554465 642.761461 0.022700 0.000000 0.022700
298.258420 416.828244 0.039785 0.000000 0.039785
259.130970 399.780950 0.110328 0.000000 0.110328
719.900656 357.182674 0.039146 0.000000 0.039146
599.616615 586.095634 0.011444 0.000000 0.011444
489.091573 544.707275 0.006903 0.000000 0.006903
790.971845 211.286015 0.022156 0.000000 0.022156
378.737164 446.101246 0.067082 0.000000 0.067082
348.555074 256.046670 0.131311 0.000000 0.131311
87.592281 462.023915 0.075925 0.000000 0.075925
555.717275 367.151772 0.109851 0.000000 0.109851
242.026808 543.672244 0.058050 0.000000 0.058050
656.164400 371.868184 0.079392 0.000000 0.079392
685.033410 73.751177 0.124307 0.000000 0.124307
148.994964 466.711505 0.152091 0.000000 0.152091
504.255346 120.349928 0.157118 0.000000 0.157118
687.152988 498.923066 0.059584 0.000000 0.059584
180.797891 643.378997 0.073114 0.000000 0.073114
530.421218 534.912489 0.107716 0.000000 0.107716
249.739058 369.559020 0.030249 0.000000 0.030249
98.808145 402.255324 0.028022 0.000000 0.028022
514.583078 616.382697 0.031018 0.000000 0.031018
545.733749 565.291647 0.134254 0.000000 0.134254
209.512303 96.005613 0.045082 0.000000 0.045082
811.681610 488.003997 0.034066 0.000000 0.034066
373.163716 446.958198 0.087010 0.000000 0.087010
574.908785 113.040352 0.100557 0.000000 0.100557
123.216411 410.889907 0.140934 0.000000 0.140934
277.748117 469.869259 0.041167 0.000000 0.041167
276.515838 328.819704 0.071961 0.000000 0.071961
164.681737 191.456821 0.012266 0.000000 0.012266
152.107753 575.686738 0.012108 0.000000 0.012108
362.263439 573.911666 0.046365 0.000000 0.046365
685.949381 474.574540 0.070948 0.000000 0.070948
337.984449 414.041791 0.034454 0.000000 0.034454
798.863675 556.974327 0.017099 0.000000 0.017099
493.957118 479.875515 0.069508 0.000000 0.069508
308.292394 536.607954 0.111784 0.000000 0.111784
559.557812 594.874901 0.029323 0.000000 0.029323
105.189694 599.665752 0.122851 0.000000 0.122851
780.040017 497.045665 0.126915 0.000000 0.126915
718.340068 522.502868 0.074724 0.000000 0.074724
9.998424 630.209905 0.056767 0.000000 0.056767
792.629833 24.831355 0.152435 0.000000 0.152435
287.939233 368.976372 0.012633 0.000000 0.012633
499.889811 235.417091 0.120001 0.000000 0.120001
12.250583 660.871793 0.140686 0.000000 0.140686
551.253257 500.340933 0.149346 0.000000 0.149346
532.297330 156.927489 0.126895 0.000000 0.126895
170.554172 436.241207 0.137488 0.000000 0.137488
307.158056 644.260732 0.037604 0.000000 0.037604
579.629538 506.177761 0.031894 0.000000 0.031894
628.547741 270.720085 0.168520 0.000000 0.168520
104.414155 458.467293 0.035266 0.000000 0.035266
234.153228 378.065291 0.017946 0.000000 0.017946
400.971300 322.226102 0.136774 0.000000 0.136774
260.144653 402.589567 0.015460 0.000000 0.015460
69.713583 373.189770 0.083210 0.000000 0.083210
659.561604 320.996061 0.039153 0.000000 0.039153
403.599420 192.353331 0.059176 0.000000 0.059176
449.439900 337.565944 0.051594 0.000000 0.051594
144.265447 434.912307 0.063941 0.000000 0.063941
679.612065 482.355170 0.029160 0.000000 0.029160
436.905836 476.590919 0.140601 0.000000 0.140601
754.551435 500.221906 0.036149 0.000000 0.036149
169.979806 239.498198 0.006318 0.000000 0.006318
271.341823 172.262485 0.009348 0.000000 0.009348
113.015171 99.820399 0.039035 0.000000 0.039035
680.903467 484.505450 0.070099 0.000000 0.070099
827.795843 425.708164 0.028575 0.000000 0.028575
812.470655 258.966084 0.047430 0.000000 0.047430
660.475271 558.643458 0.080936 0.000000 0.080936
500.195448 303.742956 0.076884 0.000000 0.076884
835.295459 232.752835 0.143557 0.000000 0.143557
514.274974 96.138696 0.170857 0.000000 0.170857
190.948219 462.632284 0.077591 0.000000 0.077591
50.893894 276.165695 0.017058 0.000000 0.017058
317.593620 618.435895 0.046814 0.000000 0.046814
711.660981 118.317684 0.092893 0.000000 0.092893
140.380078 431.130078 0.102406 0.000000 0.102406
363.275113 251.837883 0.012247 0.000000 0.012247
651.022932 286.014964 0.139537 0.000000 0.139537
488.292041 459.223786 0.024287 0.000000 0.024287
413.793001 171.511129 0.123065 0.000000 0.123065
519.770510 604.787161 0.173592 0.000000 0.173592
674.561035 598.501205 0.105565 0.000000 0.105565
644.031421 563.089960 0.090760 0.000000 0.090760
331.959379 110.457506 0.033549 0.000000 0.033549
824.085667 563.323763 0.097478 0.000000 0.097478
635.969671 607.603831 0.094901 0.000000 0.094901
732.756689 582.555681 0.016708 0.000000 0.016708
767.741144 287.103707 0.041240 0.000000 0.041240
164.562333 230.286749 0.033062 0.000000 0.033062
284.867022 408.093381 0.090370 0.000000 0.090370
447.721755 153.140782 0.144808 0.000000 0.144808
438.718329 523.116535 0.028582 0.000000 0.028582
785.141603 547.973519 0.016199 0.000000 0.016199
80.168248 336.637724 0.023246 0.000000 0.023246
47.130091 570.890243 0.089762 0.000000 0.089762
117.547821 379.606570 0.004380 0.000000 0.004380
250.609694 397.042563 0.101326 0.000000 0.101326
637.792974 618.005301 0.097649 0.000000 0.097649
145.832048 602.597433 0.029720 0.000000 0.029720
316.258407 589.970073 0.044908 0.000000 0.044908
168.435788 278.349454 0.060669 0.000000 0.060669
767.495226 588.170974 0.036733 0.000000 0.036733
639.658441 394.962691 0.137395 0.000000 0.137395
461.528770 384.208883 0.071674 0.000000 0.071674
744.588165 444.513970 0.112654 0.000000 0.112654
102.303602 402.600083 0.147312 0.000000 0.147312
682.285146 49.664212 0.145345 0.000000 0.145345
771.373525 368.590304 0.138674 0.000000 0.138674
92.883408 460.930578 0.036523 0.000000 0.036523
669.238088 604.508895 0.042992 0.000000 0.042992
102.542727 625.962833 0.134939 0.000000 0.134939
597.776457 134.035831 0.054257 0.000000 0.054257
214.357054 555.959471 0.127961 0.000000 0.127961
634.086279 511.015889 0.051257 0.000000 0.051257
43.211356 643.272764 0.105295 0.000000 0.105295
313.756341 480.291053 0.096140 0.000000 0.096140
166.985303 599.915936 0.151008 0.000000 0.151008
183.010989 421.777358 0.082266 0.000000 0.082266
285.329671 366.811513 0.166425 0.000000 0.166425
568.884090 587.555867 0.064587 0.000000 0.064587
491.319478 105.166197 0.036550 0.000000 0.036550
806.871180 506.758335 0.043552 0.000000 0.043552
777.444809 578.170089 0.023778 0.000000 0.023778
117.660561 393.443394 0.094440 0.000000 0.094440
140.636820 440.551568 0.139954 0.000000 0.139954
711.435611 583.163587 0.030579 0.000000 0.030579
723.713969 128.365339 0.110406 0.000000 0.110406
387.177644 542.049937 0.127692 0.000000 0.127692
188.786655 622.248446 0.011235 0.000000 0.011235
761.275106 69.854706 0.023775 0.000000 0.023775
256.139220 631.233727 0.051811 0.000000 0.051811
27.041912 345.478795 0.151597 0.000000 0.151597
81.493246 470.605970 0.041788 0.000000 0.041788
778.411366 271.207401 0.066202 0.000000 0.066202
126.213733 604.920448 0.099183 0.000000 0.099183
27.187547 372.230071 0.063914 0.000000 0.063914
488.515152 467.625341 0.132179 0.000000 0.132179
149.002072 429.259511 0.021035 0.000000 0.021035
521.966636 278.805761 0.044638 0.000000 0.044638
246.821713 643.727340 0.113720 0.000000 0.113720
574.647949 501.140433 0.126146 0.000000 0.126146
736.432794 592.856080 0.089449 0.000000 0.089449
771.399099 285.810750 0.012356 0.000000 0.012356
681.712551 579.936948 0.026462 0.000000 0.026462
293.145730 284.981296 0.170535 0.000000 0.170535
827.462623 425.310571 0.107162 0.000000 0.107162
305.573602 532.847701 0.082167 0.000000 0.082167
214.430735 193.986524 0.011206 0.000000 0.011206
558.522206 369.276067 0.052714 0.000000 0.052714
545.511558 648.799153 0.143399 0.000000 0.143399
525.904402 105.508836 0.125514 0.000000 0.125514
649.496317 375.925029 0.018171 0.000000 0.018171
31.732840 455.410997 0.107356 0.000000 0.107356
395.082020 412.501728 0.074104 0.000000 0.074104
374.720827 518.714759 0.022385 0.000000 0.022385
540.020772 329.046970 0.032905 0.000000 0.032905
159.456756 284.881863 0.153275 0.000000 0.153275
202.785898 619.738994 0.014900 0.000000 0.014900
776.573140 366.070602 0.133778 0.000000 0.133778
532.334048 614.905820 0.086420 0.000000 0.086420
114.131301 299.384359 0.125830 0.000000 0.125830
584.471693 615.743509 0.133063 0.000000 0.133063
288.264293 66.598236 0.097606 0.000000 0.097606
417.452432 238.205957 0.150486 0.000000 0.150486
657.034232 379.022805 0.155023 0.000000 0.155023
444.470721 219.472406 0.032537 0.000000 0.032537
535.617871 410.308634 0.061818 0.000000 0.061818
253.082929 638.260414 0.038006 0.000000 0.038006
538.733631 225.439328 0.066826 0.000000 0.066826
637.891644 587.962178 0.052121 0.000000 0.052121
44.279561 444.099182 0.031312 0.000000 0.031312
331.974166 270.131362 0.140510 0.000000 0.140510
175.578353 421.365591 0.155333 0.000000 0.155333
97.065412 669.065564 0.160031 0.000000 0.160031
433.245345 481.726295 0.130140 0.000000 0.130140
227.185921 373.435149 0.095518 0.000000 0.095518
545.183829 389.716627 0.062938 0.000000 0.062938
499.814023 617.549568 0.064283 0.000000 0.064283
809.895058 231.802574 0.099969 0.000000 0.099969
658.964271 307.246021 0.086254 0.000000 0.086254
513.948357 394.767162 0.030095 0.000000 0.030095
330.026842 275.712856 0.117553 0.000000 0.117553
194.118777 95.040655 0.059737 0.000000 0.059737
665.428668 408.033374 0.097579 0.000000 0.097579
129.586877 295.655050 0.124853 0.000000 0.124853
264.715286 582.563585 0.046066 0.000000 0.046066
247.703173 203.724684 0.086082 0.000000 0.086082
680.358020 566.341987 0.129968 0.000000 0.129968
567.183534 642.736648 0.171242 0.000000 0.171242
775.329447 188.609603 0.008812 0.000000 0.008812
817.627321 235.778644 0.158975 0.000000 0.158975
795.423531 133.086815 0.048299 0.000000 0.048299
811.564351 444.371760 0.062037 0.000000 0.062037
254.505582 220.101018 0.131291 0.000000 0.131291
360.551898 627.916905 0.095651 0.000000 0.095651
453.481677 604.710321 0.133386 0.000000 0.133386
567.819058 579.388502 0.077191 0.000000 0.077191
563.193394 396.518726 0.007588 0.000000 0.007588
389.974766 564.188553 0.046737 0.000000 0.046737
547.081323 210.122310 0.114177 0.000000 0.114177
330.464645 151.018674 0.128128 0.000000 0.128128
553.240619 583.545422 0.105913 0.000000 0.105913
826.547417 586.733132 0.130596 0.000000 0.130596
292.033362 559.078434 0.153743 0.000000 0.153743
278.750735 355.483221 0.029169 0.000000 0.029169
337.545702 149.292606 0.032117 0.000000 0.032117
576.431266 208.973678 0.081813 0.000000 0.081813
219.856256 374.393641 0.010959 0.000000 0.010959
798.799884 423.394941 0.115377 0.000000 0.115377
614.914992 278.481765 0.009164 0.000000 0.009164
229.223956 348.133418 0.017522 0.000000 0.017522
68.522787 231.196642 0.094662 0.000000 0.094662
429.048444 120.285146 0.016643 0.000000 0.016643
723.508023 506.570930 0.078405 0.000000 0.078405
445.297492 131.422048 0.036383 0.000000 0.036383
664.716014 542.958117 0.106418 0.000000 0.106418
467.399080 611.660516 0.027331 0.000000 0.027331
512.002311 130.175673 0.021438 0.000000 0.021438
806.113378 570.478915 0.035618 0.000000 0.035618
376.937999 533.380678 0.103094 0.000000 0.103094
719.823462 634.765354 0.067746 0.000000 0.067746
235.688819 595.295084 0.071277 0.000000 0.071277
721.425720 488.622014 0.011955 0.000000 0.011955
50.731298 618.591191 0.140178 0.000000 0.140178
621.637502 187.759716 0.133630 0.000000 0.133630
39.911039 297.459285 0.071564 0.000000 0.071564
708.239285 116.573590 0.132265 0.000000 0.132265
317.736215 505.384942 0.101598 0.000000 0.101598
819.207909 488.515063 0.129209 0.000000 0.129209
548.720562 513.850917 0.108977 0.000000 0.108977
578.630112 519.833122 0.028007 0.000000 0.028007
651.960050 594.495011 0.018694 0.000000 0.018694
382.306897 129.663453 0.088179 0.000000 0.088179
39.884675 273.741594 0.086228 0.000000 0.086228
809.611109 408.742106 0.089591 0.000000 0.089591
643.691909 354.884326 0.013970 0.000000 0.013970
108.530664 632.884591 0.022112 0.000000 0.022112
213.935817 91.633026 0.013683 0.000000 0.013683
682.553919 468.788895 0.041367 0.000000 0.041367
493.456962 618.025844 0.097125 0.000000 0.097125
409.912098 539.307122 0.039184 0.000000 0.039184
212.130971 486.959266 0.033633 0.000000 0.033633
34.939213 272.046848 0.160217 0.000000 0.160217
802.294159 436.462016 0.016857 0.000000 0.016857
750.888670 457.090791 0.024701 0.000000 0.024701
65.063399 389.954470 0.168597 0.000000 0.168597
46.735752 620.191410 0.089466 0.000000 0.089466
811.993012 189.611227 0.039654 0.000000 0.039654
500.113167 411.159809 0.044559 0.000000 0.044559
793.127475 671.403649 0.145163 0.000000 0.145163
488.374514 504.639318 0.011796 0.000000 0.011796
531.982732 437.912002 0.004482 0.000000 0.004482
20.589659 439.266046 0.051757 0.000000 0.051757
22.422080 191.404464 0.080474 0.000000 0.080474
391.684627 587.376430 0.159857 0.000000 0.159857
111.708449 541.287344 0.055596 0.000000 0.055596
789.506181 139.770993 0.134980 0.000000 0.134980
532.025754 528.049953 0.134320 0.000000 0.134320
648.618338 515.720025 0.045652 0.000000 0.045652
563.967711 575.758127 0.167337 0.000000 0.167337
343.815020 203.701129 0.110239 0.000000 0.110239
396.227522 39.312392 0.017139 0.000000 0.017139
598.937505 359.540590 0.133578 0.000000 0.133578
377.410538 547.684627 0.091369 0.000000 0.091369
691.790221 521.231674 0.040131 0.000000 0.040131
535.548279 381.320992 0.110910 0.000000 0.110910
25.437608 390.718564 0.132349 0.000000 0.132349
564.722845 543.283092 0.146920 0.000000 0.146920
392.583036 611.215995 0.079455 0.000000 0.079455
21.863675 623.352533 0.046573 0.000000 0.046573
630.300153 235.243338 0.022582 0.000000 0.022582
659.145433 328.190244 0.045006 0.000000 0.045006
638.190008 613.470775 0.130613 0.000000 0.130613
807.077027 352.210861 0.149060 0.000000 0.149060
798.253463 294.282710 0.132762 0.000000 0.132762
261.027258 662.261671 0.153636 0.000000 0.153636
244.635568 132.878915 0.011252 0.000000 0.011252
36.499332 584.879317 0.117953 0.000000 0.117953
634.059768 368.711711 0.122501 0.000000 0.122501
432.855932 205.234032 0.088890 0.000000 0.088890
648.672725 515.952054 0.021282 0.000000 0.021282
475.731902 288.477564 0.036510 0.000000 0.036510
559.691267 372.744225 0.023136 0.000000 0.023136
133.716712 604.840683 0.019265 0.000000 0.019265
165.549610 307.106519 0.018107 0.000000 0.018107
24.568104 216.861732 0.058766 0.000000 0.058766
283.262559 512.861777 0.038285 0.000000 0.038285
73.263006 475.357881 0.045159 0.000000 0.045159
266.818152 367.871301 0.106944 0.000000 0.106944
377.361098 625.442171 0.045638 0.000000 0.045638
820.715105 608.273800 0.078099 0.000000 0.078099
19.371521 527.893921 0.158900 0.000000 0.158900
706.784136 221.646517 0.174936 0.000000 0.174936
474.519920 143.377414 0.129581 0.000000 0.129581
114.171345 626.700848 0.029302 0.000000 0.029302
657.577284 544.273277 0.018669 0.000000 0.018669
460.319838 618.110224 0.033387 0.000000 0.033387
736.765081 226.226511 0.089119 0.000000 0.089119
290.832667 84.663405 0.108423 0.000000 0.108423
630.309714 351.662283 0.132785 0.000000 0.132785
686.716186 480.652697 0.069135 0.000000 0.069135
450.966774 224.881625 0.147687 0.000000 0.147687
452.004529 640.778489 0.112282 0.000000 0.112282
256.265937 571.908891 0.132800 0.000000 0.132800
264.737928 600.658802 0.138529 0.000000 0.138529
572.006929 594.458131 0.114140 0.000000 0.114140
461.411342 574.444719 0.045176 0.000000 0.045176
479.148826 487.986096 0.022295 0.000000 0.022295
618.741478 341.268384 0.143578 0.000000 0.143578
292.480637 290.222765 0.026529 0.000000 0.026529
677.472206 387.485629 0.086668 0.000000 0.086668
113.803736 617.353990 0.076938 0.000000 0.076938
289.112601 399.407220 0.073601 0.000000 0.073601
727.568802 662.742041 0.105093 0.000000 0.105093
35.326318 8.702416 0.147526 0.000000 0.147526
708.900623 406.502644 0.074512 0.000000 0.074512
759.878074 31.953078 0.076003 0.000000 0.076003
173.527354 334.995466 0.115633 0.000000 0.115633
718.968208 343.985792 0.094416 0.000000 0.094416
801.220711 583.073916 0.138096 0.000000 0.138096
474.219905 554.992786 0.102712 0.000000 0.102712
755.597349 270.213064 0.103112 0.000000 0.103112
340.844179 573.000594 0.124179 0.000000 0.124179
659.891042 460.401075 0.051709 0.000000 0.051709
365.616868 607.371022 0.136417 0.000000 0.136417
518.801811 108.845403 0.132118 0.000000 0.132118
548.790624 436.852582 0.014869 0.000000 0.014869
825.795021 611.174415 0.082035 0.000000 0.082035
95.848483 314.894646 0.144572 0.000000 0.144572
567.644633 271.355381 0.049112 0.000000 0.049112
739.561100 356.141999 0.166096 0.000000 0.166096
153.179425 203.267706 0.005206 0.000000 0.005206
521.101867 621.943472 0.064479 0.000000 0.064479
802.493879 290.991814 0.062900 0.000000 0.062900
759.037103 344.122507 0.062227 0.000000 0.062227
480.046521 158.160758 0.173194 0.000000 0.173194
524.188099 558.409462 0.113092 0.000000 0.113092
639.753575 317.532485 0.061804 0.000000 0.061804
184.933244 262.615190 0.005706 0.000000 0.005706
816.550348 400.858256 0.054005 0.000000 0.054005
579.122660 493.342709 0.146742 0.000000 0.146742
472.938798 558.926467 0.168883 0.000000 0.168883
133.743752 316.324732 0.127840 0.000000 0.127840
49.282634 633.903736 0.123019 0.000000 0.123019
764.335867 265.056748 0.162363 0.000000 0.162363
631.775104 520.306919 0.023766 0.000000 0.023766
754.593078 342.487005 0.027704 0.000000 0.027704
327.373145 626.689476 0.049596 0.000000 0.049596
378.287261 569.876144 0.073588 0.000000 0.073588
648.190928 510.589267 0.101013 0.000000 0.101013
728.839103 437.818162 0.039259 0.000000 0.039259
584.414155 147.158580 0.060702 0.000000 0.060702
184.930580 123.086176 0.023409 0.000000 0.023409
700.687176 57.990449 0.132248 0.000000 0.132248
183.285482 110.568519 0.021258 0.000000 0.021258
668.453653 398.979405 0.095707 0.000000 0.095707
187.805703 554.587795 0.093757 0.000000 0.093757
362.336518 552.596074 0.010750 0.000000 0.010750
226.296548 380.610575 0.134234 0.000000 0.134234
747.860100 474.954922 0.139889 0.000000 0.139889
437.984182 561.042415 0.122035 0.000000 0.122035
675.772155 603.285548 0.080633 0.000000 0.080633
311.843400 642.275872 0.120082 0.000000 0.120082
241.870751 534.818616 0.152451 0.000000 0.152451
269.370356 593.335317 0.069683 0.000000 0.069683
578.863977 144.044285 0.042977 0.000000 0.042977
644.278862 607.794554 0.029927 0.000000 0.029927
432.796160 225.613995 0.039387 0.000000 0.039387
810.920266 469.175721 0.005438 0.000000 0.005438
40.952280 86.936218 0.010672 0.000000 0.010672
179.150984 581.808920 0.012175 0.000000 0.012175
195.113813 325.038749 0.044076 0.000000 0.044076
527.646191 271.307298 0.154492 0.000000 0.154492
216.836865 374.297246 0.098466 0.000000 0.098466
672.741045 147.447952 0.010939 0.000000 0.010939
445.081124 263.309858 0.150354 0.000000 0.150354
572.245963 203.014295 0.058420 0.000000 0.058420
531.000328 636.569949 0.041127 0.000000 0.041127
78.530359 598.429325 0.053897 0.000000 0.053897
777.746933 280.859986 0.030644 0.000000 0.030644
828.300323 229.084211 0.032871 0.000000 0.032871
638.241978 180.989854 0.134704 0.000000 0.134704
395.679262 373.531000 0.014187 0.000000 0.014187
452.434499 577.670142 0.163015 0.000000 0.163015
660.500591 77.016749 0.027757 0.000000 0.027757
629.129634 533.206246 0.034148 0.000000 0.034148
370.446324 600.185701 0.036205 0.000000 0.036205
196.478484 621.273552 0.142860 0.000000 0.142860
794.759714 441.778429 0.073308 0.000000 0.073308
729.431400 548.234487 0.121557 0.000000 0.121557
660.899436 616.012506 0.155560 0.000000 0.155560
360.379711 361.364727 0.041923 0.000000 0.041923
492.098229 145.308237 0.107686 0.000000 0.107686
654.325975 525.434189 0.161134 0.000000 0.161134
654.490405 660.833688 0.071854 0.000000 0.071854
398.761299 554.898843 0.144339 0.000000 0.144339
474.750743 548.863372 0.063904 0.000000 0.063904
167.262248 431.713233 0.036213 0.000000 0.036213
293.187461 545.228755 0.139544 0.000000 0.139544
665.550404 49.875942 0.033552 0.000000 0.033552
837.006326 421.268102 0.173287 0.000000 0.173287
622.455665 496.404872 0.068864 0.000000 0.068864
770.267092 518.395565 0.160709 0.000000 0.160709
690.700783 194.704575 0.126723 0.000000 0.126723
751.476194 275.349859 0.095275 0.000000 0.095275
469.874951 335.568672 0.129156 0.000000 0.129156
609.326474 556.951946 0.066681 0.000000 0.066681
202.173240 155.297351 0.029600 0.000000 0.029600
204.591071 424.987288 0.133592 0.000000 0.133592
383.509712 538.824089 0.152059 0.000000 0.152059
689.930848 522.340717 0.165101 0.000000 0.165101
414.840376 348.764514 0.027894 0.000000 0.027894
412.203825 548.561992 0.067385 0.000000 0.067385
766.609839 460.574834 0.166422 0.000000 0.166422
249.278793 534.724802 0.170397 0.000000 0.170397
555.681944 138.846173 0.062887 0.000000 0.062887
290.540476 22.314357 0.013678 0.000000 0.013678
615.059241 505.969080 0.107159 0.000000 0.107159
324.521883 465.991818 0.020898 0.000000 0.020898
441.311686 543.118325 0.015191 0.000000 0.015191
478.043030 592.894546 0.044954 0.000000 0.044954
614.424778 533.843533 0.102740 0.000000 0.102740
624.518231 499.174357 0.166141 0.000000 0.166141
562.376319 217.627529 0.048028 0.000000 0.048028
56.591904 360.097594 0.026245 0.000000 0.026245
799.053662 245.024133 0.122006 0.000000 0.122006
523.004800 652.334644 0.082703 0.000000 0.082703
358.115902 586.464130 0.003966 0.000000 0.003966
378.428610 594.903321 0.028823 0.000000 0.028823
450.194376 560.234536 0.153148 0.000000 0.153148
803.646636 575.389627 0.101936 0.000000 0.101936
492.971217 520.088033 0.141480 0.000000 0.141480
709.281381 569.009575 0.006468 0.000000 0.006468
435.462612 531.338770 0.145070 0.000000 0.145070
740.696653 518.895928 0.069773 0.000000 0.069773
343.150368 128.772805 0.018389 0.000000 0.018389
690.113390 43.243414 0.045657 0.000000 0.045657
422.654259 617.573683 0.125118 0.000000 0.125118
792.473140 162.676439 0.046128 0.000000 0.046128
189.880839 274.422243 0.011435 0.000000 0.011435
527.006159 411.601512 0.119331 0.000000 0.119331
18.278154 288.423382 0.078089 0.000000 0.078089
408.138291 221.258841 0.009711 0.000000 0.009711
560.671130 141.087565 0.040218 0.000000 0.040218
217.069800 312.242105 0.123982 0.000000 0.123982
412.853454 59.185541 0.071902 0.000000 0.071902
382.939090 595.935990 0.056095 0.000000 0.056095
593.403856 295.687053 0.171085 0.000000 0.171085
38.958067 379.039900 0.109224 0.000000 0.109224
260.848141 151.439590 0.042507 0.000000 0.042507
736.433877 651.937685 0.016724 0.000000 0.016724
775.699075 247.547820 0.138638 0.000000 0.138638
422.960609 92.665836 0.079809 0.000000 0.079809
317.136255 587.925050 0.008219 0.000000 0.008219
155.407386 359.739338 0.039843 0.000000 0.039843
568.103466 170.969642 0.122671 0.000000 0.122671
736.707741 352.301051 0.015701 0.000000 0.015701
555.023645 152.139865 0.045315 0.000000 0.045315
251.234720 132.867668 0.022417 0.000000 0.022417
222.565666 573.817931 0.116511 0.000000 0.116511
222.101872 564.290340 0.009560 0.000000 0.009560
758.370795 139.879504 0.061093 0.000000 0.061093
360.012233 96.051805 0.032550 0.000000 0.032550
161.000137 635.576422 0.094713 0.000000 0.094713
22.551179 652.325240 0.168007 0.000000 0.168007
326.171871 463.709253 0.085276 0.000000 0.085276
55.457866 482.651022 0.117021 0.000000 0.117021
632.880812 230.813679 0.011075 0.000000 0.011075
410.731727 219.482221 0.103328 0.000000 0.103328
262.636520 615.082032 0.016986 0.000000 0.016986
789.295350 88.076109 0.011914 0.000000 0.011914
410.361002 229.713199 0.155741 0.000000 0.155741
495.199033 48.309190 0.014163 0.000000 0.014163
289.465983 75.256944 0.083996 0.000000 0.083996
708.017437 498.329975 0.060561 0.000000 0.060561
386.364792 653.800769 0.038883 0.000000 0.038883
215.709152 452.713669 0.005437 0.000000 0.005437
404.181985 528.144096 0.075786 0.000000 0.075786
679.542205 611.301172 0.126348 0.000000 0.126348
228.924754 77.512952 0.011545 0.000000 0.011545
611.326090 64.763318 0.095282 0.000000 0.095282
789.484162 491.092385 0.158311 0.000000 0.158311
704.406722 444.467230 0.020497 0.000000 0.020497
26.619864 652.585853 0.080789 0.000000 0.080789
43.960523 101.731995 0.017925 0.000000 0.017925
166.178105 182.797633 0.075819 0.000000 0.075819
496.529222 70.627540 0.004279 0.000000 0.004279
483.338125 367.132865 0.148326 0.000000 0.148326
481.519926 69.880131 0.043042 0.000000 0.043042
819.762094 460.049462 0.111786 0.000000 0.111786
334.046893 549.193569 0.135377 0.000000 0.135377
719.462657 480.280387 0.080539 0.000000 0.080539
23.353406 548.146083 0.176064 0.000000 0.176064
382.492006 37.343649 0.005692 0.000000 0.005692
414.426176 625.990356 0.007667 0.000000 0.007667
390.153997 458.944168 0.106845 0.000000 0.106845
164.045321 110.564596 0.005353 0.000000 0.005353
796.064894 248.143736 0.090610 0.000000 0.090610
600.227131 114.089190 0.156044 0.000000 0.156044
693.266524 48.901566 0.137118 0.000000 0.137118
700.101263 485.844674 0.086253 0.000000 0.086253
587.711033 144.350081 0.031363 0.000000 0.031363
31.383439 95.068742 0.029796 0.000000 0.029796
375.925476 544.792761 0.018154 0.000000 0.018154
770.259200 486.206552 0.114515 0.000000 0.114515
285.054975 532.467992 0.153783 0.000000 0.153783
790.852133 473.703197 0.045903 0.000000 0.045903
750.510995 269.944403 0.109511 0.000000 0.109511
634.059173 493.850208 0.011564 0.000000 0.011564
674.180985 509.558662 0.024223 0.000000 0.024223
717.247730 211.375463 0.071075 0.000000 0.071075
196.501234 114.736667 0.015739 0.000000 0.015739
132.009725 654.097067 0.110510 0.000000 0.110510
157.117971 444.681565 0.161240 0.000000 0.161240
369.881662 546.063012 0.107162 0.000000 0.107162
834.337902 511.896050 0.055574 0.000000 0.055574
472.954022 114.036543 0.068182 0.000000 0.068182
427.647240 554.495196 0.040079 0.000000 0.040079
61.808361 192.277422 0.007251 0.000000 0.007251
691.544877 352.709067 0.172266 0.000000 0.172266
757.191769 533.602432 0.059793 0.000000 0.059793
735.425022 409.331215 0.133527 0.000000 0.133527
207.765625 509.117034 0.098351 0.000000 0.098351
391.630721 571.465489 0.122025 0.000000 0.122025
129.215963 218.386556 0.005291 0.000000 0.005291
672.757712 501.881188 0.161495 0.000000 0.161495
52.085073 461.855260 0.060881 0.000000 0.060881
139.930450 243.183705 0.032860 0.000000 0.032860
508.094632 365.725917 0.102376 0.000000 0.102376
398.401349 226.247275 0.035976 0.000000 0.035976
198.999452 576.784844 0.116705 0.000000 0.116705
218.542928 183.509666 0.094486 0.000000 0.094486
763.124638 141.326399 0.092770 0.000000 0.092770
323.164037 468.348436 0.073643 0.000000 0.073643
741.779440 496.471340 0.056538 0.000000 0.056538
836.956414 496.787643 0.069848 0.000000 0.069848
25.193912 94.161709 0.057499 0.000000 0.057499
330.665012 460.645239 0.098749 0.000000 0.098749
568.034845 548.233320 0.081908 0.000000 0.081908
767.753336 173.387273 0.151425 0.000000 0.151425
477.614724 573.395291 0.158993 0.000000 0.158993
791.853594 451.348625 0.061885 0.000000 0.061885
789.787567 466.544630 0.124135 0.000000 0.124135
489.767206 572.115854 0.079192 0.000000 0.079192
813.525521 518.549418 0.116034 0.000000 0.116034
201.684580 487.367611 0.133206 0.000000 0.133206
477.292116 51.773484 0.022333 0.000000 0.022333
766.069455 403.311008 0.101880 0.000000 0.101880
153.635505 235.418034 0.027955 0.000000 0.027955
339.309126 549.164242 0.164534 0.000000 0.164534
18.416345 251.464126 0.043331 0.000000 0.043331
321.753209 417.628276 0.073829 0.000000 0.073829
661.885633 215.807290 0.037216 0.000000 0.037216
255.797444 285.292382 0.009245 0.000000 0.009245
625.245629 483.032972 0.119605 0.000000 0.119605
182.611873 372.125693 0.085513 0.000000 0.085513
309.149485 542.690367 0.059498 0.000000 0.059498
74.035033 624.342024 0.092806 0.000000 0.092806
396.218619 435.009675 0.043374 0.000000 0.043374
198.959921 357.775568 0.004458 0.000000 0.004458
103.008881 502.227095 0.074737 0.000000 0.074737
822.932064 454.694372 0.121764 0.000000 0.121764
630.723877 113.697425 0.100135 0.000000 0.100135
554.885840 332.563034 0.167134 0.000000 0.167134
449.242457 178.333678 0.124114 0.000000 0.124114
371.138976 94.150268 0.005407 0.000000 0.005407
438.610634 559.171878 0.030686 0.000000 0.030686
704.582993 532.607232 0.029028 0.000000 0.029028
714.849168 52.810843 0.047075 0.000000 0.047075
644.958105 126.962014 0.091729 0.000000 0.091729
18.808343 602.650650 0.162916 0.000000 0.162916
629.276288 546.270712 0.103133 0.000000 0.103133
347.465611 580.761314 0.086094 0.000000 0.086094
472.293702 300.750720 0.063394 0.000000 0.063394
178.849689 214.932255 0.075305 0.000000 0.075305
721.205213 130.802710 0.005625 0.000000 0.005625
713.613839 225.304369 0.100580 0.000000 0.100580
819.068210 507.855828 0.103625 0.000000 0.103625
151.229176 312.430465 0.114392 0.000000 0.114392
770.744550 421.296528 0.131383 0.000000 0.131383
738.694442 437.194036 0.088559 0.000000 0.088559
713.311508 115.758829 0.007645 0.000000 0.007645
352.897177 444.424000 0.110703 0.000000 0.110703
406.710494 510.070933 0.052262 0.000000 0.052262
739.741048 482.826429 0.128304 0.000000 0.128304
188.234389 361.321585 0.011539 0.000000 0.011539
93.025430 120.324735 0.004896 0.000000 0.004896
827.070706 467.383331 0.116293 0.000000 0.116293
306.081471 669.408173 0.139698 0.000000 0.139698
463.639245 567.667668 0.110992 0.000000 0.110992
397.554129 576.719532 0.031180 0.000000 0.031180
522.220414 362.859685 0.049578 0.000000 0.049578
88.993089 320.469769 0.094248 0.000000 0.094248
401.703750 346.752779 0.101287 0.000000 0.101287
779.307918 239.023053 0.125722 0.000000 0.125722
141.784841 540.031585 0.059165 0.000000 0.059165
23.863760 276.826750 0.154278 0.000000 0.154278
317.454402 452.298569 0.100930 0.000000 0.100930
205.080377 466.803747 0.158416 0.000000 0.158416
354.989827 404.880548 0.080749 0.000000 0.080749
206.027665 28.804778 0.026977 0.000000 0.026977
316.307708 331.358940 0.147012 0.000000 0.147012
693.131345 180.700658 0.149406 0.000000 0.149406
336.447213 454.561151 0.072037 0.000000 0.072037
288.922488 551.261738 0.163963 0.000000 0.163963
246.454577 560.962458 0.010411 0.000000 0.010411
209.918080 48.424408 0.014131 0.000000 0.014131
275.348297 645.871507 0.134530 0.000000 0.134530
16.927071 574.065752 0.166712 0.000000 0.166712
767.182639 376.320477 0.101389 0.000000 0.101389
120.641800 350.495841 0.096909 0.000000 0.096909
708.692395 339.419687 0.061211 0.000000 0.061211
62.197897 479.934379 0.159300 0.000000 0.159300
332.622897 450.685673 0.009811 0.000000 0.009811
441.978805 181.198758 0.053481 0.000000 0.053481
421.757274 220.638732 0.055211 0.000000 0.055211
343.374092 421.158587 0.098890 0.000000 0.098890
383.413945 394.267220 0.080885 0.000000 0.080885
395.708223 394.517893 0.088748 0.000000 0.088748
579.887257 533.354097 0.110078 0.000000 0.110078
19.110683 615.098086 0.134771 0.000000 0.134771
666.860839 479.843855 0.112420 0.000000 0.112420
650.100703 47.379321 0.066821 0.000000 0.066821
654.421148 440.294700 0.107182 0.000000 0.107182
429.190253 240.976216 0.031536 0.000000 0.031536
349.367956 425.584150 0.103126 0.000000 0.103126
264.006315 98.261003 0.167399 0.000000 0.167399
335.665598 586.688626 0.097072 0.000000 0.097072
373.052595 440.050889 0.046990 0.000000 0.046990
331.617061 586.467624 0.155583 0.000000 0.155583
328.092582 405.022429 0.119353 0.000000 0.119353
796.914010 193.090863 0.035563 0.000000 0.035563
144.124983 471.358383 0.042126 0.000000 0.042126
695.274628 79.863923 0.115185 0.000000 0.115185
283.200060 188.610258 0.143012 0.000000 0.143012
327.376901 246.095649 0.158842 0.000000 0.158842
440.676603 376.757589 0.169227 0.000000 0.169227
343.016632 297.467189 0.058681 0.000000 0.058681
57.648203 408.779610 0.103685 0.000000 0.103685
325.053703 236.339895 0.027426 0.000000 0.027426
527.106533 338.234033 0.079226 0.000000 0.079226
142.072869 331.035669 0.021891 0.000000 0.021891
393.327629 483.472446 0.069478 0.000000 0.069478
752.660417 406.388957 0.109234 0.000000 0.109234
708.789388 187.421121 0.014839 0.000000 0.014839
671.570910 449.911679 0.015651 0.000000 0.015651
142.711316 325.175960 0.040260 0.000000 0.040260
80.147670 551.625389 0.068798 0.000000 0.068798
397.211427 471.202471 0.069552 0.000000 0.069552
445.353824 255.139140 0.047787 0.000000 0.047787
265.994884 109.050524 0.121609 0.000000 0.121609
798.822672 224.370866 0.095352 0.000000 0.095352
289.586661 128.076007 0.153801 0.000000 0.153801
138.067147 347.227916 0.055736 0.000000 0.055736
486.864660 527.942482 0.174134 0.000000 0.174134
786.995467 192.250209 0.115671 0.000000 0.115671
143.904804 332.806421 0.055956 0.000000 0.055956
313.435622 109.195781 0.017038 0.000000 0.017038
154.213441 507.658396 0.084666 0.000000 0.084666
120.875843 528.566442 0.004322 0.000000 0.004322
765.489427 151.420813 0.147288 0.000000 0.147288
732.982449 239.934313 0.145070 0.000000 0.145070
429.316663 82.669851 0.065507 0.000000 0.065507
85.647750 505.118674 0.077518 0.000000 0.077518
267.537169 117.420680 0.101013 0.000000 0.101013
835.572060 388.678557 0.089076 0.000000 0.089076
271.027667 135.960946 0.116086 0.000000 0.116086
189.781159 514.619155 0.047097 0.000000 0.047097
673.133417 200.108155 0.173628 0.000000 0.173628
180.853554 533.302087 0.042994 0.000000 0.042994
198.978032 498.467713 0.126352 0.000000 0.126352
453.695884 389.396924 0.103595 0.000000 0.103595
230.999682 431.473391 0.151835 0.000000 0.151835
738.113878 382.272616 0.104575 0.000000 0.104575
424.817483 58.517936 0.100578 0.000000 0.100578
135.749244 512.430436 0.066823 0.000000 0.066823
793.551592 146.854483 0.173614 0.000000 0.173614
421.724554 48.229085 0.086564 0.000000 0.086564
279.623782 450.245089 0.132544 0.000000 0.132544
458.745401 64.600145 0.121076 0.000000 0.121076
258.198192 43.755430 0.026463 0.000000 0.026463
