1.0
1123
124.305645 475.423814 0.075989 0.000000 0.075989
182.407177 397.709842 0.052897 0.000000 0.052897
434.270548 507.280974 0.035114 0.000000 0.035114
99.824474 561.009831 0.144428 0.000000 0.144428
46.945111 29.598551 0.017326 0.000000 0.017326
315.361833 104.146745 0.152581 0.000000 0.152581
408.807766 71.165253 0.042288 0.000000 0.042288
101.446328 489.022865 0.063688 0.000000 0.063688
468.399071 478.130184 0.076628 0.000000 0.076628
256.417322 18.047215 0.050304 0.000000 0.050304
426.552473 523.655719 0.062718 0.000000 0.062718
787.610222 213.788175 0.114634 0.000000 0.114634
427.014269 381.910655 0.121089 0.000000 0.121089
58.701496 484.803031 0.094006 0.000000 0.094006
103.561076 556.135964 0.045975 0.000000 0.045975
40.818457 554.174119 0.096954 0.000000 0.096954
739.104599 328.733362 0.055375 0.000000 0.055375
297.426010 570.317735 0.056620 0.000000 0.056620
161.914881 456.065444 0.168196 0.000000 0.168196
121.045795 390.291638 0.166235 0.000000 0.166235
280.798925 541.255792 0.040438 0.000000 0.040438
593.966978 173.717507 0.047305 0.000000 0.047305
316.056491 29.742709 0.140122 0.000000 0.140122
244.807445 406.337389 0.073662 0.000000 0.073662
562.141493 54.660447 0.080198 0.000000 0.080198
112.772926 408.128810 0.084293 0.000000 0.084293
280.849280 445.780928 0.030930 0.000000 0.030930
690.387618 54.067264 0.112708 0.000000 0.112708
266.800511 587.744515 0.126432 0.000000 0.126432
82.994648 65.454240 0.130239 0.000000 0.130239
140.009310 243.094734 0.020932 0.000000 0.020932
133.328748 443.476256 0.156536 0.000000 0.156536
442.785436 162.287687 0.037925 0.000000 0.037925
499.665885 508.263278 0.101623 0.000000 0.101623
635.728523 180.738152 0.131231 0.000000 0.131231
18.617058 395.693569 0.076673 0.000000 0.076673
700.398341 598.408991 0.149750 0.000000 0.149750
151.645654 455.059580 0.023400 0.000000 0.023400
232.156410 389.066401 0.143507 0.000000 0.143507
152.057523 446.957847 0.128943 0.000000 0.128943
369.856840 535.365172 0.073604 0.000000 0.073604
691.143749 563.348127 0.023539 0.000000 0.023539
341.341557 370.781664 0.069853 0.000000 0.069853
624.743271 142.269472 0.085876 0.000000 0.085876
383.759017 166.472885 0.015717 0.000000 0.015717
561.751561 138.521296 0.027841 0.000000 0.027841
249.643429 30.404896 0.133937 0.000000 0.133937
476.955598 600.444915 0.170652 0.000000 0.170652
19.323459 34.323542 0.029254 0.000000 0.029254
420.559672 341.024919 0.033288 0.000000 0.033288
154.575959 414.913706 0.151218 0.000000 0.151218
345.289455 78.969364 0.126748 0.000000 0.126748
759.632815 461.770085 0.023998 0.000000 0.023998
395.637942 294.153203 0.087729 0.000000 0.087729
578.976070 116.888190 0.144482 0.000000 0.144482
290.076797 558.139722 0.055101 0.000000 0.055101
164.335690 93.687977 0.080180 0.000000 0.080180
350.579477 449.182410 0.145175 0.000000 0.145175
336.653833 203.471837 0.071202 0.000000 0.071202
486.130827 480.592446 0.042596 0.000000 0.042596
45.126693 581.608224 0.141780 0.000000 0.141780
285.205962 567.997992 0.018703 0.000000 0.018703
82.464321 65.503142 0.030474 0.000000 0.030474
179.338245 473.778131 0.161938 0.000000 0.161938
194.171981 250.374781 0.071718 0.000000 0.071718
109.762375 552.627511 0.065428 0.000000 0.065428
560.737207 115.976290 0.097265 0.000000 0.097265
567.443897 256.691864 0.139259 0.000000 0.139259
315.427823 592.150561 0.042329 0.000000 0.042329
122.252392 595.155776 0.036134 0.000000 0.036134
237.969872 397.485174 0.101642 0.000000 0.101642
701.205567 153.098995 0.149878 0.000000 0.149878
575.314499 71.983470 0.051989 0.000000 0.051989
645.905982 193.554148 0.128279 0.000000 0.128279
110.868546 63.660843 0.034170 0.000000 0.034170
300.398428 209.068082 0.156643 0.000000 0.156643
448.264478 337.618079 0.032569 0.000000 0.032569
42.305545 144.108669 0.103471 0.000000 0.103471
663.393241 397.233939 0.044723 0.000000 0.044723
762.793437 461.285223 0.067927 0.000000 0.067927
498.301037 249.371482 0.109741 0.000000 0.109741
538.503301 233.778898 0.146487 0.000000 0.146487
670.285438 595.635375 0.016115 0.000000 0.016115
653.530037 187.540448 0.065094 0.000000 0.065094
446.784329 289.550158 0.019719 0.000000 0.019719
313.483757 36.544668 0.032930 0.000000 0.032930
134.221758 612.412321 0.055429 0.000000 0.055429
649.767537 111.019419 0.072576 0.000000 0.072576
769.430008 373.295142 0.026156 0.000000 0.026156
502.924310 67.831838 0.098733 0.000000 0.098733
760.850343 547.930556 0.151120 0.000000 0.151120
385.509586 126.317075 0.151699 0.000000 0.151699
469.656480 268.676077 0.157630 0.000000 0.157630
82.140617 594.582795 0.086972 0.000000 0.086972
694.790645 529.521330 0.085915 0.000000 0.085915
493.396903 295.048304 0.056610 0.000000 0.056610
28.306574 585.157058 0.114498 0.000000 0.114498
145.010973 48.664746 0.125386 0.000000 0.125386
494.405600 94.439301 0.136468 0.000000 0.136468
262.073582 438.506636 0.035885 0.000000 0.035885
490.927013 530.420074 0.131829 0.000000 0.131829
246.708175 199.719723 0.030890 0.000000 0.030890
647.910877 244.841394 0.086499 0.000000 0.086499
569.115162 85.531087 0.128110 0.000000 0.128110
544.384503 88.788485 0.079070 0.000000 0.079070
741.406017 481.361397 0.086294 0.000000 0.086294
93.055620 503.019654 0.075779 0.000000 0.075779
147.610305 131.243561 0.120040 0.000000 0.120040
415.711201 271.658038 0.128313 0.000000 0.128313
117.147770 92.959106 0.080364 0.000000 0.080364
456.487017 72.832773 0.077869 0.000000 0.077869
728.913263 562.805832 0.107731 0.000000 0.107731
701.735691 13.297375 0.167815 0.000000 0.167815
188.325442 82.192730 0.021207 0.000000 0.021207
623.158299 510.304690 0.034639 0.000000 0.034639
733.410905 126.647780 0.135685 0.000000 0.135685
790.180700 423.329154 0.128928 0.000000 0.128928
346.801425 448.787620 0.017914 0.000000 0.017914
267.447808 537.210837 0.012064 0.000000 0.012064
246.259669 303.219850 0.004598 0.000000 0.004598
554.194752 603.229739 0.037737 0.000000 0.037737
720.675491 398.019231 0.114582 0.000000 0.114582
257.957485 422.369353 0.039268 0.000000 0.039268
483.937230 130.373140 0.100443 0.000000 0.100443
80.084282 131.744796 0.038615 0.000000 0.038615
747.047686 394.540818 0.146590 0.000000 0.146590
354.785429 324.757685 0.018133 0.000000 0.018133
71.157540 130.100281 0.007067 0.000000 0.007067
372.608159 163.025214 0.071313 0.000000 0.071313
197.809475 264.011992 0.070622 0.000000 0.070622
115.630980 246.608061 0.053125 0.000000 0.053125
124.663847 79.540593 0.005994 0.000000 0.005994
493.426524 126.780361 0.141080 0.000000 0.141080
601.150192 171.267154 0.005898 0.000000 0.005898
649.033416 433.819064 0.162871 0.000000 0.162871
187.177842 492.393964 0.042177 0.000000 0.042177
456.611331 333.220988 0.037494 0.000000 0.037494
549.760819 100.200096 0.119454 0.000000 0.119454
726.658143 392.899998 0.035822 0.000000 0.035822
696.563178 53.046810 0.022261 0.000000 0.022261
736.213562 145.562994 0.052073 0.000000 0.052073
723.544954 619.085218 0.055424 0.000000 0.055424
193.954353 612.011661 0.046385 0.000000 0.046385
263.309288 550.293466 0.029531 0.000000 0.029531
230.531511 417.392528 0.044642 0.000000 0.044642
494.613077 586.463502 0.026538 0.000000 0.026538
157.715787 33.458291 0.162552 0.000000 0.162552
246.942723 91.724443 0.010093 0.000000 0.010093
509.400304 129.730838 0.129242 0.000000 0.129242
409.220381 380.124903 0.074341 0.000000 0.074341
120.401552 604.881314 0.059364 0.000000 0.059364
478.936461 565.464475 0.044322 0.000000 0.044322
762.295483 353.716005 0.110296 0.000000 0.110296
57.383453 120.292515 0.136445 0.000000 0.136445
541.915299 60.697214 0.140116 0.000000 0.140116
92.017051 244.806365 0.099771 0.000000 0.099771
504.758701 465.274477 0.138704 0.000000 0.138704
592.449587 569.659090 0.023438 0.000000 0.023438
525.574277 228.300578 0.054313 0.000000 0.054313
422.915649 315.694621 0.082280 0.000000 0.082280
329.270442 47.575410 0.051255 0.000000 0.051255
387.618239 285.111867 0.156969 0.000000 0.156969
662.617780 377.488405 0.032309 0.000000 0.032309
680.582993 287.736062 0.090910 0.000000 0.090910
166.092699 234.239551 0.019198 0.000000 0.019198
546.183424 563.361239 0.091358 0.000000 0.091358
101.772789 428.047223 0.080046 0.000000 0.080046
246.119779 522.194001 0.046917 0.000000 0.046917
775.348103 244.191513 0.019375 0.000000 0.019375
320.337382 100.661808 0.036734 0.000000 0.036734
36.387865 433.987584 0.162387 0.000000 0.162387
137.812628 395.811417 0.011134 0.000000 0.011134
257.590152 269.309361 0.103959 0.000000 0.103959
785.862135 41.981103 0.111021 0.000000 0.111021
9.820047 406.915461 0.071103 0.000000 0.071103
393.094999 165.984604 0.045252 0.000000 0.045252
690.878986 459.447909 0.026384 0.000000 0.026384
369.082320 293.822287 0.054992 0.000000 0.054992
19.925216 437.050791 0.173047 0.000000 0.173047
207.778170 537.725246 0.169810 0.000000 0.169810
93.280473 414.582016 0.008793 0.000000 0.008793
711.615901 404.576267 0.143551 0.000000 0.143551
767.125619 473.302208 0.137106 0.000000 0.137106
640.625495 198.885938 0.028138 0.000000 0.028138
503.611089 475.058819 0.108057 0.000000 0.108057
378.997448 540.380945 0.095628 0.000000 0.095628
49.384254 589.384354 0.156591 0.000000 0.156591
215.879997 263.865957 0.022525 0.000000 0.022525
569.416988 555.095194 0.166037 0.000000 0.166037
200.671298 280.019575 0.098512 0.000000 0.098512
69.373036 287.218712 0.035013 0.000000 0.035013
759.475901 429.329122 0.067379 0.000000 0.067379
675.620209 157.307169 0.026018 0.000000 0.026018
723.415069 440.967332 0.088293 0.000000 0.088293
439.326136 67.849371 0.039562 0.000000 0.039562
752.861022 574.401930 0.161871 0.000000 0.161871
259.175278 442.902002 0.057943 0.000000 0.057943
630.237963 401.488681 0.141546 0.000000 0.141546
310.106883 627.298479 0.157755 0.000000 0.157755
456.991969 300.009368 0.078303 0.000000 0.078303
548.172941 104.964509 0.101948 0.000000 0.101948
31.914072 76.726798 0.031258 0.000000 0.031258
565.225276 590.615300 0.100142 0.000000 0.100142
63.960928 65.897676 0.047898 0.000000 0.047898
20.441577 11.086753 0.061190 0.000000 0.061190
691.604892 327.095486 0.139137 0.000000 0.139137
526.605272 446.910294 0.076593 0.000000 0.076593
123.901845 78.431690 0.037964 0.000000 0.037964
111.983066 594.619891 0.060401 0.000000 0.060401
734.278548 139.872636 0.074476 0.000000 0.074476
63.503340 116.576889 0.045579 0.000000 0.045579
736.499582 123.535527 0.031908 0.000000 0.031908
557.500448 555.546982 0.162139 0.000000 0.162139
636.544626 204.426447 0.076861 0.000000 0.076861
705.742692 392.625815 0.123280 0.000000 0.123280
442.717074 610.751249 0.104353 0.000000 0.104353
709.241096 540.852724 0.031203 0.000000 0.031203
76.021115 16.622829 0.086885 0.000000 0.086885
58.760097 534.793507 0.100093 0.000000 0.100093
221.458459 22.730563 0.046308 0.000000 0.046308
412.355223 266.612838 0.039845 0.000000 0.039845
153.478370 233.484694 0.005982 0.000000 0.005982
698.509585 363.617748 0.033623 0.000000 0.033623
356.798637 132.587977 0.007226 0.000000 0.007226
303.390938 301.911465 0.141634 0.000000 0.141634
662.275422 105.235302 0.145373 0.000000 0.145373
684.550400 289.641647 0.040461 0.000000 0.040461
592.272995 558.423540 0.088205 0.000000 0.088205
20.592625 448.285880 0.118775 0.000000 0.118775
419.902041 257.908805 0.007451 0.000000 0.007451
509.748691 486.982648 0.096936 0.000000 0.096936
107.961701 283.607853 0.096642 0.000000 0.096642
383.812547 533.519063 0.018857 0.000000 0.018857
239.876819 431.020451 0.049383 0.000000 0.049383
29.122647 262.001184 0.034988 0.000000 0.034988
724.415259 414.745886 0.146880 0.000000 0.146880
695.202605 357.160925 0.122790 0.000000 0.122790
726.110180 440.563554 0.016361 0.000000 0.016361
89.000007 56.745486 0.151737 0.000000 0.151737
573.189407 540.586940 0.106304 0.000000 0.106304
507.564778 624.024407 0.173277 0.000000 0.173277
278.349427 79.287756 0.017894 0.000000 0.017894
384.246600 54.773360 0.054555 0.000000 0.054555
431.900555 622.244883 0.056200 0.000000 0.056200
635.570052 538.645877 0.044454 0.000000 0.044454
771.564635 290.413962 0.053582 0.000000 0.053582
545.671311 241.320208 0.094189 0.000000 0.094189
459.532649 51.929270 0.073666 0.000000 0.073666
516.177387 58.773797 0.133273 0.000000 0.133273
377.056941 622.404996 0.098345 0.000000 0.098345
579.274171 426.055430 0.056015 0.000000 0.056015
688.960674 36.607356 0.116871 0.000000 0.116871
501.446336 578.511750 0.025153 0.000000 0.025153
483.497618 306.505727 0.012736 0.000000 0.012736
165.162253 514.973104 0.021971 0.000000 0.021971
412.925943 260.979067 0.120495 0.000000 0.120495
397.089968 552.100043 0.034970 0.000000 0.034970
286.497400 83.707381 0.042187 0.000000 0.042187
724.700982 495.254461 0.032017 0.000000 0.032017
659.209063 384.919803 0.017175 0.000000 0.017175
321.421032 261.700917 0.066830 0.000000 0.066830
546.804214 446.737615 0.013770 0.000000 0.013770
610.195617 552.205968 0.054868 0.000000 0.054868
793.303948 367.116500 0.176212 0.000000 0.176212
618.325819 395.460575 0.093572 0.000000 0.093572
511.542555 488.744444 0.029223 0.000000 0.029223
697.226650 370.271530 0.059239 0.000000 0.059239
706.477383 520.110731 0.076024 0.000000 0.076024
152.641983 85.423662 0.145776 0.000000 0.145776
560.149817 608.073776 0.057807 0.000000 0.057807
121.560558 219.161223 0.064920 0.000000 0.064920
415.991392 309.331866 0.063455 0.000000 0.063455
572.878189 11.301754 0.108224 0.000000 0.108224
673.466555 71.364532 0.048975 0.000000 0.048975
635.016459 49.699091 0.096030 0.000000 0.096030
435.523602 583.599533 0.135415 0.000000 0.135415
747.516972 497.427423 0.038823 0.000000 0.038823
445.928641 575.233865 0.125395 0.000000 0.125395
131.330760 620.300344 0.054535 0.000000 0.054535
227.282401 382.419463 0.131716 0.000000 0.131716
694.366130 31.775322 0.144445 0.000000 0.144445
68.411101 118.840888 0.134961 0.000000 0.134961
421.989186 512.640136 0.011175 0.000000 0.011175
266.813123 513.050089 0.109907 0.000000 0.109907
774.954503 22.449668 0.028980 0.000000 0.028980
125.304620 434.279444 0.094955 0.000000 0.094955
629.867686 245.600758 0.025698 0.000000 0.025698
501.000588 159.397348 0.005393 0.000000 0.005393
304.814135 579.692250 0.095549 0.000000 0.095549
148.379308 37.167959 0.007840 0.000000 0.007840
460.101565 69.605361 0.006378 0.000000 0.006378
455.565975 78.421069 0.082153 0.000000 0.082153
686.769445 361.012208 0.144173 0.000000 0.144173
757.780931 586.429552 0.098526 0.000000 0.098526
441.882049 370.748423 0.065149 0.000000 0.065149
361.316484 206.110989 0.027940 0.000000 0.027940
576.190585 581.383395 0.066046 0.000000 0.066046
201.883433 257.208567 0.010985 0.000000 0.010985
144.431153 428.852933 0.125001 0.000000 0.125001
102.918858 582.796658 0.037407 0.000000 0.037407
468.434135 33.067129 0.069027 0.000000 0.069027
429.812935 406.410062 0.007210 0.000000 0.007210
167.707087 93.622128 0.005081 0.000000 0.005081
617.398129 314.809076 0.024476 0.000000 0.024476
729.231729 508.306111 0.068341 0.000000 0.068341
453.517226 113.314959 0.011262 0.000000 0.011262
64.267217 270.011169 0.084745 0.000000 0.084745
222.461906 407.706187 0.045110 0.000000 0.045110
713.145244 353.583145 0.076260 0.000000 0.076260
499.540344 387.561451 0.152282 0.000000 0.152282
512.250204 450.127535 0.009766 0.000000 0.009766
179.649725 483.728180 0.011954 0.000000 0.011954
237.824103 95.233202 0.054211 0.000000 0.054211
403.620541 510.744783 0.089836 0.000000 0.089836
348.085505 561.366849 0.023532 0.000000 0.023532
271.252561 443.058899 0.017554 0.000000 0.017554
122.091110 110.567710 0.103399 0.000000 0.103399
133.161899 432.191287 0.013377 0.000000 0.013377
125.503397 490.146761 0.103843 0.000000 0.103843
565.174258 439.661265 0.064170 0.000000 0.064170
623.202420 543.504504 0.014717 0.000000 0.014717
200.851649 526.234092 0.021147 0.000000 0.021147
257.694687 111.525287 0.049385 0.000000 0.049385
185.937073 616.083175 0.030161 0.000000 0.030161
732.273012 514.006114 0.023865 0.000000 0.023865
262.549621 228.396148 0.043748 0.000000 0.043748
102.999606 260.058251 0.059815 0.000000 0.059815
143.659864 444.516819 0.004146 0.000000 0.004146
775.771282 402.434003 0.100302 0.000000 0.100302
304.505898 26.950128 0.065603 0.000000 0.065603
611.649772 408.701231 0.004742 0.000000 0.004742
398.515757 601.434258 0.070179 0.000000 0.070179
421.027271 380.597520 0.028888 0.000000 0.028888
211.994199 73.211360 0.067006 0.000000 0.067006
210.066544 627.487092 0.112691 0.000000 0.112691
203.109585 306.025856 0.059184 0.000000 0.059184
461.825294 559.856517 0.070136 0.000000 0.070136
498.384105 67.033537 0.170583 0.000000 0.170583
276.303095 475.603086 0.122020 0.000000 0.122020
613.721006 623.595251 0.137372 0.000000 0.137372
748.308401 411.021154 0.128875 0.000000 0.128875
486.210352 225.228116 0.053661 0.000000 0.053661
510.576733 625.964465 0.049568 0.000000 0.049568
666.707787 102.666959 0.009464 0.000000 0.009464
782.435363 81.336308 0.098740 0.000000 0.098740
420.916333 323.672948 0.040869 0.000000 0.040869
639.563840 164.334337 0.032298 0.000000 0.032298
448.751442 593.813958 0.097800 0.000000 0.097800
296.725992 606.321476 0.013100 0.000000 0.013100
770.560201 618.475136 0.141851 0.000000 0.141851
68.652210 281.565642 0.108819 0.000000 0.108819
466.699308 29.567143 0.126495 0.000000 0.126495
621.157170 545.616992 0.040336 0.000000 0.040336
455.773087 369.009418 0.008137 0.000000 0.008137
495.725734 38.675330 0.137527 0.000000 0.137527
264.208580 197.479737 0.095420 0.000000 0.095420
750.913158 188.298598 0.019522 0.000000 0.019522
397.131048 66.866047 0.123115 0.000000 0.123115
279.066213 50.562802 0.045278 0.000000 0.045278
277.305625 198.053270 0.006004 0.000000 0.006004
632.751725 575.197765 0.043944 0.000000 0.043944
393.247032 33.506615 0.022967 0.000000 0.022967
64.271648 18.503797 0.155660 0.000000 0.155660
682.925418 369.146208 0.117983 0.000000 0.117983
529.137381 231.844297 0.108761 0.000000 0.108761
108.725821 335.275663 0.092353 0.000000 0.092353
487.292172 122.852176 0.040437 0.000000 0.040437
503.955748 236.791970 0.043626 0.000000 0.043626
149.326464 423.166691 0.161536 0.000000 0.161536
158.800105 473.014603 0.145454 0.000000 0.145454
734.661766 606.687949 0.036358 0.000000 0.036358
349.476611 363.243987 0.021405 0.000000 0.021405
148.557168 84.356827 0.051996 0.000000 0.051996
571.287552 582.183680 0.112100 0.000000 0.112100
143.745040 453.189162 0.127732 0.000000 0.127732
731.490789 415.314974 0.045985 0.000000 0.045985
15.847141 344.990312 0.134585 0.000000 0.134585
162.697736 244.920633 0.052972 0.000000 0.052972
482.300719 48.868037 0.115249 0.000000 0.115249
141.560243 360.233315 0.081331 0.000000 0.081331
780.196717 451.534126 0.109359 0.000000 0.109359
652.205926 282.024100 0.047006 0.000000 0.047006
116.472904 435.959706 0.004080 0.000000 0.004080
67.133670 189.655598 0.008829 0.000000 0.008829
385.765158 75.940088 0.126238 0.000000 0.126238
474.637809 14.335110 0.148429 0.000000 0.148429
52.601976 487.863049 0.042168 0.000000 0.042168
322.846093 98.385304 0.095169 0.000000 0.095169
741.026650 397.411898 0.097896 0.000000 0.097896
768.026771 237.694491 0.047603 0.000000 0.047603
653.942223 103.245383 0.052918 0.000000 0.052918
208.357237 506.054904 0.039650 0.000000 0.039650
269.143757 520.437338 0.037244 0.000000 0.037244
487.923840 530.414309 0.011965 0.000000 0.011965
451.740753 590.915344 0.007423 0.000000 0.007423
146.775545 99.647282 0.032348 0.000000 0.032348
280.577479 579.408466 0.038383 0.000000 0.038383
298.291326 597.610994 0.090065 0.000000 0.090065
338.952499 265.220954 0.098744 0.000000 0.098744
680.940472 147.800268 0.073829 0.000000 0.073829
88.189568 265.607476 0.070314 0.000000 0.070314
750.746616 154.105250 0.109312 0.000000 0.109312
486.454032 78.606863 0.099210 0.000000 0.099210
410.683224 558.271473 0.053160 0.000000 0.053160
468.583622 497.810763 0.051109 0.000000 0.051109
467.651361 124.257570 0.007675 0.000000 0.007675
114.321475 574.384137 0.111928 0.000000 0.111928
759.183468 344.625986 0.080996 0.000000 0.080996
99.792563 114.667778 0.020650 0.000000 0.020650
616.713069 582.385299 0.097644 0.000000 0.097644
490.611440 90.084984 0.028987 0.000000 0.028987
219.992353 582.494844 0.059321 0.000000 0.059321
73.849566 71.574197 0.016287 0.000000 0.016287
730.632717 411.751769 0.116923 0.000000 0.116923
221.846885 374.536719 0.039764 0.000000 0.039764
180.618198 478.924620 0.091953 0.000000 0.091953
23.300291 142.962954 0.017840 0.000000 0.017840
599.727563 215.758920 0.170027 0.000000 0.170027
117.396225 552.807377 0.090322 0.000000 0.090322
100.605578 256.788346 0.093323 0.000000 0.093323
500.515023 468.659098 0.037062 0.000000 0.037062
756.790285 469.357360 0.174860 0.000000 0.174860
229.899457 377.077525 0.010224 0.000000 0.010224
602.187213 213.096817 0.096611 0.000000 0.096611
584.156733 458.894722 0.021600 0.000000 0.021600
692.182177 550.221345 0.008132 0.000000 0.008132
492.830907 78.466642 0.155966 0.000000 0.155966
211.259041 285.399535 0.007039 0.000000 0.007039
131.090044 597.128468 0.092140 0.000000 0.092140
616.934369 545.298439 0.132290 0.000000 0.132290
505.352813 456.642455 0.146923 0.000000 0.146923
219.707582 563.645719 0.015137 0.000000 0.015137
705.952732 170.433383 0.146165 0.000000 0.146165
787.754160 573.871412 0.106305 0.000000 0.106305
158.760913 83.467203 0.063358 0.000000 0.063358
163.089044 246.222989 0.013771 0.000000 0.013771
121.265563 342.532791 0.126888 0.000000 0.126888
581.605544 589.027160 0.114495 0.000000 0.114495
729.440921 426.960376 0.110297 0.000000 0.110297
742.959043 540.664831 0.164806 0.000000 0.164806
440.479307 343.601035 0.026890 0.000000 0.026890
711.842580 172.265490 0.056962 0.000000 0.056962
421.709489 563.705260 0.068096 0.000000 0.068096
731.767262 488.837746 0.010014 0.000000 0.010014
700.616599 535.059176 0.026128 0.000000 0.026128
790.244045 147.769417 0.150401 0.000000 0.150401
394.610037 352.234241 0.040820 0.000000 0.040820
299.593515 274.103311 0.031410 0.000000 0.031410
264.572252 399.745228 0.129008 0.000000 0.129008
664.501685 510.293537 0.021416 0.000000 0.021416
389.403530 89.281061 0.035343 0.000000 0.035343
470.329149 464.285204 0.004083 0.000000 0.004083
267.788328 434.364555 0.067149 0.000000 0.067149
84.266813 308.698939 0.128967 0.000000 0.128967
494.429716 34.512028 0.083513 0.000000 0.083513
302.477191 595.184102 0.013658 0.000000 0.013658
110.753756 575.966522 0.025354 0.000000 0.025354
332.332132 186.748909 0.075699 0.000000 0.075699
490.637880 589.949402 0.171624 0.000000 0.171624
237.557654 404.777861 0.086041 0.000000 0.086041
222.045186 218.128639 0.113710 0.000000 0.113710
777.404901 609.751371 0.140914 0.000000 0.140914
478.793489 525.221199 0.112765 0.000000 0.112765
515.706732 563.928947 0.092547 0.000000 0.092547
724.529574 220.553580 0.033782 0.000000 0.033782
377.492093 586.034795 0.032020 0.000000 0.032020
309.397377 592.222002 0.106063 0.000000 0.106063
763.339332 571.670490 0.108098 0.000000 0.108098
453.733077 322.171742 0.153344 0.000000 0.153344
673.461925 328.714547 0.028780 0.000000 0.028780
403.566860 543.502772 0.019113 0.000000 0.019113
235.052354 357.437642 0.056136 0.000000 0.056136
269.686920 403.474094 0.068362 0.000000 0.068362
481.902512 225.884394 0.100890 0.000000 0.100890
742.247472 145.765387 0.004588 0.000000 0.004588
268.955182 237.977340 0.153446 0.000000 0.153446
679.962284 105.695611 0.071626 0.000000 0.071626
371.905510 121.424282 0.045323 0.000000 0.045323
776.614095 263.976811 0.130261 0.000000 0.130261
186.549017 532.932008 0.005182 0.000000 0.005182
530.651643 436.807663 0.066800 0.000000 0.066800
645.724890 280.083728 0.030227 0.000000 0.030227
717.987153 625.505402 0.154447 0.000000 0.154447
204.312815 516.929869 0.066234 0.000000 0.066234
712.750831 40.558977 0.120447 0.000000 0.120447
717.367654 398.180922 0.017877 0.000000 0.017877
160.045016 512.343674 0.052677 0.000000 0.052677
420.947667 386.916531 0.005968 0.000000 0.005968
371.291390 621.356543 0.065567 0.000000 0.065567
455.121840 323.082754 0.055912 0.000000 0.055912
678.369117 188.143708 0.064570 0.000000 0.064570
323.719901 305.286119 0.005570 0.000000 0.005570
726.761927 58.150896 0.170180 0.000000 0.170180
36.185332 84.688120 0.008642 0.000000 0.008642
377.652489 525.003288 0.009797 0.000000 0.009797
382.555492 128.199652 0.020101 0.000000 0.020101
383.828396 282.099640 0.045382 0.000000 0.045382
394.610540 90.423742 0.123351 0.000000 0.123351
379.206430 607.597686 0.104704 0.000000 0.104704
774.017135 597.513100 0.126079 0.000000 0.126079
241.074546 414.718054 0.009395 0.000000 0.009395
450.287544 569.158765 0.154821 0.000000 0.154821
774.533645 52.290496 0.046275 0.000000 0.046275
681.848382 361.138519 0.035360 0.000000 0.035360
388.540070 546.541683 0.104486 0.000000 0.104486
659.970472 101.592400 0.088448 0.000000 0.088448
744.034432 400.825571 0.060919 0.000000 0.060919
132.829717 84.202984 0.071617 0.000000 0.071617
645.251568 562.494317 0.109291 0.000000 0.109291
229.953330 352.808480 0.073068 0.000000 0.073068
645.085227 101.480042 0.005289 0.000000 0.005289
719.251730 508.407720 0.021924 0.000000 0.021924
525.041537 453.818275 0.077003 0.000000 0.077003
206.417989 569.398334 0.030998 0.000000 0.030998
776.342096 120.015933 0.069124 0.000000 0.069124
427.784548 454.449227 0.018676 0.000000 0.018676
218.540340 25.120584 0.135353 0.000000 0.135353
307.603309 233.579080 0.074973 0.000000 0.074973
508.153435 341.549912 0.005830 0.000000 0.005830
164.759347 422.241643 0.098616 0.000000 0.098616
142.069128 216.449374 0.050251 0.000000 0.050251
35.627153 595.582953 0.005055 0.000000 0.005055
751.940794 104.603161 0.024956 0.000000 0.024956
16.615725 421.737035 0.047576 0.000000 0.047576
179.153177 531.244635 0.046653 0.000000 0.046653
684.709672 156.840179 0.006478 0.000000 0.006478
447.212186 64.672185 0.131578 0.000000 0.131578
744.484933 263.561802 0.030113 0.000000 0.030113
775.557487 126.633448 0.042970 0.000000 0.042970
665.203735 326.607532 0.047460 0.000000 0.047460
249.473364 432.041762 0.004384 0.000000 0.004384
474.604824 55.387818 0.015930 0.000000 0.015930
370.372876 301.548138 0.102290 0.000000 0.102290
230.898433 408.629744 0.073024 0.000000 0.073024
482.395267 303.460923 0.122991 0.000000 0.122991
639.227322 264.350676 0.169932 0.000000 0.169932
35.009581 39.849953 0.009246 0.000000 0.009246
307.728392 23.164244 0.130185 0.000000 0.130185
310.456093 87.175145 0.018279 0.000000 0.018279
212.342295 376.753071 0.017479 0.000000 0.017479
419.313481 93.026463 0.022951 0.000000 0.022951
649.482552 582.842167 0.075634 0.000000 0.075634
528.210598 115.630092 0.005170 0.000000 0.005170
536.836109 568.939058 0.051081 0.000000 0.051081
653.420516 91.881492 0.124624 0.000000 0.124624
749.122265 417.515215 0.105279 0.000000 0.105279
581.728669 533.568817 0.107919 0.000000 0.107919
435.783659 331.979687 0.163905 0.000000 0.163905
596.768090 521.143807 0.115474 0.000000 0.115474
236.843624 66.686324 0.153273 0.000000 0.153273
177.801880 410.157512 0.095709 0.000000 0.095709
126.688381 612.993939 0.092963 0.000000 0.092963
289.318318 104.245731 0.123192 0.000000 0.123192
573.178864 475.215637 0.013971 0.000000 0.013971
437.589636 233.910311 0.125838 0.000000 0.125838
784.274847 73.736769 0.085240 0.000000 0.085240
70.534664 98.555540 0.055264 0.000000 0.055264
106.113599 100.538687 0.135132 0.000000 0.135132
775.375783 287.662923 0.157862 0.000000 0.157862
399.863400 252.276556 0.104758 0.000000 0.104758
674.676031 361.405133 0.072423 0.000000 0.072423
396.687590 63.069091 0.058998 0.000000 0.058998
407.328419 519.033056 0.155508 0.000000 0.155508
68.456881 17.800449 0.033686 0.000000 0.033686
121.324233 66.725714 0.100113 0.000000 0.100113
143.864873 217.009729 0.020268 0.000000 0.020268
745.702837 335.874395 0.015546 0.000000 0.015546
297.725395 258.425226 0.003994 0.000000 0.003994
472.380775 359.815134 0.171593 0.000000 0.171593
297.392439 308.403609 0.012798 0.000000 0.012798
488.326814 594.392375 0.027683 0.000000 0.027683
147.232597 146.425100 0.107278 0.000000 0.107278
688.305473 370.713235 0.035137 0.000000 0.035137
279.725855 120.092679 0.028376 0.000000 0.028376
73.637501 250.205145 0.052471 0.000000 0.052471
74.326828 257.713321 0.060039 0.000000 0.060039
639.888874 553.292809 0.075322 0.000000 0.075322
188.439918 457.157842 0.089247 0.000000 0.089247
29.756443 143.063762 0.165541 0.000000 0.165541
56.144341 586.885495 0.043534 0.000000 0.043534
39.904912 137.521643 0.158884 0.000000 0.158884
273.466231 565.272363 0.050899 0.000000 0.050899
685.102667 99.583121 0.048160 0.000000 0.048160
535.733115 93.407138 0.039536 0.000000 0.039536
610.539778 615.957289 0.157993 0.000000 0.157993
97.767248 262.814389 0.025444 0.000000 0.025444
701.698423 26.757062 0.009884 0.000000 0.009884
462.404515 578.578285 0.031178 0.000000 0.031178
469.515348 85.791606 0.007424 0.000000 0.007424
102.816800 322.791778 0.032509 0.000000 0.032509
151.099836 134.470246 0.103620 0.000000 0.103620
240.768470 276.370029 0.069594 0.000000 0.069594
652.079478 370.883870 0.008427 0.000000 0.008427
677.710058 144.186675 0.020835 0.000000 0.020835
570.481441 205.273434 0.032807 0.000000 0.032807
268.384166 462.305229 0.028492 0.000000 0.028492
703.698900 15.956936 0.047711 0.000000 0.047711
148.330386 74.770209 0.022218 0.000000 0.022218
442.674338 557.248612 0.044673 0.000000 0.044673
406.538922 489.178161 0.053009 0.000000 0.053009
480.625391 43.155880 0.024138 0.000000 0.024138
648.738941 344.672666 0.089956 0.000000 0.089956
567.212527 545.586101 0.060436 0.000000 0.060436
623.123187 258.586973 0.134412 0.000000 0.134412
667.077240 325.550153 0.143158 0.000000 0.143158
762.471957 602.128229 0.028735 0.000000 0.028735
707.107388 41.190654 0.008635 0.000000 0.008635
117.022176 373.395009 0.136619 0.000000 0.136619
105.970361 224.514928 0.121967 0.000000 0.121967
162.075370 515.900086 0.004375 0.000000 0.004375
254.213859 416.370799 0.099587 0.000000 0.099587
287.638967 261.111664 0.112393 0.000000 0.112393
735.011698 263.271438 0.112483 0.000000 0.112483
562.780360 568.874391 0.008743 0.000000 0.008743
695.904536 26.146279 0.031003 0.000000 0.031003
622.136460 505.588315 0.137696 0.000000 0.137696
629.286134 180.794968 0.024632 0.000000 0.024632
639.284056 414.520904 0.066340 0.000000 0.066340
419.731705 351.890821 0.015110 0.000000 0.015110
652.748743 545.633719 0.004003 0.000000 0.004003
677.920343 109.981015 0.032790 0.000000 0.032790
695.473247 548.274709 0.114667 0.000000 0.114667
224.202237 78.165574 0.019552 0.000000 0.019552
553.056027 107.227362 0.020896 0.000000 0.020896
619.630753 260.896116 0.144765 0.000000 0.144765
121.289867 194.144660 0.139120 0.000000 0.139120
590.451128 600.767731 0.100550 0.000000 0.100550
366.223179 214.463306 0.064883 0.000000 0.064883
693.678905 195.761971 0.140484 0.000000 0.140484
507.983650 383.980855 0.090910 0.000000 0.090910
492.867335 58.622166 0.093824 0.000000 0.093824
766.908886 578.472121 0.117087 0.000000 0.117087
404.222762 333.926957 0.052324 0.000000 0.052324
259.031657 400.537779 0.103981 0.000000 0.103981
17.226439 480.261955 0.050257 0.000000 0.050257
316.295374 281.008494 0.039509 0.000000 0.039509
628.723058 259.910003 0.013623 0.000000 0.013623
382.479765 590.979214 0.006955 0.000000 0.006955
621.032160 181.230686 0.104589 0.000000 0.104589
749.904017 404.199488 0.137375 0.000000 0.137375
503.272277 388.543269 0.101405 0.000000 0.101405
171.586661 112.330673 0.144257 0.000000 0.144257
705.317173 85.363254 0.154076 0.000000 0.154076
537.943525 604.226956 0.121006 0.000000 0.121006
115.696140 35.412786 0.071831 0.000000 0.071831
373.349742 132.966588 0.051740 0.000000 0.051740
430.095707 548.378021 0.030775 0.000000 0.030775
663.806569 88.516600 0.093941 0.000000 0.093941
20.933030 118.585383 0.021993 0.000000 0.021993
561.367367 198.671432 0.005654 0.000000 0.005654
776.424982 261.520690 0.022619 0.000000 0.022619
294.964231 121.048426 0.009661 0.000000 0.009661
168.852868 528.598600 0.021832 0.000000 0.021832
415.730932 556.080501 0.105460 0.000000 0.105460
46.635752 118.276389 0.004776 0.000000 0.004776
129.259440 116.651771 0.069001 0.000000 0.069001
224.240398 555.920544 0.066924 0.000000 0.066924
580.809464 539.419350 0.063454 0.000000 0.063454
553.226251 206.317199 0.117390 0.000000 0.117390
372.444729 405.129869 0.052006 0.000000 0.052006
655.122674 343.220006 0.027718 0.000000 0.027718
123.693668 38.147198 0.037175 0.000000 0.037175
653.581238 378.648851 0.066471 0.000000 0.066471
399.116391 400.681743 0.084276 0.000000 0.084276
411.699174 325.181033 0.045010 0.000000 0.045010
434.500756 258.759353 0.091156 0.000000 0.091156
429.272576 563.139086 0.118981 0.000000 0.118981
110.798024 349.565229 0.149621 0.000000 0.149621
464.157902 574.847339 0.160757 0.000000 0.160757
553.816110 463.784251 0.007198 0.000000 0.007198
103.490256 377.332024 0.101206 0.000000 0.101206
621.541877 266.309160 0.056753 0.000000 0.056753
736.748670 260.066750 0.013010 0.000000 0.013010
480.390492 456.149969 0.063587 0.000000 0.063587
187.993724 518.777343 0.058457 0.000000 0.058457
504.987905 383.912276 0.038984 0.000000 0.038984
393.592351 365.898362 0.091378 0.000000 0.091378
226.048770 249.132470 0.090217 0.000000 0.090217
472.131840 532.771667 0.140715 0.000000 0.140715
721.737730 526.762100 0.088302 0.000000 0.088302
389.408750 69.522250 0.013128 0.000000 0.013128
744.989904 506.820805 0.031869 0.000000 0.031869
533.948534 112.786694 0.034142 0.000000 0.034142
568.827437 211.656675 0.093402 0.000000 0.093402
615.396922 549.838607 0.104172 0.000000 0.104172
422.801820 579.023921 0.152435 0.000000 0.152435
479.385561 327.905452 0.013158 0.000000 0.013158
519.430955 206.649396 0.064540 0.000000 0.064540
547.750696 572.808594 0.039935 0.000000 0.039935
467.074494 352.167573 0.147382 0.000000 0.147382
632.122454 364.770588 0.021804 0.000000 0.021804
372.272507 287.412550 0.045257 0.000000 0.045257
407.383016 95.673082 0.079257 0.000000 0.079257
772.986729 440.873904 0.169131 0.000000 0.169131
759.202781 509.131455 0.092507 0.000000 0.092507
733.958833 423.756068 0.115723 0.000000 0.115723
560.344673 416.929238 0.159219 0.000000 0.159219
317.515261 40.597377 0.143749 0.000000 0.143749
728.529320 286.483807 0.084854 0.000000 0.084854
417.859853 242.110000 0.017489 0.000000 0.017489
129.485330 363.204100 0.110563 0.000000 0.110563
377.761846 369.630233 0.071393 0.000000 0.071393
248.975803 512.107041 0.023148 0.000000 0.023148
660.806004 318.657155 0.004339 0.000000 0.004339
151.636941 221.882993 0.059443 0.000000 0.059443
556.613347 454.208825 0.162601 0.000000 0.162601
704.040760 562.748617 0.079408 0.000000 0.079408
627.500133 20.404823 0.061338 0.000000 0.061338
598.823074 286.113628 0.015360 0.000000 0.015360
209.016498 49.438010 0.050607 0.000000 0.050607
554.854206 245.550548 0.085802 0.000000 0.085802
719.982684 604.067659 0.109407 0.000000 0.109407
82.848247 414.586507 0.058177 0.000000 0.058177
753.152538 476.688003 0.004425 0.000000 0.004425
473.989075 502.010469 0.032830 0.000000 0.032830
248.714669 224.915160 0.007804 0.000000 0.007804
104.181373 153.378743 0.146421 0.000000 0.146421
348.097394 231.971887 0.113169 0.000000 0.113169
299.456870 460.844663 0.040332 0.000000 0.040332
694.748299 313.715923 0.104178 0.000000 0.104178
396.353342 379.442769 0.095901 0.000000 0.095901
238.314024 613.150415 0.148906 0.000000 0.148906
751.598151 95.290338 0.072636 0.000000 0.072636
574.814730 44.489911 0.038372 0.000000 0.038372
688.302236 534.629151 0.124848 0.000000 0.124848
505.781326 86.435633 0.086578 0.000000 0.086578
733.002942 65.160878 0.090079 0.000000 0.090079
503.052830 82.092234 0.175899 0.000000 0.175899
81.118578 253.742150 0.088205 0.000000 0.088205
167.040610 107.753016 0.051954 0.000000 0.051954
149.856808 11.307489 0.054486 0.000000 0.054486
330.132886 295.706455 0.011460 0.000000 0.011460
55.222500 151.487365 0.036742 0.000000 0.036742
75.084028 280.866945 0.028082 0.000000 0.028082
176.337993 237.751738 0.164667 0.000000 0.164667
648.998666 208.111259 0.019058 0.000000 0.019058
636.642242 408.878689 0.079867 0.000000 0.079867
394.152787 467.455480 0.004245 0.000000 0.004245
523.998036 37.551097 0.096889 0.000000 0.096889
395.796579 362.370996 0.050264 0.000000 0.050264
545.387847 623.527958 0.104150 0.000000 0.104150
326.635174 209.927120 0.027002 0.000000 0.027002
23.973766 272.779821 0.030565 0.000000 0.030565
695.997488 554.593231 0.133166 0.000000 0.133166
381.405944 368.591941 0.041111 0.000000 0.041111
323.102680 111.023833 0.011689 0.000000 0.011689
558.194086 482.181050 0.055117 0.000000 0.055117
116.897090 295.875443 0.063712 0.000000 0.063712
119.930525 356.627466 0.014123 0.000000 0.014123
150.797416 469.916146 0.020657 0.000000 0.020657
312.155130 252.972111 0.027935 0.000000 0.027935
74.582857 175.995409 0.069921 0.000000 0.069921
604.813400 540.766380 0.131541 0.000000 0.131541
111.297024 355.323984 0.122386 0.000000 0.122386
673.775248 101.363592 0.049240 0.000000 0.049240
464.997630 24.569766 0.009578 0.000000 0.009578
787.248188 468.591681 0.138384 0.000000 0.138384
134.758018 64.830814 0.150189 0.000000 0.150189
245.602371 617.933940 0.136825 0.000000 0.136825
97.457941 314.503519 0.102838 0.000000 0.102838
767.095795 355.350320 0.088567 0.000000 0.088567
481.360345 421.464756 0.053396 0.000000 0.053396
675.687861 117.325456 0.077464 0.000000 0.077464
245.770832 486.373331 0.058132 0.000000 0.058132
736.181141 524.263355 0.026745 0.000000 0.026745
730.101756 208.551062 0.012595 0.000000 0.012595
712.023927 280.354361 0.132632 0.000000 0.132632
188.387858 550.394391 0.024471 0.000000 0.024471
72.200441 140.439005 0.027399 0.000000 0.027399
452.490899 583.582781 0.078459 0.000000 0.078459
195.021920 487.510660 0.017779 0.000000 0.017779
175.028632 124.534915 0.124049 0.000000 0.124049
744.562468 270.846064 0.134799 0.000000 0.134799
158.255252 138.328543 0.012388 0.000000 0.012388
591.233252 603.213782 0.023449 0.000000 0.023449
643.871772 301.919708 0.077339 0.000000 0.077339
535.791067 472.060353 0.028093 0.000000 0.028093
494.584667 549.171214 0.164222 0.000000 0.164222
346.937644 134.373649 0.075984 0.000000 0.075984
631.644217 563.083685 0.101620 0.000000 0.101620
738.602947 404.168206 0.069870 0.000000 0.069870
779.394714 431.954612 0.093952 0.000000 0.093952
716.868838 290.967628 0.106222 0.000000 0.106222
184.821685 375.500962 0.175670 0.000000 0.175670
10.389328 611.928373 0.088864 0.000000 0.088864
646.460140 92.497610 0.043439 0.000000 0.043439
177.049546 491.658914 0.052080 0.000000 0.052080
38.914059 101.471250 0.065095 0.000000 0.065095
434.719698 411.353296 0.109167 0.000000 0.109167
497.592720 391.526478 0.017306 0.000000 0.017306
578.093510 434.177561 0.125542 0.000000 0.125542
627.321641 555.101186 0.112205 0.000000 0.112205
67.530981 158.212012 0.031868 0.000000 0.031868
593.975954 282.936535 0.044878 0.000000 0.044878
553.151494 146.794425 0.017132 0.000000 0.017132
687.557942 346.590599 0.137829 0.000000 0.137829
720.736034 279.908134 0.015508 0.000000 0.015508
645.106228 328.131721 0.133297 0.000000 0.133297
107.917641 374.759023 0.024869 0.000000 0.024869
28.940819 252.378195 0.135294 0.000000 0.135294
725.906786 534.486538 0.030626 0.000000 0.030626
456.234889 537.996272 0.062422 0.000000 0.062422
707.706747 89.182522 0.095989 0.000000 0.095989
395.973404 379.926164 0.031727 0.000000 0.031727
577.601114 454.167383 0.155630 0.000000 0.155630
589.831297 607.387647 0.069956 0.000000 0.069956
757.696326 597.063025 0.125600 0.000000 0.125600
155.461765 127.426604 0.004929 0.000000 0.004929
466.096503 332.106468 0.108649 0.000000 0.108649
669.843453 420.946598 0.007039 0.000000 0.007039
671.591165 138.247106 0.080787 0.000000 0.080787
71.018217 162.435812 0.055319 0.000000 0.055319
614.680527 564.770544 0.045744 0.000000 0.045744
376.803976 534.730067 0.117706 0.000000 0.117706
776.389296 601.749258 0.071529 0.000000 0.071529
99.832673 333.879676 0.091015 0.000000 0.091015
192.455077 84.325641 0.096476 0.000000 0.096476
341.418497 383.025010 0.030704 0.000000 0.030704
581.046190 19.981162 0.023733 0.000000 0.023733
146.480833 111.599402 0.162492 0.000000 0.162492
752.648062 304.495669 0.022380 0.000000 0.022380
596.722684 529.716008 0.026908 0.000000 0.026908
716.275128 357.711848 0.004496 0.000000 0.004496
501.175248 82.993363 0.077948 0.000000 0.077948
747.329259 543.166467 0.088543 0.000000 0.088543
211.237833 584.043575 0.006984 0.000000 0.006984
471.133620 531.925667 0.026089 0.000000 0.026089
712.732272 287.828465 0.032104 0.000000 0.032104
753.129464 157.419972 0.016590 0.000000 0.016590
461.118712 85.164002 0.068008 0.000000 0.068008
765.381490 512.693904 0.029606 0.000000 0.029606
200.968639 558.572374 0.083553 0.000000 0.083553
297.013226 91.296737 0.086786 0.000000 0.086786
202.101136 507.624273 0.067336 0.000000 0.067336
748.531313 299.964020 0.076857 0.000000 0.076857
656.154377 87.165426 0.019432 0.000000 0.019432
535.214957 132.794005 0.140078 0.000000 0.140078
598.261671 45.174142 0.018423 0.000000 0.018423
362.749647 291.329614 0.114627 0.000000 0.114627
345.877778 267.693030 0.015361 0.000000 0.015361
738.062781 278.355486 0.114846 0.000000 0.114846
772.981640 432.631413 0.101340 0.000000 0.101340
498.564486 624.671976 0.115209 0.000000 0.115209
767.943942 417.530564 0.056690 0.000000 0.056690
35.321831 45.683629 0.096636 0.000000 0.096636
467.507000 554.142573 0.160307 0.000000 0.160307
165.911535 114.924411 0.082234 0.000000 0.082234
484.785582 388.430521 0.123559 0.000000 0.123559
452.888875 555.361056 0.013294 0.000000 0.013294
620.480638 53.715877 0.072086 0.000000 0.072086
606.610277 515.051698 0.068744 0.000000 0.068744
613.855963 278.767400 0.153276 0.000000 0.153276
474.307676 385.120890 0.030437 0.000000 0.030437
481.138356 80.625552 0.135733 0.000000 0.135733
334.165150 599.850420 0.014877 0.000000 0.014877
557.608853 623.526405 0.031612 0.000000 0.031612
156.095619 404.189349 0.080182 0.000000 0.080182
697.663564 427.380328 0.105863 0.000000 0.105863
519.939248 367.922984 0.023134 0.000000 0.023134
37.331090 433.131235 0.025337 0.000000 0.025337
755.473380 317.668984 0.006743 0.000000 0.006743
480.529671 71.607666 0.064336 0.000000 0.064336
236.289684 626.565799 0.100968 0.000000 0.100968
229.201310 581.000435 0.097751 0.000000 0.097751
346.234904 305.050710 0.052350 0.000000 0.052350
768.218823 395.428435 0.139013 0.000000 0.139013
76.241531 89.584860 0.165867 0.000000 0.165867
157.922466 396.532213 0.020399 0.000000 0.020399
578.779708 618.367327 0.054963 0.000000 0.054963
91.064176 273.525600 0.015839 0.000000 0.015839
376.350567 358.284780 0.014667 0.000000 0.014667
501.154169 111.321341 0.161840 0.000000 0.161840
786.175540 387.241023 0.055852 0.000000 0.055852
256.502545 295.199138 0.021183 0.000000 0.021183
290.952909 267.269158 0.023844 0.000000 0.023844
492.717190 378.134767 0.081084 0.000000 0.081084
41.914104 127.557621 0.111345 0.000000 0.111345
235.907567 321.098078 0.042785 0.000000 0.042785
269.230800 559.442937 0.135173 0.000000 0.135173
513.310153 62.754134 0.013585 0.000000 0.013585
245.521166 227.566603 0.092453 0.000000 0.092453
622.683839 385.677237 0.081291 0.000000 0.081291
594.837417 586.799562 0.090182 0.000000 0.090182
448.193486 248.225853 0.095801 0.000000 0.095801
395.817466 224.137000 0.008906 0.000000 0.008906
733.155565 550.401542 0.157152 0.000000 0.157152
751.216773 564.609329 0.113005 0.000000 0.113005
335.242829 360.441756 0.057951 0.000000 0.057951
515.876642 41.721876 0.050292 0.000000 0.050292
556.172653 69.851330 0.068224 0.000000 0.068224
98.592155 234.695973 0.076022 0.000000 0.076022
587.706782 321.785340 0.153620 0.000000 0.153620
497.711907 358.814220 0.046105 0.000000 0.046105
586.566658 362.808575 0.055958 0.000000 0.055958
404.084622 496.984667 0.024876 0.000000 0.024876
70.786757 109.250018 0.147886 0.000000 0.147886
621.341845 576.857167 0.014327 0.000000 0.014327
392.055315 393.824298 0.009591 0.000000 0.009591
718.184593 530.035175 0.013049 0.000000 0.013049
513.151944 611.521096 0.025541 0.000000 0.025541
662.468406 315.325909 0.137515 0.000000 0.137515
700.496040 122.494862 0.012922 0.000000 0.012922
411.564175 575.754963 0.067350 0.000000 0.067350
668.448476 314.777034 0.063493 0.000000 0.063493
33.433376 449.366224 0.055826 0.000000 0.055826
58.140500 452.265615 0.020653 0.000000 0.020653
523.026517 270.812792 0.116023 0.000000 0.116023
234.048808 326.807881 0.009938 0.000000 0.009938
655.795196 594.728121 0.037003 0.000000 0.037003
753.637194 616.600106 0.044154 0.000000 0.044154
623.731727 49.055954 0.146416 0.000000 0.146416
597.236795 466.266541 0.058166 0.000000 0.058166
68.694870 44.048780 0.035063 0.000000 0.035063
620.701256 191.416243 0.060673 0.000000 0.060673
21.364437 506.378433 0.139094 0.000000 0.139094
244.370586 260.875550 0.049562 0.000000 0.049562
335.718535 109.801516 0.126106 0.000000 0.126106
741.977994 571.664592 0.111368 0.000000 0.111368
43.904590 158.959732 0.028123 0.000000 0.028123
120.250470 61.572817 0.107391 0.000000 0.107391
88.300389 602.835355 0.079857 0.000000 0.079857
397.301590 589.613684 0.076279 0.000000 0.076279
574.068890 595.714789 0.147421 0.000000 0.147421
688.386156 305.010667 0.021524 0.000000 0.021524
594.131292 212.445495 0.058309 0.000000 0.058309
248.245858 265.225549 0.150597 0.000000 0.150597
512.102484 312.702940 0.054831 0.000000 0.054831
352.662585 240.019819 0.113263 0.000000 0.113263
336.341839 296.799979 0.076854 0.000000 0.076854
705.664521 374.977654 0.130400 0.000000 0.130400
127.774770 32.876288 0.149588 0.000000 0.149588
602.436790 598.956293 0.005024 0.000000 0.005024
760.694712 32.397757 0.152642 0.000000 0.152642
661.613901 541.533463 0.056852 0.000000 0.056852
151.231259 437.479502 0.026695 0.000000 0.026695
12.315771 496.288569 0.062321 0.000000 0.062321
246.574499 285.096104 0.029305 0.000000 0.029305
222.853419 58.032973 0.005400 0.000000 0.005400
220.131549 46.431865 0.026347 0.000000 0.026347
593.745762 550.366584 0.086757 0.000000 0.086757
228.912140 196.357704 0.099866 0.000000 0.099866
68.585218 562.746757 0.014560 0.000000 0.014560
398.017376 581.467302 0.022445 0.000000 0.022445
711.858516 218.627031 0.091097 0.000000 0.091097
93.703153 620.280424 0.135385 0.000000 0.135385
789.557291 534.025537 0.076234 0.000000 0.076234
554.344413 157.925977 0.030860 0.000000 0.030860
761.689045 26.767868 0.163272 0.000000 0.163272
233.820644 582.194533 0.014255 0.000000 0.014255
298.928034 20.732712 0.111188 0.000000 0.111188
24.054799 521.139006 0.031574 0.000000 0.031574
391.852668 427.211046 0.035439 0.000000 0.035439
365.797121 422.149817 0.064791 0.000000 0.064791
694.132678 72.561766 0.052489 0.000000 0.052489
557.981167 402.510416 0.054911 0.000000 0.054911
259.625954 331.754066 0.006186 0.000000 0.006186
206.473799 235.973204 0.026082 0.000000 0.026082
578.295206 626.616272 0.065728 0.000000 0.065728
764.144660 154.623716 0.027122 0.000000 0.027122
475.779120 406.718773 0.095619 0.000000 0.095619
387.723233 263.813368 0.041757 0.000000 0.041757
515.044792 341.418057 0.082916 0.000000 0.082916
281.058586 614.214077 0.058938 0.000000 0.058938
741.866865 52.796739 0.008053 0.000000 0.008053
116.463304 167.282212 0.011676 0.000000 0.011676
77.517536 610.123452 0.139938 0.000000 0.139938
657.280696 562.098875 0.096876 0.000000 0.096876
695.988232 295.975807 0.052686 0.000000 0.052686
563.819300 376.324676 0.046622 0.000000 0.046622
482.789540 380.695348 0.029728 0.000000 0.029728
564.856464 203.845670 0.158761 0.000000 0.158761
61.504758 95.088387 0.087340 0.000000 0.087340
72.934817 144.648692 0.160456 0.000000 0.160456
378.571507 476.092503 0.010448 0.000000 0.010448
713.040234 598.415387 0.041976 0.000000 0.041976
385.016245 494.263712 0.062505 0.000000 0.062505
131.576557 380.462641 0.047037 0.000000 0.047037
221.190748 472.849774 0.061340 0.000000 0.061340
88.290348 192.663423 0.033488 0.000000 0.033488
106.333537 310.026475 0.018346 0.000000 0.018346
240.333919 475.940623 0.007421 0.000000 0.007421
546.708277 390.241113 0.142957 0.000000 0.142957
271.956218 199.394620 0.119054 0.000000 0.119054
230.152528 335.302520 0.060220 0.000000 0.060220
694.123143 302.337224 0.076524 0.000000 0.076524
572.046349 445.312378 0.011433 0.000000 0.011433
67.312452 35.538286 0.034668 0.000000 0.034668
264.276735 602.842840 0.074648 0.000000 0.074648
422.940421 355.193065 0.162284 0.000000 0.162284
603.390818 423.818221 0.131709 0.000000 0.131709
714.120058 19.149683 0.114093 0.000000 0.114093
451.275943 224.837620 0.018298 0.000000 0.018298
183.365898 119.457586 0.018623 0.000000 0.018623
242.746971 470.929403 0.041865 0.000000 0.041865
242.042456 456.197267 0.100953 0.000000 0.100953
64.803034 366.249126 0.029311 0.000000 0.029311
700.998900 101.966190 0.106175 0.000000 0.106175
330.498067 395.026538 0.048944 0.000000 0.048944
88.780845 224.504978 0.029867 0.000000 0.029867
122.779397 176.887732 0.112401 0.000000 0.112401
472.416699 248.180072 0.024707 0.000000 0.024707
249.930163 103.348574 0.130571 0.000000 0.130571
579.155479 226.341122 0.062395 0.000000 0.062395
382.157495 227.918090 0.112152 0.000000 0.112152
633.977938 334.352968 0.157970 0.000000 0.157970
133.575660 334.848882 0.013738 0.000000 0.013738
655.912470 491.757165 0.055046 0.000000 0.055046
98.890856 25.941563 0.018739 0.000000 0.018739
322.720566 122.543342 0.110017 0.000000 0.110017
494.133311 609.527573 0.170098 0.000000 0.170098
428.963828 427.916878 0.111858 0.000000 0.111858
95.331928 41.414641 0.011833 0.000000 0.011833
734.886104 19.800865 0.052577 0.000000 0.052577
267.494667 326.857142 0.137021 0.000000 0.137021
527.279566 175.476148 0.131998 0.000000 0.131998
352.698263 601.817068 0.061454 0.000000 0.061454
86.906514 29.221623 0.006080 0.000000 0.006080
444.681246 39.749240 0.097610 0.000000 0.097610
491.458542 353.384561 0.081812 0.000000 0.081812
453.737413 405.155730 0.026203 0.000000 0.026203
528.507627 468.791485 0.071719 0.000000 0.071719
596.545738 302.392585 0.066356 0.000000 0.066356
717.229018 22.964856 0.111900 0.000000 0.111900
384.942084 225.663897 0.164395 0.000000 0.164395
476.053021 255.337917 0.010608 0.000000 0.010608
651.530177 38.827189 0.144601 0.000000 0.144601
710.215395 122.864212 0.147457 0.000000 0.147457
383.881783 247.825100 0.078407 0.000000 0.078407
757.117507 403.050237 0.062174 0.000000 0.062174
69.177874 381.602825 0.025622 0.000000 0.025622
159.183915 308.891007 0.047839 0.000000 0.047839
548.886387 397.959143 0.018595 0.000000 0.018595
444.781462 209.708238 0.036580 0.000000 0.036580
762.860761 111.522814 0.142545 0.000000 0.142545
350.460044 421.929565 0.070343 0.000000 0.070343
380.609720 183.177941 0.071880 0.000000 0.071880
66.029284 186.313267 0.054376 0.000000 0.054376
397.627247 153.279875 0.134941 0.000000 0.134941
298.808752 369.455177 0.084423 0.000000 0.084423
367.913076 65.015214 0.129694 0.000000 0.129694
304.197423 338.233401 0.070547 0.000000 0.070547
245.493999 589.101138 0.042724 0.000000 0.042724
154.594140 197.626663 0.011404 0.000000 0.011404
394.983535 440.725585 0.052578 0.000000 0.052578
699.298139 202.200469 0.010070 0.000000 0.010070
265.455128 301.443692 0.104179 0.000000 0.104179
756.552175 328.290522 0.059995 0.000000 0.059995
708.731905 115.033255 0.027261 0.000000 0.027261
58.320736 180.062209 0.025147 0.000000 0.025147
293.766461 621.586569 0.123379 0.000000 0.123379
331.180347 422.352671 0.045479 0.000000 0.045479
336.583782 125.071304 0.173850 0.000000 0.173850
590.522376 625.506370 0.102645 0.000000 0.102645
501.994176 522.445000 0.117723 0.000000 0.117723
71.592902 499.336752 0.033374 0.000000 0.033374
134.089250 282.366419 0.071183 0.000000 0.071183
675.358190 45.067174 0.128372 0.000000 0.128372
276.193461 329.411748 0.011378 0.000000 0.011378
657.831219 612.231995 0.028448 0.000000 0.028448
432.898002 303.282964 0.050684 0.000000 0.050684
543.982413 311.611341 0.056230 0.000000 0.056230
307.270485 406.615166 0.020933 0.000000 0.020933
373.853529 249.518506 0.089050 0.000000 0.089050
275.078071 303.663424 0.070722 0.000000 0.070722
646.434454 472.399533 0.064620 0.000000 0.064620
232.271108 263.899974 0.126264 0.000000 0.126264
176.589423 440.759792 0.124600 0.000000 0.124600
407.292165 145.965230 0.172039 0.000000 0.172039
127.196104 331.489907 0.131264 0.000000 0.131264
176.030856 274.387074 0.029677 0.000000 0.029677
742.431040 29.243720 0.120986 0.000000 0.120986
380.335928 482.234548 0.082629 0.000000 0.082629
464.442186 185.799734 0.011566 0.000000 0.011566
533.301154 166.032526 0.113253 0.000000 0.113253
569.434765 413.634697 0.141380 0.000000 0.141380
598.491186 344.903895 0.029099 0.000000 0.029099
150.651277 282.819663 0.070784 0.000000 0.070784
266.569741 361.985982 0.063400 0.000000 0.063400
538.821764 444.507183 0.167757 0.000000 0.167757
139.194171 308.082774 0.034474 0.000000 0.034474
56.568693 371.571321 0.095224 0.000000 0.095224
264.468772 70.520435 0.062777 0.000000 0.062777
330.484741 130.636785 0.116638 0.000000 0.116638
721.543280 138.723405 0.083021 0.000000 0.083021
140.938593 281.883074 0.094383 0.000000 0.094383
467.238615 315.391806 0.122126 0.000000 0.122126
386.910870 241.542099 0.136125 0.000000 0.136125
442.616924 397.386675 0.107555 0.000000 0.107555
66.917694 598.200714 0.069849 0.000000 0.069849
181.313192 292.947634 0.045943 0.000000 0.045943
521.253174 386.877482 0.170879 0.000000 0.170879
261.205670 347.234811 0.123704 0.000000 0.123704
134.297027 502.214080 0.037150 0.000000 0.037150
600.178634 443.016510 0.066675 0.000000 0.066675
184.845156 303.931956 0.073778 0.000000 0.073778
100.033862 209.849143 0.106615 0.000000 0.106615
548.870341 530.483123 0.019358 0.000000 0.019358
325.659588 142.807820 0.168764 0.000000 0.168764
104.122601 202.516682 0.049350 0.000000 0.049350
192.053238 190.108105 0.018497 0.000000 0.018497
319.401814 129.237370 0.155480 0.000000 0.155480
39.899145 334.998877 0.065411 0.000000 0.065411
46.580045 338.602913 0.031334 0.000000 0.031334
379.470497 451.308478 0.050117 0.000000 0.050117
475.980467 544.536635 0.090413 0.000000 0.090413
53.880828 354.648255 0.038319 0.000000 0.038319
600.402298 495.061329 0.079178 0.000000 0.079178
524.905376 145.827749 0.118687 0.000000 0.118687
560.119339 300.100759 0.027373 0.000000 0.027373
206.230976 349.920217 0.049167 0.000000 0.049167
519.341480 167.434280 0.100542 0.000000 0.100542
425.502032 287.309813 0.102915 0.000000 0.102915
515.348881 421.184643 0.082600 0.000000 0.082600
64.860698 235.512455 0.021557 0.000000 0.021557
615.933157 468.507066 0.031071 0.000000 0.031071
28.438574 221.906671 0.038453 0.000000 0.038453
412.159540 116.636008 0.055204 0.000000 0.055204
226.852489 149.905908 0.026814 0.000000 0.026814
605.265989 485.403486 0.098315 0.000000 0.098315
272.378713 265.120859 0.141055 0.000000 0.141055
13.752020 239.608554 0.059689 0.000000 0.059689
10.732968 221.535665 0.048419 0.000000 0.048419
15.972064 297.970171 0.086445 0.000000 0.086445
