1.0
1809
769.547211 145.098242 0.102501 0.000000 0.102501
263.026656 387.705945 0.074162 0.000000 0.074162
86.991717 356.408340 0.138175 0.000000 0.138175
199.340933 380.025397 0.077875 0.000000 0.077875
317.993487 204.916894 0.132678 0.000000 0.132678
778.949664 135.936576 0.156854 0.000000 0.156854
474.942240 353.692777 0.167133 0.000000 0.167133
394.375647 146.028883 0.143563 0.000000 0.143563
669.552132 268.076621 0.056675 0.000000 0.056675
103.360331 413.317508 0.042092 0.000000 0.042092
425.640127 157.555596 0.097920 0.000000 0.097920
281.359579 373.293255 0.132040 0.000000 0.132040
445.329415 275.327158 0.153572 0.000000 0.153572
311.816855 175.500346 0.073907 0.000000 0.073907
413.918608 332.963401 0.055286 0.000000 0.055286
223.570105 385.356105 0.132579 0.000000 0.132579
80.824623 426.916236 0.111842 0.000000 0.111842
483.008791 149.034005 0.174704 0.000000 0.174704
335.485288 548.021650 0.012255 0.000000 0.012255
463.755454 289.306218 0.157434 0.000000 0.157434
260.131045 351.531469 0.158746 0.000000 0.158746
110.623324 289.408613 0.033395 0.000000 0.033395
97.714332 332.471746 0.097477 0.000000 0.097477
483.074112 191.585122 0.168840 0.000000 0.168840
50.485496 429.653066 0.012425 0.000000 0.012425
336.487692 406.140530 0.052204 0.000000 0.052204
373.454158 388.800972 0.154278 0.000000 0.154278
289.654347 392.760303 0.090356 0.000000 0.090356
495.405336 352.424100 0.083441 0.000000 0.083441
427.968537 437.998980 0.089396 0.000000 0.089396
447.782898 299.530655 0.148084 0.000000 0.148084
443.654515 372.112136 0.092432 0.000000 0.092432
366.744326 150.276242 0.170023 0.000000 0.170023
200.194537 601.238456 0.056746 0.000000 0.056746
683.033774 313.906472 0.105908 0.000000 0.105908
696.122311 194.579669 0.158921 0.000000 0.158921
469.931789 383.569073 0.111358 0.000000 0.111358
394.137964 74.720355 0.042859 0.000000 0.042859
500.900741 130.588608 0.162354 0.000000 0.162354
396.720724 98.979256 0.019050 0.000000 0.019050
428.630977 387.766681 0.041282 0.000000 0.041282
489.361813 374.016241 0.081505 0.000000 0.081505
187.408920 189.128294 0.059606 0.000000 0.059606
24.375435 266.565615 0.034611 0.000000 0.034611
470.367408 393.516323 0.142826 0.000000 0.142826
410.167770 120.578882 0.066747 0.000000 0.066747
388.877829 97.301395 0.087870 0.000000 0.087870
436.158879 468.592803 0.034495 0.000000 0.034495
85.023530 372.913789 0.110936 0.000000 0.110936
330.447327 281.295886 0.068210 0.000000 0.068210
55.092161 396.566174 0.052437 0.000000 0.052437
768.831756 162.706408 0.122494 0.000000 0.122494
364.707511 192.301700 0.099400 0.000000 0.099400
557.499353 286.872976 0.045919 0.000000 0.045919
430.825203 330.730492 0.047378 0.000000 0.047378
165.014211 369.877741 0.124933 0.000000 0.124933
690.956438 245.415371 0.121077 0.000000 0.121077
254.410473 458.853339 0.053402 0.000000 0.053402
267.151373 373.292403 0.104761 0.000000 0.104761
414.850897 475.197959 0.027516 0.000000 0.027516
388.204503 398.643452 0.124391 0.000000 0.124391
151.005717 237.976126 0.090396 0.000000 0.090396
211.644099 178.463724 0.139217 0.000000 0.139217
285.466280 264.194215 0.005915 0.000000 0.005915
773.229590 281.148097 0.011624 0.000000 0.011624
704.385583 225.365851 0.125523 0.000000 0.125523
682.802673 174.750314 0.118863 0.000000 0.118863
188.539692 206.704619 0.038014 0.000000 0.038014
357.689349 575.348740 0.054659 0.000000 0.054659
56.346020 374.159388 0.110145 0.000000 0.110145
289.358282 328.700090 0.034797 0.000000 0.034797
340.788279 188.519622 0.046276 0.000000 0.046276
445.063322 394.001722 0.126862 0.000000 0.126862
465.137618 202.990876 0.006387 0.000000 0.006387
237.201042 292.769241 0.138975 0.000000 0.138975
34.669419 441.335898 0.097506 0.000000 0.097506
215.646267 189.225005 0.098967 0.000000 0.098967
251.330679 460.659645 0.012856 0.000000 0.012856
791.227449 160.316588 0.102234 0.000000 0.102234
57.785369 261.410485 0.056196 0.000000 0.056196
54.838573 410.143777 0.051871 0.000000 0.051871
291.041675 417.076327 0.167421 0.000000 0.167421
779.331071 161.225214 0.094719 0.000000 0.094719
778.981537 256.017645 0.109331 0.000000 0.109331
412.755743 441.652341 0.124713 0.000000 0.124713
576.209706 125.122803 0.060463 0.000000 0.060463
121.879461 247.838660 0.057730 0.000000 0.057730
351.076981 434.044514 0.124034 0.000000 0.124034
237.255350 132.477646 0.025275 0.000000 0.025275
574.659853 126.662021 0.028365 0.000000 0.028365
75.894595 402.972370 0.045395 0.000000 0.045395
149.450065 370.432979 0.148062 0.000000 0.148062
383.689585 557.174720 0.055359 0.000000 0.055359
389.486871 123.152367 0.057282 0.000000 0.057282
236.564617 230.671468 0.071603 0.000000 0.071603
440.295863 356.164982 0.099978 0.000000 0.099978
209.042036 154.687602 0.016693 0.000000 0.016693
66.583110 308.728467 0.156233 0.000000 0.156233
769.457866 161.265552 0.019482 0.000000 0.019482
305.841663 301.377629 0.092539 0.000000 0.092539
283.712278 261.267484 0.021576 0.000000 0.021576
324.858462 131.716861 0.013315 0.000000 0.013315
168.971726 245.907129 0.140850 0.000000 0.140850
465.683717 436.199857 0.123010 0.000000 0.123010
370.173418 575.901122 0.009183 0.000000 0.009183
413.043408 531.357366 0.113712 0.000000 0.113712
237.999720 432.872239 0.111339 0.000000 0.111339
224.186211 280.894685 0.105103 0.000000 0.105103
516.501042 181.513144 0.109913 0.000000 0.109913
284.052722 283.586511 0.039870 0.000000 0.039870
190.080741 189.807547 0.010878 0.000000 0.010878
493.614265 375.120148 0.004681 0.000000 0.004681
50.750631 393.309902 0.082882 0.000000 0.082882
323.155429 130.009328 0.069066 0.000000 0.069066
233.643874 129.353105 0.097348 0.000000 0.097348
549.922037 319.717356 0.109354 0.000000 0.109354
561.102352 178.681759 0.083688 0.000000 0.083688
770.398136 211.688372 0.123437 0.000000 0.123437
311.803335 500.310116 0.010098 0.000000 0.010098
408.281975 292.112653 0.141867 0.000000 0.141867
193.354962 393.454048 0.110573 0.000000 0.110573
409.262762 165.191434 0.153027 0.000000 0.153027
447.623647 511.428481 0.011272 0.000000 0.011272
407.856182 544.760227 0.098012 0.000000 0.098012
159.902362 247.716395 0.154293 0.000000 0.154293
399.019581 374.438367 0.125575 0.000000 0.125575
330.697548 301.316646 0.151438 0.000000 0.151438
691.624895 184.064146 0.155930 0.000000 0.155930
685.483038 201.607858 0.124953 0.000000 0.124953
54.813040 327.624206 0.134949 0.000000 0.134949
786.011906 218.836022 0.094715 0.000000 0.094715
26.024349 289.190112 0.026123 0.000000 0.026123
789.606598 240.929589 0.080321 0.000000 0.080321
494.953045 199.267761 0.115640 0.000000 0.115640
432.914508 411.388704 0.063786 0.000000 0.063786
61.379316 429.833502 0.158293 0.000000 0.158293
360.496587 536.121737 0.023173 0.000000 0.023173
404.467213 95.137008 0.071707 0.000000 0.071707
294.604986 347.486907 0.098513 0.000000 0.098513
775.732369 220.214028 0.165344 0.000000 0.165344
472.322965 170.659510 0.037736 0.000000 0.037736
686.099109 420.636165 0.071965 0.000000 0.071965
363.882088 460.035023 0.045148 0.000000 0.045148
475.025726 216.869978 0.022498 0.000000 0.022498
550.539965 205.636839 0.034532 0.000000 0.034532
522.680142 370.016722 0.103792 0.000000 0.103792
541.161632 629.313388 0.115765 0.000000 0.115765
314.237659 487.398315 0.077151 0.000000 0.077151
330.427897 325.119931 0.010694 0.000000 0.010694
319.567656 575.100902 0.171829 0.000000 0.171829
236.862726 282.604933 0.123461 0.000000 0.123461
679.568014 294.072930 0.152800 0.000000 0.152800
325.159496 540.424529 0.056524 0.000000 0.056524
548.825329 367.960228 0.091104 0.000000 0.091104
693.816634 217.491374 0.115240 0.000000 0.115240
399.838501 127.796370 0.013364 0.000000 0.013364
279.943885 217.940360 0.018798 0.000000 0.018798
476.128853 112.175757 0.008376 0.000000 0.008376
552.082822 227.065196 0.081331 0.000000 0.081331
682.253058 173.902359 0.026902 0.000000 0.026902
452.384609 148.078391 0.167784 0.000000 0.167784
193.981316 362.656840 0.094611 0.000000 0.094611
672.009534 176.296026 0.118588 0.000000 0.118588
258.249621 296.966026 0.071272 0.000000 0.071272
270.795152 453.097146 0.040734 0.000000 0.040734
59.978477 360.033867 0.030121 0.000000 0.030121
497.867404 455.577347 0.018777 0.000000 0.018777
306.187520 405.016365 0.076068 0.000000 0.076068
651.750256 119.800381 0.057953 0.000000 0.057953
359.509196 580.384736 0.172877 0.000000 0.172877
552.415047 182.190247 0.013486 0.000000 0.013486
675.398374 203.083909 0.100007 0.000000 0.100007
215.784501 360.164560 0.110619 0.000000 0.110619
465.769244 433.152098 0.070842 0.000000 0.070842
371.746630 275.989369 0.030885 0.000000 0.030885
369.920017 253.457392 0.174859 0.000000 0.174859
478.452605 104.507536 0.058971 0.000000 0.058971
169.241766 426.867490 0.150892 0.000000 0.150892
676.687012 246.589897 0.159017 0.000000 0.159017
764.032803 267.873269 0.112800 0.000000 0.112800
568.819920 148.930774 0.101000 0.000000 0.101000
434.184115 281.186056 0.143911 0.000000 0.143911
310.248666 435.355990 0.008201 0.000000 0.008201
456.143010 270.422332 0.061222 0.000000 0.061222
151.346057 286.923627 0.075474 0.000000 0.075474
346.419676 208.462414 0.034940 0.000000 0.034940
213.477941 335.856874 0.111005 0.000000 0.111005
236.182594 139.289117 0.113616 0.000000 0.113616
182.707202 364.166466 0.094523 0.000000 0.094523
209.091112 491.124916 0.012800 0.000000 0.012800
20.238018 318.378891 0.147817 0.000000 0.147817
205.466225 361.404730 0.094660 0.000000 0.094660
327.784605 598.758742 0.073021 0.000000 0.073021
332.096241 401.569684 0.151799 0.000000 0.151799
152.631999 306.878356 0.008971 0.000000 0.008971
426.769613 311.801651 0.057948 0.000000 0.057948
37.148786 424.365468 0.080513 0.000000 0.080513
471.593514 189.864567 0.021818 0.000000 0.021818
324.055095 342.582433 0.164958 0.000000 0.164958
79.027448 240.137737 0.060343 0.000000 0.060343
682.085426 225.338360 0.143349 0.000000 0.143349
543.840898 311.195139 0.150111 0.000000 0.150111
334.293441 383.245124 0.083589 0.000000 0.083589
492.135799 301.796519 0.103500 0.000000 0.103500
459.210420 238.816393 0.171558 0.000000 0.171558
164.528555 252.504926 0.027040 0.000000 0.027040
302.407697 212.872327 0.104110 0.000000 0.104110
462.602597 402.563770 0.084752 0.000000 0.084752
50.982703 338.050883 0.063604 0.000000 0.063604
369.573902 549.326363 0.152466 0.000000 0.152466
76.687578 258.806201 0.077662 0.000000 0.077662
553.127334 352.322655 0.112164 0.000000 0.112164
209.599202 186.037457 0.015337 0.000000 0.015337
207.971903 232.698569 0.121668 0.000000 0.121668
549.419150 261.009770 0.068450 0.000000 0.068450
133.892758 280.826999 0.093284 0.000000 0.093284
412.701742 379.056875 0.141350 0.000000 0.141350
628.929727 178.608663 0.063920 0.000000 0.063920
362.925512 205.496782 0.027497 0.000000 0.027497
215.619980 593.405933 0.061978 0.000000 0.061978
282.317673 242.050518 0.121042 0.000000 0.121042
457.170216 377.965406 0.086304 0.000000 0.086304
365.206700 433.304540 0.093277 0.000000 0.093277
584.454216 131.225730 0.010695 0.000000 0.010695
544.075762 235.329354 0.050064 0.000000 0.050064
353.793946 276.557098 0.039579 0.000000 0.039579
619.072930 128.650911 0.021773 0.000000 0.021773
114.804299 217.342910 0.057865 0.000000 0.057865
401.846613 272.339707 0.015493 0.000000 0.015493
100.871235 225.424303 0.024347 0.000000 0.024347
642.915022 164.428623 0.068115 0.000000 0.068115
774.782502 191.967520 0.026858 0.000000 0.026858
180.265152 339.839867 0.107794 0.000000 0.107794
191.272402 167.745425 0.044364 0.000000 0.044364
39.134117 376.978737 0.136034 0.000000 0.136034
782.603349 188.141336 0.096823 0.000000 0.096823
60.079897 397.854840 0.157282 0.000000 0.157282
390.895771 432.088443 0.021686 0.000000 0.021686
281.682385 607.399968 0.168000 0.000000 0.168000
504.197119 300.439453 0.126584 0.000000 0.126584
202.208069 337.013884 0.108081 0.000000 0.108081
60.175805 299.022093 0.017325 0.000000 0.017325
293.329015 598.722329 0.088205 0.000000 0.088205
380.117478 428.021599 0.057609 0.000000 0.057609
379.250828 574.300481 0.019410 0.000000 0.019410
367.744764 229.810222 0.153778 0.000000 0.153778
25.673617 316.042934 0.019663 0.000000 0.019663
209.032300 394.357336 0.075138 0.000000 0.075138
768.723293 377.003677 0.037100 0.000000 0.037100
302.357089 230.122641 0.156662 0.000000 0.156662
431.123075 511.926297 0.008447 0.000000 0.008447
187.017362 609.402807 0.114323 0.000000 0.114323
57.513473 296.678772 0.049549 0.000000 0.049549
569.998747 436.373276 0.080151 0.000000 0.080151
11.677170 319.340799 0.140983 0.000000 0.140983
468.564455 195.322706 0.130879 0.000000 0.130879
40.743318 351.244012 0.141638 0.000000 0.141638
218.243815 376.812656 0.136387 0.000000 0.136387
401.436846 106.208565 0.105213 0.000000 0.105213
631.376765 147.374833 0.157472 0.000000 0.157472
224.077735 285.811974 0.022648 0.000000 0.022648
303.757897 346.887082 0.149629 0.000000 0.149629
365.511862 207.552117 0.156999 0.000000 0.156999
787.056320 517.144741 0.047659 0.000000 0.047659
190.980078 338.482710 0.103639 0.000000 0.103639
760.991171 547.995461 0.013448 0.000000 0.013448
242.442571 301.654480 0.146629 0.000000 0.146629
772.164109 190.070518 0.084261 0.000000 0.084261
659.333750 154.893874 0.139114 0.000000 0.139114
430.193498 267.809705 0.007058 0.000000 0.007058
260.883651 221.608355 0.026061 0.000000 0.026061
512.328104 368.752455 0.158057 0.000000 0.158057
629.151317 101.170138 0.076350 0.000000 0.076350
151.424449 311.236721 0.126139 0.000000 0.126139
662.516003 176.752127 0.038170 0.000000 0.038170
438.548286 219.910228 0.166139 0.000000 0.166139
767.008492 376.951072 0.120135 0.000000 0.120135
549.806382 332.312119 0.119169 0.000000 0.119169
540.490699 296.265413 0.109912 0.000000 0.109912
480.321738 306.822419 0.018019 0.000000 0.018019
454.079805 193.259384 0.031640 0.000000 0.031640
64.970126 307.161252 0.028142 0.000000 0.028142
356.439996 208.135518 0.108823 0.000000 0.108823
682.180500 246.286635 0.025186 0.000000 0.025186
665.044876 201.645851 0.117102 0.000000 0.117102
334.873111 148.677710 0.085317 0.000000 0.085317
675.979582 198.302076 0.005254 0.000000 0.005254
772.408316 270.491917 0.042828 0.000000 0.042828
500.058502 373.557177 0.113766 0.000000 0.113766
216.961712 311.066508 0.083823 0.000000 0.083823
612.313211 133.273123 0.102187 0.000000 0.102187
774.494298 286.593045 0.124596 0.000000 0.124596
442.133652 234.785025 0.056058 0.000000 0.056058
34.909066 368.029718 0.055548 0.000000 0.055548
474.745391 448.915565 0.109203 0.000000 0.109203
399.634853 333.880547 0.120252 0.000000 0.120252
253.165078 303.519315 0.016760 0.000000 0.016760
542.429149 144.201922 0.100019 0.000000 0.100019
199.361163 188.712353 0.167925 0.000000 0.167925
220.547379 404.735112 0.128675 0.000000 0.128675
340.888976 600.622941 0.011941 0.000000 0.011941
622.251757 148.233184 0.142784 0.000000 0.142784
176.454091 410.058518 0.114757 0.000000 0.114757
169.851308 364.548677 0.028462 0.000000 0.028462
150.744922 317.444116 0.020722 0.000000 0.020722
476.188643 110.658438 0.133738 0.000000 0.133738
776.380745 218.721557 0.022998 0.000000 0.022998
453.495127 195.394544 0.150487 0.000000 0.150487
472.151214 483.658248 0.031524 0.000000 0.031524
223.521270 289.257711 0.004992 0.000000 0.004992
135.913876 272.785771 0.023255 0.000000 0.023255
663.129493 614.999448 0.090910 0.000000 0.090910
764.519736 492.585349 0.153588 0.000000 0.153588
159.476858 428.785618 0.167559 0.000000 0.167559
705.517123 250.472220 0.072559 0.000000 0.072559
268.008464 446.565747 0.167471 0.000000 0.167471
99.854620 499.002330 0.109155 0.000000 0.109155
422.139835 420.374657 0.020244 0.000000 0.020244
198.458870 407.061964 0.134885 0.000000 0.134885
697.537593 431.222300 0.083148 0.000000 0.083148
125.703207 251.696257 0.034990 0.000000 0.034990
515.598393 297.460851 0.092314 0.000000 0.092314
422.058484 502.271907 0.021027 0.000000 0.021027
407.205615 543.014807 0.009164 0.000000 0.009164
157.690335 189.526546 0.125520 0.000000 0.125520
31.765510 342.587178 0.159765 0.000000 0.159765
717.666424 460.477689 0.042215 0.000000 0.042215
233.387724 428.233599 0.029976 0.000000 0.029976
540.537552 500.269505 0.100158 0.000000 0.100158
168.447485 365.398339 0.008133 0.000000 0.008133
455.857981 216.228670 0.039580 0.000000 0.039580
389.345521 456.906802 0.122449 0.000000 0.122449
172.532166 364.687272 0.169945 0.000000 0.169945
647.372304 169.006887 0.027989 0.000000 0.027989
162.594532 392.677643 0.047279 0.000000 0.047279
161.256899 587.025629 0.106279 0.000000 0.106279
187.322955 408.607331 0.136273 0.000000 0.136273
327.864302 524.687967 0.061465 0.000000 0.061465
445.245574 533.423676 0.058099 0.000000 0.058099
312.939835 345.566721 0.145409 0.000000 0.145409
446.713934 134.524546 0.055231 0.000000 0.055231
209.697614 405.973237 0.164237 0.000000 0.164237
596.613701 207.081567 0.165205 0.000000 0.165205
165.781460 409.630803 0.150891 0.000000 0.150891
691.183606 332.163254 0.108016 0.000000 0.108016
414.914548 513.806337 0.133702 0.000000 0.133702
16.696884 369.926095 0.156072 0.000000 0.156072
229.561889 560.875513 0.125403 0.000000 0.125403
496.709843 326.931608 0.115357 0.000000 0.115357
688.022928 587.609547 0.086589 0.000000 0.086589
58.640992 383.648602 0.131729 0.000000 0.131729
295.401621 539.347008 0.035298 0.000000 0.035298
200.006596 424.929580 0.071146 0.000000 0.071146
446.500441 436.360262 0.079696 0.000000 0.079696
121.366930 497.815713 0.007363 0.000000 0.007363
574.793097 138.417123 0.129695 0.000000 0.129695
731.212647 223.495557 0.056068 0.000000 0.056068
345.020577 389.033534 0.007331 0.000000 0.007331
104.221609 233.958339 0.072403 0.000000 0.072403
7.994882 291.972013 0.149094 0.000000 0.149094
768.350943 466.503037 0.095354 0.000000 0.095354
437.061539 291.332214 0.165841 0.000000 0.165841
655.468939 550.561411 0.100809 0.000000 0.100809
338.697832 242.844621 0.051719 0.000000 0.051719
185.454262 249.666524 0.044885 0.000000 0.044885
537.747500 369.524170 0.076582 0.000000 0.076582
636.220048 69.725758 0.003999 0.000000 0.003999
7.503294 371.249409 0.110596 0.000000 0.110596
51.913875 331.405319 0.053018 0.000000 0.053018
512.725993 325.631119 0.028162 0.000000 0.028162
107.436599 566.267624 0.026048 0.000000 0.026048
535.536602 274.085866 0.143583 0.000000 0.143583
106.919324 609.686638 0.161888 0.000000 0.161888
512.654805 571.463829 0.158627 0.000000 0.158627
711.387446 231.618206 0.136044 0.000000 0.136044
543.701298 614.964313 0.122157 0.000000 0.122157
462.415368 193.562469 0.103655 0.000000 0.103655
13.260874 319.104931 0.046949 0.000000 0.046949
554.615250 560.540058 0.105363 0.000000 0.105363
233.757106 577.476903 0.111503 0.000000 0.111503
256.622936 259.170425 0.093853 0.000000 0.093853
543.296924 182.397701 0.034389 0.000000 0.034389
91.787608 461.698105 0.074263 0.000000 0.074263
734.916174 492.535657 0.164975 0.000000 0.164975
169.477774 341.197404 0.109544 0.000000 0.109544
377.320920 174.406966 0.053981 0.000000 0.053981
592.529183 138.153887 0.037047 0.000000 0.037047
77.504511 234.561896 0.130944 0.000000 0.130944
444.180612 530.503007 0.175150 0.000000 0.175150
446.810403 384.076706 0.147079 0.000000 0.147079
618.932888 421.123798 0.084545 0.000000 0.084545
295.307930 603.295291 0.144865 0.000000 0.144865
458.042923 345.508573 0.157231 0.000000 0.157231
616.019590 618.039065 0.068477 0.000000 0.068477
546.502185 301.416953 0.113325 0.000000 0.113325
50.396665 579.780219 0.022271 0.000000 0.022271
548.248831 243.081462 0.054816 0.000000 0.054816
158.413306 193.083452 0.071354 0.000000 0.071354
346.199691 607.813676 0.164871 0.000000 0.164871
760.151562 260.264261 0.110465 0.000000 0.110465
477.188844 404.474560 0.081324 0.000000 0.081324
650.327797 467.050591 0.119141 0.000000 0.119141
356.869596 433.359041 0.026928 0.000000 0.026928
484.290692 304.931814 0.051802 0.000000 0.051802
219.873361 338.109815 0.123613 0.000000 0.123613
548.990086 337.351680 0.051412 0.000000 0.051412
25.262983 368.937564 0.168240 0.000000 0.168240
716.811927 415.772484 0.140440 0.000000 0.140440
365.502274 435.221923 0.013633 0.000000 0.013633
471.147644 491.157996 0.048302 0.000000 0.048302
640.307085 609.103925 0.063228 0.000000 0.063228
420.533962 309.132203 0.023180 0.000000 0.023180
265.147835 454.314409 0.152657 0.000000 0.152657
350.217703 586.053850 0.040648 0.000000 0.040648
298.537251 172.281473 0.042172 0.000000 0.042172
692.442717 349.744430 0.067886 0.000000 0.067886
421.894156 267.696816 0.156723 0.000000 0.156723
390.700369 312.309307 0.073516 0.000000 0.073516
440.072254 518.078322 0.138546 0.000000 0.138546
12.776411 288.717358 0.169800 0.000000 0.169800
101.972114 364.178452 0.148789 0.000000 0.148789
710.589901 328.063456 0.093528 0.000000 0.093528
590.750933 500.785120 0.123235 0.000000 0.123235
519.257557 324.097632 0.092988 0.000000 0.092988
395.964262 428.911214 0.149096 0.000000 0.149096
143.131820 355.835412 0.152492 0.000000 0.152492
376.081072 287.513503 0.170483 0.000000 0.170483
471.159289 128.175633 0.064350 0.000000 0.064350
343.899280 577.129723 0.107225 0.000000 0.107225
318.546553 301.721869 0.088048 0.000000 0.088048
289.292087 507.555257 0.146916 0.000000 0.146916
706.153374 365.265554 0.108302 0.000000 0.108302
34.749038 472.578687 0.109568 0.000000 0.109568
443.595347 537.722642 0.150124 0.000000 0.150124
423.433110 615.582835 0.043943 0.000000 0.043943
780.620563 244.523453 0.025271 0.000000 0.025271
582.831480 579.905781 0.164510 0.000000 0.164510
148.701291 600.927534 0.011248 0.000000 0.011248
412.344965 269.131873 0.153342 0.000000 0.153342
228.307085 407.091984 0.071458 0.000000 0.071458
182.793803 314.887268 0.133697 0.000000 0.133697
791.836896 336.207752 0.154883 0.000000 0.154883
311.466384 161.109346 0.140374 0.000000 0.140374
573.321342 615.340318 0.163398 0.000000 0.163398
405.195295 84.202923 0.110645 0.000000 0.110645
605.201361 436.383578 0.102807 0.000000 0.102807
429.314045 529.521156 0.099893 0.000000 0.099893
417.019919 224.234995 0.119935 0.000000 0.119935
481.251241 277.498147 0.072680 0.000000 0.072680
664.377246 210.220880 0.148746 0.000000 0.148746
742.719053 244.398226 0.032474 0.000000 0.032474
226.117395 291.975785 0.112060 0.000000 0.112060
170.049539 258.509279 0.079629 0.000000 0.079629
636.549997 62.008890 0.110041 0.000000 0.110041
526.634604 296.280388 0.089842 0.000000 0.089842
544.202355 524.868554 0.168810 0.000000 0.168810
491.639267 409.929220 0.172484 0.000000 0.172484
275.367594 258.919650 0.129074 0.000000 0.129074
23.235953 343.129197 0.115300 0.000000 0.115300
539.230317 394.502161 0.048443 0.000000 0.048443
539.756406 255.641181 0.004913 0.000000 0.004913
139.053961 610.386021 0.108480 0.000000 0.108480
339.780162 480.632905 0.095255 0.000000 0.095255
274.898423 242.804644 0.136154 0.000000 0.136154
44.941078 606.323763 0.115286 0.000000 0.115286
168.574001 410.232585 0.018879 0.000000 0.018879
399.731353 456.914481 0.081105 0.000000 0.081105
194.175357 313.681559 0.118379 0.000000 0.118379
350.296283 594.690294 0.117682 0.000000 0.117682
345.503060 391.095565 0.066478 0.000000 0.066478
236.363108 470.245840 0.031738 0.000000 0.031738
535.875092 392.016319 0.153910 0.000000 0.153910
523.266528 458.572458 0.025518 0.000000 0.025518
597.889952 603.394382 0.063315 0.000000 0.063315
549.260814 559.857104 0.133592 0.000000 0.133592
56.091537 439.745453 0.092769 0.000000 0.092769
433.081669 455.646098 0.140183 0.000000 0.140183
553.507801 372.545677 0.090854 0.000000 0.090854
419.580533 246.323054 0.085993 0.000000 0.085993
544.362475 268.498234 0.011731 0.000000 0.011731
269.693262 257.098168 0.116993 0.000000 0.116993
722.766023 533.550848 0.127798 0.000000 0.127798
662.323973 207.104936 0.010053 0.000000 0.010053
629.138758 407.668168 0.061788 0.000000 0.061788
63.136043 474.643097 0.039732 0.000000 0.039732
683.287669 291.876363 0.128299 0.000000 0.128299
270.374269 598.690009 0.169614 0.000000 0.169614
687.712831 626.165726 0.163060 0.000000 0.163060
171.051588 518.301276 0.151895 0.000000 0.151895
153.531857 599.889032 0.047918 0.000000 0.047918
625.241869 576.090040 0.049831 0.000000 0.049831
314.616010 464.350790 0.079282 0.000000 0.079282
573.596630 146.316883 0.073840 0.000000 0.073840
49.545273 322.750882 0.019592 0.000000 0.019592
386.031083 316.155631 0.017741 0.000000 0.017741
230.877109 176.645084 0.118778 0.000000 0.118778
421.360838 564.980258 0.126390 0.000000 0.126390
400.513744 445.059176 0.158689 0.000000 0.158689
193.710172 584.394779 0.123745 0.000000 0.123745
413.082439 309.330457 0.063376 0.000000 0.063376
470.817599 212.377388 0.062460 0.000000 0.062460
413.415324 421.675756 0.163915 0.000000 0.163915
500.387352 186.826836 0.159986 0.000000 0.159986
208.032428 576.183774 0.085296 0.000000 0.085296
72.915961 283.962241 0.101002 0.000000 0.101002
326.543364 429.943112 0.147725 0.000000 0.147725
633.186564 361.989554 0.152698 0.000000 0.152698
770.939575 620.314423 0.069510 0.000000 0.069510
165.032786 342.460670 0.168169 0.000000 0.168169
394.012301 269.645562 0.106598 0.000000 0.106598
49.750523 500.357567 0.074907 0.000000 0.074907
671.058704 379.375181 0.015980 0.000000 0.015980
271.333391 220.386282 0.148019 0.000000 0.148019
702.901925 435.244321 0.040383 0.000000 0.040383
615.693632 276.530212 0.163882 0.000000 0.163882
592.351600 526.458142 0.041985 0.000000 0.041985
544.727863 589.118234 0.135252 0.000000 0.135252
488.301090 273.581445 0.161710 0.000000 0.161710
56.122289 542.393510 0.022389 0.000000 0.022389
572.759405 356.274868 0.142808 0.000000 0.142808
661.632909 610.837362 0.027672 0.000000 0.027672
709.062282 561.409589 0.105036 0.000000 0.105036
399.842600 589.863140 0.110524 0.000000 0.110524
527.164577 501.305065 0.058849 0.000000 0.058849
143.109534 557.918769 0.099806 0.000000 0.099806
474.103798 251.698503 0.081629 0.000000 0.081629
722.213502 445.242264 0.084696 0.000000 0.084696
611.595645 297.494593 0.161548 0.000000 0.161548
550.574715 397.257423 0.115121 0.000000 0.115121
784.184233 491.322349 0.035343 0.000000 0.035343
36.344536 569.279978 0.093983 0.000000 0.093983
482.051198 472.684017 0.151302 0.000000 0.151302
224.502891 422.456422 0.097231 0.000000 0.097231
765.211195 350.786195 0.146581 0.000000 0.146581
407.099828 224.236735 0.115184 0.000000 0.115184
653.133020 463.646167 0.025341 0.000000 0.025341
142.455630 267.806165 0.074978 0.000000 0.074978
461.798619 350.000923 0.021434 0.000000 0.021434
71.171386 423.086081 0.154233 0.000000 0.154233
691.943732 344.081873 0.063580 0.000000 0.063580
360.329741 230.845573 0.149080 0.000000 0.149080
555.121290 486.603505 0.120086 0.000000 0.120086
309.055260 235.845367 0.143898 0.000000 0.143898
298.754689 320.808359 0.020409 0.000000 0.020409
391.318122 378.706100 0.006952 0.000000 0.006952
584.936400 165.166450 0.136492 0.000000 0.136492
328.151695 612.311505 0.166645 0.000000 0.166645
712.617238 263.845203 0.119013 0.000000 0.119013
639.247442 464.573519 0.174130 0.000000 0.174130
50.974472 538.050439 0.050796 0.000000 0.050796
68.885956 337.998952 0.089810 0.000000 0.089810
694.755699 452.426712 0.054410 0.000000 0.054410
706.149694 439.253175 0.119855 0.000000 0.119855
646.629001 295.154509 0.065456 0.000000 0.065456
502.886724 618.955415 0.157772 0.000000 0.157772
254.230697 404.497131 0.143186 0.000000 0.143186
612.124274 484.602479 0.045669 0.000000 0.045669
539.113385 458.099688 0.120750 0.000000 0.120750
184.802136 463.558220 0.021369 0.000000 0.021369
507.789923 560.213707 0.131206 0.000000 0.131206
362.758379 254.607785 0.160569 0.000000 0.160569
423.046537 500.164523 0.164952 0.000000 0.164952
617.104539 582.041379 0.161635 0.000000 0.161635
542.475788 372.632748 0.069145 0.000000 0.069145
728.145573 626.763329 0.103239 0.000000 0.103239
746.293105 516.997543 0.161456 0.000000 0.161456
128.898597 495.560244 0.016392 0.000000 0.016392
432.588523 397.022281 0.009931 0.000000 0.009931
563.066526 159.510826 0.122387 0.000000 0.122387
422.084828 267.543671 0.046188 0.000000 0.046188
630.727444 424.097210 0.102541 0.000000 0.102541
772.053098 366.120102 0.162451 0.000000 0.162451
546.625799 446.800843 0.088912 0.000000 0.088912
428.739240 248.352700 0.147147 0.000000 0.147147
311.808501 482.825777 0.146398 0.000000 0.146398
206.668771 428.517921 0.079044 0.000000 0.079044
718.175255 593.128136 0.068890 0.000000 0.068890
171.744411 316.041505 0.137235 0.000000 0.137235
425.259923 222.307937 0.164238 0.000000 0.164238
494.427609 377.325393 0.075764 0.000000 0.075764
481.500477 502.386826 0.055644 0.000000 0.055644
342.042282 609.729099 0.058098 0.000000 0.058098
121.682272 592.495128 0.074023 0.000000 0.074023
240.475570 472.032044 0.139679 0.000000 0.139679
266.307346 260.123375 0.034304 0.000000 0.034304
631.346707 516.084491 0.171700 0.000000 0.171700
374.995975 340.947076 0.162006 0.000000 0.162006
615.291544 604.049060 0.112959 0.000000 0.112959
195.387991 429.506600 0.072926 0.000000 0.072926
197.564343 508.695281 0.076620 0.000000 0.076620
401.353644 303.799228 0.074700 0.000000 0.074700
785.703640 618.505879 0.041588 0.000000 0.041588
611.369234 453.034103 0.139814 0.000000 0.139814
593.835075 429.482508 0.126284 0.000000 0.126284
392.310460 437.911587 0.091009 0.000000 0.091009
610.748289 499.801682 0.168450 0.000000 0.168450
769.484361 303.179677 0.057564 0.000000 0.057564
611.822014 422.553390 0.151891 0.000000 0.151891
406.719711 267.610084 0.110920 0.000000 0.110920
618.465598 490.802198 0.023446 0.000000 0.023446
271.991384 508.564741 0.159704 0.000000 0.159704
711.450312 355.470724 0.022745 0.000000 0.022745
369.143369 272.490897 0.115664 0.000000 0.115664
21.051066 619.301659 0.106228 0.000000 0.106228
649.879601 583.577535 0.166654 0.000000 0.166654
266.018497 222.822747 0.158358 0.000000 0.158358
54.096020 313.624427 0.011720 0.000000 0.011720
552.448848 180.880373 0.155622 0.000000 0.155622
412.593119 258.534878 0.006213 0.000000 0.006213
756.273148 540.083315 0.136934 0.000000 0.136934
525.902376 447.324151 0.074117 0.000000 0.074117
772.747538 544.458763 0.100356 0.000000 0.100356
662.630458 509.330871 0.101205 0.000000 0.101205
428.968177 242.259619 0.111384 0.000000 0.111384
713.552282 339.359385 0.044896 0.000000 0.044896
351.031198 211.207018 0.116143 0.000000 0.116143
618.904997 364.518501 0.063416 0.000000 0.063416
362.136795 209.848825 0.167598 0.000000 0.167598
538.813187 437.316615 0.167469 0.000000 0.167469
457.738254 196.734624 0.155177 0.000000 0.155177
549.011438 184.057170 0.140323 0.000000 0.140323
695.057465 303.338893 0.089536 0.000000 0.089536
620.857601 594.442177 0.138641 0.000000 0.138641
79.811293 442.435638 0.171176 0.000000 0.171176
438.577987 573.399299 0.138574 0.000000 0.138574
197.380156 340.994851 0.146754 0.000000 0.146754
101.786147 541.271689 0.156156 0.000000 0.156156
226.704726 578.891192 0.047637 0.000000 0.047637
106.649286 289.565911 0.145540 0.000000 0.145540
648.992435 251.497139 0.130426 0.000000 0.130426
151.543644 532.281012 0.044410 0.000000 0.044410
544.395750 486.203899 0.086780 0.000000 0.086780
716.304218 327.025426 0.037073 0.000000 0.037073
515.769823 454.813671 0.088037 0.000000 0.088037
729.020867 345.457649 0.061011 0.000000 0.061011
776.943115 480.919997 0.056336 0.000000 0.056336
64.053868 536.178201 0.052888 0.000000 0.052888
441.460372 457.578044 0.041222 0.000000 0.041222
421.634271 195.470795 0.025916 0.000000 0.025916
186.047107 342.486221 0.140552 0.000000 0.140552
518.892436 271.995072 0.120722 0.000000 0.120722
685.624044 486.645526 0.059354 0.000000 0.059354
218.527028 575.659440 0.017745 0.000000 0.017745
677.350221 539.425250 0.136888 0.000000 0.136888
657.891551 232.138797 0.166775 0.000000 0.166775
427.089651 245.499675 0.064355 0.000000 0.064355
763.481960 594.306482 0.049483 0.000000 0.049483
410.194896 247.278520 0.096218 0.000000 0.096218
114.766729 453.974898 0.010305 0.000000 0.010305
182.960757 571.747917 0.069403 0.000000 0.069403
97.002615 601.831246 0.050450 0.000000 0.050450
523.305999 587.691078 0.077597 0.000000 0.077597
513.646036 426.546462 0.106870 0.000000 0.106870
631.019435 576.934384 0.067518 0.000000 0.067518
577.469277 251.342844 0.126924 0.000000 0.126924
753.983425 411.595874 0.056046 0.000000 0.056046
385.711601 226.646143 0.140929 0.000000 0.140929
409.696745 207.812816 0.006595 0.000000 0.006595
401.231849 249.338361 0.164856 0.000000 0.164856
321.722494 312.342268 0.016439 0.000000 0.016439
146.568889 476.642568 0.110027 0.000000 0.110027
371.190900 550.194411 0.004441 0.000000 0.004441
249.397115 520.315641 0.039583 0.000000 0.039583
510.127337 218.365324 0.018840 0.000000 0.018840
396.573716 198.617591 0.028630 0.000000 0.028630
407.222707 621.300959 0.094565 0.000000 0.094565
463.362583 525.512542 0.158918 0.000000 0.158918
65.298065 321.457325 0.161178 0.000000 0.161178
683.667596 359.363716 0.091887 0.000000 0.091887
725.022566 606.817171 0.137727 0.000000 0.137727
130.988931 482.259886 0.050146 0.000000 0.050146
208.306265 339.392178 0.147896 0.000000 0.147896
25.823235 319.595176 0.161005 0.000000 0.161005
570.455542 601.426738 0.070205 0.000000 0.070205
183.898167 412.514757 0.134942 0.000000 0.134942
481.155535 438.557523 0.172427 0.000000 0.172427
194.439500 264.147858 0.148999 0.000000 0.148999
783.200271 291.629327 0.112371 0.000000 0.112371
616.770053 330.035642 0.166025 0.000000 0.166025
633.448313 200.229475 0.113069 0.000000 0.113069
759.252845 325.019805 0.033787 0.000000 0.033787
561.559637 466.182678 0.037343 0.000000 0.037343
727.071489 214.806673 0.005554 0.000000 0.005554
695.812945 600.312104 0.059371 0.000000 0.059371
263.833669 532.788899 0.155091 0.000000 0.155091
547.606764 201.629376 0.005932 0.000000 0.005932
463.250385 532.692608 0.128987 0.000000 0.128987
11.284045 368.718341 0.161015 0.000000 0.161015
265.519836 552.508122 0.074347 0.000000 0.074347
124.404721 468.203008 0.043552 0.000000 0.043552
680.912615 199.665848 0.118562 0.000000 0.118562
774.071400 164.648332 0.094145 0.000000 0.094145
161.823909 318.434642 0.138718 0.000000 0.138718
449.127237 578.302411 0.156295 0.000000 0.156295
117.407688 625.720984 0.059574 0.000000 0.059574
479.995610 581.448114 0.059716 0.000000 0.059716
453.714150 598.313148 0.129686 0.000000 0.129686
80.446009 589.195856 0.072090 0.000000 0.072090
745.372852 543.411115 0.159312 0.000000 0.159312
135.861897 587.523723 0.117323 0.000000 0.117323
145.055067 619.910296 0.088670 0.000000 0.088670
671.665108 301.874897 0.098856 0.000000 0.098856
278.528979 342.144510 0.169088 0.000000 0.169088
135.857250 542.429531 0.099270 0.000000 0.099270
786.200335 613.553425 0.144446 0.000000 0.144446
761.208476 360.520364 0.120510 0.000000 0.120510
472.034028 601.472698 0.059307 0.000000 0.059307
524.900922 540.621529 0.171777 0.000000 0.171777
686.144235 531.419775 0.081317 0.000000 0.081317
106.508495 447.575104 0.120924 0.000000 0.120924
677.109789 484.251068 0.027380 0.000000 0.027380
253.204478 576.508850 0.112887 0.000000 0.112887
16.559418 556.182685 0.033714 0.000000 0.033714
780.714007 222.076084 0.101819 0.000000 0.101819
724.815513 226.881567 0.148361 0.000000 0.148361
701.657755 462.583390 0.058095 0.000000 0.058095
767.475601 546.045907 0.173764 0.000000 0.173764
613.801125 339.444400 0.144696 0.000000 0.144696
175.210794 343.732433 0.158257 0.000000 0.158257
190.823126 537.237752 0.027697 0.000000 0.027697
636.423266 381.853346 0.079939 0.000000 0.079939
433.586033 275.436913 0.045378 0.000000 0.045378
154.727725 525.778398 0.026182 0.000000 0.026182
321.461530 433.988844 0.025338 0.000000 0.025338
663.689036 499.431028 0.030048 0.000000 0.030048
767.683923 509.667137 0.010668 0.000000 0.010668
711.468825 348.924614 0.064945 0.000000 0.064945
776.765641 186.908823 0.116806 0.000000 0.116806
279.298308 246.008542 0.170331 0.000000 0.170331
416.639907 266.065472 0.146152 0.000000 0.146152
655.670188 472.904984 0.124581 0.000000 0.124581
530.796479 585.844596 0.019134 0.000000 0.019134
602.812452 310.941098 0.137697 0.000000 0.137697
170.723048 449.764414 0.137736 0.000000 0.137736
387.817928 295.253798 0.117800 0.000000 0.117800
414.061767 243.032087 0.174822 0.000000 0.174822
436.035189 234.458120 0.088596 0.000000 0.088596
575.729096 493.593484 0.129637 0.000000 0.129637
582.895473 509.578422 0.165510 0.000000 0.165510
716.226194 184.485721 0.079638 0.000000 0.079638
730.563141 494.913523 0.038551 0.000000 0.038551
49.432963 474.994190 0.109105 0.000000 0.109105
581.150314 601.784415 0.013829 0.000000 0.013829
572.694620 313.119282 0.175362 0.000000 0.175362
431.471824 512.171995 0.162897 0.000000 0.162897
161.638176 614.548308 0.100699 0.000000 0.100699
158.969902 289.233042 0.027356 0.000000 0.027356
425.372292 249.968819 0.151485 0.000000 0.151485
144.595354 392.769419 0.118951 0.000000 0.118951
172.260417 620.985909 0.164722 0.000000 0.164722
220.075735 575.575861 0.082408 0.000000 0.082408
679.698198 342.378445 0.102977 0.000000 0.102977
13.645348 345.878054 0.104859 0.000000 0.104859
89.499132 541.404323 0.058033 0.000000 0.058033
466.295550 459.842781 0.076079 0.000000 0.076079
367.639720 392.872829 0.007370 0.000000 0.007370
402.046628 609.578615 0.132701 0.000000 0.132701
631.594225 226.737963 0.131179 0.000000 0.131179
125.615084 197.931088 0.079470 0.000000 0.079470
38.679916 351.191554 0.013268 0.000000 0.013268
708.273866 601.617579 0.075697 0.000000 0.075697
78.588795 585.523863 0.034200 0.000000 0.034200
186.233361 275.835088 0.130860 0.000000 0.130860
782.276816 452.055838 0.173221 0.000000 0.173221
31.632798 598.117091 0.121188 0.000000 0.121188
29.823459 474.995919 0.033567 0.000000 0.033567
614.608605 479.059703 0.021980 0.000000 0.021980
132.576052 622.351987 0.140829 0.000000 0.140829
700.048879 588.886912 0.077007 0.000000 0.077007
616.375153 284.431452 0.109395 0.000000 0.109395
251.308661 251.666991 0.058202 0.000000 0.058202
165.834015 314.920062 0.171387 0.000000 0.171387
700.298360 509.321690 0.007427 0.000000 0.007427
155.685788 506.462859 0.055842 0.000000 0.055842
40.699319 414.137218 0.065701 0.000000 0.065701
176.359177 362.116139 0.107465 0.000000 0.107465
332.448213 450.438185 0.052611 0.000000 0.052611
375.962856 297.939689 0.083840 0.000000 0.083840
114.586695 330.393348 0.135639 0.000000 0.135639
733.756206 508.431650 0.102832 0.000000 0.102832
169.522832 567.350487 0.010499 0.000000 0.010499
213.596526 423.986696 0.038553 0.000000 0.038553
646.060420 224.512757 0.120815 0.000000 0.120815
19.419919 538.654550 0.094597 0.000000 0.094597
622.617975 386.313196 0.070703 0.000000 0.070703
359.076461 273.505242 0.123090 0.000000 0.123090
708.915533 409.835759 0.152712 0.000000 0.152712
117.974439 595.178178 0.019053 0.000000 0.019053
665.595194 600.208861 0.110238 0.000000 0.110238
125.905381 423.833272 0.158449 0.000000 0.158449
283.466921 412.076772 0.114313 0.000000 0.114313
145.303119 425.252286 0.079874 0.000000 0.079874
217.537862 506.969235 0.126532 0.000000 0.126532
640.099117 536.135494 0.029709 0.000000 0.029709
744.743592 554.063875 0.151841 0.000000 0.151841
273.964758 402.819402 0.143761 0.000000 0.143761
656.073981 457.414464 0.155559 0.000000 0.155559
647.347804 375.498924 0.163894 0.000000 0.163894
752.638722 524.743507 0.076271 0.000000 0.076271
406.820741 354.831318 0.066475 0.000000 0.066475
497.293492 275.059405 0.161496 0.000000 0.161496
62.035786 264.464555 0.090801 0.000000 0.090801
786.457189 163.306407 0.103845 0.000000 0.103845
731.943992 384.857722 0.159556 0.000000 0.159556
644.214420 406.768733 0.145672 0.000000 0.145672
252.064991 515.586670 0.092595 0.000000 0.092595
785.995498 540.873953 0.081699 0.000000 0.081699
228.987456 424.926580 0.112250 0.000000 0.112250
33.702992 625.327051 0.057157 0.000000 0.057157
565.504313 399.450988 0.155160 0.000000 0.155160
729.531162 499.797696 0.108888 0.000000 0.108888
723.011652 214.441926 0.051037 0.000000 0.051037
185.639902 592.105277 0.160390 0.000000 0.160390
174.545068 247.670353 0.140374 0.000000 0.140374
393.391485 456.586285 0.042863 0.000000 0.042863
469.342331 253.335283 0.169816 0.000000 0.169816
71.567402 390.719303 0.153690 0.000000 0.153690
522.627044 601.676607 0.113095 0.000000 0.113095
497.146076 597.345684 0.053526 0.000000 0.053526
512.350250 559.296405 0.046177 0.000000 0.046177
179.623405 428.043164 0.055773 0.000000 0.055773
607.908425 617.532135 0.024755 0.000000 0.024755
579.246995 544.244922 0.150849 0.000000 0.150849
264.849543 543.473868 0.013097 0.000000 0.013097
654.616202 285.091580 0.106997 0.000000 0.106997
233.673522 182.312700 0.055045 0.000000 0.055045
16.074626 320.907077 0.150842 0.000000 0.150842
187.850974 360.871795 0.137411 0.000000 0.137411
788.454519 184.389655 0.117668 0.000000 0.117668
674.060464 512.416188 0.168392 0.000000 0.168392
708.539277 459.411470 0.104277 0.000000 0.104277
87.117634 471.481970 0.107948 0.000000 0.107948
698.603143 524.277612 0.078070 0.000000 0.078070
560.635105 541.291335 0.033494 0.000000 0.033494
345.402739 455.801994 0.041194 0.000000 0.041194
678.169423 233.898640 0.058031 0.000000 0.058031
114.266189 513.114261 0.119404 0.000000 0.119404
190.269917 254.737237 0.078231 0.000000 0.078231
587.810111 595.952467 0.141565 0.000000 0.141565
417.129054 365.298695 0.097732 0.000000 0.097732
507.697838 509.548112 0.133279 0.000000 0.133279
632.557276 612.340981 0.128568 0.000000 0.128568
90.918140 221.822118 0.065438 0.000000 0.065438
336.624338 466.913669 0.065314 0.000000 0.065314
167.611283 440.366965 0.147145 0.000000 0.147145
99.410899 624.609340 0.101555 0.000000 0.101555
715.075844 275.048286 0.171627 0.000000 0.171627
617.178063 511.783376 0.028195 0.000000 0.028195
156.016267 491.038795 0.166976 0.000000 0.166976
122.758240 225.368857 0.023472 0.000000 0.023472
545.303907 572.683605 0.134436 0.000000 0.134436
526.794391 550.834481 0.120752 0.000000 0.120752
622.663927 211.527681 0.109242 0.000000 0.109242
133.193490 570.791042 0.090286 0.000000 0.090286
579.289841 615.946549 0.051293 0.000000 0.051293
176.997000 430.104401 0.123147 0.000000 0.123147
484.431744 527.986782 0.056478 0.000000 0.056478
667.023093 508.063232 0.169631 0.000000 0.169631
398.920669 606.718345 0.054871 0.000000 0.054871
84.585071 584.018833 0.146291 0.000000 0.146291
696.113401 384.085434 0.061290 0.000000 0.061290
445.207457 164.113225 0.134262 0.000000 0.134262
729.390670 324.033284 0.059732 0.000000 0.059732
388.962442 77.148193 0.091388 0.000000 0.091388
116.320146 595.405027 0.005406 0.000000 0.005406
693.518377 399.899146 0.130843 0.000000 0.130843
756.579209 292.478345 0.067895 0.000000 0.067895
780.319527 358.087420 0.043210 0.000000 0.043210
727.755049 237.714578 0.080778 0.000000 0.080778
412.556164 228.105477 0.157207 0.000000 0.157207
520.800194 291.735481 0.138610 0.000000 0.138610
634.365126 424.738279 0.063112 0.000000 0.063112
540.866900 582.969950 0.027665 0.000000 0.027665
547.370708 467.417431 0.165104 0.000000 0.165104
175.826467 436.503031 0.102948 0.000000 0.102948
733.631244 438.618077 0.130935 0.000000 0.130935
568.322689 551.607150 0.020069 0.000000 0.020069
734.221417 399.428027 0.054298 0.000000 0.054298
526.325036 573.095932 0.136255 0.000000 0.136255
418.017131 601.487137 0.074566 0.000000 0.074566
324.592199 318.319388 0.057570 0.000000 0.057570
482.889795 579.558156 0.162224 0.000000 0.162224
660.428531 236.456410 0.117286 0.000000 0.117286
598.480440 525.831590 0.014791 0.000000 0.014791
280.862562 256.934085 0.129607 0.000000 0.129607
428.083371 504.238609 0.083320 0.000000 0.083320
705.874259 552.511932 0.013986 0.000000 0.013986
477.001793 506.004536 0.073375 0.000000 0.073375
56.067306 552.739523 0.110424 0.000000 0.110424
500.379332 516.509961 0.042557 0.000000 0.042557
512.362039 623.626120 0.035567 0.000000 0.035567
9.246238 557.670649 0.167283 0.000000 0.167283
143.879320 439.039498 0.125950 0.000000 0.125950
108.894051 535.265572 0.076591 0.000000 0.076591
704.904559 238.855354 0.157601 0.000000 0.157601
417.226839 400.022889 0.109312 0.000000 0.109312
193.745229 448.181463 0.139704 0.000000 0.139704
120.563440 229.460039 0.059048 0.000000 0.059048
103.320858 478.284427 0.076176 0.000000 0.076176
23.543620 496.241396 0.082605 0.000000 0.082605
53.036589 562.045448 0.128243 0.000000 0.128243
219.213121 423.505778 0.155999 0.000000 0.155999
461.068976 596.412042 0.095826 0.000000 0.095826
171.511167 609.766795 0.120098 0.000000 0.120098
532.856895 630.437083 0.141000 0.000000 0.141000
234.957224 534.362179 0.040367 0.000000 0.040367
708.361311 516.623906 0.050717 0.000000 0.050717
614.045332 561.714094 0.020117 0.000000 0.020117
225.554858 540.508429 0.104792 0.000000 0.104792
736.795222 599.842635 0.128673 0.000000 0.128673
166.298626 543.601324 0.145546 0.000000 0.145546
60.263667 587.246357 0.080399 0.000000 0.080399
623.284260 381.603215 0.022407 0.000000 0.022407
176.122709 270.358115 0.139269 0.000000 0.139269
347.649512 146.024128 0.148062 0.000000 0.148062
539.503982 612.769208 0.037342 0.000000 0.037342
530.997816 466.196406 0.033978 0.000000 0.033978
516.848020 194.871551 0.033231 0.000000 0.033231
46.401101 618.322240 0.085954 0.000000 0.085954
60.379658 522.217118 0.055639 0.000000 0.055639
597.109479 477.637444 0.114814 0.000000 0.114814
278.711736 530.437736 0.128312 0.000000 0.128312
243.689290 594.823862 0.032629 0.000000 0.032629
277.148182 549.704913 0.072563 0.000000 0.072563
525.430358 461.433965 0.103381 0.000000 0.103381
467.812525 570.201182 0.115559 0.000000 0.115559
345.326791 178.376380 0.136027 0.000000 0.136027
683.085973 272.555555 0.123953 0.000000 0.123953
756.668422 462.677366 0.116218 0.000000 0.116218
209.957126 358.468459 0.125411 0.000000 0.125411
461.939995 277.280171 0.006428 0.000000 0.006428
538.385804 469.293671 0.065668 0.000000 0.065668
599.476229 539.297416 0.020768 0.000000 0.020768
615.032542 386.480906 0.105043 0.000000 0.105043
717.847268 521.598883 0.083080 0.000000 0.083080
647.615112 595.496919 0.159063 0.000000 0.159063
702.266531 581.031967 0.136258 0.000000 0.136258
79.850135 387.397622 0.139406 0.000000 0.139406
130.354985 626.095454 0.103694 0.000000 0.103694
589.872444 175.258898 0.171428 0.000000 0.171428
722.315959 412.526441 0.075584 0.000000 0.075584
720.945117 203.421226 0.072796 0.000000 0.072796
597.752071 449.079874 0.100217 0.000000 0.100217
759.391999 543.537784 0.106812 0.000000 0.106812
640.567232 192.583589 0.110273 0.000000 0.110273
184.860434 523.029648 0.030753 0.000000 0.030753
401.972269 76.815272 0.099862 0.000000 0.099862
639.643212 591.873381 0.091845 0.000000 0.091845
736.386900 265.851896 0.084351 0.000000 0.084351
660.458277 377.116817 0.090429 0.000000 0.090429
653.549111 621.560748 0.151934 0.000000 0.151934
151.492932 524.014088 0.007785 0.000000 0.007785
409.454455 567.196655 0.037359 0.000000 0.037359
246.049753 364.951579 0.168047 0.000000 0.168047
558.357974 614.597777 0.071930 0.000000 0.071930
580.162894 471.529799 0.095458 0.000000 0.095458
326.861654 352.894956 0.068092 0.000000 0.068092
439.037473 403.716374 0.145635 0.000000 0.145635
687.491106 558.625365 0.118988 0.000000 0.118988
581.258506 235.913580 0.127327 0.000000 0.127327
104.581376 457.534887 0.100356 0.000000 0.100356
551.029149 588.027406 0.154633 0.000000 0.154633
681.423657 379.975769 0.126036 0.000000 0.126036
567.615275 565.662398 0.170027 0.000000 0.170027
514.213525 405.489384 0.067942 0.000000 0.067942
46.123629 549.347700 0.175129 0.000000 0.175129
754.613768 398.740682 0.011713 0.000000 0.011713
720.210638 390.610184 0.090766 0.000000 0.090766
93.670286 588.119052 0.138406 0.000000 0.138406
755.291122 394.872168 0.040164 0.000000 0.040164
773.979153 351.083482 0.024585 0.000000 0.024585
686.591492 602.334911 0.140180 0.000000 0.140180
754.113033 320.530252 0.073351 0.000000 0.073351
181.578283 592.055266 0.068486 0.000000 0.068486
629.548628 467.676503 0.132223 0.000000 0.132223
282.563434 299.741540 0.132281 0.000000 0.132281
127.376508 456.495808 0.048230 0.000000 0.048230
442.641674 252.601310 0.102797 0.000000 0.102797
168.466342 417.654768 0.137948 0.000000 0.137948
131.614579 631.827848 0.119124 0.000000 0.119124
79.943549 450.988504 0.107517 0.000000 0.107517
441.229823 571.880722 0.022055 0.000000 0.022055
665.434854 314.481984 0.102090 0.000000 0.102090
180.662336 256.298164 0.111445 0.000000 0.111445
15.842036 445.586459 0.050695 0.000000 0.050695
336.369524 164.237936 0.096738 0.000000 0.096738
294.124326 512.252814 0.145682 0.000000 0.145682
337.092992 612.904138 0.107013 0.000000 0.107013
307.677303 327.939910 0.049865 0.000000 0.049865
740.533113 583.695281 0.083732 0.000000 0.083732
45.432303 523.655887 0.111888 0.000000 0.111888
108.915974 458.364347 0.047788 0.000000 0.047788
168.153763 619.892328 0.046131 0.000000 0.046131
16.178766 490.117942 0.058468 0.000000 0.058468
746.646198 441.426543 0.154399 0.000000 0.154399
86.430838 474.054074 0.050273 0.000000 0.050273
571.560676 552.013868 0.160712 0.000000 0.160712
614.929063 605.938591 0.007280 0.000000 0.007280
37.403259 599.839047 0.037675 0.000000 0.037675
677.827438 331.603902 0.107968 0.000000 0.107968
98.165182 376.764523 0.075791 0.000000 0.075791
764.122160 372.360863 0.146791 0.000000 0.146791
682.422845 607.440434 0.060439 0.000000 0.060439
767.163590 315.293076 0.050722 0.000000 0.050722
190.837514 238.532616 0.147158 0.000000 0.147158
759.229382 482.971952 0.100014 0.000000 0.100014
697.421694 578.461117 0.050662 0.000000 0.050662
619.624872 559.482446 0.056777 0.000000 0.056777
783.074476 453.310624 0.032511 0.000000 0.032511
783.616974 592.746776 0.112742 0.000000 0.112742
77.008522 251.973772 0.174345 0.000000 0.174345
45.538886 495.340691 0.062623 0.000000 0.062623
368.907251 423.607285 0.036583 0.000000 0.036583
199.158056 323.167974 0.006504 0.000000 0.006504
393.564436 443.021754 0.152018 0.000000 0.152018
99.614628 538.537260 0.021163 0.000000 0.021163
760.084333 515.705726 0.034928 0.000000 0.034928
596.612656 122.119053 0.167678 0.000000 0.167678
74.860837 510.562211 0.086071 0.000000 0.086071
428.564736 572.516200 0.138319 0.000000 0.138319
610.778180 382.570593 0.098374 0.000000 0.098374
60.367197 517.621856 0.099120 0.000000 0.099120
541.662883 449.412407 0.035582 0.000000 0.035582
651.679464 429.255141 0.059340 0.000000 0.059340
210.420268 151.818966 0.170734 0.000000 0.170734
78.555642 302.085879 0.143698 0.000000 0.143698
696.761851 155.761296 0.044977 0.000000 0.044977
447.628824 247.165313 0.147919 0.000000 0.147919
606.437303 170.601797 0.061295 0.000000 0.061295
611.289736 487.929716 0.151542 0.000000 0.151542
104.666126 242.658775 0.118094 0.000000 0.118094
461.034332 457.693605 0.064849 0.000000 0.064849
626.248009 361.060458 0.008531 0.000000 0.008531
748.161974 420.041935 0.175851 0.000000 0.175851
735.027401 533.164918 0.169072 0.000000 0.169072
774.947629 329.589856 0.018150 0.000000 0.018150
737.105169 589.965995 0.012003 0.000000 0.012003
591.140144 179.923589 0.031689 0.000000 0.031689
280.973973 568.592211 0.151002 0.000000 0.151002
14.789064 516.671209 0.134998 0.000000 0.134998
404.167836 244.588062 0.173067 0.000000 0.173067
590.524081 473.149256 0.152343 0.000000 0.152343
608.942525 548.234726 0.123394 0.000000 0.123394
714.854424 489.682637 0.036640 0.000000 0.036640
318.555367 436.944736 0.122483 0.000000 0.122483
713.749128 200.401752 0.082897 0.000000 0.082897
456.490559 388.483209 0.111661 0.000000 0.111661
165.465932 445.722809 0.159351 0.000000 0.159351
572.405062 630.187129 0.084826 0.000000 0.084826
587.716120 385.911034 0.149385 0.000000 0.149385
581.601563 472.446647 0.035935 0.000000 0.035935
688.067085 602.078802 0.024903 0.000000 0.024903
768.458416 611.122631 0.012935 0.000000 0.012935
654.818046 445.442735 0.104491 0.000000 0.104491
661.169789 344.121439 0.004920 0.000000 0.004920
712.528184 272.094196 0.081495 0.000000 0.081495
509.276351 402.786913 0.061257 0.000000 0.061257
529.966214 554.310500 0.049303 0.000000 0.049303
506.925010 273.443355 0.101397 0.000000 0.101397
703.551167 205.250924 0.107061 0.000000 0.107061
534.053207 288.837533 0.165689 0.000000 0.165689
521.678046 377.051038 0.036845 0.000000 0.036845
553.663964 593.511995 0.053145 0.000000 0.053145
712.310983 532.317151 0.074804 0.000000 0.074804
656.402068 527.677967 0.139791 0.000000 0.139791
162.607626 494.400570 0.163977 0.000000 0.163977
120.748014 578.608217 0.167589 0.000000 0.167589
184.462633 333.867624 0.164641 0.000000 0.164641
561.147148 569.457693 0.078883 0.000000 0.078883
591.105041 207.658094 0.033624 0.000000 0.033624
634.681868 469.326593 0.045738 0.000000 0.045738
743.293074 629.747665 0.150493 0.000000 0.150493
278.803346 525.731130 0.042306 0.000000 0.042306
133.686926 576.768276 0.138146 0.000000 0.138146
90.391719 571.122532 0.052701 0.000000 0.052701
684.376681 474.939723 0.123654 0.000000 0.123654
652.631398 451.920773 0.063791 0.000000 0.063791
530.182239 271.702904 0.089683 0.000000 0.089683
622.549149 106.684405 0.117659 0.000000 0.117659
382.034941 178.185080 0.066655 0.000000 0.066655
600.478267 538.463937 0.077715 0.000000 0.077715
678.631863 177.760110 0.098852 0.000000 0.098852
738.440133 484.285612 0.079168 0.000000 0.079168
780.314593 383.791742 0.115117 0.000000 0.115117
513.041735 219.771491 0.102618 0.000000 0.102618
442.749141 568.024761 0.094476 0.000000 0.094476
561.043743 607.992740 0.018571 0.000000 0.018571
624.282453 484.080161 0.165035 0.000000 0.165035
101.801299 587.453621 0.164832 0.000000 0.164832
682.866349 625.650411 0.042618 0.000000 0.042618
399.413145 202.075415 0.174958 0.000000 0.174958
262.503327 607.403175 0.078280 0.000000 0.078280
188.513027 312.003791 0.146522 0.000000 0.146522
269.899427 546.754543 0.103266 0.000000 0.103266
554.706620 499.067238 0.112618 0.000000 0.112618
135.631456 516.522116 0.063852 0.000000 0.063852
221.688979 503.315370 0.067390 0.000000 0.067390
334.245100 359.889509 0.079328 0.000000 0.079328
217.887513 329.407981 0.156076 0.000000 0.156076
615.386868 200.235752 0.082610 0.000000 0.082610
719.877128 179.127678 0.090612 0.000000 0.090612
262.562276 558.355951 0.095456 0.000000 0.095456
669.075613 628.974547 0.122742 0.000000 0.122742
647.307172 416.618177 0.005678 0.000000 0.005678
744.836654 479.897010 0.116517 0.000000 0.116517
106.851478 471.638288 0.141994 0.000000 0.141994
675.110536 499.043580 0.135935 0.000000 0.135935
746.971160 508.667179 0.043798 0.000000 0.043798
720.855758 510.408342 0.151740 0.000000 0.151740
755.458067 597.558858 0.145894 0.000000 0.145894
782.973401 367.717241 0.132578 0.000000 0.132578
75.183089 522.627578 0.089140 0.000000 0.089140
605.886738 585.465754 0.027873 0.000000 0.027873
660.481294 547.086003 0.099191 0.000000 0.099191
216.441643 545.319873 0.063168 0.000000 0.063168
503.802441 547.527977 0.089162 0.000000 0.089162
496.213627 283.933534 0.011755 0.000000 0.011755
563.738623 583.995482 0.102488 0.000000 0.102488
471.784388 143.528570 0.090876 0.000000 0.090876
553.094839 600.098372 0.143577 0.000000 0.143577
26.692063 596.900806 0.047274 0.000000 0.047274
619.017261 557.960477 0.004164 0.000000 0.004164
729.407548 437.495660 0.037244 0.000000 0.037244
147.819184 280.435914 0.163317 0.000000 0.163317
703.150780 308.491140 0.034019 0.000000 0.034019
346.843763 263.432453 0.025352 0.000000 0.025352
443.996072 499.318454 0.053230 0.000000 0.053230
8.400161 613.310562 0.134693 0.000000 0.134693
298.895407 457.334113 0.013639 0.000000 0.013639
599.053464 583.250965 0.041466 0.000000 0.041466
153.857921 533.004874 0.175723 0.000000 0.175723
707.391524 165.294236 0.061919 0.000000 0.061919
518.561530 219.562099 0.119849 0.000000 0.119849
167.624631 538.407081 0.115449 0.000000 0.115449
9.725507 270.414552 0.156652 0.000000 0.156652
685.376337 458.084508 0.166166 0.000000 0.166166
611.047002 534.157892 0.014889 0.000000 0.014889
682.262581 331.724233 0.022433 0.000000 0.022433
132.632144 523.640621 0.053592 0.000000 0.053592
661.664928 346.725357 0.052367 0.000000 0.052367
655.209138 358.200513 0.083430 0.000000 0.083430
208.930331 352.820380 0.011349 0.000000 0.011349
266.142648 569.995707 0.107353 0.000000 0.107353
717.167144 517.046141 0.125820 0.000000 0.125820
615.045636 325.671154 0.067060 0.000000 0.067060
484.351435 629.767474 0.174843 0.000000 0.174843
461.612716 561.181499 0.030852 0.000000 0.030852
642.153996 438.282333 0.075699 0.000000 0.075699
698.784140 364.489534 0.029356 0.000000 0.029356
155.388912 628.837871 0.104331 0.000000 0.104331
202.891621 550.256702 0.015376 0.000000 0.015376
520.067104 473.191285 0.147058 0.000000 0.147058
341.817900 259.984950 0.049490 0.000000 0.049490
568.946585 315.814569 0.065732 0.000000 0.065732
173.402752 414.857499 0.130017 0.000000 0.130017
531.112438 371.665810 0.049160 0.000000 0.049160
198.919764 262.700796 0.118857 0.000000 0.118857
300.602453 303.387868 0.068607 0.000000 0.068607
652.096321 485.074046 0.158079 0.000000 0.158079
116.520172 432.215001 0.051821 0.000000 0.051821
778.958002 303.705924 0.142815 0.000000 0.142815
750.271713 456.266250 0.005258 0.000000 0.005258
147.652290 513.729854 0.127463 0.000000 0.127463
339.679595 629.366689 0.152811 0.000000 0.152811
588.855363 278.159014 0.089372 0.000000 0.089372
787.095050 608.035349 0.132224 0.000000 0.132224
137.661851 357.368992 0.046021 0.000000 0.046021
583.149084 589.441127 0.038304 0.000000 0.038304
123.151504 348.620484 0.154177 0.000000 0.154177
649.790640 524.805409 0.167255 0.000000 0.167255
220.634110 357.533562 0.170057 0.000000 0.170057
92.745993 501.714692 0.053961 0.000000 0.053961
580.872353 539.919038 0.061656 0.000000 0.061656
635.675769 477.671962 0.113918 0.000000 0.113918
599.680591 566.713616 0.040749 0.000000 0.040749
444.047472 587.192636 0.152971 0.000000 0.152971
696.180640 370.931115 0.040558 0.000000 0.040558
576.593947 263.543388 0.069664 0.000000 0.069664
490.493208 554.905970 0.161737 0.000000 0.161737
199.813668 265.541680 0.041175 0.000000 0.041175
742.261080 263.259568 0.070787 0.000000 0.070787
432.256873 192.833123 0.130949 0.000000 0.130949
464.358572 546.832290 0.011326 0.000000 0.011326
77.027818 518.427259 0.053649 0.000000 0.053649
735.386472 414.553380 0.077214 0.000000 0.077214
198.866864 200.074327 0.136948 0.000000 0.136948
29.229445 307.105278 0.156003 0.000000 0.156003
359.504223 397.500385 0.146336 0.000000 0.146336
450.106792 162.217852 0.107612 0.000000 0.107612
18.996232 348.165016 0.158455 0.000000 0.158455
262.540879 277.739524 0.057140 0.000000 0.057140
53.005201 629.753578 0.129144 0.000000 0.129144
299.667889 587.330661 0.072919 0.000000 0.072919
88.831522 624.979668 0.093324 0.000000 0.093324
765.590347 308.765828 0.132532 0.000000 0.132532
602.444715 127.587022 0.165497 0.000000 0.165497
584.156933 203.453674 0.080328 0.000000 0.080328
395.413388 364.706877 0.103832 0.000000 0.103832
17.183015 568.584573 0.065258 0.000000 0.065258
743.331637 577.768512 0.122852 0.000000 0.122852
717.588169 623.802106 0.153127 0.000000 0.153127
655.895938 326.162697 0.027726 0.000000 0.027726
725.103845 317.763995 0.126755 0.000000 0.126755
701.799343 553.650758 0.161487 0.000000 0.161487
635.498453 512.496383 0.116486 0.000000 0.116486
644.647667 430.057716 0.162172 0.000000 0.162172
767.379757 521.910845 0.160957 0.000000 0.160957
691.903491 165.294743 0.135050 0.000000 0.135050
518.662774 623.632796 0.103140 0.000000 0.103140
634.407298 348.063650 0.074728 0.000000 0.074728
736.502086 602.684031 0.043661 0.000000 0.043661
541.335188 268.973317 0.174297 0.000000 0.174297
514.212279 277.953563 0.008405 0.000000 0.008405
751.880066 516.829897 0.010902 0.000000 0.010902
107.428312 621.795032 0.162759 0.000000 0.162759
95.231549 568.362805 0.139042 0.000000 0.139042
64.983927 605.304849 0.056375 0.000000 0.056375
22.423027 600.286158 0.107925 0.000000 0.107925
105.341513 346.591507 0.142628 0.000000 0.142628
161.936023 604.946187 0.016998 0.000000 0.016998
461.658584 604.622308 0.021115 0.000000 0.021115
735.336046 582.996352 0.149710 0.000000 0.149710
101.670913 435.665246 0.136437 0.000000 0.136437
522.360616 300.735319 0.117832 0.000000 0.117832
308.149242 291.708664 0.110675 0.000000 0.110675
285.425829 523.233935 0.161627 0.000000 0.161627
222.680229 242.807009 0.035344 0.000000 0.035344
775.191825 535.981411 0.045143 0.000000 0.045143
737.637022 306.275345 0.066536 0.000000 0.066536
505.503585 438.291610 0.108351 0.000000 0.108351
389.182855 250.746356 0.167689 0.000000 0.167689
479.361722 594.406734 0.102940 0.000000 0.102940
621.456491 539.365787 0.125827 0.000000 0.125827
457.794937 320.623078 0.113682 0.000000 0.113682
787.239553 460.327684 0.055160 0.000000 0.055160
114.897784 335.500515 0.084417 0.000000 0.084417
689.465483 561.756025 0.045674 0.000000 0.045674
715.901808 307.794254 0.076131 0.000000 0.076131
618.249403 545.480395 0.054563 0.000000 0.054563
160.754573 573.295738 0.056404 0.000000 0.056404
135.951861 465.871268 0.028243 0.000000 0.028243
661.051327 410.109372 0.039920 0.000000 0.039920
45.276957 630.693781 0.121794 0.000000 0.121794
641.903918 601.568318 0.021808 0.000000 0.021808
285.851186 544.321619 0.070399 0.000000 0.070399
132.347781 533.441816 0.021071 0.000000 0.021071
411.687028 359.278784 0.105823 0.000000 0.105823
397.104335 546.495642 0.103498 0.000000 0.103498
126.217131 486.148835 0.064487 0.000000 0.064487
638.561231 376.165328 0.170600 0.000000 0.170600
312.516304 369.436859 0.101594 0.000000 0.101594
406.410122 177.286808 0.101638 0.000000 0.101638
704.996293 286.086927 0.093905 0.000000 0.093905
423.306632 241.975846 0.163851 0.000000 0.163851
347.498625 273.256325 0.074970 0.000000 0.074970
747.989196 477.180693 0.041551 0.000000 0.041551
650.158017 396.840150 0.011746 0.000000 0.011746
170.319931 560.613374 0.061854 0.000000 0.061854
468.433799 609.853843 0.032483 0.000000 0.032483
645.474394 353.240845 0.014801 0.000000 0.014801
746.187955 324.975529 0.022536 0.000000 0.022536
586.431688 346.882135 0.087717 0.000000 0.087717
760.332012 622.937140 0.087899 0.000000 0.087899
475.471627 562.704723 0.052788 0.000000 0.052788
111.451638 492.369855 0.033595 0.000000 0.033595
581.288680 313.536675 0.077437 0.000000 0.077437
703.825678 260.058994 0.157532 0.000000 0.157532
727.600710 338.715187 0.005477 0.000000 0.005477
753.743848 442.023355 0.056193 0.000000 0.056193
556.838325 622.209579 0.097064 0.000000 0.097064
148.018165 420.338544 0.116350 0.000000 0.116350
61.320288 599.445305 0.091227 0.000000 0.091227
218.794360 526.125966 0.112562 0.000000 0.112562
587.390888 610.993391 0.077496 0.000000 0.077496
532.730438 528.946945 0.033950 0.000000 0.033950
512.926114 140.427221 0.042422 0.000000 0.042422
82.843558 486.341653 0.106948 0.000000 0.106948
610.516372 228.272414 0.046571 0.000000 0.046571
699.413650 272.374674 0.070070 0.000000 0.070070
471.841509 614.975204 0.170445 0.000000 0.170445
627.432074 206.118236 0.043770 0.000000 0.043770
301.465228 529.810324 0.134772 0.000000 0.134772
200.759055 527.160438 0.018007 0.000000 0.018007
715.527934 383.773227 0.029840 0.000000 0.029840
700.822947 524.295725 0.016147 0.000000 0.016147
740.266139 467.782888 0.042272 0.000000 0.042272
264.949687 600.706169 0.059300 0.000000 0.059300
726.676020 558.552389 0.073825 0.000000 0.073825
544.791420 549.016190 0.159382 0.000000 0.159382
20.883844 529.103303 0.078630 0.000000 0.078630
651.384240 377.998649 0.043851 0.000000 0.043851
688.969462 492.935501 0.016268 0.000000 0.016268
695.631815 553.539477 0.072215 0.000000 0.072215
713.839754 407.968038 0.033085 0.000000 0.033085
476.218642 525.832512 0.148952 0.000000 0.148952
632.807626 151.930014 0.017968 0.000000 0.017968
785.441414 545.430596 0.141332 0.000000 0.141332
590.524717 194.217052 0.081723 0.000000 0.081723
627.189317 588.501754 0.162163 0.000000 0.162163
284.346450 498.555051 0.163742 0.000000 0.163742
723.992536 627.386223 0.152450 0.000000 0.152450
625.909719 444.542220 0.044583 0.000000 0.044583
462.648317 583.583589 0.105434 0.000000 0.105434
751.494918 561.050762 0.106199 0.000000 0.106199
106.000251 541.556690 0.080389 0.000000 0.080389
751.455824 542.794575 0.020645 0.000000 0.020645
741.456634 482.580407 0.006642 0.000000 0.006642
788.788299 624.603814 0.091809 0.000000 0.091809
609.433548 474.584923 0.096367 0.000000 0.096367
564.784174 457.450533 0.150404 0.000000 0.150404
457.549110 567.261263 0.014890 0.000000 0.014890
469.451685 594.926404 0.075040 0.000000 0.075040
747.242474 278.842277 0.063321 0.000000 0.063321
322.957083 356.856537 0.070828 0.000000 0.070828
40.658640 498.838359 0.167388 0.000000 0.167388
685.553916 277.481890 0.101175 0.000000 0.101175
719.923759 175.223293 0.175465 0.000000 0.175465
25.474230 534.418653 0.122000 0.000000 0.122000
639.900207 140.959150 0.022389 0.000000 0.022389
81.002614 536.499371 0.150663 0.000000 0.150663
709.599092 393.253605 0.126131 0.000000 0.126131
404.938372 252.723260 0.169502 0.000000 0.169502
162.635622 534.707563 0.098136 0.000000 0.098136
313.557812 590.981554 0.109615 0.000000 0.109615
398.817785 133.863293 0.065793 0.000000 0.065793
147.906241 561.343478 0.036985 0.000000 0.036985
746.192299 500.441659 0.125830 0.000000 0.125830
608.018820 242.484701 0.119151 0.000000 0.119151
86.290553 500.161338 0.024417 0.000000 0.024417
726.615056 595.902279 0.031430 0.000000 0.031430
557.763314 599.148814 0.084543 0.000000 0.084543
122.744269 615.592800 0.051316 0.000000 0.051316
331.665340 265.506976 0.105595 0.000000 0.105595
597.287084 455.281046 0.143256 0.000000 0.143256
688.966984 449.502763 0.043330 0.000000 0.043330
490.518999 523.345489 0.030147 0.000000 0.030147
755.667291 506.913837 0.115915 0.000000 0.115915
761.269591 631.127863 0.154643 0.000000 0.154643
107.634242 522.487605 0.117585 0.000000 0.117585
653.118794 501.378812 0.083693 0.000000 0.083693
570.110947 586.544569 0.089672 0.000000 0.089672
572.225856 579.659083 0.109822 0.000000 0.109822
447.230590 590.683738 0.026132 0.000000 0.026132
66.919417 239.088842 0.008787 0.000000 0.008787
576.228724 524.070563 0.068131 0.000000 0.068131
503.718336 500.492501 0.073823 0.000000 0.073823
255.776038 560.680362 0.156787 0.000000 0.156787
508.186520 475.231417 0.074201 0.000000 0.074201
648.939511 266.480494 0.046109 0.000000 0.046109
760.508911 606.247745 0.034439 0.000000 0.034439
160.804191 550.991143 0.032111 0.000000 0.032111
192.728793 443.133549 0.063294 0.000000 0.063294
593.286820 132.278118 0.124142 0.000000 0.124142
560.176805 498.831249 0.059013 0.000000 0.059013
226.297162 527.041768 0.047084 0.000000 0.047084
134.285643 359.543371 0.009791 0.000000 0.009791
699.650625 536.463538 0.144870 0.000000 0.144870
725.299571 207.146506 0.170791 0.000000 0.170791
124.288422 610.699403 0.103445 0.000000 0.103445
99.576739 527.795799 0.019209 0.000000 0.019209
775.219010 317.953938 0.139325 0.000000 0.139325
172.988684 399.705371 0.099910 0.000000 0.099910
348.435324 315.765477 0.118625 0.000000 0.118625
783.096636 365.161734 0.033690 0.000000 0.033690
301.244081 556.683765 0.055486 0.000000 0.055486
251.907852 536.874126 0.053562 0.000000 0.053562
713.155875 374.043625 0.171967 0.000000 0.171967
704.662507 177.322092 0.059938 0.000000 0.059938
447.181210 547.598427 0.138910 0.000000 0.138910
324.904841 336.386531 0.059596 0.000000 0.059596
576.424382 588.208542 0.112706 0.000000 0.112706
511.948131 390.400830 0.009655 0.000000 0.009655
43.454767 536.095235 0.138267 0.000000 0.138267
282.104124 557.078797 0.034319 0.000000 0.034319
596.365323 571.950129 0.052058 0.000000 0.052058
468.142358 613.123810 0.149564 0.000000 0.149564
725.516770 564.807820 0.016942 0.000000 0.016942
306.414649 219.260394 0.126070 0.000000 0.126070
407.723726 188.069305 0.074759 0.000000 0.074759
101.173889 546.062423 0.144479 0.000000 0.144479
393.549144 571.742953 0.138521 0.000000 0.138521
681.648832 569.181640 0.078760 0.000000 0.078760
87.018925 524.297483 0.065145 0.000000 0.065145
788.924989 585.288125 0.176756 0.000000 0.176756
526.076923 489.560053 0.022100 0.000000 0.022100
408.470710 194.921450 0.051867 0.000000 0.051867
134.726692 456.752637 0.128200 0.000000 0.128200
498.519547 304.898139 0.080270 0.000000 0.080270
211.565280 450.471421 0.095415 0.000000 0.095415
112.190772 578.974029 0.057682 0.000000 0.057682
713.480139 253.098238 0.143560 0.000000 0.143560
518.714758 214.157514 0.064147 0.000000 0.064147
655.678901 593.095413 0.103875 0.000000 0.103875
191.888637 449.040926 0.011378 0.000000 0.011378
563.088630 595.590680 0.038398 0.000000 0.038398
87.636145 516.023708 0.074174 0.000000 0.074174
729.580171 484.961094 0.145700 0.000000 0.145700
755.388451 509.545764 0.058202 0.000000 0.058202
629.796545 415.814537 0.139913 0.000000 0.139913
584.882177 324.605885 0.005458 0.000000 0.005458
561.814474 248.098632 0.166714 0.000000 0.166714
763.754640 513.744725 0.163574 0.000000 0.163574
209.812236 523.719160 0.071193 0.000000 0.071193
718.153209 568.831492 0.072735 0.000000 0.072735
259.360507 629.741242 0.165214 0.000000 0.165214
440.304889 312.217512 0.131348 0.000000 0.131348
558.388878 518.062045 0.092519 0.000000 0.092519
394.400930 401.251248 0.023671 0.000000 0.023671
494.218123 523.643691 0.112305 0.000000 0.112305
99.540782 388.169374 0.147357 0.000000 0.147357
660.332114 527.347353 0.034796 0.000000 0.034796
728.630036 359.152923 0.116059 0.000000 0.116059
81.684449 474.222765 0.149538 0.000000 0.149538
397.192953 182.124565 0.139778 0.000000 0.139778
583.811278 180.431528 0.072688 0.000000 0.072688
102.617247 255.139446 0.136643 0.000000 0.136643
655.507590 543.982508 0.090680 0.000000 0.090680
10.175677 442.912216 0.149501 0.000000 0.149501
124.534580 614.437396 0.149709 0.000000 0.149709
650.508685 418.654150 0.017154 0.000000 0.017154
601.360554 464.501262 0.144314 0.000000 0.144314
471.463021 532.865265 0.088838 0.000000 0.088838
492.385236 493.740238 0.138651 0.000000 0.138651
640.030940 354.126852 0.094952 0.000000 0.094952
199.586544 560.524376 0.062121 0.000000 0.062121
74.190382 486.085188 0.058819 0.000000 0.058819
586.645747 413.991888 0.108648 0.000000 0.108648
667.943754 531.073222 0.064237 0.000000 0.064237
659.495972 568.540926 0.085326 0.000000 0.085326
667.897066 526.129342 0.084004 0.000000 0.084004
260.455658 540.445501 0.114986 0.000000 0.114986
47.756481 563.093932 0.175710 0.000000 0.175710
52.287952 461.764103 0.085318 0.000000 0.085318
508.921772 601.018375 0.046718 0.000000 0.046718
600.607658 415.037387 0.010579 0.000000 0.010579
82.228647 511.125367 0.039132 0.000000 0.039132
645.997955 132.019358 0.040480 0.000000 0.040480
186.185151 535.306762 0.084095 0.000000 0.084095
600.827558 553.483652 0.061795 0.000000 0.061795
613.931829 576.056148 0.130442 0.000000 0.130442
177.011225 580.635285 0.109036 0.000000 0.109036
139.746627 476.742286 0.111310 0.000000 0.111310
581.091037 562.337896 0.048167 0.000000 0.048167
35.604690 593.572021 0.049755 0.000000 0.049755
384.494106 199.446904 0.131656 0.000000 0.131656
80.219896 222.504928 0.056973 0.000000 0.056973
632.418626 499.038710 0.120942 0.000000 0.120942
573.178336 448.609884 0.142501 0.000000 0.142501
622.330559 614.338087 0.095489 0.000000 0.095489
402.677596 315.561151 0.084870 0.000000 0.084870
212.028632 196.470451 0.124202 0.000000 0.124202
31.077509 455.333014 0.116302 0.000000 0.116302
320.659107 517.290357 0.126756 0.000000 0.126756
193.918735 489.868852 0.162439 0.000000 0.162439
90.862784 553.682718 0.093682 0.000000 0.093682
652.895784 454.657750 0.159905 0.000000 0.159905
538.295534 406.517542 0.124784 0.000000 0.124784
141.654776 627.165229 0.127302 0.000000 0.127302
193.150447 466.828099 0.087863 0.000000 0.087863
719.890925 305.676247 0.123128 0.000000 0.123128
623.545371 569.758028 0.132829 0.000000 0.132829
70.734636 493.678457 0.007852 0.000000 0.007852
396.877228 328.257390 0.049650 0.000000 0.049650
212.107181 524.757135 0.020948 0.000000 0.020948
716.601298 143.659520 0.128457 0.000000 0.128457
524.287603 484.031668 0.069423 0.000000 0.069423
693.926260 412.815480 0.147087 0.000000 0.147087
89.047640 561.666692 0.103213 0.000000 0.103213
374.802404 395.652127 0.085148 0.000000 0.085148
18.515565 547.192627 0.074278 0.000000 0.074278
567.526275 325.340688 0.056963 0.000000 0.056963
700.227598 411.548718 0.164513 0.000000 0.164513
703.563869 405.715480 0.122189 0.000000 0.122189
178.352482 480.775024 0.080238 0.000000 0.080238
750.250118 616.526564 0.091064 0.000000 0.091064
283.920279 336.396945 0.143305 0.000000 0.143305
226.360551 492.503877 0.155768 0.000000 0.155768
310.709518 193.070984 0.012618 0.000000 0.012618
580.906086 480.250916 0.073824 0.000000 0.073824
628.044600 458.962211 0.039757 0.000000 0.039757
99.525189 356.383994 0.020282 0.000000 0.020282
227.590495 252.182779 0.017811 0.000000 0.017811
99.861638 445.355377 0.085883 0.000000 0.085883
39.950582 557.666093 0.031715 0.000000 0.031715
755.049115 389.436196 0.088654 0.000000 0.088654
89.366678 485.776158 0.154255 0.000000 0.154255
554.810631 581.327749 0.088723 0.000000 0.088723
306.373400 549.403878 0.055518 0.000000 0.055518
42.254038 623.799608 0.152652 0.000000 0.152652
478.217645 600.961336 0.130132 0.000000 0.130132
755.058252 533.217829 0.051210 0.000000 0.051210
603.149144 399.395951 0.022843 0.000000 0.022843
729.389520 265.681650 0.149487 0.000000 0.149487
558.951951 383.617799 0.054497 0.000000 0.054497
33.055227 539.749154 0.034300 0.000000 0.034300
100.854504 466.771682 0.070702 0.000000 0.070702
92.263387 264.603833 0.079207 0.000000 0.079207
683.374102 563.317322 0.054026 0.000000 0.054026
690.338782 472.356649 0.151748 0.000000 0.151748
468.379509 421.304504 0.144229 0.000000 0.144229
632.200473 397.922920 0.139354 0.000000 0.139354
101.146354 394.710013 0.098465 0.000000 0.098465
739.527478 340.443807 0.124309 0.000000 0.124309
498.684986 526.034369 0.109430 0.000000 0.109430
370.738358 620.788106 0.075712 0.000000 0.075712
158.894878 561.374368 0.125494 0.000000 0.125494
777.930259 510.937959 0.131744 0.000000 0.131744
767.738529 575.959838 0.046937 0.000000 0.046937
790.927994 351.010350 0.172391 0.000000 0.172391
686.265572 149.861854 0.066669 0.000000 0.066669
536.406639 327.260657 0.078289 0.000000 0.078289
566.680023 508.107129 0.028136 0.000000 0.028136
409.583707 109.217566 0.119465 0.000000 0.119465
663.773314 309.247337 0.160769 0.000000 0.160769
430.848506 577.684043 0.122718 0.000000 0.122718
149.074807 403.998684 0.032774 0.000000 0.032774
600.571005 365.143346 0.169520 0.000000 0.169520
225.353690 214.528036 0.085252 0.000000 0.085252
103.169765 515.952493 0.115756 0.000000 0.115756
652.703140 511.448739 0.022544 0.000000 0.022544
371.246550 327.214677 0.151186 0.000000 0.151186
166.142023 400.987868 0.109224 0.000000 0.109224
322.765811 294.460369 0.042171 0.000000 0.042171
172.266522 542.954344 0.035816 0.000000 0.035816
123.033345 584.636422 0.094680 0.000000 0.094680
574.082822 191.553824 0.042848 0.000000 0.042848
648.154634 255.322028 0.082179 0.000000 0.082179
265.351309 593.753094 0.015975 0.000000 0.015975
382.030658 613.101288 0.060850 0.000000 0.060850
279.207323 586.942646 0.100288 0.000000 0.100288
562.625139 610.436829 0.120759 0.000000 0.120759
392.144186 186.535085 0.158770 0.000000 0.158770
440.270465 613.102985 0.051892 0.000000 0.051892
623.245869 227.822483 0.164028 0.000000 0.164028
341.462311 288.789074 0.106511 0.000000 0.106511
376.854027 348.676283 0.114808 0.000000 0.114808
151.188357 574.272959 0.016729 0.000000 0.016729
127.772511 601.813455 0.161715 0.000000 0.161715
663.951937 622.790770 0.092409 0.000000 0.092409
151.233524 471.477194 0.038535 0.000000 0.038535
476.138877 548.552438 0.140976 0.000000 0.140976
657.731874 618.350201 0.106094 0.000000 0.106094
219.694961 447.993221 0.174682 0.000000 0.174682
220.039496 553.515892 0.007259 0.000000 0.007259
391.917028 358.091179 0.056640 0.000000 0.056640
286.210965 572.823517 0.019300 0.000000 0.019300
615.707112 626.124001 0.120764 0.000000 0.120764
251.985495 592.262965 0.130315 0.000000 0.130315
261.017751 435.876380 0.089739 0.000000 0.089739
636.277669 217.330000 0.077020 0.000000 0.077020
641.290538 239.336699 0.011841 0.000000 0.011841
82.679922 600.574339 0.117556 0.000000 0.117556
791.223759 302.593270 0.121689 0.000000 0.121689
594.038991 467.912001 0.055000 0.000000 0.055000
155.961011 518.982863 0.126552 0.000000 0.126552
596.533854 441.170629 0.027544 0.000000 0.027544
516.457715 540.647946 0.071141 0.000000 0.071141
119.677648 551.520776 0.076281 0.000000 0.076281
496.707243 501.465902 0.145447 0.000000 0.145447
618.878335 385.517458 0.005153 0.000000 0.005153
281.971307 539.914905 0.121708 0.000000 0.121708
112.640568 549.240475 0.084786 0.000000 0.084786
623.065534 408.482148 0.167451 0.000000 0.167451
459.711355 444.820496 0.096058 0.000000 0.096058
157.474764 468.654108 0.164271 0.000000 0.164271
300.361916 240.069020 0.118384 0.000000 0.118384
303.246475 192.381435 0.033671 0.000000 0.033671
669.940692 542.194006 0.073621 0.000000 0.073621
399.552756 186.183889 0.080101 0.000000 0.080101
391.014711 624.345288 0.136067 0.000000 0.136067
477.320048 544.329888 0.088627 0.000000 0.088627
175.863528 495.364666 0.019261 0.000000 0.019261
735.939459 278.055285 0.057471 0.000000 0.057471
741.187400 148.052517 0.014363 0.000000 0.014363
745.100409 458.417605 0.076255 0.000000 0.076255
676.246716 412.057968 0.013326 0.000000 0.013326
626.795924 450.069598 0.107976 0.000000 0.107976
441.118948 440.608824 0.086451 0.000000 0.086451
62.321549 619.848512 0.101335 0.000000 0.101335
277.157735 307.139388 0.101582 0.000000 0.101582
596.390251 483.395616 0.103748 0.000000 0.103748
200.423697 250.506919 0.140907 0.000000 0.140907
656.368359 294.854560 0.039626 0.000000 0.039626
479.785284 552.673096 0.103618 0.000000 0.103618
176.287543 567.656014 0.138603 0.000000 0.138603
509.910818 609.726015 0.026046 0.000000 0.026046
640.902642 494.854220 0.031374 0.000000 0.031374
726.360791 139.460888 0.114737 0.000000 0.114737
133.743086 558.134223 0.020716 0.000000 0.020716
659.030422 360.031125 0.170942 0.000000 0.170942
607.002774 392.737899 0.159201 0.000000 0.159201
590.053877 443.660397 0.059748 0.000000 0.059748
442.405154 584.065804 0.044298 0.000000 0.044298
775.800621 505.631331 0.037291 0.000000 0.037291
194.895641 417.550227 0.094582 0.000000 0.094582
597.461392 242.955297 0.127692 0.000000 0.127692
730.090872 279.408643 0.039183 0.000000 0.039183
658.962917 295.437240 0.088631 0.000000 0.088631
33.623793 536.615394 0.148765 0.000000 0.148765
777.414628 426.691947 0.043463 0.000000 0.043463
394.977976 191.014152 0.070700 0.000000 0.070700
535.957699 550.994142 0.056236 0.000000 0.056236
425.785051 630.141745 0.125760 0.000000 0.125760
43.787866 623.262876 0.045791 0.000000 0.045791
712.137714 473.436232 0.086239 0.000000 0.086239
276.175057 411.346127 0.039270 0.000000 0.039270
589.207664 425.482975 0.163118 0.000000 0.163118
652.126184 388.764499 0.081921 0.000000 0.081921
263.872199 336.010305 0.134736 0.000000 0.134736
732.486931 469.819242 0.133979 0.000000 0.133979
344.238928 438.035858 0.145750 0.000000 0.145750
367.169292 592.700293 0.109377 0.000000 0.109377
128.424029 350.669069 0.161045 0.000000 0.161045
122.477238 532.586485 0.157606 0.000000 0.157606
710.560619 152.437295 0.011901 0.000000 0.011901
597.919920 514.168415 0.104092 0.000000 0.104092
261.112627 425.411733 0.137269 0.000000 0.137269
194.788833 478.470275 0.139062 0.000000 0.139062
454.647675 518.685155 0.139211 0.000000 0.139211
81.953008 606.245128 0.036152 0.000000 0.036152
312.142244 321.904649 0.103206 0.000000 0.103206
612.488251 242.569592 0.147117 0.000000 0.147117
204.407804 208.416621 0.155871 0.000000 0.155871
487.563682 609.185071 0.051510 0.000000 0.051510
128.606576 307.568187 0.124797 0.000000 0.124797
562.936494 515.530819 0.160136 0.000000 0.160136
737.278259 476.864982 0.155888 0.000000 0.155888
267.168279 422.261663 0.053200 0.000000 0.053200
726.136888 150.268721 0.005643 0.000000 0.005643
65.215391 509.187281 0.141184 0.000000 0.141184
420.594568 186.720654 0.062417 0.000000 0.062417
748.934197 362.876529 0.126605 0.000000 0.126605
130.661065 597.192404 0.133795 0.000000 0.133795
659.567077 488.590630 0.006498 0.000000 0.006498
475.169755 575.480055 0.116575 0.000000 0.116575
696.967435 470.723307 0.015623 0.000000 0.015623
155.058088 255.330214 0.099173 0.000000 0.099173
468.341631 513.703062 0.042635 0.000000 0.042635
168.859725 524.064888 0.075386 0.000000 0.075386
240.728371 569.974078 0.150465 0.000000 0.150465
378.273074 453.865232 0.172783 0.000000 0.172783
704.019313 462.299615 0.009844 0.000000 0.009844
341.218700 155.875867 0.088415 0.000000 0.088415
700.873901 331.833135 0.110555 0.000000 0.110555
359.667617 342.210822 0.080950 0.000000 0.080950
531.747687 567.117176 0.010130 0.000000 0.010130
569.723950 302.808222 0.164134 0.000000 0.164134
361.541649 336.240531 0.012080 0.000000 0.012080
680.437432 456.677512 0.067195 0.000000 0.067195
701.112949 424.769245 0.158387 0.000000 0.158387
732.553339 457.589375 0.102601 0.000000 0.102601
305.974141 552.695401 0.172241 0.000000 0.172241
142.171618 403.942846 0.016037 0.000000 0.016037
60.008944 272.786622 0.088996 0.000000 0.088996
704.843567 616.132147 0.068134 0.000000 0.068134
16.814800 427.996648 0.051791 0.000000 0.051791
611.628859 553.949160 0.099119 0.000000 0.099119
343.033284 150.897016 0.043576 0.000000 0.043576
649.920748 351.116621 0.059758 0.000000 0.059758
106.428650 250.466320 0.128176 0.000000 0.128176
490.197392 216.645117 0.047139 0.000000 0.047139
641.949072 313.631677 0.110494 0.000000 0.110494
744.107576 301.478787 0.063980 0.000000 0.063980
562.256493 295.588812 0.130939 0.000000 0.130939
623.528163 315.235342 0.020952 0.000000 0.020952
30.871828 582.111635 0.098712 0.000000 0.098712
554.160894 417.883741 0.048965 0.000000 0.048965
666.558419 422.465871 0.080942 0.000000 0.080942
685.869598 155.479677 0.114389 0.000000 0.114389
386.053789 566.626115 0.097439 0.000000 0.097439
657.343518 424.904493 0.066506 0.000000 0.066506
531.233072 565.216936 0.119316 0.000000 0.119316
149.353884 337.488543 0.101471 0.000000 0.101471
498.831451 423.770039 0.123798 0.000000 0.123798
615.052450 87.201741 0.024071 0.000000 0.024071
775.978428 558.454006 0.057042 0.000000 0.057042
695.317902 410.208086 0.045627 0.000000 0.045627
712.337175 400.892227 0.100388 0.000000 0.100388
518.038402 203.400879 0.005029 0.000000 0.005029
506.053215 376.883585 0.078323 0.000000 0.078323
453.155066 326.056565 0.133928 0.000000 0.133928
539.119794 129.761614 0.068770 0.000000 0.068770
718.877475 190.966567 0.047824 0.000000 0.047824
387.088556 604.873996 0.064370 0.000000 0.064370
328.804136 558.113706 0.159252 0.000000 0.159252
523.832370 570.660296 0.025830 0.000000 0.025830
622.095909 236.002114 0.093213 0.000000 0.093213
618.930005 301.768148 0.150436 0.000000 0.150436
505.132183 542.586966 0.005861 0.000000 0.005861
748.653478 435.341718 0.138274 0.000000 0.138274
65.714069 500.415066 0.034235 0.000000 0.034235
544.195385 566.573821 0.089921 0.000000 0.089921
280.785066 167.666813 0.089331 0.000000 0.089331
628.057982 365.526168 0.054048 0.000000 0.054048
374.462121 596.158393 0.137290 0.000000 0.137290
725.071281 312.508375 0.022979 0.000000 0.022979
458.029601 544.410433 0.087001 0.000000 0.087001
636.971559 293.639732 0.041460 0.000000 0.041460
181.126044 240.084014 0.019994 0.000000 0.019994
160.629028 446.934902 0.056143 0.000000 0.056143
358.475166 612.649829 0.021632 0.000000 0.021632
462.188799 569.183374 0.075882 0.000000 0.075882
208.830702 247.693737 0.156434 0.000000 0.156434
756.971992 497.835600 0.147542 0.000000 0.147542
419.273985 354.808633 0.120754 0.000000 0.120754
248.713466 403.169734 0.115699 0.000000 0.115699
679.639583 437.851607 0.096926 0.000000 0.096926
433.613385 199.065085 0.069890 0.000000 0.069890
654.252747 276.781734 0.081470 0.000000 0.081470
292.238094 427.306287 0.013945 0.000000 0.013945
674.422707 406.673233 0.042165 0.000000 0.042165
445.558247 613.058397 0.133223 0.000000 0.133223
124.074843 389.335481 0.016306 0.000000 0.016306
158.752918 473.614218 0.012048 0.000000 0.012048
262.873706 314.574512 0.125314 0.000000 0.125314
603.661436 205.276575 0.004332 0.000000 0.004332
501.400412 484.262792 0.017164 0.000000 0.017164
252.580749 630.347236 0.111140 0.000000 0.111140
758.284383 223.644942 0.009323 0.000000 0.009323
276.878460 420.013867 0.011344 0.000000 0.011344
531.430479 408.027239 0.072769 0.000000 0.072769
609.351312 186.622725 0.016092 0.000000 0.016092
385.874009 594.201844 0.070358 0.000000 0.070358
26.755302 577.263682 0.013657 0.000000 0.013657
573.893099 325.835135 0.010503 0.000000 0.010503
325.987548 271.627138 0.144985 0.000000 0.144985
430.800258 123.927110 0.092770 0.000000 0.092770
331.099126 138.949463 0.095335 0.000000 0.095335
791.257447 597.821175 0.136096 0.000000 0.136096
657.033257 305.671354 0.024010 0.000000 0.024010
255.945581 172.109574 0.068841 0.000000 0.068841
199.561103 440.961442 0.055913 0.000000 0.055913
576.422127 283.388490 0.069545 0.000000 0.069545
385.457625 206.266500 0.079573 0.000000 0.079573
133.123096 414.311665 0.007504 0.000000 0.007504
788.672271 507.592265 0.160407 0.000000 0.160407
200.673075 257.387826 0.050574 0.000000 0.050574
618.417814 234.228276 0.004203 0.000000 0.004203
160.764121 436.210851 0.093844 0.000000 0.093844
175.785286 233.965587 0.103415 0.000000 0.103415
565.545625 227.100839 0.035850 0.000000 0.035850
728.354869 615.754983 0.111169 0.000000 0.111169
726.461753 146.690314 0.149741 0.000000 0.149741
590.647728 274.181612 0.003914 0.000000 0.003914
723.259816 195.916775 0.074427 0.000000 0.074427
786.805453 279.972897 0.136546 0.000000 0.136546
412.149988 457.814635 0.055307 0.000000 0.055307
561.908975 303.574438 0.052590 0.000000 0.052590
276.891894 600.722700 0.168573 0.000000 0.168573
424.173175 368.362831 0.004876 0.000000 0.004876
122.357454 307.435849 0.082704 0.000000 0.082704
617.362259 262.303797 0.055465 0.000000 0.055465
185.935961 490.249027 0.069551 0.000000 0.069551
647.528494 151.157126 0.055118 0.000000 0.055118
318.793772 248.526942 0.032124 0.000000 0.032124
423.903504 125.061365 0.136329 0.000000 0.136329
621.177184 249.106191 0.018236 0.000000 0.018236
673.321198 163.463360 0.110026 0.000000 0.110026
405.012040 468.288533 0.078065 0.000000 0.078065
562.529420 237.214252 0.021399 0.000000 0.021399
460.865202 112.751865 0.117942 0.000000 0.117942
254.293438 445.824232 0.102588 0.000000 0.102588
762.280698 226.070523 0.052343 0.000000 0.052343
337.849729 177.972714 0.173898 0.000000 0.173898
359.275205 409.001761 0.149585 0.000000 0.149585
238.642894 401.538755 0.138253 0.000000 0.138253
252.841389 470.719348 0.152954 0.000000 0.152954
490.541394 339.877597 0.005137 0.000000 0.005137
285.373777 369.967372 0.004410 0.000000 0.004410
375.637442 125.555918 0.059593 0.000000 0.059593
414.970763 391.004884 0.076329 0.000000 0.076329
282.486618 201.494599 0.043123 0.000000 0.043123
346.101575 306.734049 0.090468 0.000000 0.090468
91.481823 312.335878 0.008497 0.000000 0.008497
574.435619 275.068640 0.007862 0.000000 0.007862
234.093967 362.146512 0.140943 0.000000 0.140943
447.110349 340.985886 0.038908 0.000000 0.038908
594.757900 227.730689 0.019468 0.000000 0.019468
550.746375 132.191864 0.012606 0.000000 0.012606
27.586975 394.782550 0.080823 0.000000 0.080823
594.228245 334.743305 0.019141 0.000000 0.019141
460.844648 117.352837 0.148826 0.000000 0.148826
512.705522 357.880545 0.098489 0.000000 0.098489
293.987867 133.644878 0.147125 0.000000 0.147125
500.933903 244.866026 0.081513 0.000000 0.081513
250.267899 492.918768 0.170186 0.000000 0.170186
341.187949 130.539607 0.128077 0.000000 0.128077
427.864758 103.444449 0.093045 0.000000 0.093045
725.792971 129.672346 0.026146 0.000000 0.026146
384.944281 536.821945 0.059608 0.000000 0.059608
362.983324 494.302713 0.103549 0.000000 0.103549
345.311538 499.105134 0.100196 0.000000 0.100196
441.323809 107.342393 0.130231 0.000000 0.130231
376.408173 106.046887 0.143138 0.000000 0.143138
565.213429 92.424449 0.114040 0.000000 0.114040
593.523758 87.646905 0.136223 0.000000 0.136223
575.018869 106.132317 0.044389 0.000000 0.044389
242.205620 156.350210 0.052910 0.000000 0.052910
359.998440 117.206550 0.147051 0.000000 0.147051
36.266290 228.204900 0.060778 0.000000 0.060778
174.950873 287.073254 0.085325 0.000000 0.085325
234.786857 373.768621 0.148794 0.000000 0.148794
281.291323 150.995988 0.057727 0.000000 0.057727
235.115462 379.340455 0.135912 0.000000 0.135912
519.119363 99.181252 0.103230 0.000000 0.103230
82.609976 204.054608 0.089566 0.000000 0.089566
687.394503 135.822482 0.018994 0.000000 0.018994
512.859142 242.399091 0.087481 0.000000 0.087481
158.873993 211.193959 0.039647 0.000000 0.039647
