1.0
501
269.684  595.101  0.00234339  8.67272e-05  0.000360941
563.475  601.943  0.002757  0.00185194  0.00249706
243.781  626.35  0.00229402  0.000208948  0.000654563
602.148  599.241  0.0013617  -0.00105381  0.00409781
663.325  630.535  0.000310236  -0.000300161  0.00118728
326.838  599.705  0.00626716  -0.0023179  0.00227661
707.907  571.552  0.00320362  -1.67826e-05  0.00659239
391.167  579.634  0.000768488  -0.000375772  0.000626045
687.723  559.853  0.00350792  0.00297188  0.00401796
728.317  553.378  0.00183025  0.00130404  0.00244347
730.483  554.843  0.00143293  0.00143436  0.00430553
751.021  540.105  0.000695379  0.000618288  0.00142879
758.931  535.838  0.000532071  0.000476948  0.00112605
709.575  559.905  0.00410027  0.00253634  0.00602486
735.816  558.795  0.003418  -0.000419258  0.00526737
742.419  553.803  0.00163315  -0.000201865  0.0025445
748.604  547.624  0.000978157  -0.000111427  0.00135356
760.977  529.687  0.00144732  0.000651278  0.000745559
201.823  532.96  0.00162727  0.000286486  0.000486044
744.492  548.062  0.00134274  -0.00019428  0.00227977
742.355  554.525  0.00163874  -6.8558e-05  0.0103595
753.346  551.416  0.000721254  -3.09754e-05  0.00561788
758.77  540.471  0.00114993  0.00053585  0.00176503
318.339  568.276  0.00640615  0.00502579  0.00761257
348.893  572.405  0.000557546  -1.26576e-05  0.00112179
353.672  561.211  0.000588525  0.000303346  0.000860955
376.01  558.882  0.00721246  -0.000116963  0.00276022
383.698  557.768  0.00238748  6.61601e-05  0.0025595
384.977  548.17  0.00199875  -1.25347e-05  0.00107687
376.035  548.696  0.00663792  -0.000200628  0.00108117
377.497  544.638  0.00502426  -0.000151581  0.000822649
339.143  552.79  0.00186455  -0.000718025  0.000629743
334.679  551.899  0.00142182  -0.000579251  0.000511149
767.955  532.023  0.00307589  -0.00026518  0.00172797
418.189  511.481  0.00120122  -0.000906504  0.0012886
603.304  557.495  0.00091286  -4.34128e-05  0.000571344
922.354  541.448  0.00176845  0.00210568  0.0103407
76.125  547.469  0.001962  0.000368536  0.000519934
283.477  524.938  0.000449181  -0.000541923  0.00235748
341.452  546.238  0.00169907  -0.00198861  0.0041796
331.993  572.473  0.00403323  -6.42343e-05  0.00352687
328.927  571.714  0.00282359  -0.00038155  0.00325269
387.115  582.622  0.00173855  -0.00126572  0.00151562
357.049  582.99  0.0042674  0.00127884  0.00131094
139.948  485.402  0.00322942  -0.000234991  0.000383443
626.461  553.901  0.00049208  0.000167734  0.00155769
650.454  557.528  0.00369603  0.00140316  0.00168216
654.107  569.816  0.00207425  0.00011809  0.000536976
663.264  561.181  0.00253722  2.62826e-05  0.00088781
666.898  521.484  0.00187176  -0.000143699  0.00786061
666.637  509.86  0.00188196  -5.59788e-05  0.00168134
684.582  508.199  0.000532823  -2.92529e-05  0.0014184
670.503  507.191  0.0013258  -4.14493e-05  0.00132603
662.511  535.613  0.00245623  0.000172212  0.000471515
355.919  517.578  0.0024738  -0.00101393  0.00120667
347.37  499.51  0.00353711  -0.000198025  0.00152179
340.569  502.574  0.00470941  -0.00254984  0.00318043
352.553  470.742  0.00142525  0.000283469  0.000429783
378.253  531.021  0.00415978  -0.00311463  0.0046053
388.266  521.235  0.00132432  -0.000319321  0.000940184
382.243  512.533  0.00206937  0.00017977  0.000938086
384.043  497.606  0.00282961  0.000886662  0.000781321
336.231  528.735  0.00273653  0.000968687  0.00100457
331.902  527.799  0.00170346  0.000530668  0.000798784
356.708  574.048  0.00227419  0.000406438  0.000355463
920.068  519.407  0.00411374  0.00329585  0.00560389
788.675  523.991  0.00558457  0.000531145  0.00305673
789.224  536.232  0.0043208  0.000392418  0.00100757
805.584  531.888  0.000905083  9.76134e-05  0.00134018
472.989  500.686  0.00954692  0.00415523  0.00405279
482.912  512.935  0.00235331  0.000392175  0.000576059
487.806  508.657  0.00172422  0.000431965  0.000518842
481.354  516.882  0.00334823  0.000651589  0.000706997
375.958  498.297  0.00636854  -0.00242608  0.0029041
840.966  464.516  0.000926411  0.000308531  0.000621246
199.639  508.882  0.00365078  3.58952e-05  0.00556721
213.369  522.029  0.000816312  -0.000363307  0.00197512
318.257  466.807  0.000966788  -0.00112729  0.00295231
457.017  464.478  0.00203963  -0.000502034  0.0012701
480.38  514.893  0.00181579  5.42105e-05  0.000966938
489.07  515.323  0.0025118  -0.000872602  0.0011528
322.358  464.864  0.00826652  0.0014104  0.00127387
322.621  458.592  0.0060651  0.000857538  0.000890314
244.96  496.623  0.00132842  0.000799381  0.0047958
258.408  517.738  0.000779767  -0.000374916  0.000927011
241.166  524.003  0.000315955  -2.94957e-05  0.000649422
269.872  520.719  0.00143239  -0.000927654  0.0011684
49.4565  461.433  0.00100548  0.000511815  0.00445939
241.447  425.27  0.0021656  0.000868481  0.000814499
235.783  428.611  0.00281906  0.000722586  0.000686348
703.908  472.511  0.00505785  -0.00477356  0.00941945
969.5  451.793  0.0121708  0.0020105  0.00220286
218.737  419.993  0.000558697  6.27056e-05  0.000493584
239.504  435.807  0.00123681  0.000473446  0.00140475
227.882  416.237  0.000380566  0.000143632  0.000464767
40.0739  461.525  0.00415003  0.000351881  0.0041302
36.5296  461.299  0.00261746  0.000199396  0.00401679
768.58  459.957  0.00770084  -0.00255056  0.00249259
39.5535  428.675  0.00152501  -6.02371e-05  0.000532037
233.835  460.444  0.00395749  -0.000681039  0.0024612
232.327  464.858  0.00294019  -7.88881e-05  0.00170282
213.053  429.305  0.00474985  0.000656365  0.000887378
210.081  427.341  0.00306469  0.000668285  0.000541201
701.68  420.42  0.000463599  -0.000383298  0.00188429
699.211  410.009  0.000442848  -0.000223001  0.000861292
320.512  436.331  0.00782054  -0.00347849  0.00426515
320.85  427.491  0.00523954  0.000507551  0.00323271
287.294  415.221  0.00592819  -0.00576231  0.0096105
290.817  414.212  0.0030847  -0.00270315  0.00617236
299.236  411.125  0.00109095  -0.000635758  0.00345381
271.063  429.9  0.00111731  7.31667e-05  0.000554509
230.691  397.506  0.00155606  -0.000437944  0.000565091
239.072  402.333  0.000997825  -0.000263446  0.000529684
209.526  428.236  0.00130413  0.000242395  0.000434036
210.68  423.387  0.000282599  -3.4486e-05  0.000528953
283.289  432.133  0.00408828  0.00479811  0.0101003
857.558  384.706  0.00331751  -0.000658607  0.00123139
190.488  385.129  0.00225376  -0.000293468  0.000612595
189.079  402.904  0.00151814  0.000175958  0.00182277
242.707  395.315  0.0113864  -0.00395279  0.00303802
704.498  408.468  0.00182931  -0.000316384  0.00190669
705.849  422.133  0.00319632  0.0014971  0.00190119
61.6976  365.408  0.00105573  0.000816361  0.00156559
286.359  349.166  0.000988322  -0.000165419  0.000518523
312.623  425.525  0.000503766  0.000151942  0.00042253
323.038  371.947  0.00200788  -0.000547143  0.000827372
149.15  394.418  0.000858876  -0.000651872  0.00146001
109.795  353.553  0.00383136  0.000469224  0.00107649
108.743  346.028  0.00396088  0.000180323  0.000641236
113.426  355.945  0.00449192  0.000742038  0.00156486
929.89  357.479  0.00132774  -0.000172273  0.00597311
926.424  346.541  0.00080825  -0.00044291  0.00196034
315.612  366.146  0.000800801  -0.000576337  0.000807026
48.4077  342.252  0.00372168  0.00241857  0.00349358
55.8339  340.482  0.00188707  0.00112289  0.00209327
60.9097  335.37  0.00167479  0.00106972  0.00163017
87.3569  332.681  0.000393244  0.000172346  0.000628061
922.979  325.093  0.00116811  5.27173e-05  0.000370773
922.315  347.463  0.00112422  0.000227932  0.00138965
911.382  351.41  0.000595912  0.000280598  0.0016679
61.5684  358.327  0.00331467  -0.000339244  0.00336742
85.3501  390.296  0.00132434  -0.000368799  0.000493827
480.571  369.658  0.00153875  0.000331571  0.000545638
251.948  376.191  0.00253858  -0.00111979  0.00135737
237.551  329.227  0.00698204  -0.00356154  0.00523399
29.431  309.037  0.0037665  8.72279e-05  0.000645203
103.753  376.6  0.00362768  0.000317958  0.00134444
98.1753  369.569  0.00189768  0.000176077  0.00075282
90.7808  376.855  0.00106063  0.00023608  0.00112011
106.086  397.901  0.00667574  0.0022871  0.00354565
920.02  318.871  0.00167095  0.0002197  0.00562225
533.932  308.241  0.00391296  0.00226734  0.00639844
537.459  304.547  0.00358582  0.00266152  0.00509131
537.647  298.605  0.00190639  0.00133159  0.0028171
536.937  289.52  0.000904769  0.000567879  0.00142178
887.712  348.94  0.00119354  0.000206532  0.000635369
966.517  323.442  0.00527573  -0.000960474  0.00380475
952.089  333.437  0.00121754  -0.0002379  0.000925961
960.321  352.759  0.00272212  3.96031e-05  0.000384828
190.129  292.798  0.00771239  -0.00266006  0.00263529
183.111  326.276  0.00419792  0.000916133  0.000928594
174.004  323.478  0.00395329  0.000617116  0.00144705
81.3445  335.942  0.00281499  0.000176439  0.00057337
83.4535  330.329  0.00457002  -0.000492403  0.000856967
100.002  338.326  0.00104293  -3.24626e-05  0.000449658
558.51  276.774  0.00652871  -0.00169817  0.00367638
549.318  270.474  0.00311476  -0.00215304  0.00355384
544.312  265.745  0.00231343  -0.00185304  0.00297987
361.389  305.326  0.00263884  -0.00152845  0.00317776
98.3029  308.218  0.00923452  0.00238682  0.0026277
80.9605  288.651  0.00165993  -0.00012914  0.000322942
96.152  304.535  0.00545165  -0.000132057  0.000742759
82.6025  302.007  0.00169042  -4.44726e-05  0.000230156
318.068  312.248  0.00300634  0.00179355  0.00187916
341.141  299.949  0.00112314  -0.000336769  0.00287572
331.389  255.18  0.00137936  -0.00039001  0.00141652
349.75  262.587  0.00675631  -0.000298417  0.00153322
341.159  267.683  0.00256008  -0.001229  0.00370277
330.576  266.427  0.00584039  -0.00276147  0.00551657
85.0552  274.596  0.0063518  0.000149056  0.00139967
72.6982  277.735  0.00145204  0.000217139  0.00157111
66.7672  279.277  0.000939693  0.000236163  0.0016704
57.0224  283.717  0.00055771  0.000324873  0.00225377
327.198  249.671  0.00408496  0.00163903  0.00132071
320.775  261.425  0.0121855  0.00079147  0.00178901
318.313  265.483  0.00845718  0.00152719  0.0017367
492.179  264.366  0.000926221  1.91046e-05  0.00250025
492.043  248.765  0.000375231  -6.68882e-05  0.000931186
53.8437  260.415  0.0106521  0.00288776  0.00230901
467.573  256.46  0.00137572  0.00134098  0.00397015
499.084  196.752  0.00106982  0.000406588  0.000624935
224.694  221.954  0.00399715  -0.00106256  0.00244685
627.871  187.367  0.0136122  -0.00244315  0.00223702
644.636  191.999  0.00248644  0.000551807  0.00212514
666.247  196.35  0.000668445  -0.000138316  0.000800803
675.83  183.814  0.000495407  8.58892e-05  0.000442677
663.763  199.118  0.000979292  0.000245011  0.00177646
609.065  187.777  0.00913518  -0.00329972  0.00302921
808.751  209.738  0.00899351  -0.00621316  0.00706179
807.796  213.188  0.00551382  -0.00279471  0.00364711
806.477  221.628  0.00306097  -0.000701347  0.00145285
810.68  220.587  0.00333053  -0.00164173  0.00217178
822.081  233.69  0.00223402  -0.00159178  0.00178674
532.908  164.451  0.000402911  -0.000362588  0.00188926
633.644  216.784  0.00245356  0.000842712  0.00176457
660.398  187.369  0.00644846  -0.000730289  0.000979212
662.596  188.574  0.00496084  -0.000534614  0.000760303
892.283  177.06  0.00240509  -0.00215276  0.00585367
905.289  189.128  0.00868685  -0.00180474  0.00223502
902.891  191.314  0.00534286  -0.00119988  0.00165925
892.75  198.406  0.00151367  -0.000429827  0.000754745
357.151  161.443  0.00759079  0.00314872  0.00315672
357.173  156.675  0.00827746  0.0026211  0.00204104
44.1841  215.542  0.00128211  4.72072e-05  0.000351431
892.843  178.097  0.00191823  -0.00226141  0.00531281
894.123  198.905  0.000859285  -0.000579512  0.000875605
848.127  154.373  0.0068537  -0.00110094  0.00160511
842.659  150.434  0.00338915  -0.000952222  0.00150117
838.325  144.136  0.00221236  -0.000694882  0.00110708
56.0039  141.957  0.00344811  0.00175144  0.00226846
729.521  156.559  0.00240574  0.00149607  0.00235264
795.421  164.084  0.00272581  -0.00143614  0.00546213
789.747  168.686  0.00169172  -0.000212846  0.00240262
795.921  174.364  0.00354988  0.00117783  0.00267763
796.535  161.31  0.00297114  -0.00107491  0.00317651
824.083  190.492  0.00178769  0.000654343  0.00107382
838.493  175.627  0.00219975  -0.00127508  0.00343165
832.277  200.148  0.000752873  0.000114386  0.000615748
846.103  178.131  0.00215684  -0.00219627  0.00432444
853.497  185.529  0.0014189  -0.00155553  0.00295717
326.105  144.703  0.00202659  -0.00144695  0.00493986
321.175  140.326  0.00141132  -0.00094088  0.00312124
583.722  142.88  0.00217146  0.00089348  0.00618545
586.192  138.945  0.00245586  0.00204804  0.00549334
539.654  150.883  0.00315195  -0.00286286  0.00433219
541.712  155.975  0.00269927  -0.00183097  0.00264588
538.134  155.19  0.00211461  -0.00153782  0.00225011
530.556  151.388  0.00154495  -0.00135273  0.00203685
549.951  169.083  0.00401176  -0.00117229  0.00127703
578.507  144.686  0.00519566  0.00256534  0.00371237
582.749  139.243  0.00484765  0.00375219  0.00503164
972.376  162.766  0.00620969  -0.00314045  0.00371996
966.509  166.092  0.00591832  -2.59001e-05  0.00203661
912.915  147.458  0.000938841  -0.000900619  0.00173178
931.885  161.334  0.00185133  -0.000476297  0.00135325
923.78  159.904  0.00110583  -0.000437507  0.00105104
920.243  154.895  0.000854157  -0.000144208  0.000271443
731.278  153.705  0.000964879  0.000787197  0.00219493
79.179  155.524  0.00385658  0.000753263  0.00441742
88.2622  158.648  0.00148637  -0.000356391  0.00361013
745.123  144.521  0.00286252  -0.00339408  0.00921953
750.875  150.133  0.0032458  -0.00303085  0.0054456
714.049  165.668  0.00198962  0.000530842  0.000998775
764.432  151.92  0.00116153  -0.000563967  0.00412001
762.152  166.778  0.00101128  1.6025e-05  0.000960185
765.164  156.508  0.000992198  -0.000260489  0.00237307
726.545  188.479  0.00109598  -9.66616e-05  0.000430588
742.23  147.054  0.00123737  0.000908421  0.00740508
737.659  149.786  0.00118748  0.0012495  0.00569121
736.426  152.798  0.000912227  0.00100525  0.00420198
766.005  156.093  0.00184688  -0.00101472  0.00266478
728.799  160.639  0.00249223  0.000500294  0.00115574
109.425  113.977  0.00365867  0.00255046  0.00420173
105.819  112.909  0.00223778  0.00165745  0.00319613
96.4079  122.246  0.00169449  0.00217273  0.0083141
983.681  93.956  0.00662753  -0.00193921  0.00194069
982.316  98.3371  0.00699336  -0.00348556  0.00371277
581.203  98.3627  0.00439178  -0.00148417  0.00282289
289.646  135.036  0.00123031  -0.000341624  0.00107339
285.065  137.76  0.000842782  -0.00023847  0.000872651
106.534  98.8667  0.0040443  -0.00342518  0.0060588
602.148  82.0675  0.00415272  -0.000673105  0.00372103
589.419  82.0599  0.00145851  7.33717e-06  0.00145886
579.244  94.4666  0.00108871  0.00076933  0.00156519
611.846  66.949  0.00107724  0.000381442  0.00135381
652.38  109.503  0.00178605  -0.00120036  0.00186434
916.869  93.0908  0.00186005  -0.00110473  0.00148819
908.526  87.1384  0.00143306  -0.000993009  0.00123666
947.743  77.3763  0.00272335  -0.000967524  0.00203437
169.703  97.9694  0.00569928  0.00326307  0.00603517
178.56  115.712  0.00563008  -0.000954857  0.000985152
759.921  103.211  0.00798346  -0.00428196  0.00426246
749.449  105.435  0.00200088  -0.0013461  0.00175187
747.899  108.347  0.00157122  -0.00103273  0.0013148
766.408  77.909  0.00282008  -0.000728351  0.00627014
773.607  69.6536  0.00207036  0.000971556  0.0027573
716.057  133.959  0.0033235  -0.000497585  0.000477409
278.251  116.749  0.000616241  7.49752e-06  0.000532462
348.721  84.8215  0.000403613  2.90507e-05  0.00123469
301.253  82.0174  0.00279577  -0.000164081  0.00755512
182.11  98.1343  0.000869385  -7.73309e-05  0.000471829
761.793  91.4547  0.00359212  -0.0011889  0.00233756
760.67  103.082  0.00159272  -0.000325697  0.00106197
411.217  92.1153  0.00729877  0.00298733  0.00269882
408.952  105.678  0.00336367  0.00105494  0.00107869
407.359  120.543  0.00190095  0.000430663  0.000524698
748.028  98.1091  0.00197537  0.00140909  0.00162255
759.444  96.711  0.00111335  0.000428229  0.000944212
767.209  100.834  0.000786852  4.08755e-05  0.000688567
220.413  40.9349  0.00402337  -0.00080628  0.00161172
353.503  92.9143  0.00426287  -0.000632115  0.000810065
221.707  84.8672  0.000899645  0.000195982  0.00208473
229.822  85.6607  0.000576156  -3.21545e-05  0.00208288
235.154  87.1137  0.000612365  -0.000335746  0.00156248
751.78  96.6422  0.00212573  0.000999949  0.00126938
757.821  113.655  0.00105152  8.26922e-05  0.000426329
677.894  51.4471  0.00767998  -0.000825347  0.00275923
143.116  48.4401  0.00214003  -0.000478488  0.00880935
137.432  42.0566  0.0032079  -0.000994623  0.0033869
802.472  43.8948  0.00646854  -0.00188815  0.00310783
802.04  37.5829  0.00551471  0.000376641  0.00351056
804.726  41.1502  0.00428893  -0.000509995  0.00238222
353.619  32.3657  0.00275497  -0.000839608  0.00272776
329.861  63.2647  0.00139131  0.000375137  0.000446889
124.083  34.512  0.00626521  0.00356664  0.00498006
334.272  32.108  0.000744188  0.00059769  0.00348787
333.02  38.7386  0.000598064  0.000253574  0.00172808
65.4847  28.4438  0.00387447  0.000213674  0.00528131
269.002  574.133  0.000959865  6.59264e-05  0.000207781
508.104  563.522  0.000214905  6.3596e-06  0.000211156
268.327  563.989  0.00114796  -0.000474059  0.000454356
260.406  566.372  0.000781047  -0.000464453  0.000589171
634.552  549.061  0.000197566  -1.23559e-05  0.00023872
601.239  547.993  0.000848491  -0.000149067  0.000230755
608.603  599.297  0.000660925  -0.00074153  0.00430231
693.47  614.372  0.000115414  -4.88204e-05  0.000684212
722.119  524.724  0.000975065  2.2508e-05  0.000299623
737.047  520.765  0.000419746  1.77761e-05  0.000266559
716.11  519.744  0.00157147  2.23375e-05  0.000245776
663.529  536.48  0.00212738  -0.000214476  0.000396362
683.299  549.932  0.00204586  0.000381472  0.000894344
717.346  539.212  0.0041098  0.000978581  0.000989674
348.628  576.146  0.000584644  -1.60268e-05  0.00162704
354.513  567.552  0.000566149  0.000400854  0.00145472
338.001  576.304  0.000688045  0.000107682  0.00340218
334.663  521.009  0.000922101  -0.000511893  0.000745961
342.625  514.021  0.000507658  -0.000294322  0.000458377
950.415  560.774  0.000791112  -0.000290969  0.00167199
964.503  553.567  0.00208538  -0.00135609  0.00316098
771.798  539.871  0.00139896  0.00137818  0.00547171
763.754  492.807  0.00148785  -4.80195e-05  0.000217101
768.469  528.267  0.00308677  0.000674308  0.00134688
767.172  511.653  0.00124912  -2.62103e-05  0.000355595
424.338  598.41  0.00245759  -0.000874189  0.000766536
336.591  531.957  0.00103413  -9.43862e-05  0.00478181
321.276  511.568  0.00191502  -0.000686919  0.000942483
338.431  500.784  0.000456967  -0.000148021  0.000470452
593.48  549.885  0.000751754  9.35699e-05  0.000363737
560.837  579.812  0.000266051  0.000324267  0.00126913
608.724  575.255  0.00101432  0.000131759  0.000333396
679.599  576.446  0.00085772  -7.51684e-05  0.00365382
686.49  575.567  0.000565747  -4.16579e-05  0.00327607
671.751  549.588  0.0011786  -0.000144901  0.000472288
794.779  531.796  0.00228072  7.64603e-05  0.00134783
768.775  539.278  0.00251863  0.000186271  0.000651677
781.777  510.264  0.000581084  -0.000433166  0.000976711
792.719  534.914  0.000779176  0.00049024  0.0013167
260.44  414.802  0.00165796  0.000868891  0.000825838
77.2988  468.541  0.00261687  -0.000194144  0.00215711
85.0401  469.752  0.00146313  -0.000626835  0.00247883
89.7122  465.568  0.0016078  -0.00177817  0.00539908
360.605  416.198  0.00233244  -0.00130969  0.00168491
361.992  396.085  0.00141921  -0.000356235  0.000430442
411.576  453.691  0.00220533  -0.000597059  0.000590855
408.687  442.315  0.00220806  -0.000629441  0.000975398
365.781  424.758  0.00182719  -0.000937602  0.000940111
365.934  401.878  0.0011677  -0.000306679  0.000291753
372.187  397.217  0.0007935  -0.000210397  0.000200367
114.412  402.369  0.0031353  -0.000282316  0.000401874
269.15  380.055  0.00278138  0.000130689  0.00159468
606.846  320.506  0.000545878  0.000121953  0.000588424
107.324  404.183  0.00161138  1.9741e-05  0.000350674
96.489  389.765  0.00157571  0.000137651  0.000759633
309.113  373.693  0.00263709  0.00122489  0.0023777
294.032  405.173  0.000823653  -0.000381957  0.000454256
211.355  292.493  0.000457812  0.000119422  0.000309976
538.516  321.606  0.00163454  -0.000299099  0.000579604
528.611  349.014  0.0010396  0.000134847  0.000218878
537.883  322.345  0.00104161  2.36115e-05  0.000502021
528.407  342.395  0.000797349  0.000140872  0.000241311
667.024  301.466  0.000209904  3.83988e-05  0.00022569
558.406  275.115  0.00151241  -0.00152907  0.00320311
889.268  256.489  0.00148613  -0.00153778  0.00276508
859.863  221.624  0.000409006  -0.000342806  0.000590109
528.111  327.372  0.000412069  1.79081e-06  0.000196985
542.453  334.827  0.00094177  6.21474e-05  0.000178425
483.11  264.043  0.000719589  -5.18241e-05  0.00204129
255.629  264.587  0.00269018  -0.000427749  0.00051216
265.302  240.756  0.00165039  -0.00199519  0.00501962
48.3138  177.633  0.00297262  -1.61593e-05  0.00050623
567.915  174.803  0.00106669  -0.000897321  0.00197263
519.117  176.046  0.000163199  -3.4271e-05  0.000509365
558.262  196.838  0.00107775  0.000929628  0.00391871
528.286  171.378  0.000308872  -9.54934e-06  0.000367773
518.665  171.247  0.000227372  9.88288e-06  0.000317018
813.271  181.05  0.0015731  -0.000784788  0.000782069
658.833  185.95  0.00085779  0.000657899  0.0019616
763.876  173.295  0.00100567  -1.42157e-05  0.000605199
765.286  184.119  0.000865809  9.24456e-06  0.000362554
770.823  159.812  0.000703673  -0.000178183  0.00166453
771.448  169.083  0.000641943  -6.83852e-05  0.000823846
733.616  159.347  0.0013164  0.00020818  0.00123826
773.531  166.031  0.00154316  -0.000741173  0.00126952
832.683  178.856  0.000892132  -0.000510037  0.000642219
312.12  129.543  0.000342577  -2.88862e-05  0.00061825
292.09  116.188  0.00106403  4.72192e-05  0.000356649
660.573  141.126  0.000177583  8.01651e-05  0.000326204
412.901  121.014  0.00271694  0.000291665  0.000575217
440.542  128.537  0.000380613  1.40177e-05  0.000417262
450.868  135.068  0.00024623  4.63859e-06  0.000325505
614.558  180.462  0.000365342  -1.80929e-05  0.000147291
416.518  64.2242  0.0012854  -0.000376551  0.00227016
153.294  86.835  0.00596135  0.000830727  0.0011651
174.09  83.6555  0.000794189  0.000249835  0.00110665
224.26  67.8884  0.00131694  -3.30534e-05  0.00213351
226.602  75.3993  0.00156491  -5.51564e-05  0.00110178
221.995  103.939  0.000984899  -3.95219e-05  0.00025937
707.41  84.3556  0.00533857  0.000158334  0.000718168
716.13  132.657  0.00117312  -0.000138262  0.000191863
105.959  69.7974  0.00281326  0.000591041  0.000994502
104.719  91.1525  0.00148622  0.000107959  0.000369141
128.261  46.0496  0.00362651  -0.000210734  0.00152656
106.018  91.6702  0.000534453  0.000212796  0.000346501
434.697  630.521  0.00141343  -0.000342239  0.00053102
521.333  575.478  0.000125675  -3.36001e-05  0.00025014
905.176  568.495  0.00108826  -0.000116898  0.000205878
849.661  592.286  0.000109003  2.59596e-06  0.000445672
906.448  572.305  0.00180503  -0.00010478  0.000224236
861.242  595.14  0.000176779  2.70258e-05  0.000329881
214.817  583.182  0.000584252  -0.000189726  0.000425372
652.59  545.517  0.000145148  2.60928e-05  0.000222647
607.469  539.009  0.000924117  2.04038e-05  0.00015532
597.292  542.455  0.0007866  0.000167821  0.000193911
568.313  575.007  0.000271557  0.000107946  0.000509456
720.784  546.767  9.96288e-05  8.16353e-05  0.000509556
749.811  547.043  0.00111415  -0.000105838  0.000627775
748.509  516.358  0.000981509  -9.58977e-05  0.000187886
737.678  521.852  0.00276737  -0.00035968  0.000383311
748.636  510.347  0.000945979  -0.00014415  0.000219201
250.945  530.508  0.000149921  -5.57861e-05  0.000468077
250.642  519.461  0.000149482  -3.29326e-05  0.000290851
522.124  590.215  0.00013949  -5.66081e-05  0.000172903
435.325  519.161  0.000320678  0.000272451  0.000669723
269.722  566.216  0.000312407  -0.000116596  0.000482139
694.254  573.329  0.000357938  4.80926e-05  0.00244093
686.91  544.841  0.000482593  -4.3597e-06  0.000362012
669.114  536.909  0.00151553  -3.43802e-05  0.000261175
200.247  473.132  0.000324088  -0.000345601  0.000674458
281.014  471.989  0.00136995  -0.000578985  0.000560007
277.948  481.237  0.000817667  -0.000334436  0.000605151
489.468  565.578  0.00023659  2.18943e-05  0.000225528
872.742  478.979  8.6548e-05  -1.03969e-05  0.000116882
816.224  501.925  0.000154655  -0.000190218  0.000750427
642.108  548.835  0.000198152  5.00371e-05  0.000445238
607.717  551.031  0.000909728  4.83134e-05  0.000412616
107.669  448.24  0.000180736  4.28435e-05  0.000144264
484.44  464.308  0.00087133  0.000186474  0.000439458
473.723  470.372  0.00144932  -9.1104e-05  0.000452106
440.52  467.339  0.00044446  -0.000210691  0.000399734
395.914  472.074  0.000131939  -2.71897e-05  0.00012281
422.422  542.708  0.000905769  -0.000595244  0.000627844
94.6358  464.384  0.00222742  -0.000311778  0.000340493
87.0907  461.42  0.00130763  -0.000269395  0.000273542
320.727  354.193  0.00026444  -0.00022543  0.000361142
368.675  398.238  0.00129527  0.000554874  0.000842504
217.905  408.201  0.00178812  0.000119246  0.000733193
285.141  356.45  0.000137487  -7.98493e-05  0.000753518
316.491  361.882  0.0012692  -0.000293355  0.000652602
283.305  356.726  0.00155787  -0.000510425  0.000805147
90.4854  366.91  0.000905032  -6.76771e-05  0.000347912
72.005  361.347  0.000351414  -6.42877e-05  0.000322697
89.3145  386.504  0.000902643  0.000303863  0.00121171
81.662  393.06  0.000585197  0.000217031  0.000866198
70.1733  402.423  0.000351691  0.00014662  0.000585725
827.959  343.871  0.000913035  0.000199056  0.00172495
800.856  332.317  0.000493256  0.000264086  0.0020433
816.151  333.183  0.000573699  -0.000264664  0.0017983
800.197  337.841  0.000347634  0.000141172  0.00139461
828.476  357.031  0.000221813  -0.000176043  0.000620749
566.726  367.151  0.000410754  -3.60655e-05  0.000163051
543.352  334.09  0.00075012  -4.22928e-05  0.000297136
527.367  326.532  0.000385287  -9.90356e-05  0.000256111
85.6003  243.581  0.00234401  -0.000314233  0.000542694
706.33  312.331  0.000362679  0.000295561  0.000420061
722.128  300.632  0.000340703  0.000222442  0.000410581
765.084  319.377  0.000137317  -4.21082e-05  0.0002036
681.51  229.6  0.000244178  -0.000188022  0.000423427
691.703  260.67  0.000236423  7.2934e-05  0.000389242
258.096  323.138  0.000267844  3.02427e-05  0.000131922
268.502  174.679  0.000159354  -1.13056e-05  0.000362375
99.7874  185.762  0.000815375  0.00040487  0.00166854
161.722  161.359  0.000113049  7.06089e-05  0.000447785
167.822  142.616  0.000114184  5.62489e-05  0.000226956
100.458  212.504  0.000722496  -0.000471333  0.00156247
530.134  160.412  0.000232947  -8.72202e-05  0.00124248
528.629  149.278  0.000178599  -1.12313e-05  0.000628072
585.294  183.933  8.89646e-05  -3.22075e-05  0.000692791
345.464  165.099  0.00220237  0.000356716  0.000689079
341.456  174.89  0.00172397  0.000445328  0.000538606
335.88  185.67  0.00150058  0.000522776  0.000468174
332.639  61.3411  0.00103464  -1.31563e-05  0.000265581
