1.0
376
86.6662  476.612  0.00107456  0.000975372  0.00629352
239.167  406.57  0.000737183  0.000305246  0.0053129
133.123  334.587  0.000673361  -0.000240036  0.000777463
515.814  377.042  0.00073966  0.000508666  0.00485591
728.732  342.546  0.00229746  -0.000125464  0.00222423
744.076  324.117  0.000560094  -9.26371e-06  0.000663569
741.1  340.633  0.000957227  0.000620803  0.0037978
723.313  334.057  0.00347508  -0.000470645  0.00143995
729.998  340.398  0.00227833  0.00126344  0.0069846
740.048  319.708  0.000696129  8.83315e-05  0.000968559
727.77  349.078  0.00323638  0.000836346  0.00728261
733.533  346.258  0.00194451  0.00173544  0.0100955
577.263  321.793  0.00125802  0.000134889  0.0111405
200.126  353.261  0.00191102  0.000489651  0.0106159
842.783  304.5  0.00111761  -0.00108885  0.00454267
840.818  302.955  0.000888987  -0.00105477  0.00389929
854.87  313.475  0.00241348  0.00027543  0.00202766
858.403  314.639  0.0037975  0.000422744  0.00182331
799.333  287.611  0.000508021  -0.000341298  0.00140322
330.915  302.799  0.00779382  -0.00117211  0.00121286
328.784  308.56  0.00770986  -0.00274792  0.00260241
326.834  310.563  0.00891812  -0.00485285  0.00448865
337.667  308.657  0.00792191  -0.000305425  0.00118774
292.142  294.168  0.000589413  0.000117355  0.00109688
288.164  309.089  0.000809097  0.000178861  0.000931138
311.584  306.615  0.00073906  0.000325062  0.00142688
294.532  294.547  0.000903334  0.000326072  0.00121533
292.701  312.811  0.00120573  0.000334062  0.000580429
306.409  297.001  0.00160417  0.000677099  0.00166244
314.717  308.031  0.000587222  0.000269354  0.00103062
809.941  246.982  0.000464101  -8.54944e-05  0.000917824
784.31  237.066  0.000423187  -2.14799e-05  0.000550267
718.976  289.942  0.00130414  -0.00151667  0.00325014
641.422  290.714  0.000349028  -6.92743e-05  0.00192311
653.442  296.063  0.000554529  -0.000176649  0.00122303
715.776  285.589  0.00166439  -0.00126291  0.00231603
672.263  285.705  0.00207715  -0.000573547  0.003073
714.856  291.542  0.00186581  -0.00119698  0.00339882
700.708  292.989  0.000926144  -0.000882473  0.00196975
694.612  230.4  0.00188905  -0.000114624  0.000565734
697.866  225.669  0.000585891  -1.33385e-06  0.000434773
702.561  291.036  0.00129127  -0.00153738  0.00345644
699.936  230.612  0.00346698  -0.000228982  0.000443317
854.416  237.532  0.00271148  -6.84909e-05  0.00120866
792.003  256.103  0.00153278  -0.000136848  0.000951073
797.308  254.027  0.000995065  -9.3479e-05  0.000819382
805.547  251.313  0.000588496  -5.98632e-05  0.000683925
802.69  270.238  0.000489526  -4.12248e-05  0.00350351
808.22  252.89  0.000401284  1.51611e-05  0.00074824
865.186  237.682  0.00101776  -1.11714e-05  0.00101893
798.356  286.374  0.000647188  0.000150784  0.000576928
60.1242  205.872  0.00254146  3.08054e-05  0.000802302
57.2411  218.544  0.00183718  0.000238756  0.00216478
635.412  240.461  0.00113978  -3.21147e-05  0.00162946
645.491  242.12  0.00223396  -5.46146e-05  0.00190783
578.211  217.507  0.00034206  -8.24961e-06  0.000368197
607.683  245.07  0.00214728  1.23335e-05  0.00339301
601.788  247.689  0.00124939  6.30941e-05  0.00486057
589.763  243.46  0.000574363  3.7307e-05  0.00266299
583.203  237.778  0.000416968  1.84393e-05  0.00148704
843.683  260.583  0.00749511  -0.00045599  0.00128603
786.646  268.36  0.000356572  2.26361e-05  0.000395204
794.724  246.781  0.000757184  0.000189652  0.00137404
815.009  253.043  0.00534354  9.77948e-05  0.000747944
804.546  254.086  0.00154303  1.4592e-05  0.000808841
767.806  267.756  0.00582931  -0.000155709  0.00283155
790.568  265.504  0.000664563  -5.81546e-05  0.00207945
127.756  177.898  0.00152206  -4.13837e-05  0.000416152
121.132  190.949  0.000875109  3.94309e-05  0.000799463
120.738  199.283  0.000835436  0.000117779  0.00147326
117.839  205.385  0.000702132  0.000254547  0.00261652
108.982  190.553  0.00044879  5.47354e-05  0.000715802
107.636  175.883  0.000433871  1.34826e-05  0.000342611
756.062  247.391  0.00225965  -1.41211e-05  0.000454821
773.167  227.685  0.000608989  0.000108123  0.00144007
862.765  206.83  0.0085165  0.00105019  0.00277291
858.867  203.048  0.0039431  0.000363799  0.00194125
852.963  201.984  0.00196225  1.1118e-05  0.00187846
846.603  206.328  0.00127985  -0.000396894  0.00339528
136.518  183.63  0.00262339  -9.64349e-05  0.00114204
107.26  177.053  0.000387399  5.04591e-05  0.000545725
131.277  171.39  0.00222269  -4.34889e-05  0.0005054
120.594  192.153  0.000883014  0.00025939  0.00182755
120.247  196.666  0.000883275  0.00045228  0.0029618
108.684  189.45  0.000469349  0.000179051  0.00121351
754.478  211.717  0.00247198  0.00021548  0.00337395
764.937  213.233  0.000995236  0.000181622  0.00253001
252.219  181.249  0.000746047  2.76024e-05  0.000901128
293.509  198.177  0.0113446  -0.000533262  0.00133038
302.864  197.794  0.00255442  -0.000340425  0.00157244
304.788  189.083  0.00212576  -0.000823729  0.00443041
313.318  196.346  0.00105329  -0.000401121  0.00215462
320.575  194.071  0.00062376  3.6713e-05  0.00300665
267.334  182.795  0.00555825  0.000497904  0.0012957
256.438  198.799  0.00174171  0.00089465  0.00797552
259.646  185.533  0.00208957  0.00020746  0.00128078
306.217  187.656  0.0012284  -0.000937225  0.0058009
256.108  177.386  0.00119964  6.16994e-05  0.00079817
279.2  188.405  0.00997669  -0.000823599  0.00251383
296.263  199.185  0.00394403  -0.000274942  0.0012674
294.73  200.593  0.00492612  -4.06627e-05  0.00159091
113.113  185.391  0.000467095  -4.84035e-05  0.00213473
109.695  197.572  0.000375136  -4.003e-05  0.000801945
110.98  213.889  0.000367068  -3.97203e-05  0.000349552
108.439  207.532  0.000344575  6.23184e-05  0.00192969
105.508  156.674  0.000380032  -3.13829e-05  0.00073216
106.086  169.36  0.000367098  -1.30918e-05  0.00193671
148.551  198.9  0.00209541  0.000836795  0.00221139
132.969  178.97  0.000683469  0.000121358  0.000381442
129.411  199.989  0.000687667  0.000467253  0.00115763
109.361  190.678  0.000429594  -6.14972e-05  0.00131893
121.839  191.787  0.000847445  -0.000123069  0.00121549
138.549  210.632  0.00288377  -0.000423451  0.000459303
131.247  175.333  0.00228426  1.29926e-05  0.00675183
130.641  171.211  0.00227572  -0.000152385  0.00354974
129.328  158  0.00243026  -0.000306095  0.00103608
126.408  178.352  0.00140743  0.000422922  0.0121328
108.622  148.056  0.000567953  -5.6995e-05  0.000521514
140.441  211.717  0.00543935  -0.000253671  0.00117686
108.827  214.977  0.000411723  2.9427e-05  0.00102782
133.763  207.368  0.00230837  -0.000100061  0.00236982
131.067  211.027  0.00172279  -7.6341e-05  0.00164985
110.642  223.469  0.000435028  -1.55852e-05  0.000680352
128.583  228.351  0.00127326  -6.62563e-05  0.000516782
108.437  230.952  0.000385658  -1.58469e-05  0.000458092
190.201  181.744  0.00449946  0.00117715  0.00266093
187.072  179.194  0.00673257  0.000681877  0.0017459
207.417  168.224  0.0031325  0.00032092  0.00161661
193.35  148.652  0.00275851  -0.000249828  0.000391997
192.348  164.127  0.002033  4.37294e-05  0.000731574
230.114  159.504  0.0016352  0.000777539  0.00184789
235.867  161.674  0.00109629  0.000498215  0.00119541
774.765  133.163  0.000597225  0.000146247  0.00220171
785.362  132.306  0.000361753  0.000134752  0.00214388
304.689  176.678  0.0065264  0.00075769  0.00286556
330.785  163.024  0.00357779  0.000905132  0.00300258
329.64  158.711  0.0035358  0.000337297  0.0018175
327.57  150.775  0.00376652  -0.000121439  0.000944035
329.348  143.314  0.00264223  -9.83219e-05  0.000635147
204.585  171.515  0.00164189  0.000852258  0.00198625
230.995  156.795  0.00280429  0.00101964  0.00231855
226.465  161.501  0.00824344  0.000378188  0.0018363
201.237  176.696  0.000924996  0.00071386  0.00142583
358.584  164.751  0.00503258  0.00517659  0.00999683
128.292  97.3517  0.00181675  -0.000199441  0.00134484
135.049  99.3243  0.00254236  -0.000357953  0.00154866
137.626  94.2576  0.0018399  -0.000252564  0.00102399
35.0069  136.235  0.00516533  -0.00501341  0.00842996
518.558  126.397  0.00195244  0.00176334  0.00856528
203.799  77.9661  0.00237943  0.000398925  0.000857291
186.678  77.8203  0.00212201  0.000197447  0.000439048
755.989  109.03  0.00559927  -0.000621464  0.0021721
755.642  103.292  0.0051448  -0.000638474  0.0013352
754.689  94.6751  0.00488019  -0.000654884  0.000784191
35.851  121.848  0.00215714  0.000498571  0.00102555
752.706  103.15  0.00344696  4.26595e-05  0.00155039
807.84  104.302  0.000388073  0.000281943  0.00305091
790.096  100.503  0.000941129  0.000129559  0.00169061
817.667  100.883  0.000436675  0.000417086  0.00294345
787.985  93.7931  0.00255468  -0.000151802  0.00103206
851.252  97.1578  0.00285327  0.000514714  0.00358622
855.906  96.3433  0.001783  0.000527111  0.00354572
861.128  94.9546  0.0011772  0.000497378  0.00328943
180.784  101.643  0.0108841  0.00330722  0.00269193
790.188  121.56  0.00290549  -0.000337425  0.001139
816.93  91.9454  0.000429892  0.000371849  0.00243287
807.813  88.6925  0.000586227  0.000192625  0.00151881
799.972  89.0214  0.000902515  0.000132133  0.00139771
127.198  114.366  0.00149176  -7.90804e-05  0.00077149
125.163  96.5701  0.00137465  -6.24924e-05  0.000655301
138.822  113.32  0.00197077  -0.000186889  0.00083005
143.865  104.649  0.00118923  5.54468e-05  0.00182704
146.012  117.25  0.00110117  2.58556e-05  0.00437115
144.723  110.296  0.00114869  -5.65379e-05  0.00189596
143.079  104.508  0.00124694  -8.97808e-05  0.00115201
139.858  96.1649  0.00152122  -0.000132654  0.000667739
123.186  89.5589  0.000506397  -2.09929e-05  0.000451385
147.992  151.879  0.00219886  -9.78413e-05  0.00174649
154.023  161.222  0.00429587  -0.000271439  0.000848445
779.596  71.4432  0.00485527  -2.87702e-05  0.000594416
803.013  99.6079  0.00102844  0.00043092  0.00327518
793.85  93.4534  0.00218619  0.000336915  0.00188187
802.654  52.7179  0.000550522  4.2658e-05  0.000520184
817.303  59.0506  0.00291489  9.54911e-06  0.000796869
830.437  96.9545  0.00858976  0.00107401  0.00223118
816.977  57.8415  0.001672  0.000405485  0.00112238
802.436  58.6858  0.000960922  0.000330495  0.000748372
802.605  58.5184  0.00118309  0.000271292  0.0012462
797.007  57.7297  0.000821353  0.000235679  0.00105589
832.363  59.007  0.00156042  0.000382036  0.00267421
831.33  53.9849  0.0015049  0.000113333  0.0015912
840.11  58.3965  0.000975641  0.000606416  0.0030953
823.794  55.4135  0.00814627  0.000224569  0.00148676
812.955  63.738  0.00196352  0.000611097  0.00261039
809.911  61.4163  0.00149366  0.00043975  0.00188419
818.124  53.6499  0.00680993  0.000651155  0.00278588
814.08  60.4408  0.00398411  0.00180458  0.00618625
831.591  51.4337  0.00166704  0.000850112  0.00360372
811.37  58.4644  0.00195115  0.00119719  0.00395922
851.635  90.1951  0.00612638  2.50025e-05  0.002252
858.116  89.347  0.0024793  3.02572e-06  0.00247936
816.827  64.5409  0.00141741  7.32746e-05  0.00038094
334.67  86.8459  0.00272585  -0.000111368  0.00114167
338.6  71.1035  0.00284251  0.00121036  0.00133654
855.953  45.2804  0.00583897  0.000741622  0.00307575
796.646  76.987  0.000806497  0.00031287  0.00121236
801.616  78.3476  0.00143494  0.000859008  0.00175956
320.04  74.1612  0.00120877  0.00104235  0.0016115
304.545  187.782  0.00287756  -0.000154207  0.00857417
327.536  165.521  0.00566622  0.0013944  0.00335122
327.586  158.096  0.00548099  0.000562244  0.00152485
326.266  149.377  0.00451045  0.000239605  0.000767927
844.812  53.9973  0.00152052  2.56085e-05  0.0022959
850.782  59.3305  0.00282742  4.79143e-05  0.00138389
853.481  68.871  0.00412129  6.99745e-05  0.000706486
221.217  77.9719  0.00417615  0.000216824  0.000565959
221.64  69.1423  0.00395035  0.000523908  0.000936312
223.712  60.8102  0.00342312  0.00106337  0.00157776
204.276  67.1761  0.00448374  0.00281968  0.00409821
202.538  74.7724  0.00274854  0.00125819  0.00195721
197.635  83.2381  0.00173926  0.000834466  0.0012837
219.096  61.4272  0.0105756  0.000236625  0.00226725
196.967  96.8529  0.00104578  0.000443012  0.000544774
835.956  63.409  0.00123986  0.000207695  0.00155467
810.031  77.3389  0.000845948  0.000191397  0.00090567
822.592  75.8954  0.00220708  5.74871e-05  0.00080083
814.416  68.9946  0.00218808  0.000397794  0.00156733
805.975  73.1299  0.00110462  0.000354355  0.00134284
821.077  69.2003  0.00487139  0.000280738  0.00131626
821.714  76.3321  0.00540944  0.00037289  0.00091687
789.133  76.5924  0.00155307  -8.18626e-06  0.00151932
792.727  82.023  0.00193798  -0.000187185  0.000985668
843.987  51.7608  0.00728439  -0.000127746  0.0029725
847.774  56.6281  0.000966753  0.000368821  0.00332317
811.042  73.4882  0.000892779  9.57092e-05  0.000527585
123.398  43.1049  0.00183042  -0.0002451  0.00263836
98.1975  66.4332  0.000348658  -4.43455e-05  0.000451691
845.285  41.2874  0.0061262  0.00133424  0.00374878
814.557  62.5975  0.00220932  0.00024819  0.000938628
821.59  66.0423  0.00528365  0.00010911  0.000660658
818.98  70.3474  0.00356518  0.000103676  0.000544058
816.028  64.3343  0.00249121  2.08313e-05  0.000375956
778.597  41.9909  0.0122495  0.000517397  0.0020616
784.679  35.8308  0.00417413  0.000934193  0.00348389
777.807  36.3122  0.00244518  0.00107358  0.00423335
788.234  88.0738  0.00183508  0.000131379  0.00109766
783.439  261.295  0.00173543  0.00055072  0.000469753
523.792  111.861  0.00179611  -6.52677e-05  0.00187298
294.631  278.498  0.000540119  5.379e-05  0.000245077
297.705  280.487  0.000845742  0.000223825  0.000321828
329.006  292.082  0.000435816  0.000107618  0.000387616
797.768  285.062  0.000269743  -5.38343e-06  0.00184997
805.57  279.977  0.00020095  -7.27187e-06  0.00120504
768.665  275.202  0.00112817  -0.000152448  0.000839863
768.766  267.915  0.0041882  -4.63067e-05  0.000535348
299.803  313.127  0.000466679  -7.48888e-05  0.000738086
802.348  257.805  0.00139861  -0.000130777  0.00236128
795.028  261.276  0.000849531  -0.00030298  0.00393472
776.075  245.245  0.000311442  -6.87813e-05  0.000969422
773.216  254.566  0.000295171  -0.000179635  0.00219892
564.094  225.832  0.000202784  2.59133e-05  0.000453836
817.437  297.284  0.000250359  -4.87057e-05  0.00130004
788.11  267.544  0.00129759  -9.20594e-05  0.00298981
793.96  227.785  0.000505253  -8.99451e-06  0.000187621
799.329  243.163  0.00157048  0.00118278  0.00224546
778.972  244.607  0.000270956  7.99377e-06  0.00148232
780.53  252.278  0.000280752  -5.30902e-06  0.000833279
804.087  287.546  0.000764599  -5.48308e-05  0.000182285
758.41  280.674  0.00654737  0.00128853  0.00107075
762.192  279.801  0.00430875  0.000903544  0.000727392
793.943  139.049  0.000252447  1.43014e-05  0.000188321
756.24  203.432  0.00301121  0.0010355  0.00126233
336.042  124.985  0.000426507  0.00017806  0.000231601
110.641  205.44  0.000363527  -6.29719e-05  0.00302161
143.703  220.297  0.00365592  -0.000308241  0.000862072
137.301  225.168  0.00170577  -0.000146353  0.0006324
111.592  237.708  0.0003382  -3.13547e-05  0.000337727
113.64  257.015  0.000344859  -3.00944e-05  0.000173817
338.305  156.096  0.000675314  0.000597104  0.00106689
338.206  138.345  0.000503194  0.000235858  0.000390494
272.736  186.986  0.000736052  0.000660975  0.001406
125.535  94.8532  0.0013283  -0.000109549  0.00113685
98.4197  92.7881  0.00030025  -6.55949e-05  0.00107627
96.5032  66.3838  0.000288505  -2.52744e-05  0.000276628
797.858  103.012  0.000291666  0.000209305  0.00165696
197.734  174.859  0.000460509  0.000189492  0.000276228
99.2029  92.2231  0.00030742  -2.44235e-05  0.000503227
97.897  82.6657  0.000296386  -1.97195e-05  0.000326904
100.519  122.95  0.000311295  2.86586e-05  0.0005472
102.071  141.251  0.000319902  5.84206e-06  0.000248124
112.066  104.024  0.000298318  -4.23958e-05  0.00100036
106.793  97.4378  0.000248785  -3.11686e-05  0.000661009
104.303  87.5119  0.000232789  -2.38828e-05  0.000399995
103.127  75.8434  0.000229048  -2.00602e-05  0.000251302
218.903  87.6339  0.0025026  0.00145406  0.00207976
213.989  89.5606  0.00187949  0.00125504  0.00180404
115.171  101.485  0.000353797  0.000170609  0.00255577
106.587  113.766  0.000243261  5.45769e-05  0.000923761
337.509  80.4901  0.00183716  0.000539372  0.00203916
832.073  61.009  0.00251843  0.00154295  0.00219416
842.567  55.6385  0.00156601  0.00126756  0.00181722
805.471  78.5479  0.00247595  0.00158058  0.00239882
849.252  53.4671  0.00189458  0.000205083  0.000980855
378.798  121.452  0.000355217  -3.91266e-05  0.000280331
375.981  124.121  0.00043404  -1.26148e-05  0.000206388
361.448  93.278  0.000626906  7.49324e-05  0.000167371
812.189  76.7966  0.00179954  0.00119184  0.00178369
824.693  76.7505  0.00341012  0.000501583  0.00090276
810.733  103.755  0.00088632  0.000575063  0.00447388
859.862  89.5953  0.00235189  0.000185033  0.00188703
855.431  88.3576  0.00401174  7.43022e-05  0.00158432
849.076  49.399  0.00143964  0.000117656  0.00140203
821.15  73.4645  0.00028269  0.000101316  0.000510686
478.519  147.426  0.000336668  -0.000360722  0.0015447
804.919  95.6081  0.000422417  0.000204196  0.0015959
314.581  56.6514  0.00295389  0.00214917  0.00246849
811.289  285.62  0.000254363  1.17967e-05  0.0019323
801.332  288.418  0.000553226  5.83078e-05  0.00256071
810.651  286.793  0.000356677  4.53201e-05  0.00217543
805.899  278.316  0.000876834  -1.32748e-05  0.00103567
792.021  227.928  0.000441683  -1.24776e-05  0.000129087
788.326  282.081  0.000346536  8.75959e-06  0.00135891
807.248  269.599  0.000183587  -2.16984e-05  0.000602837
241.847  356.595  0.000115791  2.26841e-07  0.000118828
294.896  283.822  0.000423806  -4.78499e-05  0.000286161
249.811  362.518  0.000264312  6.4788e-05  0.000126604
313.3  295.657  0.00106131  0.000676075  0.0015438
671.43  282.137  0.00110631  -0.00016684  0.0011918
806.408  240.878  0.000700487  0.000846195  0.00294408
829.348  241.438  0.00185907  0.000126744  0.000305094
802.673  228.619  0.000339115  2.14917e-05  0.000193311
791.2  214.71  0.000433599  -1.56445e-05  0.000130248
761.258  232.824  0.00120252  -0.000202623  0.000256436
766.211  226.95  0.000792238  -0.000133932  0.000206355
776.847  224.11  0.00043292  -7.39889e-05  0.000180727
803.261  232.987  0.00170334  0.00142455  0.00211288
784.164  307.99  0.000580756  0.00026071  0.000410364
804.736  289.18  0.00100798  0.000317387  0.000551662
817.393  252.18  0.000778953  4.35544e-05  0.000720671
802.567  261.684  0.00037287  4.01785e-06  0.00143999
797.852  259.685  0.000869557  -8.45277e-06  0.00122758
775.867  254.883  0.000289536  -1.0157e-05  0.000886876
789.352  248.317  0.00069757  0.000620795  0.00218249
766.675  307.869  0.000225413  4.50503e-05  0.000150958
798.828  295.607  0.000569641  2.84334e-05  0.000165892
764.742  208.905  0.00200545  0.000762824  0.000626185
759.74  239.507  0.00162733  8.95743e-05  0.000718614
782.798  223.149  0.00040612  0.000181284  0.00230911
803.225  215.844  0.000743068  0.000899714  0.00238355
117.943  134.446  0.000695349  -0.000167248  0.000315833
107.115  146.352  0.000463406  -0.000286259  0.000678291
145.468  152.147  0.00183821  -0.000276786  0.000431807
125.652  142.581  0.000542468  -0.000180264  0.000390401
117.087  137.336  0.00038701  -0.000158433  0.000358089
208.144  149.883  0.00247512  -0.000244405  0.00049915
205.726  141.894  0.00220988  -0.000260429  0.000357827
320.523  119.431  0.000126139  1.0091e-05  0.000173894
798.848  103.921  0.000564752  0.000239763  0.0016513
129.038  150.498  0.000639803  -0.00029854  0.000897328
787.032  61.3108  0.00236732  -0.000194036  0.000667683
786.785  70.3376  0.00202071  -0.000187395  0.000745339
791.149  79.6997  0.0028379  -0.0003308  0.000472794
788.308  61.1338  0.00126991  -7.13885e-05  0.000657572
791.489  78.3411  0.00130701  -0.000148413  0.000479807
362.404  95.6462  0.000767321  3.01446e-06  0.000206267
804.328  78.0969  0.000411222  3.16221e-05  0.00042409
803.592  95.6867  0.000388052  1.78063e-05  0.000134412
802.856  90.497  0.000556052  3.55287e-05  0.000154677
861.709  82.4916  0.000755041  0.000251065  0.00181368
853.459  86.798  0.000515312  0.000379687  0.00244482
107.993  227.96  0.000516323  0.000560766  0.00102564
454.86  99.2871  0.000541449  0.000178761  0.000167933
442.559  91.3507  0.000304339  0.000165752  0.000225373
510.847  167.28  0.00135466  -0.0002799  0.000597247
511.185  175.422  0.00127291  -0.000235031  0.000408188
511.923  189.44  0.00116588  -0.00019181  0.000245553
