1.0
891
232.055  587.29  0.00125124  0.000574452  0.00119064
226.406  590.105  0.00555077  -0.000380405  0.00104015
209.638  591.328  0.000961871  2.96768e-05  0.000944703
229.029  594.603  0.0085409  -0.000136634  0.00212872
219.234  598.077  0.00220031  0.000474824  0.00218853
215.666  596.213  0.00160737  0.000360009  0.00164102
258.633  593.938  0.00197414  -0.000263973  0.00171724
258.587  586.593  0.00185514  -0.000215606  0.000960145
261.682  574.397  0.0012788  -0.000139278  0.000473662
702.211  592.407  0.00616367  -0.00212965  0.00464408
587.553  584.245  0.00362903  -0.00118413  0.00122325
590.33  603.876  0.00334282  -0.00314663  0.00921078
580.513  583.693  0.0017395  -0.000723782  0.00120052
534.489  552.908  0.000532952  -2.26869e-05  0.000423501
216.348  595.938  0.0015514  -0.00014107  0.00705258
706.45  597.522  0.00449145  -0.00242038  0.00627266
675.676  594.725  0.00329713  -0.000222136  0.00538708
348.709  518.995  0.0008325  -0.000108366  0.000337974
347.691  562.891  0.00101739  -0.000668097  0.00185103
345.543  566.137  0.000850563  -0.000465433  0.00129458
81.2263  594.767  0.0010601  0.000404525  0.00119154
81.1929  588.847  0.000993734  -6.77923e-06  0.00193129
79.6633  593.543  0.000823932  -4.384e-05  0.00130807
431.499  564.805  0.0062962  0.00410432  0.00485797
471.471  556.552  0.000376696  0.000225172  0.00113271
399.392  561.426  0.00148889  0.00147121  0.0106118
394.746  575.778  0.00233858  0.00161625  0.00250292
422.597  564.047  0.00636882  0.000579441  0.00206272
417.247  569.268  0.00309249  0.000214896  0.0037841
413.018  567.889  0.00190638  0.000112051  0.00318777
413.291  554.834  0.00172856  0.000147627  0.000963437
415.006  547.319  0.00189782  0.000172718  0.000612492
404.66  569.467  0.000968559  -7.99535e-07  0.00403644
404.634  555.376  0.000877745  6.26113e-05  0.00100635
332.67  490.031  0.0026423  0.000531398  0.00474181
327.713  469.646  0.00542929  0.000178487  0.000691373
501.414  458.777  0.00344724  0.000878672  0.000767309
253.304  542.199  0.000572918  -0.000375582  0.00101198
183.157  527.569  0.00105835  -0.000281102  0.00327083
196.495  531.945  0.00348676  -0.000888431  0.0021902
179.436  533.565  0.00074469  -0.000195241  0.00171978
186.396  531.812  0.000940722  -8.4043e-05  0.0010075
172.359  528.962  0.00342842  -0.000327511  0.00084974
179.794  526.957  0.0015154  -0.00014204  0.000737782
444.27  453.492  0.000570116  -6.72518e-05  0.0012298
426.538  449.726  0.00516174  9.9053e-05  0.000978345
365.164  489.926  0.00141986  8.2491e-06  0.0073892
393.836  439.929  0.00483181  -0.000183309  0.000609643
382.001  441.427  0.000747353  1.87989e-05  0.000657127
370.411  441.665  0.000405656  9.82412e-06  0.000666584
370.994  440.069  0.000657066  -6.74308e-05  0.000349987
437.727  453.391  0.000837074  -1.80402e-05  0.00175862
423.112  450.718  0.00983283  0.000268523  0.00137871
287.624  484.867  0.00107573  0.000470098  0.00362987
300.591  482.083  0.00358729  0.00033763  0.00362354
600.262  473.184  0.000649409  3.16549e-05  0.00441631
559.665  488.611  0.0090744  -0.00245045  0.00216913
548.46  448.344  0.00044633  -0.000251207  0.00300533
555.107  452.66  0.00262235  -0.00173884  0.00482005
606.57  459.767  0.00231272  0.00088196  0.00292603
757.319  490.733  0.00261761  0.00025334  0.00148129
766.218  454.467  0.00392849  -0.000901639  0.00375977
512.505  474.449  0.0123327  0.000424953  0.00188434
519.274  478.581  0.00352184  1.21471e-05  0.00138755
531.579  471.791  0.00127594  0.00122892  0.00713056
443.224  455.422  0.00776491  -0.00175126  0.00276035
474.493  475.224  0.000565328  -0.00021017  0.000753676
402.537  435.051  0.000876146  0.000887896  0.00285041
332.704  439.072  0.000690943  3.74704e-05  0.00124521
402.523  447.646  0.000661821  0.000308935  0.00145528
404.982  441.534  0.000636079  0.00052999  0.00252736
188.838  443.661  0.00804449  0.0020817  0.00254671
169.624  450.019  0.00103691  0.000257719  0.00148165
275.409  465.977  0.000503705  2.22832e-05  0.0011853
572.396  437.719  0.00167391  0.000500908  0.0100942
571.087  433.271  0.00174052  6.56919e-05  0.00442514
593.366  402.079  0.000337828  -1.91092e-05  0.000433965
565.736  453.229  0.0010417  -3.12001e-05  0.00295107
364.026  445.25  0.00109881  0.000262924  0.00240632
356.358  443.043  0.00225586  0.000470839  0.00193205
380.703  441.511  0.000431295  0.000120591  0.0017033
277.638  441.599  0.000863048  3.97849e-05  0.00637707
176.543  444.578  0.00512991  0.00124576  0.00269988
630.217  412.866  0.00536081  0.00127638  0.00221817
637.53  397.04  0.00278728  0.000591079  0.000760043
669.217  381.989  0.000386028  0.000142978  0.000436522
630.285  411.888  0.00543758  0.000628149  0.00121194
628.194  420.081  0.00608916  0.00113385  0.00118552
768.083  429.696  0.00137538  -0.000363627  0.00340078
763.22  432.538  0.000951111  -0.000244625  0.00228517
772.038  435.841  0.00192008  -0.000204258  0.00179213
770.016  442.443  0.00157378  -0.000121378  0.00102038
777.397  444.337  0.0034748  -0.000133426  0.00094198
399.003  450.615  0.00332421  0.000104401  0.000653865
378.555  451.892  0.000621681  -3.02599e-05  0.000525963
280.987  443.762  0.000932689  -0.000110282  0.00112346
290.13  453.288  0.000535963  -6.32151e-05  0.000644218
459.867  437.404  0.000893085  -0.000105299  0.00364206
464.053  444.801  0.000869356  -0.000317726  0.00174035
472.319  456.138  0.000764007  -0.00035795  0.000869227
385.272  431.822  0.000503054  -0.000566712  0.00262289
421.127  406.112  0.001298  -0.000741709  0.00521449
433.009  406.032  0.000627358  -0.000552071  0.0041172
418.152  398.112  0.00150387  -0.000368239  0.00199031
432.739  376.246  0.000508723  -9.35421e-05  0.000417349
196.078  414.442  0.00249357  0.000706394  0.00562678
200.358  412.265  0.00171327  0.00053228  0.00676541
209.495  412.597  0.000836737  0.000281567  0.00623383
49.3573  425.372  0.00599554  0.00263309  0.0035861
82.1533  422.308  0.00221881  0.000702137  0.00235412
82.4465  418.38  0.00229589  0.00103281  0.00377272
89.1781  414.732  0.00145528  0.00128384  0.00513749
188.744  415.903  0.00272745  0.000860835  0.00729679
191.413  412.907  0.00338107  0.00110664  0.00631304
194.206  416.25  0.00275244  0.000209717  0.00753328
194.125  413.718  0.00266693  0.000237767  0.00521281
186.631  421.765  0.00138181  0.000391433  0.00344682
344.756  439.396  0.00143567  -0.000568143  0.00164943
346.839  441.512  0.00119135  -0.00027687  0.000577509
329.408  405.363  0.00261955  -0.00272414  0.0109802
143.787  398.761  0.00158161  -0.000361609  0.00276248
365.433  399.927  0.00195509  0.000243095  0.000762884
363.163  396.437  0.00155844  0.000193108  0.000604855
345.785  441.381  0.000553553  -9.62673e-05  0.000552043
267.485  446.231  0.000503062  -2.87854e-05  0.00033685
73.4433  386.813  0.00411056  0.000762842  0.00214507
723.314  416.024  0.00109348  0.000580156  0.00189589
713.881  402.215  0.000665818  -0.00031915  0.000744993
720.04  413.77  0.000747656  -5.70565e-05  0.00254846
372.067  403.602  0.00568048  0.000366256  0.00107172
376.338  402.853  0.00198199  0.000229401  0.00107879
408.966  422.568  0.00102719  -0.000190282  0.000964772
267.323  412.245  0.000387271  -8.78672e-06  0.00223537
462.796  410.456  0.00102452  2.88729e-05  0.000869036
191.24  368.567  0.00074586  0.000193384  0.00271939
706.436  384.327  0.000736632  -0.000209349  0.00539187
375.409  396.815  0.00110308  5.43205e-05  0.000720041
375.309  413.713  0.00141234  0.000150853  0.000329702
368.521  394.756  0.000873705  0.000606442  0.00538911
368.491  400.713  0.000475478  0.000304783  0.0029585
368.845  410.797  0.000226806  0.000129849  0.00142703
375.431  387.349  0.00333985  -0.00368593  0.011129
380.222  394.773  0.00408164  -0.00151966  0.00385465
384.328  397.329  0.00721048  -0.00160416  0.00328181
382.58  404.044  0.0047983  -0.000869554  0.00153759
365.495  415.974  0.000860213  -0.00022244  0.000492947
372.379  417.611  0.000241158  8.30521e-05  0.000801398
12.9976  358.182  0.0100596  -0.00119086  0.00260388
42.6684  355.456  0.000916585  0.000175698  0.00265247
18.2  344.644  0.00508044  -0.000781942  0.000967378
47.2767  356.41  0.00209822  0.000560719  0.0026453
45.2506  350.805  0.00240154  0.000238807  0.0014454
381.374  347.545  0.00206203  -0.000826527  0.00136046
368.729  354.916  0.000928302  -0.00116611  0.00379112
359.627  343.783  0.000576963  -0.000508787  0.00149166
193.443  397.206  0.000883608  0.000186592  0.000968599
200.066  345.966  0.00828792  -0.00054212  0.00178727
215.994  342.575  0.00121534  0.000187874  0.00165057
206.899  340.886  0.00271845  -4.88498e-05  0.00125596
199.408  339.687  0.00826337  -0.000672193  0.00109815
207.909  334.753  0.00225337  -8.13571e-05  0.000828874
213.489  330.626  0.00130056  -7.97465e-06  0.000680833
220.879  319.072  0.000718055  1.14764e-06  0.00040472
208.563  318.878  0.00177568  -0.000117684  0.00037495
195.979  336.2  0.00342193  -0.00055598  0.00090898
200.226  329.293  0.00182031  -0.000269721  0.00061609
195.373  327.513  0.00293816  -0.000513825  0.000594905
215.28  346.707  0.00950809  -0.001156  0.0027291
209.426  336.25  0.00454751  -0.000605026  0.00103802
203.574  333.928  0.00228591  -0.000251265  0.000792779
200.453  331.263  0.00175176  -0.000183825  0.000652269
191.691  334.886  0.000857872  -1.63438e-05  0.000697114
199.448  336.462  0.00588141  -0.000626066  0.00091389
196.933  331.761  0.00434789  -0.00046345  0.000672372
193.898  337.338  0.00266779  -0.000200031  0.000848131
188.908  336.74  0.00162511  -7.54422e-05  0.000756337
195.317  344.606  0.0077964  -0.00112508  0.00163854
221.044  354.109  0.00259193  0.00157451  0.00887149
220.872  351.598  0.0024872  0.00093739  0.00549967
220.232  348.412  0.00254062  0.000530981  0.00337658
210.567  342.86  0.0106994  -0.000174654  0.00155275
218.785  341.614  0.00281826  0.000176849  0.00157995
213.22  338.671  0.00605722  -4.83328e-05  0.00114463
224.784  332.291  0.00148081  9.58897e-05  0.000845752
217.246  333.459  0.00322471  1.72459e-05  0.000835189
224.071  324.54  0.0015177  3.51729e-05  0.000535242
216.469  325.212  0.00339039  -5.03521e-05  0.00051826
214.232  334.58  0.00179825  -6.74987e-05  0.000889549
656.541  385.811  0.00244667  0.000105104  0.0013334
666.135  379.733  0.00105769  4.54359e-05  0.00236441
657.502  373.402  0.00233379  0.00011366  0.00225875
649.666  373.567  0.0017442  -0.000107776  0.00229184
318.322  333.108  0.00139713  0.00119023  0.00308273
308.356  339.382  0.00104324  0.000662634  0.00506393
442.174  339.934  0.000904174  0.000121233  0.000465483
433.952  341.88  0.000568169  0.00011899  0.000462659
442.415  362.587  0.000895279  1.94377e-05  0.00135062
445.221  374.182  0.00110598  9.02242e-05  0.000773834
520.55  359.023  0.000477297  0.000131063  0.00119779
440.276  307.987  0.000592536  0.000133978  0.000869842
474.633  314.05  0.000572172  -6.27638e-05  0.00136784
474.392  306.786  0.000549598  -6.60142e-05  0.000810749
474.216  295.887  0.000513246  -6.51422e-05  0.000450115
441.352  324.109  0.00153803  3.3434e-05  0.00380045
440.216  325.686  0.00408583  0.00108333  0.00504393
260.106  343.2  0.00203233  -0.000235875  0.00344096
311.483  342.461  0.00171848  0.000834698  0.0138087
379.506  339.527  0.00159566  -0.000460087  0.00479334
391.101  342.713  0.00622564  -0.00129348  0.00342034
384.894  360.594  0.00180634  -0.000367494  0.000754608
379.937  341.38  0.00160236  -0.000351537  0.00268098
358.97  340.52  0.000426652  -0.000129779  0.00279466
371.274  347.41  0.000769391  -0.000171656  0.00145194
382.408  362.742  0.00139307  -0.000287353  0.00050065
462.05  330.916  0.00170279  0.000729019  0.00863396
43.6501  340.477  0.00592008  -0.000373491  0.00408005
185.942  338.861  0.0043931  4.18797e-05  0.000761512
200.687  346.199  0.00100891  4.94942e-05  0.000454706
210.198  319.049  0.000609159  0.000440668  0.0031571
210.196  335.328  0.00056798  0.000100351  0.000764643
215.205  338.496  0.000443799  7.99724e-05  0.000608423
22.1183  355.1  0.00345117  -0.000348963  0.00048952
185.266  341.479  0.00257946  -0.000161841  0.000679162
192.889  344.227  0.00175058  -0.00011705  0.000551431
379.99  307.878  0.000616902  -0.000220451  0.00467149
310.662  293.105  0.0017637  -0.000165589  0.000656295
318.917  285.15  0.000847258  -5.68609e-05  0.000456885
189.655  326.783  0.003873  0.00140621  0.00380299
187.414  332.103  0.00322078  0.000975459  0.00217183
191.208  332.916  0.00562873  0.00134298  0.00194755
218.897  320.86  0.00421976  0.000933414  0.00264848
218.596  326.771  0.00378974  0.000775691  0.00153413
231.713  343.206  0.000850408  0.000185191  0.000494368
224.783  337.524  0.00079194  0.000104961  0.000748182
181.848  329.68  0.00737931  -0.000222671  0.00159614
206.576  339.823  0.00414326  -0.000204887  0.000631391
209.828  343.883  0.00279244  -0.000132397  0.000500964
214.502  315.968  0.00149448  0.000292086  0.0050777
214.263  321.014  0.001552  9.99914e-05  0.00257859
215.316  333.216  0.00150076  -2.4102e-05  0.000892765
229.818  343.141  0.000582187  3.38404e-07  0.000474712
225.324  320.611  0.000717522  0.000130376  0.0011704
225.887  327.83  0.000702473  6.32684e-05  0.000713601
187.5  328.454  0.00184733  0.000675427  0.00313514
199.702  328.743  0.0094352  0.000677363  0.0022767
196.886  330.319  0.00558472  0.000542222  0.00204761
187.146  333.903  0.00175425  0.000393152  0.00174723
193.966  333.55  0.00365375  0.000405316  0.00159019
220.475  337.854  0.00563022  0.0001793  0.000652365
191.325  335.86  0.00535583  -8.91231e-05  0.00138734
193.81  334.485  0.00855267  -0.000454354  0.000982271
218.579  345.336  0.00377551  -0.000226834  0.000460685
219.154  334.262  0.00316439  -0.000156772  0.000827731
210.176  335.551  0.00579005  0.000183837  0.00103675
213.663  347.23  0.00345429  8.42235e-05  0.00049312
214.677  318.79  0.00320467  0.00115434  0.00575972
214.935  321.574  0.00303366  0.000742892  0.00372873
216.661  331.688  0.00242482  0.000244393  0.00125895
222.742  330.5  0.00138397  0.000248241  0.00125435
231.368  339.761  0.00075214  0.000119327  0.000604918
175.429  330.234  0.00151314  0.000223663  0.00162067
184.993  336.567  0.00432866  0.000106776  0.00089008
193.144  333.616  0.00524561  0.000245762  0.000676067
223.853  312.241  0.000494501  0.000397555  0.00261084
172.283  327.37  0.0102037  0.000456108  0.00124401
168.689  333.336  0.00528432  0.000262986  0.000838724
200.225  325.986  0.00184152  0.000392295  0.00312224
203.043  330.942  0.00218666  5.61688e-05  0.00174327
200.821  336.793  0.00162626  4.40498e-06  0.00111732
210.163  336.056  0.00480347  -0.000448217  0.00108879
207.717  336.237  0.00335372  -0.000400939  0.000819949
202.551  328.381  0.00465015  -0.000446875  0.00239648
237.244  336.263  0.00196387  -0.000335975  0.000737792
438.268  325.501  0.000756048  0.000846581  0.00481489
438.71  315.977  0.000630949  0.000360106  0.0016102
412.267  291.429  0.00193113  -5.16074e-05  0.00112192
405.753  293.666  0.00116339  -0.000202437  0.00148551
385.245  286.591  0.000392776  -0.000210842  0.00117483
296.494  286.041  0.000355756  6.27987e-05  0.000388581
324.572  288.699  0.0040352  -0.000151524  0.000560534
492.027  283.817  0.00361495  -0.000221821  0.00261111
495.191  281.788  0.00237571  -1.68895e-05  0.00223435
495.805  278.048  0.00202419  -8.88661e-05  0.00160423
486.141  259.52  0.00366893  -0.00073448  0.000601623
484.458  285.73  0.00621477  0.000847947  0.00247795
505.573  317.617  0.0078379  -0.000396605  0.00257812
503.227  311.172  0.0114779  -0.000882422  0.00141298
524.183  305.382  0.00187981  0.00175243  0.00518196
527.292  308.782  0.00629398  0.000657001  0.00274017
535.05  298.178  0.00331342  0.00331383  0.0087403
520.454  311.223  0.00659126  -0.000346702  0.00313903
321.042  288.505  0.0014915  0.000145635  0.000528394
317.784  307.964  0.00195035  0.000491362  0.0016399
321.556  309.485  0.0013965  0.000389154  0.001324
313.735  305.523  0.00932114  -0.00222006  0.00216381
322.761  283.078  0.00135519  -0.000291965  0.000503371
316.145  306.449  0.00620853  -0.00111433  0.00239372
317.203  302.057  0.00445558  -0.000339601  0.00342284
325.515  307.311  0.00196069  -0.000126867  0.00158989
319.689  306.486  0.00769704  0.000155307  0.00180282
201.441  338.588  0.00581608  -0.000370464  0.00100228
222.019  319.156  0.000850609  0.000804012  0.00429509
174.118  337.502  0.00326346  -0.000184049  0.00095857
186.73  322.587  0.0069334  -0.00164052  0.00370673
211.823  333.993  0.000767778  -0.000110604  0.000888705
228.043  339.341  0.000367152  -3.28773e-05  0.000559667
191.826  333.369  0.00502023  -0.00141208  0.00114752
190.795  319.606  0.00324684  -0.00067413  0.00229006
221.497  318.866  0.000392592  9.82579e-05  0.00144054
172.804  304.331  0.00135094  0.000346689  0.0081914
166.746  304.511  0.00239607  0.000427475  0.00819764
214.414  325.295  0.00314437  -0.000224934  0.00169703
185.165  423.376  0.000996329  0.000614996  0.00299423
514.821  314.708  0.00651738  0.00137582  0.00244803
513.076  313.884  0.00279607  0.000928434  0.00290268
459.412  291.424  0.00147568  0.00112552  0.00278663
467.647  288.154  0.00101958  0.0010549  0.002705
425.779  306.493  0.00491324  0.00116612  0.00395503
424.174  303.021  0.00392091  0.000641528  0.00238926
395.672  309.853  0.000633889  0.000579236  0.00164793
473.464  314.01  0.000657175  0.000236662  0.00216874
434.466  326.613  0.00101724  0.00076919  0.00522421
421.817  323.11  0.000498029  0.000371534  0.00252368
482.428  312.43  0.0013021  0.000628113  0.0021817
485.275  303.993  0.00120953  0.000454632  0.00112565
488.586  297.531  0.00106076  0.000368212  0.000773888
186.489  275.273  0.00116114  0.000549432  0.00246477
177.349  276.214  0.00239251  0.000413562  0.00215015
176.62  250.198  0.00217259  -8.56192e-06  0.000387034
196.276  279.904  0.000563123  2.93815e-05  0.00447951
199.832  277.86  0.000467271  2.01939e-05  0.0033817
201.76  273.651  0.000422203  6.09076e-06  0.00208188
192.812  250.962  0.000631503  -2.42492e-05  0.000441843
192.735  276.507  0.000446605  6.96919e-05  0.0028242
162.893  265.176  0.00621872  0.000492842  0.00101175
166.292  264.013  0.00371142  0.000298128  0.000924157
181.162  254.987  0.000952264  8.02652e-05  0.000539753
175.298  250.08  0.00155471  0.00012539  0.000427636
310.762  312.078  0.00219018  0.000317243  0.00282724
309.645  296.379  0.002096  -5.52183e-06  0.000747783
298.041  285.474  0.000858727  1.02975e-05  0.000385915
307.774  306.95  0.00481415  6.56181e-06  0.00159372
295.373  285.419  0.00135694  -9.28746e-06  0.000378584
311.146  305.788  0.00164418  -1.9697e-05  0.00153527
315.396  305.591  0.00261158  0.000161796  0.00225265
311.091  306.546  0.00172338  0.000309865  0.00226082
304.04  317.529  0.000877511  0.00012372  0.00102133
322.493  283.873  0.000612421  -3.35812e-05  0.000339331
473.153  278.219  0.00255006  0.000902628  0.00887455
468.664  278.561  0.00169709  0.00106707  0.00936148
346.908  266.776  0.00209804  -9.73533e-05  0.00336481
380.52  268.071  0.00148139  0.000679338  0.00762382
377.882  252.98  0.000836901  6.7559e-07  0.00122491
373.349  242  0.000698127  -4.67407e-05  0.000590647
373.889  238.986  0.000416884  1.28091e-05  0.000495817
391.227  262.044  0.00121885  0.000122055  0.00353064
392.328  257  0.00102472  -2.29879e-06  0.00201813
387.72  252.486  0.0013381  -0.00014813  0.0013209
396.677  260.332  0.00733671  -0.000456231  0.00309262
397.391  256.63  0.00598098  -0.000420565  0.00207539
397.309  251.945  0.00556072  -0.00045157  0.00137459
396.305  243.336  0.00563269  -0.000524539  0.000777229
396.699  263.914  0.00457321  0.000109707  0.00500987
397.463  257.231  0.00371776  -0.000118172  0.00216981
396.617  250.513  0.00381585  -0.000233486  0.00119744
423.491  225.321  0.000416632  -2.61394e-06  0.000340703
405.205  239.594  0.0027944  -0.000140446  0.000622119
390.975  248.867  0.000975661  -0.000182538  0.0005753
346.803  265.883  0.00213529  -0.000180012  0.00137687
347.342  281.504  0.00200385  0.00166327  0.00971097
357.99  279.089  0.00147977  0.00181545  0.00923202
390.611  264.725  0.00106566  0.0004834  0.00278881
391.181  257.674  0.000927356  0.000203038  0.00140194
386.38  250.673  0.00119601  4.5931e-05  0.000791155
384.114  243.146  0.00133205  -2.75638e-05  0.000510405
515.813  312.579  0.00140491  0.000841301  0.00307911
519.433  316.133  0.00138939  0.000294597  0.00187415
517.871  275.793  0.00450345  0.00106834  0.00204245
516.337  270.545  0.00342971  0.000682984  0.00121667
511.866  307.577  0.00252095  0.000207793  0.000420073
256.433  289.972  0.00132534  -0.000145114  0.00792266
310.51  278.442  0.00118415  9.92743e-06  0.004826
534.026  274.221  0.00371185  9.44357e-05  0.00472734
533.206  274.688  0.0024666  0.000202013  0.00445459
505.802  276.159  0.00876456  -0.00167513  0.0029392
522.854  277.396  0.00712032  0.00063696  0.00306951
519.415  273.382  0.013286  -0.000420724  0.00179199
529.923  277.993  0.0024936  0.000134324  0.00298608
178.08  268.465  0.00204139  0.000172711  0.00359719
166.694  262.798  0.0106482  -0.000372057  0.00175457
172.714  261.848  0.00366503  -4.89906e-05  0.00166041
183.221  254.215  0.00121091  1.45573e-05  0.000959385
186.675  244.393  0.000909121  -2.58034e-06  0.000539768
180.476  244.229  0.0014559  -2.96248e-05  0.000523774
151.026  286.032  0.0117662  -0.000528343  0.00159375
189.22  293.361  0.000748033  -0.000937623  0.00380143
172.624  263.894  0.00181341  0.000213685  0.000548378
181.429  255.948  0.00093742  0.000125612  0.000394263
515.634  276.967  0.00902718  0.000573704  0.00209347
520.579  272.559  0.0129594  0.000341519  0.00165174
516.543  282.756  0.00602181  0.00163837  0.00447439
480.035  276.947  0.00132196  0.0012367  0.0095553
489.951  277.85  0.00309869  0.000732982  0.00616589
486.377  278.827  0.00210126  0.00069326  0.00565168
496.817  293.745  0.00819529  -0.000103704  0.00100178
530.05  276.757  0.00141798  0.000358283  0.0034717
515.367  288.356  0.0045176  0.000550129  0.00236277
515.939  295.512  0.00469685  0.000222109  0.00120521
512.705  303.563  0.00294473  0.000133706  0.000735778
518.23  287.128  0.00705239  -1.53066e-05  0.00136092
216.444  273.085  0.0062363  0.00109853  0.00162133
215.248  264.819  0.0042536  0.000717214  0.000884085
209.987  279.532  0.00284047  0.000776254  0.00264683
204.239  281.552  0.00165008  0.000663837  0.00301017
470.392  233.971  0.00038964  -0.000168571  0.00104336
457.611  225.398  0.00067657  -0.000182848  0.000665398
421.477  260.73  0.00280562  0.000722596  0.00257001
725.834  244.825  0.00387495  0.00281779  0.00406592
226.314  231.456  0.00420591  0.000140608  0.00144501
226.219  219.232  0.00433511  -1.07463e-05  0.000623798
224.257  229.371  0.00320818  0.000121798  0.0011831
223.203  218.566  0.0029073  2.23485e-05  0.000582683
218.445  231.468  0.00172285  0.00018224  0.00128498
216.512  220.525  0.00147426  6.72377e-05  0.000606324
213.43  246.319  0.00129014  0.00117855  0.0067566
212.473  242.643  0.00112662  0.000628127  0.00367026
217.349  207.69  0.00162814  1.35929e-05  0.000332304
199.961  246.373  0.00282112  0.000610377  0.00456497
187.201  224.399  0.00100421  2.54111e-05  0.000567337
182.641  222.082  0.000754142  2.93087e-05  0.000482425
180.072  231.697  0.000634783  9.6394e-05  0.000801446
167.637  223.352  0.000359406  5.36081e-05  0.000448427
207.672  226.73  0.003876  -0.000248221  0.000836151
204.725  239.666  0.00235427  0.000157752  0.00220076
201.944  246.832  0.00178104  0.000761322  0.00518752
397.071  265.944  0.0047871  0.000993857  0.00442458
421.824  261.822  0.00161328  0.000692959  0.00224251
272.001  238.191  0.00740918  -0.000745695  0.00198084
270.063  235.698  0.00556161  -0.000552445  0.00153514
407.044  262.48  0.00535363  0.00110236  0.0041595
725.644  239.961  0.000795931  0.000505849  0.00183906
450.122  263.52  0.00198243  -0.000412461  0.00253617
458.333  259.338  0.000944616  -0.000270052  0.00437224
453.125  265.476  0.00155059  -0.000193748  0.00091729
402.19  253.495  0.000554879  0.000137317  0.00225242
188.341  209.838  0.00260728  9.64466e-05  0.00148302
369.554  242.315  0.000651012  0.000531842  0.00192091
189.464  209.886  0.00290766  -6.87289e-05  0.00219612
429.423  226.587  0.00765555  -0.0038183  0.00411602
398.86  219.37  0.000570006  -0.000309093  0.00138128
450.193  214.697  0.000949114  -0.000326127  0.00091656
756.774  219.955  0.0036287  0.000583255  0.00537824
754.352  248.426  0.00440611  0.000475066  0.00301521
240.973  217.777  0.00272798  0.000397007  0.000881471
450.458  212.334  0.00255872  -0.000621077  0.00361241
465.296  200.418  0.000572696  -2.02243e-05  0.00136612
476.124  219.915  0.000666005  0.000613127  0.00439508
454.533  223.648  0.00306824  -0.000645658  0.00462979
450.248  215.487  0.0030673  -0.00118687  0.00219179
473.756  206.342  0.000444061  8.41396e-06  0.00112848
450.528  213.084  0.00090855  -0.000142764  0.00163746
463.768  209.21  0.000414605  -1.26947e-05  0.00128189
269.588  232.725  0.00548676  -0.000648264  0.000852583
273.487  239.547  0.00949917  -0.00191173  0.00177938
759.392  248.775  0.00199709  -4.69815e-05  0.000688854
198.177  231.994  0.00829416  -0.000423806  0.00198846
162.322  243.129  0.000394927  0.000169623  0.00122048
193.896  242.814  0.00350544  -0.000172056  0.000882289
192.069  248.93  0.00261165  -0.000134064  0.000622463
185.837  251.986  0.00138927  -3.43278e-05  0.00055051
166.845  256.505  0.000432683  4.57352e-05  0.000506144
181.813  255.94  0.00099427  -1.25615e-05  0.000465202
218.042  231.582  0.00765954  -0.00051721  0.00156389
248.436  245.39  0.000515155  9.78045e-06  0.000491421
221.487  213.522  0.00343205  0.000168299  0.00592876
469.526  200.182  0.0016487  0.000118558  0.00178021
466.378  197.996  0.0053931  -0.00112955  0.00171988
456.786  200.502  0.00968717  -0.000489127  0.00114956
446.296  221.424  0.00225064  0.00233624  0.012794
445.265  215.808  0.00183137  0.000690753  0.00422215
443.289  212.051  0.00208886  0.000214614  0.00251615
464.873  205.042  0.011494  -0.00196903  0.00231705
458.991  200.583  0.0045055  -0.000687944  0.00132624
447.025  215.749  0.00114278  0.000647625  0.00443255
446.075  212.332  0.00106344  0.00032998  0.00276618
752.659  244.706  0.00237639  0.000194667  0.000935338
251.151  249.517  0.000721549  8.57626e-05  0.000552067
251.712  238.858  0.000700919  0.000216429  0.00105466
252.512  229.697  0.000731065  0.000541344  0.00232903
250.627  248.118  0.00115588  3.64686e-05  0.000606788
253.972  225.492  0.000995845  0.00085863  0.00372307
216.789  229.803  0.00205212  -0.00240493  0.00938616
224.722  233.764  0.00371582  -0.00169574  0.00636413
224.686  242.569  0.00331901  -0.000588375  0.00198081
228.362  252.205  0.00527037  -0.000388247  0.000962019
220.433  251.231  0.0019852  -0.000279311  0.000894441
207.988  252.524  0.000779126  -0.000191037  0.000676579
255.526  265.991  0.000936456  -0.000247304  0.000629662
224.604  239.265  0.00340635  0.000988095  0.00558131
221.975  237.933  0.00251101  0.000741771  0.0041832
260.79  199.222  0.000467784  2.92615e-05  0.000394006
247.977  197.515  0.000946853  -3.18744e-05  0.000335435
403.378  235.192  0.00387796  0.00110577  0.00357139
408.513  230.8  0.00220632  0.000864947  0.00263327
399.991  229.562  0.00542103  0.000247777  0.00168259
408.814  223.38  0.00187293  0.000369837  0.00130612
414.938  219.251  0.00116387  0.000355489  0.00113209
419.341  230.486  0.00267688  0.00131892  0.00436781
414.003  231.198  0.00445776  0.000738121  0.00367924
409.627  227.047  0.00752082  -0.000450053  0.00202853
417.406  221.437  0.00236842  0.000209352  0.00150418
203.567  190.457  0.00362912  -0.000497752  0.00601591
213.415  190.56  0.00141321  -0.000613647  0.0044853
207.023  174.658  0.00320124  0.000383851  0.00110664
456.03  202.581  0.00800721  -0.000234175  0.00283411
468.287  202.129  0.00189313  0.000332315  0.00318368
457.924  203.491  0.00193318  6.89726e-05  0.0032724
470.348  199.267  0.00991792  -0.0010171  0.00251293
465.548  202.243  0.00751993  -0.00137822  0.00350731
776.69  168.938  0.00340759  -0.000132913  0.00106152
462.597  204.012  0.000424676  2.4455e-05  0.000800418
417.793  228.56  0.00175615  0.00110897  0.00306845
417.671  223.78  0.00156357  0.000630699  0.00181231
209.619  170.228  0.00258323  0.00019034  0.00240427
211.179  211.514  0.00187251  9.14692e-05  0.000694421
261.895  218.656  0.000862508  4.77945e-05  0.000376027
196.921  194.048  0.0100441  0.0007122  0.00170376
250.77  182.613  0.000626261  -0.000622014  0.00265969
264.465  186.487  0.000416239  -0.000421753  0.00172439
274.485  188.415  0.000308883  -0.000303171  0.00133062
198.328  192.005  0.00757827  0.00156308  0.00154031
205.521  194.302  0.00249892  0.000599609  0.00108061
182.135  167.775  0.00847167  -0.000374591  0.00265802
197.329  186.241  0.0118174  0.00228709  0.00197697
205.689  177.278  0.00357564  0.00101287  0.00409714
214.044  177.463  0.00255133  0.000782217  0.00504024
204.797  179.858  0.00116161  0.000661768  0.00432112
212.134  196.476  0.00204213  0.000139264  0.00080656
209.849  208.431  0.00165003  7.88629e-05  0.00042852
215.485  212.698  0.00299718  7.74341e-05  0.000342024
243.277  188.49  0.00609284  0.000204608  0.00108052
248.229  187.693  0.00297089  0.000178782  0.00108833
252.673  188.415  0.00184032  0.000154734  0.000986738
264.372  188.93  0.000761721  0.000126344  0.000851107
210.358  177.683  0.0017082  0.000344976  0.00354424
243.516  176.655  0.00596899  0.000311061  0.00165748
249.883  177.149  0.00249189  0.000248814  0.00145148
274.59  208.935  0.000932987  -4.37264e-05  0.000425418
304.239  190.77  0.0132729  -0.00013073  0.00174352
264.231  210.404  0.000352269  -4.33168e-05  0.000376256
299.928  172.963  0.00539031  0.000325546  0.00208257
265.262  199.94  0.000370399  6.63821e-05  0.000455734
295.628  173.623  0.00294506  0.00023145  0.00154604
284.772  167.727  0.000725505  0.000606495  0.00544862
297.308  181.692  0.001128  -0.000135637  0.00108793
511.72  142.471  0.00077323  -0.000344638  0.00226706
523.48  133.197  0.000366365  -0.000158105  0.000977718
512.482  143.113  0.00139676  0.000221677  0.00243658
531.903  135.527  0.000464078  5.69025e-05  0.00111181
691.02  170.096  0.000572015  0.000106306  0.000798696
694.938  182.926  0.000684731  4.12588e-05  0.000391967
335.745  120.065  0.00384909  0.00194997  0.0058978
460.973  151.931  0.0017016  -0.000566044  0.00138608
467.698  155.391  0.00315086  -0.000975999  0.00125405
463.678  160.673  0.00172338  -0.000542124  0.000836832
469.329  162.995  0.0029259  -0.000889831  0.000864598
499.652  164.849  0.0029142  0.000734009  0.00112857
508.699  153.576  0.00153431  0.000386451  0.00263975
491.597  126.188  0.0018772  -7.20747e-06  0.00815714
648.095  103.273  0.00252941  -0.000345549  0.00051931
531.625  151.736  0.00207491  6.80318e-05  0.00139186
457.575  115.216  0.00183436  -0.000143116  0.00610091
446.651  111.982  0.000379741  -0.000354881  0.00266068
625.804  142.589  0.00636088  -0.000892117  0.00175091
626.853  143.982  0.00828544  7.09965e-05  0.00207672
334.449  111.572  0.0024266  0.000280465  0.00375554
658.258  119.879  0.00131772  0.000162692  0.00200519
647.671  106.392  0.00283143  -0.000346918  0.000702306
652.396  125.502  0.0056093  0.00090684  0.00357362
448.447  112.341  0.000883032  -0.000323275  0.00719606
464.614  115.203  0.00416393  0.000152048  0.00517282
681.823  79.6391  0.000535683  -0.00022186  0.0006936
612.733  109.502  0.00222518  2.88808e-05  0.000931582
459.75  113.182  0.00222273  0.000427923  0.00320608
491.673  105.468  0.00530885  0.00102798  0.00313886
508.368  103.295  0.00102528  0.000583384  0.00321819
600.884  88.8861  0.00163914  0.000915245  0.00329956
311.557  595.959  0.000820623  8.16823e-05  0.00059491
215.57  588.503  0.00171976  -5.52656e-06  0.000652109
208.701  588.539  0.000995172  3.85455e-05  0.000606378
201.726  590.394  0.000644061  6.7348e-05  0.000625074
418.325  558.033  0.00169252  0.000286484  0.0032201
404.59  577.189  0.00105559  0.000677681  0.00168691
130.294  608.93  0.000879141  0.000859954  0.00474419
146.787  569.266  0.00123107  0.000699079  0.000665329
134.827  614.815  0.00152169  0.000145561  0.00413711
106.495  608.609  0.00155229  -0.00187943  0.0054255
81.216  580.417  0.000313382  -0.000276284  0.000852254
578.612  533.987  0.00114188  -0.0012086  0.00239177
574.74  540.418  0.0033091  -0.00299917  0.00463183
376.135  505.949  0.000302174  0.000116577  0.00101524
421.397  554.59  0.000986968  0.000447483  0.000814844
442.5  535.439  0.00172362  -0.00131934  0.00305599
354.529  537.603  0.000320519  0.000258968  0.000933229
350.269  546.317  0.000353861  0.000279172  0.000672064
358.11  535.678  0.000855183  -0.000180189  0.00112327
361.763  546.867  0.000745922  -0.000133831  0.000569136
371.519  528.736  0.000399734  -0.00017945  0.00220063
360.941  442.394  0.00162324  0.000113804  0.000567214
384.945  438.525  0.0003753  3.71303e-05  0.000479616
394.453  433.773  0.000260008  2.74891e-05  0.00038914
407.072  432.399  0.000172543  2.17866e-05  0.000372413
360.439  432.604  0.000260348  -3.50498e-06  0.000417138
348.862  407.98  0.000171733  1.46133e-06  0.000172117
361.054  532.481  0.000708464  2.14683e-05  0.00072
373.331  529.601  0.000384487  7.23038e-05  0.000752101
451.367  451.568  0.00043072  1.2916e-05  0.000783955
453.903  447.345  0.000396038  3.76555e-05  0.00126003
396.516  405.142  0.00025688  2.7775e-05  0.000247639
398.03  438.623  0.00047816  0.000531679  0.0019396
319.965  451.267  0.000465845  0.000269953  0.00391061
552.51  465.61  0.000272208  -7.93138e-05  0.000577044
562.031  501.35  0.000296714  -2.66976e-05  0.000254897
569.821  499.616  0.000222488  -1.63237e-05  0.000213941
505.422  464.985  0.00317643  0.00197399  0.00265569
516.156  460.875  0.00136751  0.000937283  0.00262624
426.061  460.008  0.00558695  0.00036823  0.000784262
462.7  482.053  0.000325491  4.80455e-05  0.000222793
362.254  441.764  0.00145213  5.55893e-05  0.000389485
387.562  431.293  0.000342906  1.55091e-06  0.000237265
377.935  378.909  0.00121576  0.000596889  0.000539021
364.696  449.235  0.00118107  0.000369632  0.002716
367.013  495.975  0.000806457  6.90465e-05  0.000194491
379.026  452.139  0.000495942  0.000216835  0.00169842
402.169  436.506  0.000598774  0.000473918  0.00233913
418.95  431.911  0.00031948  0.000366033  0.00194017
398.459  436.775  0.00317782  0.00143662  0.00260045
389.533  437.892  0.0013771  0.000809326  0.00230347
375.99  445.307  0.000738629  0.000888582  0.00409856
372.084  441.995  0.000548159  0.000573026  0.00249727
273.71  469.338  0.000676833  0.000651698  0.00201469
383.252  483.476  0.0010952  0.000201819  0.000303054
399.432  453.734  0.000549363  0.0002193  0.0012325
752.315  426.462  0.00146785  0.000696119  0.00335247
750.816  431.232  0.00184061  0.00140266  0.00311849
772.42  470.225  0.00227912  0.000400193  0.000515993
427.253  466.432  0.00149474  0.000585152  0.000702389
440.922  458.617  0.000695217  0.0003419  0.000811749
450.064  449.685  0.00051617  0.000353397  0.00129509
507.678  432.152  0.000981092  -0.000665856  0.00145826
191.137  375.817  0.000767644  0.000153119  0.000690584
737.368  439.525  0.000322466  -0.000189013  0.000546921
762.349  452.607  0.00091551  -0.000179235  0.000428017
291.256  364.454  0.000378354  -5.76162e-05  0.00040779
295.569  442.005  0.000425446  -0.000104115  0.000717475
299.509  432.318  0.000344174  -0.000146978  0.00145605
249.977  416.63  0.000242761  -0.000229526  0.00141065
363.789  410.195  0.00515462  -9.1271e-05  0.00112471
725.539  416.001  0.00161172  0.00148138  0.00369053
363.33  396.426  0.000785304  5.18162e-06  0.000612957
365.93  420.822  0.000856264  9.2965e-05  0.000546985
371.104  407.072  0.00181606  0.00022087  0.00118563
371.162  346.362  0.00273066  -0.00214552  0.00266557
363.578  344.375  0.00149474  -0.00126729  0.00200085
364.284  417.157  0.000186388  0.000202611  0.000759862
364.784  419.32  0.000143133  0.000137195  0.000672193
202.038  336.622  0.0027085  -6.32957e-05  0.000800445
219.68  310.69  0.000601092  -3.73384e-06  0.000259518
223.621  302.455  0.000704238  -6.6979e-05  0.000209975
184.996  333.364  0.00358968  -0.000365954  0.000630259
202.42  329.45  0.000591362  1.92323e-05  0.00052974
185.076  328.783  0.00209218  -0.000109288  0.000469825
193.839  328.042  0.000992766  -2.05691e-05  0.000470731
210.226  335.487  0.000842769  0.000134494  0.000786728
223.679  304.651  0.000430949  4.52882e-05  0.000213405
201.956  327.593  0.00412481  -0.000338586  0.000516039
195.528  330.91  0.0031197  -0.000128725  0.000555112
193.331  370.64  0.000933694  -0.000431331  0.00216342
190.394  532.263  0.0011998  -0.00108344  0.00236338
196.527  533.399  0.00187556  -0.00156011  0.00266494
460.225  413.993  0.00125057  -0.000300893  0.00051397
432.158  341.655  0.00046756  0.000107105  0.000327459
447.335  385.425  0.00130923  4.92504e-05  0.000445272
428.21  394.402  0.000417335  2.23087e-05  0.00031111
419.782  401.481  0.00029465  1.66156e-05  0.000241794
436.875  376.854  0.000420062  -1.54466e-05  0.00072334
711.368  329.628  0.00118379  3.91284e-05  0.000158328
442.779  327.615  0.000825838  0.000235471  0.00310192
441.465  318.018  0.000195009  0.000146065  0.000997064
492.922  315.605  0.00261483  0.000685385  0.00182068
418.401  285.689  0.00172128  0.000584563  0.000637928
405.82  309.26  0.00126193  0.000189695  0.00234348
387.044  286.349  0.000292228  4.43921e-05  0.00053904
408.224  299.855  0.00113834  0.000519996  0.00175479
404.006  305.173  0.000971409  0.000525727  0.00281585
385.517  292.829  0.000297867  0.00016209  0.000877656
418.608  295.925  0.00181113  -0.000288598  0.00128942
378.055  292.151  0.000216733  6.23139e-06  0.000786541
181.381  338.078  0.00352241  -0.000126323  0.00127287
180.672  334.243  0.0037057  -0.000235292  0.000698541
188.474  335.141  0.00158435  -7.12926e-05  0.000626232
180.863  337.288  0.00381057  -0.000437919  0.00143589
179.027  323.554  0.00399045  -0.000503313  0.00155015
178.348  327.493  0.00334015  -0.000434657  0.00114919
171.379  331.321  0.00271523  -1.08432e-05  0.00166084
192.64  338.112  0.00430591  -0.000524402  0.00122261
193.383  332.868  0.00345755  -0.000471748  0.000766984
201.934  338.895  0.00218017  -8.67465e-05  0.000691123
207.881  340.347  0.00128356  -2.13807e-05  0.000600009
208.254  319.17  0.00114684  0.000411921  0.00333955
189.439  335.514  0.00327628  -0.000217156  0.00147123
188.324  323.832  0.00339083  -0.000289373  0.00137035
185.1  330.619  0.00211856  -0.000180979  0.00085417
190.663  331.486  0.00411534  -0.000427349  0.000815056
232.713  323.656  0.000956693  5.01912e-05  0.000790061
179.559  324.264  0.00208099  -0.000105385  0.0013845
212.288  332.611  0.0051829  -0.000441116  0.000650662
215.096  336.8  0.003659  -0.000301888  0.000504204
232.507  315.167  0.000723761  0.000228988  0.00145856
189.71  326.232  0.0025003  2.99809e-05  0.00108695
418.399  281.127  0.00147397  0.000556754  0.000902164
389.249  281.639  0.000290156  0.000119423  0.000740604
196.779  331.555  0.00233551  -5.54147e-05  0.00191815
199.535  324.865  0.00356355  -0.000340736  0.00118086
196.536  328.84  0.00233764  -0.000212105  0.000901701
386.739  290.475  0.000691843  0.0004549  0.00391635
395.411  288.952  0.000456527  0.000399666  0.00357965
381.956  247.471  0.00116943  0.000131863  0.000246246
253.604  316.459  0.00190292  -7.76649e-05  0.000225686
250.682  333.838  0.00151096  0.000174276  0.000261287
323.319  277.968  0.000261488  -1.77949e-05  0.000344574
303.488  371.848  0.000500141  0.00033863  0.000595356
308.878  375.852  0.000352086  0.000243774  0.000465585
311.993  296.634  0.00565674  0.000872813  0.000900226
350.034  267.62  0.00252184  -0.000120872  0.000320069
368.776  258.758  0.000584014  -4.05706e-05  0.000216613
174.422  272.954  0.000719436  -0.000176713  0.00377472
382.181  302.417  0.000823377  -0.000143813  0.00247106
393.315  243.34  0.00044725  -0.000119898  0.00041914
415.086  236.178  0.000185676  -5.73095e-05  0.000288207
394.857  272.754  0.00164811  -0.000453282  0.00351138
429.979  238.917  0.000208163  -4.79574e-05  0.000303307
503.504  335.46  0.00117817  -6.3725e-05  0.000198935
515.546  333.048  0.000548307  -6.40354e-06  0.000191546
380.015  265.86  0.001096  0.000182765  0.00430937
414.252  232.468  0.000190422  1.03575e-05  0.000431412
425.932  234.811  0.000239208  2.7247e-05  0.000510746
385.813  258.817  0.00217772  -0.000151221  0.00202684
170.73  273.651  0.000933091  -0.000357105  0.00337839
241.275  304.902  0.000146875  -8.68514e-05  0.000334646
313.594  281.629  0.000872559  9.78319e-05  0.0027059
303.336  294.523  0.00321294  -0.000356975  0.000714647
413.384  240.821  0.00448012  -0.00128127  0.00127124
414.271  253.251  0.00236658  -0.000249118  0.00266543
416.979  228.373  0.00129131  -0.000175591  0.000471903
283.597  203.346  0.00022287  -4.79646e-05  0.000215829
235.949  209.308  0.00130159  0.000277569  0.000462393
233.769  218.573  0.00122142  0.000336406  0.000720458
269.286  253.638  0.00406175  0.000537704  0.000555813
280.222  274.968  0.00104176  0.00014379  0.00021989
330.966  236.677  0.000189217  6.39226e-05  0.00102976
312.388  199.832  0.000786115  -1.57998e-05  0.000347401
756.68  247.912  0.00145148  1.43438e-05  0.000602398
471.098  202.67  0.00088574  0.000380688  0.00187689
453.401  260.667  0.00326875  0.000106965  0.000402988
455.774  251.802  0.0025577  6.71049e-05  0.000629478
203.229  247.454  0.000212629  -0.000207118  0.00115208
197.403  223.871  0.000764447  -0.000428012  0.006196
424.848  241.071  0.00125061  -0.000520572  0.000451569
513.878  206.848  0.000488278  -0.000133859  0.000967542
266.628  136.286  0.000426642  0.000540243  0.00166126
677.858  197.417  0.00372853  -0.00033455  0.000521075
513.77  131.83  0.000230675  -2.61208e-06  0.000703315
512.095  134.58  0.000247557  -5.28328e-05  0.000419635
690.031  117.756  0.000277521  0.000203571  0.00178411
610.913  100.866  0.00213801  -3.24885e-05  0.00165008
605.799  101.033  0.00135385  -0.000128083  0.00178526
592.498  103.265  0.000614757  -0.000340097  0.00275224
656.001  121.72  0.00168356  0.000143751  0.00256241
617.086  111.572  0.00537141  0.000682881  0.00116617
442.444  538.452  0.000126504  -8.15373e-06  0.000540394
337.013  541.562  0.000717594  -0.000261508  0.000614516
519.564  581.713  0.000848163  -0.000445989  0.000826694
341.082  519.278  0.000107574  -1.36983e-05  0.000209876
363.1  386.788  0.000820314  -5.25306e-05  0.000161492
306.335  362.412  0.000254683  3.47187e-05  0.000126865
460.717  436.238  0.000587444  0.000711218  0.00248316
399.497  481.496  0.000258574  0.000174707  0.000415011
257.808  305.904  0.000116124  2.83769e-05  9.03196e-05
655.661  419.638  8.78247e-05  -5.5154e-05  0.000473136
710.966  363.646  0.000453868  -0.000239264  0.000262923
271.442  312.438  0.000631538  -0.000122838  0.000110863
323.588  359.429  0.000105941  -5.592e-05  0.000269823
269.929  454.845  0.000403973  2.95336e-05  0.000280316
714.855  402.263  0.000503321  3.15882e-05  0.000591836
443.366  443.035  0.000205568  -5.42282e-05  0.000272595
373.614  402.409  0.00132451  -2.12295e-05  0.000918206
369.189  454.772  0.000366243  7.98472e-05  0.00154687
376.561  416.386  0.00114202  -0.000148228  0.000721153
376.514  417.381  0.00115438  -0.000139215  0.000390075
368.055  420.039  0.000991685  -0.000109274  0.000330984
550.041  438.501  0.00021458  -0.00013779  0.000360407
630.105  455.825  7.4442e-05  3.8073e-06  0.000142384
709.487  391.294  0.000493202  0.000428615  0.00188758
203.298  323.926  0.000728493  -0.000101873  0.000209652
303.276  342.788  9.49028e-05  -3.06736e-05  0.000210427
268.977  309.219  0.000241347  9.58188e-07  0.000101588
216.727  318.6  0.000850589  0.000162762  0.000204555
230.486  304.969  0.000467295  8.60777e-05  0.000130226
265.992  307.446  0.000134865  1.23906e-05  0.000104118
255.038  309.798  0.000123234  3.3349e-05  0.000129023
209.746  316.914  0.000588788  6.50956e-05  0.000125912
285.212  359.019  0.000488015  3.4842e-05  0.000523446
322.444  343.553  0.000437225  -0.000173749  0.00283093
330.6  278.169  0.000247972  -2.62466e-05  0.000117258
344.438  276.793  0.00015935  -1.86031e-05  0.000111103
137.621  411.938  0.000129045  4.28424e-05  0.000340003
137.216  390.364  0.000213617  0.000178127  0.000351931
524.422  355.007  0.000612782  0.000418496  0.000957432
417.557  386.3  0.000184482  -6.59907e-05  0.00047211
197.885  323.509  0.000488735  -7.8283e-05  0.000123264
197.956  364.798  0.00035569  -4.23413e-05  0.00042471
194.377  520.266  0.000773504  0.000427326  0.000908343
536.178  350.51  0.000488992  -3.62073e-05  0.00166901
492.549  300.252  0.00229104  7.67206e-05  0.000456333
434.905  312.836  0.000197795  9.77032e-05  0.000234098
498.912  321.402  0.00155012  -0.000398137  0.000531774
430.482  321.548  0.000404974  -0.000131638  0.00127349
377.98  247.082  0.000838364  -7.1597e-05  0.00022409
428.633  244.258  0.000118684  -1.70746e-05  0.000187073
196.285  392.006  0.000470329  -3.3171e-05  0.000110965
182.83  394.477  0.000433744  0.000114116  0.000128342
197.033  372.929  0.000535971  -2.49974e-05  0.000630354
220.863  339.674  0.000551922  0.000306222  0.00082603
194.914  328.552  0.0010259  4.41774e-05  0.000845359
201.939  328.536  0.00180995  -3.87026e-05  0.000793253
391.391  299.429  0.000486771  -3.72053e-05  0.00166124
305.552  316.627  0.000719677  0.000661179  0.00130316
303.705  297.501  0.000359364  -0.000108226  0.000722168
521.546  341.821  0.000387372  -9.14996e-06  0.000108906
393.999  241.684  0.000354268  -1.35781e-05  0.000426204
411.833  236.108  0.000185226  -7.34624e-06  0.00033321
308.113  315.505  0.00137986  0.000558337  0.00129033
314.82  289.152  0.000997581  -7.36868e-05  0.000576383
176.536  264.619  0.000595527  -0.000179068  0.000727897
181.584  252.82  0.000357516  -0.000108605  0.0004308
230.578  282.427  0.000921431  0.000805211  0.00192592
242.322  280.084  0.000825341  0.000232911  0.00158857
250.699  314.733  0.000197517  -3.61842e-05  0.000354474
415.653  227.38  0.000821379  -1.71619e-05  0.000471181
408.947  228.062  0.00259702  -0.000679335  0.000651759
410.07  236.693  0.00170681  -0.000448738  0.000891795
234.792  276.195  0.00051417  6.20732e-05  0.00166476
217.13  283.927  0.000311428  0.00027436  0.00131328
259.208  315  0.000173869  -0.000129259  0.000369422
472.852  253.706  0.000601927  0.000492875  0.00198722
476.11  213.764  0.000538379  -0.000343581  0.00298535
209.708  276.711  0.000152582  -0.000104934  0.000621983
217.469  178.885  0.000683723  -0.000370114  0.00042039
327.474  236.441  0.000209338  -7.40924e-05  0.000827837
363.375  297.257  9.04424e-05  -1.35353e-05  9.94907e-05
225.28  247.763  0.000486454  -0.000127784  0.000412881
327.923  181.468  0.000204712  -6.8929e-05  0.000122549
327.931  239.225  0.000373981  -0.000153441  0.000725678
366.477  297.477  0.000168645  -5.4024e-05  0.000112122
219.133  268.072  0.000166452  -8.5969e-05  0.000195452
242.673  279.594  0.000316495  -0.000121375  0.000177363
263.897  183.91  0.00012161  -1.98272e-05  0.000136078
413.093  253.121  0.000882449  8.10191e-05  0.000207127
452.727  205.079  0.00148511  0.000538328  0.000779625
465.218  197.451  0.00176625  0.000821089  0.00103064
362.222  236.829  0.00328467  -5.70489e-05  0.000489543
465.548  227.227  0.000519968  -3.36202e-05  0.000579622
409.103  247.468  0.00165058  -0.000348212  0.000345519
346.982  271.173  0.00010212  3.23861e-06  0.000168841
396.881  238.524  0.000394357  -1.26074e-05  0.00040715
389.999  248.942  0.000274762  -9.52831e-06  0.000279218
410.198  253.487  0.000651621  -9.46788e-05  0.000230466
378.229  258.528  0.000176099  -4.72507e-07  0.000212701
357.973  261.484  0.000105334  1.38814e-05  0.000212061
544.634  350.949  0.000889329  -0.000100043  0.00012613
502.972  131.348  0.000340454  -9.13406e-05  0.000578115
492.276  207.544  0.000321955  0.000252991  0.000867726
427.504  142.286  0.000747985  -0.000524646  0.00116554
363.865  137.611  9.13738e-05  -6.04482e-05  0.000629274
506.164  133.87  0.000301326  -0.000103742  0.00090102
486.466  192.572  0.000228257  0.000182792  0.00138015
714.958  173.173  0.00240577  -0.000177946  0.000449017
471.386  211.359  0.000168827  0.000143365  0.000303772
409.675  124.778  0.000523375  -0.000197384  0.0029446
404.069  125.277  0.000372232  -0.000159566  0.00248603
