1.0
919
567.679  596.461  0.00940995  -0.00324837  0.00374706
327.751  583.305  0.000730454  -0.000445767  0.00141021
335.398  588.941  0.000880199  -0.000224705  0.00173655
343.025  600.711  0.00185994  0.00171909  0.003931
343.293  589.347  0.0011344  -9.11679e-05  0.00221853
331.557  587.215  0.000596285  -4.14976e-05  0.00115397
341.906  597.232  0.00121833  0.000975921  0.00252524
294.684  578.1  0.004586  -0.00173829  0.0023762
291.596  579.571  0.00297725  -0.000820684  0.00171477
289.581  581.001  0.00324799  -0.0029828  0.00571008
282.915  589.532  0.00130586  -5.63469e-05  0.00209471
295.504  578.568  0.00268077  -0.000540322  0.00178681
304.233  564.542  0.000994759  0.000156293  0.000849849
228.427  565.073  0.00377156  0.00349688  0.00559412
234.911  562.765  0.00247588  0.00228561  0.0036712
546.001  585.391  0.00817583  -0.00264497  0.00357236
278.033  567.749  0.00364683  -0.00129859  0.00181157
268.506  553.165  0.00282149  -0.00127613  0.00108762
262.878  573.58  0.00093893  3.78922e-05  0.000896967
253.065  561.897  0.000674583  -0.000127672  0.00046527
279.37  565.199  0.00198161  -0.000617283  0.00141564
262.781  570.061  0.000666016  4.63325e-05  0.000748334
283.958  585.252  0.00429413  0.00447513  0.00919049
298.171  576.983  0.00457497  0.00438844  0.00963069
417.822  559.342  0.0015446  0.00130887  0.001846
416.515  559.713  0.00101048  0.00074551  0.00129332
403.228  589.732  0.000659308  5.64543e-05  0.000639487
460.413  593.938  0.00257639  -0.0034252  0.0123951
462.755  593.229  0.00201582  -0.00254418  0.00914806
466.658  590.064  0.0012935  -0.00126132  0.00436598
413.509  587.965  0.00158197  -0.000772533  0.00110621
217.736  562.527  0.00698042  0.00416792  0.00560824
222.596  560.285  0.004678  0.00318459  0.00414082
228.338  561.14  0.00255516  0.00154445  0.00207124
433.18  558.741  0.00632407  0.00472992  0.00608461
423.704  554.846  0.00176996  0.000408351  0.00239684
457.523  598.73  0.0077239  -0.00240414  0.00320185
447.643  577.442  0.00751299  -0.0028853  0.00255112
275.134  579.299  0.00174807  0.000165236  0.00215392
284.771  574.307  0.00581401  -0.0019898  0.00336476
268.385  579.414  0.00140361  0.000782184  0.0027012
489.918  546.303  0.00412582  0.00335143  0.00589687
210.159  541.271  0.00125743  0.000433695  0.00166737
202.647  549.972  0.00305614  -0.00127628  0.00422314
204.987  547.437  0.00219741  -0.0004052  0.00307853
208.832  542.73  0.00147273  0.000174174  0.00209983
205.644  547.096  0.00263081  -0.000527928  0.00293691
199.645  551.421  0.00165923  0.000309736  0.00203211
201.555  556.355  0.00227193  0.00133523  0.00303742
191.196  558.666  0.00125172  0.000758594  0.00167989
223.611  574.674  0.00447648  0.000331032  0.00321682
189.726  559.12  0.00118911  0.000877407  0.00134695
279.728  578.95  0.00126071  0.000176074  0.00183624
289.545  574.051  0.00318196  -0.00100817  0.00258174
280.998  586.723  0.000910793  -5.11935e-05  0.00107446
294.342  581.557  0.00304672  -0.00141719  0.0018334
241.231  531.689  0.000844165  -0.000255491  0.000707408
290.228  579.456  0.00344333  -0.00138076  0.00202715
282.802  583.615  0.00143531  -0.00024329  0.00132871
76.8837  583.676  0.00392951  -0.000788172  0.00125605
76.8416  574.483  0.00388415  2.10749e-05  0.00082192
74.8411  571.626  0.00862331  -0.00274089  0.00373525
212.757  540.266  0.00313289  0.00274276  0.00412164
226.526  566.303  0.00239111  -0.000275979  0.00320034
200.402  549.596  0.00323587  0.00178838  0.00397336
200.263  553.071  0.00444702  0.00359996  0.00570481
317.684  567.432  0.0011252  -0.00133228  0.00297271
323.282  560.678  0.000421481  -0.000436284  0.00139643
312.833  567.847  0.000594746  -0.000603765  0.0019341
67.6084  579.283  0.0026289  -0.000252227  0.00110579
90.2864  547.837  0.00205755  -0.00112007  0.00120536
84.5252  537.439  0.00214217  -0.00066899  0.000970519
75.9731  520.328  0.0048279  0.000642539  0.000957149
65.5657  581.322  0.00210837  5.32956e-05  0.000711486
173.127  526.145  0.00190995  -0.00175292  0.00360577
166.324  525.935  0.00120311  -0.00098646  0.00225045
167.773  547.137  0.00133955  0.00101505  0.00213066
151.073  549.984  0.000621883  0.000423724  0.000997587
183.249  522.759  0.00138981  0.000168647  0.00087139
177.383  542.267  0.00189053  0.00162924  0.00229906
190.305  524.97  0.00138617  0.000379056  0.00180952
202.771  514.816  0.00102015  0.000751006  0.00143154
176.937  528.953  0.00265001  -0.00158467  0.002971
177.32  516.77  0.00103917  -0.000461578  0.00119884
193.43  500.929  0.000426597  9.42268e-05  0.000552141
177.362  511.881  0.000793291  -0.000323248  0.00092134
168.911  506.03  0.00080128  -0.000509504  0.00089192
186.743  515.878  0.000979143  -0.000143803  0.00114093
197.75  504.344  0.000555479  0.000169978  0.000709844
208.29  549.374  0.00406733  0.00214261  0.00590797
192.163  537.91  0.00536829  0.00407188  0.00739652
158.071  516.912  0.000631934  -0.000284883  0.000659952
163.685  535.29  0.000671783  0.000192966  0.000838293
167.674  540.241  0.000912909  0.00050621  0.00120647
163.087  511.017  0.00103655  -0.000688342  0.00102155
170.65  539.041  0.00142845  0.000899903  0.00306058
160.459  542.132  0.000934594  0.000705562  0.00201211
148.91  544.257  0.00059757  0.000452361  0.00128663
169.014  514.368  0.00134186  -0.000916217  0.0015967
186.258  493.039  0.000306778  -1.04435e-05  0.000458894
191.692  518.407  0.00108899  0.000303359  0.00174036
198.804  509.039  0.000660786  0.000334186  0.00113242
215.339  563.049  0.0030289  -0.00272939  0.00425818
206.501  551.362  0.00283816  -0.000251326  0.00476974
222.834  559.97  0.00126125  -0.000774299  0.0018956
158.471  526.599  0.000555543  2.83023e-05  0.000801956
83.3486  542.612  0.00432517  -0.00240211  0.00230086
424.407  524.962  0.00398925  -0.00399315  0.00668077
431.833  555.282  0.00417878  0.000840152  0.00595504
467.078  556.993  0.00293298  -0.00130044  0.00171566
428.963  529.504  0.00321293  0.000145643  0.000386958
456.133  516.962  0.00318476  -0.00311229  0.00690105
258.276  545.53  0.00173883  -0.000150441  0.00176499
253.816  548.16  0.00124304  0.00014758  0.00156071
268.474  543.277  0.00533205  -0.00259653  0.00291004
264.855  563.59  0.0010612  -0.000392125  0.000725234
308.18  535.358  0.000423654  4.58367e-05  0.00055717
179.687  525.69  0.00217526  0.000499011  0.0046014
174.212  523.062  0.00207767  -0.000645666  0.00341951
174.605  520.02  0.00156875  -0.000457396  0.00260808
164.883  496.271  0.00079151  -0.000546529  0.000965375
210.004  560.69  0.00105113  -0.000508646  0.0014117
220.575  564.439  0.00160511  -0.00121909  0.00174276
217.843  567.159  0.00108831  -0.00074386  0.00125885
164.836  510.003  0.00193483  -0.000280477  0.00214937
156.754  514.451  0.00487724  -0.00356465  0.00516157
166.308  481.251  0.000448139  -1.86049e-05  0.000501992
188.286  534.392  0.00344656  0.00112518  0.00397457
191.094  530.619  0.00332055  0.00199795  0.00391129
211.102  517.715  0.0016282  0.00140222  0.00195579
147.257  526.919  0.00112485  0.000416499  0.00207937
121.659  516.982  0.00039313  -0.000231708  0.00104745
150.263  522.238  0.00103423  0.00049723  0.00127606
128.429  518.651  0.000392204  7.48431e-05  0.000485851
183.451  538.026  0.00302592  0.002019  0.00349668
261.718  549.26  0.00155635  -6.0426e-05  0.00103715
270.37  547.845  0.00353451  -0.000961624  0.00120735
264.301  555.912  0.00145114  -0.000228631  0.000727109
273.098  539.848  0.000818559  -9.90637e-05  0.00191134
239.095  496.577  0.00181257  -0.00173086  0.00340107
314.316  570.033  0.000454314  -0.00038975  0.00141818
752.414  475.237  0.00663027  0.00443611  0.00515131
508.585  487.38  0.00294831  -0.00057305  0.000668714
483.117  509.751  0.00605529  0.0024013  0.00493472
476.416  512.653  0.00347196  0.00192605  0.0032073
467.13  517.789  0.00217201  0.00154927  0.00224336
460.851  511.008  0.00109523  0.000449004  0.00090265
74.1766  456.384  0.00168636  0.00149234  0.00234086
93.774  458.553  0.000432118  0.0002948  0.00116739
59.2008  496.695  0.0043182  -0.00239829  0.00689639
91.3555  462.371  0.000811617  0.000621844  0.00176932
110.631  460.798  0.000338102  0.000205816  0.00108179
523.284  468.752  0.00517673  -0.00170962  0.00217805
518.588  484.782  0.00298783  0.00153023  0.00214026
514.798  480.722  0.00235469  0.000522997  0.00120148
520.12  475.77  0.00179644  0.000723497  0.00114718
503.355  484.345  0.00709575  -0.00156779  0.00138696
564.14  499.82  0.000476527  0.000498854  0.00164345
146.556  453.035  0.00274555  -0.00144066  0.00238998
155.893  464.468  0.00436595  0.000866609  0.00518515
141.879  448.255  0.00244896  -0.00151252  0.00203204
150.899  469.293  0.0034556  0.00229741  0.00481066
149.951  473.378  0.00500213  0.00484649  0.00763056
150.107  447.162  0.00282757  -0.0016968  0.00245282
248.837  438.546  0.00144747  -0.000747207  0.0021066
257.462  446.743  0.00378932  -0.00223721  0.0024003
43.0445  436.709  0.00841299  -0.000891263  0.00135025
575.912  469.264  0.00332976  -0.00343077  0.00970919
598.031  464.907  0.00282118  -0.00152761  0.00256052
598.561  451.212  0.00214249  0.000734455  0.00221749
618.54  443.567  0.000839248  0.000443195  0.000891032
573.388  473.825  0.00528775  -0.00285705  0.0035848
248.465  437.287  0.00289407  -0.00245357  0.00390495
142.023  442.492  0.00464852  -0.00268388  0.00394396
131.412  434.943  0.00264248  -0.00172808  0.00215246
136.146  442.012  0.00251758  -0.0012261  0.00223659
143.579  439.692  0.00299808  -0.00145021  0.00275248
175.668  466.284  0.00159109  0.000611648  0.0024185
242.138  446.781  0.000952253  0.000117251  0.000645384
419.578  515.028  0.00304969  -0.000930381  0.00209276
420.315  513.267  0.00531293  -0.00156245  0.00258551
389.211  490.487  0.00487461  -0.00158927  0.00279903
388.957  493.693  0.00353208  -0.00142471  0.00188194
90.0629  496.745  0.00562811  0.000153844  0.000794464
97.6733  491.139  0.00221237  2.09978e-05  0.000306297
112.724  467.191  0.00183752  -0.000477027  0.00118774
116.847  471.131  0.00143904  -0.000712835  0.00109847
593.01  470.582  0.00408726  -0.00196353  0.00234832
595.81  466.816  0.00245819  -0.000759808  0.00156602
597.412  456.178  0.00190248  0.000416386  0.00157855
596.704  465.159  0.00164085  -0.00022938  0.00131359
590.568  463.662  0.00834207  0.00189252  0.00246336
587.597  456.997  0.00407271  0.000252919  0.00141693
581.009  456.669  0.00380562  -0.00122865  0.00179182
578.54  458.844  0.00530372  -0.00260584  0.0027825
581.202  460.736  0.00578445  0.00146756  0.00391056
332.753  381.891  0.00141903  -2.54396e-05  0.000318749
449.521  445.917  0.00381169  -0.00212803  0.00357574
417.819  403.841  0.00513717  -0.00183223  0.00166055
406.997  373.987  0.00169542  -0.000658353  0.000579457
456.78  456.934  0.00290577  -0.0018756  0.00216002
358.494  375.544  0.000783898  -0.000260131  0.000565868
360.438  376.075  0.000725529  -0.000335631  0.000517596
77.0921  429.304  0.00632426  0.00318224  0.00463787
73.9049  432.051  0.00531591  0.00314523  0.00402248
64.623  436.236  0.00267864  0.00163453  0.00204
367.787  487.054  0.00196573  -0.000440167  0.000364396
146.309  477.214  0.00190416  -0.000430278  0.000529702
145.517  448.011  0.00382165  -0.00119776  0.00147732
554.796  416.734  0.00404061  -0.00212327  0.00237386
562.515  434.381  0.00496493  0.00202607  0.00533139
545.826  411.133  0.00223739  -0.00117633  0.00131415
540.404  411.009  0.00143018  -0.000671648  0.000881847
421.168  504.508  0.00238257  -0.00015754  0.00235683
384.099  487.87  0.00217815  -0.000446275  0.00131459
419.984  505.527  0.00472897  -0.000518137  0.00265361
381.576  482.408  0.00145155  -0.000435938  0.000777724
367.87  480.71  0.000934882  -0.000717251  0.00122434
588.817  399.79  0.000975711  0.000749509  0.00120763
356.889  390.663  0.0018004  -0.00139217  0.00191526
395.78  422.269  0.00508109  -0.000235976  0.00225629
393.222  427.176  0.00448191  0.00132728  0.001159
719.55  393.824  0.00558655  0.00182872  0.00264648
430.871  433.527  0.00297909  -0.00128917  0.00115831
258.802  477.731  0.00522777  -0.00286144  0.002883
264.887  463.389  0.00173361  -0.000760482  0.000669462
205.94  427.455  0.00121934  -0.000544561  0.000649394
199.294  421.983  0.000881518  -0.000443734  0.000574655
197.698  431.097  0.000872352  -0.000653314  0.00101885
356.591  391.299  0.0023522  -0.00145546  0.00205879
394.016  419.407  0.00590965  -0.00167305  0.00213674
766.863  381.045  0.00697038  -0.00421196  0.00501355
765.589  376.041  0.0062216  -0.002911  0.00297178
221.84  403.954  0.00289903  0.00109655  0.00349102
213.981  415.429  0.00139753  0.00086407  0.00184511
220.831  420.172  0.000971372  0.000166447  0.00107255
429.585  554.115  0.00305103  0.000165711  0.00497982
421.121  551.476  0.00210594  -0.00150687  0.00493816
409.797  544.972  0.00153279  -0.00186144  0.00430211
689.879  378.026  0.00441639  -0.000955436  0.00141987
302.974  396.249  0.000716671  -0.000518432  0.00115374
412.47  390.78  0.00209407  -0.00118748  0.0057779
404.165  408.351  0.00122869  5.8239e-05  0.000850333
716.795  388.538  0.00172621  -0.000774574  0.00111735
554.941  416.915  0.00211528  -0.0013118  0.00238441
564.417  429.426  0.00312701  0.000909491  0.00409907
691.275  390.147  0.00297773  -0.00190768  0.00213061
686.408  382.436  0.00280901  -0.00131246  0.00202301
682.993  367.541  0.00309668  0.000984859  0.00229569
700.326  387.723  0.00124181  -0.000589086  0.000894098
686.197  361.955  0.00311683  0.00167111  0.00232893
142.751  351.126  0.000872393  -0.000200852  0.000416125
177.416  401.886  0.00238433  0.00121497  0.00215541
186.042  394.393  0.00354452  2.2027e-05  0.00279908
622.425  359.001  0.00383868  -0.00216238  0.00293354
616.15  379.277  0.00209477  0.00122006  0.00211788
612.903  375.408  0.00141418  0.000502096  0.0013605
628.534  351.095  0.00158987  0.000131041  0.000697465
677.059  386.329  0.00243484  0.00207909  0.00378931
692.085  377.942  0.00588204  -0.000428218  0.00403018
695.273  406.247  0.00146621  -0.00043058  0.000700181
694.247  372.5  0.0009753  0.000254742  0.00076981
703.182  382.171  0.000618463  -5.55612e-05  0.000499973
303.684  401.939  0.000411443  -0.000199342  0.000811298
371.753  385.32  0.00121826  5.34353e-05  0.000796719
382.275  395.772  0.000687091  7.19279e-06  0.000388248
348.158  396.395  0.000505277  -0.000372418  0.00147653
129.248  369.722  0.00915201  -0.00150688  0.00280298
123.353  363.861  0.00485679  -0.0020524  0.00262521
129.857  363.563  0.0050114  -0.000743506  0.00145159
124.824  361.334  0.00354587  -0.00132848  0.00175744
358.193  369.198  0.00235783  -0.000244046  0.00965833
347.263  377.617  0.000759499  0.000523966  0.00393362
403.872  332.299  0.00164652  -0.000339659  0.000745413
396.914  368.45  0.00269701  -0.00144122  0.00193133
397.079  375.889  0.00218256  -0.000639231  0.00107716
386.095  372.29  0.00116121  -0.000486002  0.000707565
406.592  334.338  0.00155314  0.000185591  0.000484142
476.799  318.663  0.00182617  -0.000134707  0.000550651
300.753  357.541  0.000764233  -0.000270605  0.00349039
439.391  364.664  0.0043634  -0.00158759  0.0015897
424.212  354.988  0.00197715  -9.65321e-05  0.000311077
413.932  372.813  0.00192699  -0.00107959  0.0013089
468.551  325.412  0.000808885  0.000168483  0.00036212
455.731  338.179  0.00056835  0.000284809  0.000519304
614.729  312.895  0.000979951  -0.00104475  0.00205581
660.454  318.174  0.0015674  -0.00158935  0.00288939
642.805  340.175  0.000456055  0.000114408  0.000626576
651.024  323.069  0.000354518  -8.87082e-05  0.00287456
654.025  317.09  0.000377103  0.000290783  0.00222401
703.767  291.533  0.00194125  0.00119877  0.0012618
603.709  333.274  0.00349588  -0.000967781  0.00536882
463.417  349.545  0.000956922  0.00049221  0.00120355
609.957  324.12  0.000857746  -0.000311224  0.0047551
457.857  356.278  0.000631595  0.000242545  0.000588512
397.392  313.245  0.0130671  -0.00246549  0.00205467
257.474  304.582  0.000492217  -9.7694e-05  0.0031979
96.1209  322.332  0.00307622  -0.00198395  0.00209209
491.462  318.983  0.00218645  -3.92785e-05  0.00289655
498.844  318.197  0.00332604  -0.00195665  0.00393685
449.74  307.205  0.00146853  0.000635107  0.00244375
499.325  324.063  0.000672054  0.000296183  0.000951034
387.089  310.629  0.00117647  -0.00124824  0.0022479
398.804  337.139  0.00128807  0.00169196  0.00512466
398.892  313.712  0.00171631  -0.00172712  0.00309994
443.302  364.381  0.000622278  -0.000186216  0.00114724
398.57  301.496  0.000761472  -0.000169666  0.000478232
279.271  334.18  0.00213558  -0.000665647  0.000623928
287.92  335.294  0.00107076  -0.000417798  0.000602633
461.538  303.36  0.000286728  -0.000174145  0.00091521
255.637  265.541  0.00173469  -0.00131376  0.00207848
410.711  264.691  0.00105036  0.000122084  0.00742784
412.531  257.18  0.00064928  -0.0001528  0.00274494
233.522  262.655  0.00444358  -0.0032344  0.00769004
230.694  251.161  0.00391  -0.00148365  0.00203107
231.301  257.04  0.00366188  -0.0018809  0.00361029
251.656  265.243  0.00285372  -0.00243401  0.00349483
323.133  285.612  0.00599151  -0.00106915  0.00159208
701.83  291.643  0.000971881  0.000414012  0.00141096
684.226  302  0.0021086  -0.00169473  0.00382206
689.729  294.433  0.00097306  -0.000264962  0.00161204
398.173  310.231  0.000542989  -0.000201087  0.000891035
411.502  280.333  0.00668935  -0.00248535  0.00388637
336.961  280.228  0.00281736  -0.00259192  0.00477816
645.116  263.968  0.00359181  -0.00148179  0.00177776
396.474  242.521  0.000954438  -0.000906802  0.0016082
163.952  243.951  0.00271039  0.00340448  0.0090171
167.682  245.945  0.00175196  0.00184768  0.00486242
184.634  256.012  0.000528194  0.000361363  0.000930271
580.852  252.716  0.000486881  -0.000118054  0.000388748
466.127  283.386  0.00124812  -0.000486076  0.000566262
272.751  214.675  0.000622711  -0.000535204  0.000892769
321.22  276.823  0.00161404  -0.00154218  0.00415798
322.891  287.333  0.00130057  -0.000672411  0.00143292
320.69  254.165  0.00638171  -0.00510316  0.00673621
321.934  257.922  0.00536588  -0.00396448  0.00466015
316.578  260.776  0.00232162  -0.00185678  0.00245146
334.131  259.257  0.00221355  -0.00234716  0.00525699
315.541  250.218  0.00428978  -0.00381197  0.00578728
319.79  257.051  0.00416793  -0.00304838  0.00356792
755.726  248.849  0.00139756  0.000327206  0.00446345
356.733  237.572  0.000315224  -0.000101752  0.000746724
168.266  269.824  0.00158975  -8.77829e-05  0.000521967
159.113  252.569  0.00445243  0.000127807  0.00325024
174.34  248.073  0.000944982  0.000998839  0.00262246
179.377  252.466  0.000641886  0.000544696  0.00141458
131.294  258.455  0.000618616  0.000585497  0.00242062
620.508  245.261  0.006719  -0.00353039  0.00327112
277.105  227.855  0.00179661  -0.00181656  0.00331141
267.152  230.43  0.000824553  -0.000902001  0.00177336
276.354  234.169  0.00119097  -0.00110302  0.00181944
378.873  241.072  0.0053493  -0.00180893  0.00223344
379.954  237.153  0.00556905  -0.00302448  0.00396126
384.929  244.962  0.00327413  -0.00179075  0.00234696
277.351  242.775  0.00126979  -0.00110834  0.00234245
269.589  250.775  0.000484287  -0.000389221  0.00115904
286.935  249.696  0.00159718  -0.00148807  0.00220113
339.557  260.001  0.00158752  -0.0018769  0.00439039
392.774  248.927  0.00164413  -0.00100159  0.00154976
274.257  241.48  0.00181197  -0.00181484  0.00341902
240.328  231.436  0.0109757  -0.00449368  0.00364359
250.687  247.053  0.00276647  -0.000289283  0.000383845
343.163  203.259  0.00396189  -0.0035834  0.00599262
344.538  227.426  0.00218721  -0.00047309  0.00065248
346.27  173.688  0.00248342  -0.00151431  0.00204975
342.106  160.322  0.00238269  -0.000900342  0.00090813
603.689  196.131  0.0110677  0.00076364  0.00178451
642.494  177.638  0.00205462  -1.31194e-06  0.00486846
639.214  171.962  0.00252117  -0.000344963  0.00234099
629.858  170.711  0.0105457  -0.00215072  0.00230305
637.402  166.774  0.00271432  -0.000470119  0.00147569
744.106  141.597  0.00756455  -0.00310776  0.00279815
742.226  145.872  0.0041304  -0.0017541  0.00308652
736.451  154.461  0.00149319  -0.000940492  0.00946493
732.159  150.495  0.00119312  -0.000650708  0.00481626
727.287  148.583  0.0008878  -0.00049017  0.00374675
770.349  148.657  0.00203603  -0.000379245  0.00299379
735.5  127.222  0.00177874  -0.00122256  0.00149605
693.318  175.493  0.00210489  -0.000805897  0.00211979
696.053  131.52  0.000569674  -5.95497e-05  0.00203192
668.881  119.592  0.00166224  -0.000919579  0.00117967
663.665  113.665  0.00144544  -0.000815828  0.000942154
60.405  157.07  0.00132355  -0.00121828  0.00331642
58.6665  163.249  0.000971683  -0.000670067  0.00163547
667.847  205.025  0.00168033  -0.000412115  0.00118152
632.936  161.543  0.00155669  -0.000408021  0.00103874
581.308  108.686  0.00541188  -0.00151023  0.00141194
693.442  150.053  0.00151045  -0.00050407  0.00552355
698.587  150.714  0.00105493  -0.000275915  0.00449925
698.328  147.478  0.000956333  0.000123287  0.00722481
362.767  157.506  0.000778923  0.000430472  0.00187815
368.025  130.155  0.00232443  -0.0024135  0.0109402
371.633  137.937  0.00200553  0.00199802  0.0131694
379.985  174.152  0.00145864  -0.000221841  0.000438272
386.869  163.29  0.000769491  -4.15288e-05  0.000643189
395.821  156.124  0.000456912  6.62723e-05  0.000878096
331.922  125.445  0.000504014  0.000394711  0.0017811
384.188  159.828  0.000336332  -5.25795e-06  0.00121465
345.324  132.839  0.000430258  7.51e-05  0.00159205
345.867  137.422  0.000434162  0.000159958  0.00253078
691.863  151.521  0.00170756  -0.00124802  0.00565568
671.511  116.253  0.0026856  -0.00148912  0.00244954
656.811  110.022  0.00257587  -0.00186407  0.00228964
505.725  144.237  0.00400916  0.000170298  0.00216242
506.169  157.729  0.00398156  -2.7721e-05  0.00074189
115.282  94.6553  0.00425597  0.000504926  0.000687497
656.737  108.171  0.00305234  -0.00256543  0.00346479
742.131  152.492  0.00247174  -0.00260122  0.00600523
745.474  151.691  0.00171575  -0.00189779  0.00467159
732.656  149.366  0.00335032  -0.00324843  0.00899685
482.887  112.137  0.00127826  -0.000140323  0.00324469
487.802  126.817  0.00153924  0.00119756  0.00619726
489.25  127.296  0.00126831  -2.34663e-05  0.00283847
488.536  129.016  0.00111434  -0.000137102  0.00185394
532.18  126.957  0.0026687  -0.00121292  0.00185327
542.683  143.013  0.00190093  -0.000865944  0.000870212
493.487  103.592  0.00187957  0.00212424  0.00761259
317.684  116.923  0.00216451  -0.00132859  0.00901557
358.275  130.135  0.0008412  0.000863784  0.0020459
304.021  109.004  0.001277  -0.000598298  0.00309185
309.071  110.93  0.00229928  -0.0028971  0.00987906
491.567  128.043  0.000640492  -0.000126478  0.00286336
493.803  98.4714  0.00150843  0.00137116  0.00708051
555.159  193.749  0.00174841  2.47148e-05  0.0003526
493.172  126.744  0.000563331  -0.000306057  0.00151093
267.797  132.66  0.00197998  9.59467e-06  0.001046
272.726  114.728  0.00201584  -0.00211799  0.0102693
279.418  123.929  0.000879566  -0.00014788  0.0013344
247.587  128.023  0.000947565  -0.000326478  0.00103401
250.403  138.261  0.00103782  -0.000235466  0.000576062
81.7852  91.551  0.000868042  3.33007e-05  0.000659415
82.0017  82.5933  0.00088637  4.11499e-05  0.000417129
31.938  114.654  0.00232483  0.000186269  0.00186991
67.0875  116.765  0.00281281  -0.000250369  0.00288569
89.2323  104.699  0.000551052  -8.01568e-05  0.00077955
92.0922  102.495  0.000727461  -2.25524e-05  0.00137122
92.3543  96.1232  0.000721568  -8.29624e-06  0.000855003
86.0245  99.032  0.000577043  7.37185e-05  0.00107779
541.484  97.3768  0.00450236  -0.0047961  0.00992326
310.305  107.63  0.00234981  -0.000939888  0.010191
310.601  112.062  0.00145885  -0.000828158  0.00538162
318.604  116.297  0.00179357  -0.00164469  0.00419543
702.016  111.622  0.00598687  -0.000925825  0.000908359
736.674  107.472  0.004347  0.000401767  0.000994045
283.866  137.26  0.000466081  -0.000153557  0.000582293
47.4577  77.1665  0.000780311  -0.000416686  0.00462896
452.244  122.037  0.00084256  -0.000426786  0.000892859
441.58  125.357  0.00174572  -0.000415634  0.000478989
384.799  75.918  0.00150151  -0.00130375  0.00293218
390.947  82.7183  0.00187243  -0.000964804  0.00184873
387.776  84.3076  0.00141104  -0.000741663  0.0014331
160.369  93.2596  0.00114346  -0.000457063  0.00322105
184.379  93.6051  0.000355943  2.17997e-05  0.00172808
428.619  121.075  0.00362223  -0.00075163  0.000650389
424.271  63.7422  0.00049181  -0.000189235  0.00410874
216.461  296.193  0.002519  -0.000100435  0.00138068
209.871  286.761  0.00157268  -0.00116062  0.00226198
187.662  273.04  0.00226988  0.00150893  0.0019468
228.868  110.533  0.00346756  0.00119138  0.00117151
418.123  88.1373  0.00917289  -0.00259367  0.00339606
422.081  86.8642  0.00492267  -0.00249434  0.00482848
433.702  89.2753  0.00228828  -0.00282555  0.00678731
442.191  87.3767  0.00312821  0.00269485  0.0101227
467.233  94.8695  0.00414693  -0.00231456  0.00314829
466.046  95.9524  0.00149161  -0.000821064  0.00231473
104.816  89.2069  0.000412787  8.03675e-05  0.000861624
104.235  102.966  0.000400154  5.59207e-05  0.000409182
67.8299  84.9536  0.00635356  0.00166501  0.00278177
66.8573  80.1082  0.00186515  0.000297674  0.00437477
59.0568  100.253  0.0038648  0.00157111  0.00133446
72.8815  81.8495  0.00185413  0.000737767  0.00370994
111.097  94.1483  0.00758311  0.00163803  0.00144599
126.232  103.96  0.00111627  -2.26565e-05  0.000788933
114.173  54.1589  0.0015571  -0.00074105  0.00142177
769.254  92.0335  0.00321145  -0.00226883  0.00404078
771.015  98.8612  0.00283903  -0.00178829  0.00331449
700.629  107.818  0.00924419  -0.000348384  0.00109087
730.466  112.976  0.00220927  0.000431877  0.000681603
723.784  110.936  0.00122626  0.000100471  0.000612345
710.523  106.535  0.000599493  -0.000134937  0.000608696
84.8563  65.4354  0.00216696  -0.000297852  0.000693217
683.636  49.4959  0.00319763  -0.00107765  0.00165758
743.825  70.3126  0.00449278  -0.00152515  0.00153726
694.833  50.7948  0.000663522  -0.000509265  0.00505116
688.104  54.3895  0.000549032  -0.000249724  0.00307032
473.147  36.2929  0.00738101  -0.00161955  0.00330551
231.13  60.1397  0.00530304  -0.00223929  0.00222312
229.187  64.8884  0.003065  -0.00130691  0.00143578
223.652  72.5638  0.00220387  -0.000670871  0.000749575
272.964  64.3444  0.00779444  -0.0006766  0.00172245
297.574  90.3266  0.00128543  -0.00138024  0.00317837
472.267  46.4462  0.00595817  7.92517e-05  0.00343187
443.655  52.1096  0.000511339  -0.000103615  0.00140203
473.123  58.8776  0.00821412  0.000473683  0.00107604
34.1568  49.1754  0.00472221  0.000892402  0.00290293
34.8059  58.3058  0.00445936  -0.000616595  0.00134963
40.1085  62.2082  0.00104304  -4.97106e-05  0.000878071
41.2404  84.047  0.00133614  -7.88283e-05  0.0081958
44.459  75.918  0.000917829  -0.000135467  0.00250193
507  29.5366  0.00450688  -0.00283033  0.006447
375.046  58.1462  0.00465833  -0.00294397  0.00721095
370.675  60.1662  0.00274374  -0.00154388  0.00381766
369.698  60.0287  0.00200681  -0.00163656  0.0036669
404.838  95.4806  0.00309572  -0.000230886  0.000994533
410.116  100.192  0.00176993  -0.000235155  0.000828431
419.085  107.797  0.000903242  -0.000207712  0.000643694
430.408  114.775  0.000511031  -0.000194384  0.000557802
363.551  51.7545  0.00190502  -0.000985751  0.00128359
423.779  102.685  0.00114932  -0.000426844  0.000999654
301.769  93.6379  0.000332644  -8.43989e-05  0.000533313
313.27  41.9629  0.00237243  -0.000171883  0.0102115
305.533  35.8695  0.00355532  -0.00182963  0.00436551
309.246  35.6098  0.00226345  -0.000999167  0.00393173
283.073  88.1614  0.00124962  0.000530093  0.00374223
270.543  90.2643  0.000639558  0.000604924  0.00353216
173.37  95.2954  0.00037387  7.32112e-05  0.000938592
232.137  82.8873  0.00338762  -0.000858113  0.00470642
226.185  99.4681  0.00139274  -0.000277668  0.000902772
165.093  37.9098  0.000683306  0.000463223  0.00538119
173.253  35.8322  0.000850838  -0.000234355  0.00666337
222.455  290.928  0.0019417  -0.0003847  0.00217899
82.5196  65.2521  0.00470074  -0.000277629  0.0011094
92.6346  84.8231  0.000458323  0.000249345  0.00130923
92.3601  96.7732  0.000370432  0.000179782  0.000629793
65.2945  113.144  0.00228312  0.000115723  0.00205753
56.9931  165.259  0.000738681  -0.000269466  0.00074219
404.575  572.907  0.000702744  -0.000171927  0.000491043
482.827  607.142  0.000468043  -0.000184801  0.00220887
481.543  601.942  0.00048418  -0.000129724  0.00136849
310.005  578.789  0.000361897  -7.39493e-05  0.000680376
577.848  564.25  0.00197788  0.000299469  0.000869073
598.197  545.357  0.00249545  0.000131356  0.0012781
590.933  550.798  0.00157786  0.000409955  0.000931705
579.312  564.985  0.00123564  0.000716637  0.00087916
75.5806  587.083  0.00393144  -0.000499649  0.00116414
94.9324  551.638  0.0016452  -0.000897511  0.000920421
475.971  563.574  0.00179467  0.00184729  0.0034056
486.321  556.816  0.00147498  0.00122088  0.00412009
474.684  585.362  0.00323783  -0.00111715  0.00218285
568.137  568.245  0.00167005  0.000868381  0.00173905
570.468  571.488  0.0026609  0.00191377  0.00232682
248.528  540.635  0.000947946  -0.000282944  0.00218819
316.87  538.528  0.000255265  -4.46479e-05  0.00140704
177.124  514.76  0.000905941  9.15961e-05  0.00198675
194.465  499.501  0.000366054  0.000253226  0.00101235
163.207  501.864  0.000683288  -0.000402012  0.00104182
178.07  472.788  0.000162466  -3.07724e-05  0.000310541
168.536  511.822  0.00251099  -0.00142001  0.00224805
168.432  519.035  0.00167554  -0.000375876  0.00219879
126.429  498.509  0.000359058  -0.000156078  0.000378874
140.055  533.866  0.000548988  0.0005723  0.00157043
134.944  529.415  0.000393066  0.00028422  0.000970967
225.287  557.471  0.000883704  -0.000610801  0.00130503
200.733  566.168  0.000537266  -0.000127358  0.000864327
511.551  491.272  0.00254017  -0.00127555  0.00178233
515.88  489.433  0.00150214  -0.000695379  0.00137309
526.895  477.1  0.000478081  -0.000184209  0.000637968
264.634  539.933  0.00037676  -0.000306051  0.00243108
250.22  541.908  0.0006451  -0.000108755  0.00181503
258.614  549.661  0.000861125  -0.000288439  0.00103014
260.139  560.108  0.000708548  -0.000261858  0.000609203
269.387  569.738  0.000978395  -0.000398083  0.000486421
245.719  495.679  0.00430711  -0.00191459  0.00220851
614.216  544.254  0.00504909  -0.00122656  0.000950674
750.973  473.932  0.00376954  0.00266315  0.00352338
385.287  484.51  0.00193229  -0.000676875  0.00103054
359.251  496.242  0.000552114  -0.000125532  0.000434617
382.489  482.877  0.00114683  -5.97939e-05  0.000896399
391.252  498.564  0.00341229  -0.00105853  0.00128862
363.349  496.357  0.000620337  -0.000328195  0.000424654
525.565  468.04  0.00339675  -0.000804938  0.00174853
450.896  516.391  0.000687485  0.000368858  0.000647487
95.8835  478.205  0.000547706  6.27597e-05  0.000544551
71.0762  434.755  0.00376698  0.00220282  0.00289827
91.9352  447.653  0.00216889  0.000309689  0.00209044
91.1636  451.537  0.00168943  0.000305212  0.00161973
91.3063  459.544  0.00106116  0.000160094  0.00102163
114.171  478.697  0.00086327  -0.000262288  0.000663249
594.37  377.723  0.000456865  0.000293692  0.000480533
605.787  456.325  0.00338588  0.000621707  0.000666489
94.4717  384.576  0.00535634  -0.00254854  0.00233922
603.22  453.547  0.00130052  0.000626018  0.000928181
396.356  580.695  0.00125836  0.00109101  0.00153734
450.301  398.785  0.00293888  -0.000326448  0.000539752
646.114  426.524  0.000815236  0.000499127  0.000547635
630.632  428.054  0.003867  -0.000224906  0.00151541
630.975  435.746  0.00277794  -0.000310549  0.000963739
623.191  450.187  0.00109211  6.71447e-05  0.000537502
177.968  375.976  0.00100889  -8.37396e-05  0.000274872
433.257  440.773  0.00216808  -0.00108146  0.00096809
459.346  447.192  0.000536072  -0.00046324  0.000836706
467.049  462.48  0.000455395  -0.000312757  0.000464437
633.927  402.481  0.00252335  0.00174189  0.00257914
381.104  332.609  0.00181033  -0.000886805  0.000817125
174.085  366.922  0.000794489  -7.25784e-05  0.000222904
369.917  344.132  0.00318875  -0.000628771  0.000844471
375.209  339.583  0.00182389  -0.000391196  0.000535343
402.887  338.814  0.00402703  -0.00170356  0.00141807
677.061  361.805  0.000594766  -0.000350932  0.001049
300.837  333.903  0.000297457  -0.000119047  0.00136072
494.383  330.278  0.000701109  0.000437286  0.000797693
461.362  352.391  0.000794268  0.000585735  0.00110104
56.564  304.7  0.00082892  -0.00046932  0.00060176
436.272  355.79  0.000317057  0.000261252  0.000749282
522.295  323.076  0.000894775  -0.000411722  0.000684147
239.837  339.049  0.00157607  -0.00118102  0.0017593
233.776  323.891  0.00126221  -0.00154062  0.00554634
298.552  351.238  0.000710365  -0.000389428  0.000408225
300.11  279.067  0.000326044  -0.000350977  0.00193818
183.543  266.187  0.000311357  -0.000183902  0.000594785
214.001  278.712  0.000885587  -0.000362544  0.000953012
211.915  269.618  0.000863119  -0.00030159  0.00058922
397.566  330.074  0.000335506  -0.000125614  0.000381642
419.299  340.295  0.000781975  -0.000349167  0.000372759
412.21  263.51  0.00109442  -0.000448687  0.00442046
309.897  297.244  0.00121834  -0.00046469  0.00441804
307.029  291.22  0.00101735  -0.000266941  0.00215181
280.395  289.282  0.000278969  -0.000198804  0.00218479
379.062  277.988  0.000491168  -0.000552498  0.0022698
378.248  293.903  0.00032059  -0.000246004  0.000707271
393.367  317.209  0.000366125  -0.000210466  0.000331637
378.54  285.905  0.000378647  -0.000362981  0.00205873
374.305  291.932  0.000281999  -0.000238495  0.00119082
476.065  291.935  0.00437267  0.000398047  0.00143923
457.043  358.041  0.000413976  0.000301111  0.000541872
172.432  291.283  0.00194773  -0.000447415  0.000384619
174.525  292.601  0.00166485  -0.000344864  0.000276175
318.603  279.885  0.00113229  -0.000517704  0.00266335
284.573  211.589  0.000652057  -0.000477217  0.000648251
265.209  209.935  0.000293514  -0.000263256  0.000556289
110.999  272.986  0.000351312  0.000442464  0.00132389
186.83  259.076  0.000336893  0.000177136  0.00133944
200.736  273.944  0.000200916  6.11473e-05  0.000468329
599.391  209.689  0.00206885  -0.00107017  0.000974687
573.073  240.557  0.00036683  -0.000123319  0.00054144
398.509  179.089  0.000655316  -0.000361543  0.000436477
410.434  255.349  0.0010272  -0.0010595  0.00459889
349.369  232.173  0.000476884  -0.00054835  0.00180741
409.661  243.158  0.00329975  -0.00283403  0.00420654
251.589  253.523  0.00267079  -0.0009741  0.000784467
307.356  338.089  0.000268767  -0.000186203  0.00106579
396.105  244.907  0.00117741  -0.000811804  0.00148509
345.98  204.88  0.00345736  -0.000862108  0.000957481
259.185  257.387  0.00171745  -0.000305642  0.000371654
286.651  258.161  0.000341315  -2.14493e-05  0.000242888
480.999  156.043  0.000531504  -6.18311e-05  0.00102999
471.241  123.355  0.000166812  8.88035e-07  0.000288523
478.032  163.445  0.000470755  -0.000359346  0.0020542
130.014  253.881  0.000705567  -0.000108513  0.000170665
74.4555  212.475  0.00182696  0.00169501  0.00279807
58.1707  154.225  0.00156086  -0.00103603  0.00143627
555.154  183.443  0.00112707  -0.00066697  0.000769
368.371  156.456  0.000934866  -7.45e-05  0.00353705
356.143  176.968  0.000382881  -5.56736e-05  0.000652239
353.735  190.296  0.000309835  -5.07339e-05  0.00034797
364.159  152.014  0.000749533  -0.000156357  0.00224516
357.304  158.265  0.000479699  -9.94514e-05  0.00126518
374.57  161.059  0.00139234  -0.00027931  0.00106836
357.63  150.05  0.000549265  -0.000263224  0.00129344
731.936  120.629  0.00187088  -0.00102204  0.000962004
715.858  109.405  0.000824239  -0.00048111  0.000563595
694.949  107.029  0.000327186  -0.000251145  0.000496441
338.28  124.509  0.000306998  -0.000155602  0.00262488
366.288  164.047  0.000288696  -0.000282355  0.000713965
569.964  391.778  0.0014805  4.1518e-05  0.000322061
378.813  162.297  0.00153458  -0.000207477  0.00180129
386.27  158.538  0.000833812  -6.30206e-05  0.00255347
376.36  174.997  0.0010899  -7.1764e-05  0.000696706
378.449  182.459  0.000980956  -6.96076e-05  0.000467714
381.591  165.335  0.000726372  -2.03074e-05  0.00133846
415.805  162.502  0.000174575  3.38167e-05  0.00155084
337.478  124.081  0.000362107  -2.27966e-05  0.00235369
387.83  160.326  0.000767467  -0.000135343  0.00109562
406.874  162.562  0.000306143  -5.57545e-05  0.00092877
415.74  170.745  0.000232549  -4.1862e-05  0.000569156
377.445  192.928  0.00112688  -9.74088e-05  0.000228701
365.83  144.971  0.00223386  -0.000466793  0.00225199
378.215  142.925  0.000846611  -0.000493545  0.00342503
383.911  163.395  0.00063676  -0.000133908  0.000648819
391.623  146.098  0.000438768  -0.000386002  0.00283261
374.874  172.514  0.00158885  -0.000425281  0.000621674
358.591  198.317  0.000381167  -0.000102251  0.000212115
358.915  161.874  0.000595162  0.000220832  0.00103768
370.816  166.206  0.000315925  0.000116447  0.000766313
362.645  148.201  0.0010274  -0.000462673  0.00164091
481.865  133.44  0.000734801  -0.00034948  0.000331401
531.481  189.993  0.00088361  0.000690646  0.000915117
723.526  147.985  0.00162268  -0.00184697  0.00574461
720.347  145.304  0.00129045  -0.00141101  0.00437458
695.18  96.0659  0.00032825  -0.000105349  0.000262308
96.4092  110.282  0.00061895  -0.000142978  0.00113461
93.9873  95.6023  0.000742076  -1.48136e-05  0.000482369
88.0991  95.8719  0.000617488  1.12229e-05  0.00052466
481.926  101.48  0.000754729  0.000569303  0.00239765
501.909  98.0256  0.00132607  0.00141253  0.00339996
546.077  172.427  0.0048962  0.00058957  0.00124691
547.089  177.314  0.0039491  0.000457602  0.000873869
550.993  184.748  0.00226069  0.000268391  0.000547576
493.992  129.258  0.000637177  -0.000336868  0.00206721
473.555  146.819  0.000159486  -2.57333e-05  0.000730663
270.639  130.088  0.00226787  -0.00044845  0.00141414
281.195  116.723  0.00127811  -0.00149821  0.00478469
181.949  131.339  0.000127435  9.24194e-05  0.000723022
257.17  155.984  0.00122335  -8.11205e-05  0.000288174
487.934  133.625  0.000510665  0.000100176  0.00111804
469.651  154.45  0.000202448  3.48971e-05  0.000421784
488.246  135.158  0.000940225  0.000580611  0.00112269
279.032  129.853  0.000787663  -0.000556405  0.00118287
326.748  79.8809  0.000965903  -0.00056289  0.000723513
364.863  169.088  0.000394544  9.32784e-05  0.000480239
422.266  105.624  0.000766587  6.46122e-06  0.0010272
430.61  113.901  0.000449406  -3.51539e-06  0.000652588
430.059  139.742  0.000360585  4.05343e-05  0.000224412
248.234  145.38  0.000593247  8.95702e-05  0.000205674
130.926  95.9336  0.000831137  0.000129545  0.00348441
111.039  72.8412  0.000397775  0.000398695  0.00248149
382.709  61.8754  0.00387054  -8.90068e-05  0.000847178
40.1618  81.8176  0.00155163  -0.000417935  0.000473017
229.395  65.3111  0.00480529  -0.00235576  0.00212149
202.786  73.707  0.000329975  -0.000135839  0.000476374
80.3017  77.6346  0.000975969  -5.96491e-05  0.000276274
91.4045  68.9567  0.000600537  -0.000189612  0.000493262
92.1807  93.4832  0.000480389  -5.62768e-05  0.000192891
98.4673  61.1013  0.000564261  -0.000404143  0.000941223
57.8592  93.9361  0.00385673  0.00130946  0.00117244
93.2603  87.7645  0.000361523  0.000229844  0.000894428
354.81  140.237  0.000830921  0.000474824  0.00071378
191.524  121.416  0.000117071  6.48574e-05  0.000611253
84.4461  67.6186  0.00532483  0.000740165  0.000993069
84.14  68.5145  0.00250945  -0.000751335  0.00112958
71.086  92.2343  0.00230972  0.000495125  0.000854807
328.623  564.272  0.000145974  -5.4178e-05  0.000261561
318.925  595.154  0.000959902  -0.000777331  0.00151537
323.965  589.366  0.000519863  -0.000374946  0.000958723
312.968  587.589  0.00085211  -0.000735289  0.00120955
324.389  589.246  0.000673798  0.00013801  0.00165616
318.816  586.683  0.000537687  -1.99088e-05  0.00129832
384.399  558.339  0.000617251  -0.000485369  0.000914582
403.241  561.79  0.00112985  -0.00131087  0.0029232
365.743  534.173  0.000108839  -8.74779e-05  0.000299547
332.686  569.462  0.000589444  -0.000338783  0.00178535
354.165  528.905  0.000123967  -6.90937e-05  0.000233609
538.558  565.962  0.000398883  -0.000311546  0.00109987
401.253  569.497  0.000691186  0.000579384  0.000886125
421.82  554.858  0.00094956  0.00079671  0.00120983
406.643  563.153  0.000637819  0.000549177  0.000802025
337.944  588.137  0.000203566  6.69712e-05  0.00123835
330.327  575.874  0.000177163  -3.7421e-05  0.000587798
639.505  528.692  0.00138601  -2.40028e-05  0.000205194
122.311  468.321  0.000858952  2.28681e-05  0.000263881
123.797  464.327  0.000766832  -1.92677e-05  0.000549159
747.422  488.65  0.0011812  -3.17739e-05  0.000497893
578.283  499.314  0.000280933  0.000291604  0.000994546
593.266  492.738  0.000212183  0.00022072  0.000711692
384.181  484.954  0.00285579  -0.00118287  0.000992781
370.61  483.133  0.00125418  -0.000940089  0.00127775
392.828  579.876  0.000820228  0.000648865  0.00105557
499.119  430.04  0.00105644  0.000602909  0.000929244
528.287  375.785  0.000252078  0.000145492  0.000223332
477.704  403.822  0.00124888  -0.000177612  0.000223248
507.286  422.197  0.000701617  0.000572228  0.00088032
481.856  409.359  0.00042486  -1.87446e-05  0.000289644
460.985  401.023  0.00070497  -0.000288259  0.000309221
478.74  412.186  0.00058308  -0.000226596  0.000511148
476.197  439.241  0.000515729  0.000271458  0.000643602
292.997  585.426  0.000257287  -0.00028242  0.0011953
305.708  583.26  0.000163077  -0.000132475  0.000956648
451.297  434.96  0.00048148  -0.000217391  0.000521875
455.037  415.419  0.000293134  -0.000128004  0.000251353
460.638  432.114  0.000205174  -0.000158152  0.000468797
469.316  427.531  0.000145617  -0.000114606  0.000369386
455.917  536.422  0.000247158  -0.000117688  0.000266061
202.564  403.235  0.000330311  -0.000117704  0.00012278
189.068  388.4  0.000462084  -0.000109543  0.000119797
108.298  490.269  0.00149632  9.67247e-05  0.000228122
115.352  478.121  0.00133554  -0.000325786  0.000787486
79.619  462.018  0.000800425  0.000405492  0.00121301
77.3125  471.006  0.000524371  0.000259906  0.000794034
86.1362  465.334  0.000610372  0.000102552  0.00090246
529.3  454.836  0.00010487  7.60148e-05  0.000186426
536.654  469.173  0.000287125  -0.000122072  0.000243158
690.437  439.343  0.000368952  0.000132013  0.000151384
652.379  321.759  0.000403905  0.000209439  0.000241588
532.376  468.573  0.000342387  -0.000104286  0.000303653
294.696  388.624  0.00065996  -0.000660947  0.0011205
289.907  315.146  0.000449017  -0.000179293  0.000165481
250.766  422.305  0.000440276  -0.000385308  0.000590238
222.301  388.231  0.000537065  3.36988e-05  0.000687637
251.461  411.605  0.000299022  -0.000192668  0.000396438
212.366  376.272  0.00115873  0.00079003  0.00143751
242.533  391.179  0.000284241  -1.83955e-05  0.000366259
604.459  356.3  0.000269029  0.000170526  0.000341425
586.297  341.015  0.000133428  3.26503e-05  0.00018747
415.771  367.932  0.00220323  -0.00088297  0.000826064
300.237  362.552  0.00072368  -0.000786307  0.00147702
276.384  372.858  0.000237625  -0.000239858  0.000433657
392.4  422.1  0.00127403  -0.000770347  0.000765662
187.388  406.253  0.00107024  0.000188257  0.00110619
193.907  411.053  0.000774935  -3.77412e-05  0.000767121
202.209  417.247  0.000584953  -0.000143355  0.000556716
212.681  428.17  0.000487841  -0.000230864  0.000442646
207.846  406.437  0.000453857  6.4583e-05  0.000466139
217.204  406.315  0.000337963  4.72281e-05  0.000346941
207.562  391.959  0.000607198  0.000373233  0.000679409
233.08  411.327  0.000220743  2.67597e-06  0.000221129
208.424  382.47  0.000895541  0.000754854  0.00104179
138.722  342.343  0.000658242  -0.000148141  0.000281957
105.13  373.488  0.000457729  0.000385563  0.000540819
103.66  364.747  0.000332552  0.000231865  0.000345267
710.928  382.635  0.00216427  -0.00100739  0.00100689
107.382  352.623  0.000296017  0.000151358  0.000246208
113.041  330.31  0.000197529  8.20348e-05  0.000144988
467.082  348.03  0.000732594  0.000686617  0.00135271
416.407  318.02  0.00033723  0.000297622  0.000551278
466.722  381.549  0.000458692  -0.000364265  0.000463716
193.043  355.442  0.000165417  -9.60931e-05  0.000321479
618.098  315.553  0.000439658  -0.000254983  0.000310133
610.019  240.189  0.000487835  -0.000292184  0.000356721
409.354  212.998  0.000601577  -0.000360536  0.000354092
395.242  289.543  0.000242797  5.90912e-05  0.000101259
472.078  359.414  0.000342916  0.000108765  0.000164764
502.608  328.577  0.000449433  -0.00017232  0.000370969
165.336  281.045  0.00326705  -0.000778497  0.000654015
418.631  270.634  0.000608844  -0.000349222  0.000348872
425.399  269.07  0.000446804  -0.00023693  0.000245669
379.529  283.764  0.000514861  -0.000544571  0.00114709
375.479  293.821  0.000333567  -0.000309172  0.000590019
370.488  301.48  0.000241068  -0.00021288  0.000389355
196.618  234.405  0.00110993  -0.000257355  0.000200202
230.185  348.899  0.00166402  -0.000938333  0.00100583
236.497  345.3  0.000902006  -0.000588842  0.00100488
236.731  338.268  0.000736878  -0.000595235  0.00147536
209.862  282.321  0.000148978  1.70253e-05  0.000385787
394.317  240.733  0.00165106  -0.000508518  0.000423857
676.467  243.54  0.000172608  3.77874e-05  8.4349e-05
623.155  346.031  0.00175912  -0.000217953  0.000525904
617.349  336.781  0.00202605  -0.000480978  0.000435926
365.455  279.2  0.00154252  0.00033043  0.000289056
374.433  282.356  0.000821459  8.4743e-05  0.000235726
386.81  258.128  0.00099714  -0.000381709  0.0007206
394.994  285.474  0.000439118  -0.000133549  0.000286362
408.936  291.458  0.000377489  -0.000217152  0.000337933
408.781  311.592  0.000243751  -9.2196e-05  0.000175153
513.697  224.678  0.00115286  -0.0010241  0.00150334
648.835  150.793  0.000366369  -2.57535e-05  9.31132e-05
524.684  223.333  0.00104254  0.000273647  0.0005454
530.766  236.316  0.000910304  4.68888e-06  0.000289321
528.472  266.144  0.000494657  -1.9685e-05  0.000139478
493.59  153.897  0.000264301  1.7123e-05  0.000804207
466.82  134.469  0.000105186  -5.15924e-05  0.000426495
125.236  221.678  0.00136208  -0.000162815  0.000585657
114.991  276.962  0.000569542  0.000109725  0.000134347
135.993  233.549  0.000659845  -0.000115624  0.000291098
123.462  269.838  0.00045559  6.32666e-05  0.000118271
139.996  245.513  0.000487401  -9.88313e-05  0.000222783
163.703  284.673  0.000237648  -0.000100474  0.000138848
700.813  252.626  0.000555827  -0.000202251  0.0001855
420.228  322.488  0.00019364  -8.7366e-05  0.000145003
349.204  190.479  0.00223063  0.000212407  0.000502103
417.138  159.652  0.000234428  3.82292e-05  0.000653251
391.894  150.115  0.000554558  -0.000265231  0.00172838
424.855  172.724  0.000194051  -8.43543e-05  0.000456128
354.684  175.555  0.00018601  -3.50229e-05  0.000822902
316.686  100.367  0.000312709  -0.000142471  0.000462483
328.559  126.725  0.00029313  5.13297e-05  0.00222974
376.643  157.373  0.000396751  0.0003382  0.00301189
469.559  114.849  0.000305148  1.50137e-05  0.000194029
457.493  155.143  0.000228204  2.71831e-05  0.00125163
459.083  163.674  0.000248897  2.80158e-05  0.000698048
433.751  168.009  0.000119568  1.39804e-05  0.000548599
350.34  176.319  0.000168375  -1.64648e-05  0.000528207
358.945  143.847  0.00043847  -0.000413085  0.00278828
342.53  152.611  0.000192454  -0.000177034  0.00114733
419.345  97.8825  0.00114485  -0.000166201  0.000814879
432.407  100.523  0.000586628  -0.000205123  0.000640395
458.125  164.251  0.000140025  -9.31951e-07  0.000672119
444.386  166.263  9.98955e-05  -3.685e-07  0.00060058
680.756  192.217  0.000193722  -0.00010745  0.000159107
657.36  168.807  0.000309028  -9.92564e-05  0.000125116
505.731  107.119  0.000523979  -3.34385e-06  0.0015069
276.788  129.332  0.000729642  -0.000281636  0.00191542
254.195  83.3221  0.000868504  -0.000207664  0.00147523
272.744  78.2431  0.000721633  -4.41244e-05  0.000857633
277.531  122.226  0.00101062  -0.00102732  0.00264151
179.085  121.57  0.000215085  0.000101412  0.000648583
178.727  130.966  0.000200382  5.76479e-05  0.000403913
177.335  153.731  0.000175503  1.81368e-05  0.00017779
178.813  170.808  0.000173773  6.25517e-06  0.000112385
278.853  131.37  0.000673159  -0.000223029  0.000682667
252.11  70.7009  0.000940276  -0.0005002  0.00127033
418.449  97.9966  0.00104157  -0.0003053  0.000401847
210.504  135.694  0.000914803  0.000259742  0.000312635
240.075  107.684  0.000310616  0.000205785  0.000782871
253.56  105.475  0.000208309  0.000179917  0.000766207
229.206  120.626  0.000436886  0.000193885  0.000265209
454.703  110.938  0.000176696  3.53269e-05  0.000736008
420.832  114.675  0.000366623  -6.83386e-06  0.000583371
445.675  118.227  0.00170076  -2.44212e-05  0.00048715
435.247  117.201  0.000771643  -1.20346e-05  0.000511945
428.175  132.178  0.000511722  -7.74527e-06  0.000267711
425.52  156.095  0.000442027  -6.3544e-06  0.000128845
371.997  171.043  8.54431e-05  -1.44315e-06  9.03894e-05
113.982  131.003  0.000280291  4.3411e-05  0.000123641
421.555  110.321  0.000379326  -1.35903e-06  0.00123968
212.374  60.2116  0.000856763  -0.000294791  0.0014054
198.968  62.0035  0.000399659  -0.000109194  0.00121918
180.013  69.1851  0.00132642  -0.000944669  0.0017579
241.187  149.095  0.00021892  -0.000108936  0.000143817
64.1197  59.0094  0.00228853  -0.000273449  0.000677008
76.9157  70.7412  0.000938468  -0.000308763  0.00055826
104.941  124.623  0.000244426  -8.26904e-05  0.000148643
517.729  90.4413  0.00154166  -0.000722057  0.000652807
105.903  118.738  0.000274766  -6.33166e-05  0.000136155
315.807  116  0.00182844  0.00153511  0.00205993
308.971  112.094  0.000914345  0.000591593  0.000996372
275.572  86.2285  0.000974725  0.000289527  0.000538945
207.885  95.4152  0.000370846  -0.000119622  0.000208297
67.9866  60.1384  0.00122507  -0.000303256  0.000755754
62.1328  171.035  0.00135507  0.000170903  0.000433428
