1.0
324
677.671  490.74  0.00176192  9.68985e-05  0.00569883
409.042  475.592  0.00653958  0.00318747  0.00463032
160.658  441.379  0.00255929  0.00138141  0.00178135
363.496  438.07  0.000608773  0.000470708  0.00223632
195.952  435.39  0.0142244  -0.00134063  0.00182285
203.523  430.393  0.00347874  0.000930626  0.00160245
356.506  445.988  0.000508312  0.000524223  0.00243497
408.126  437.41  0.000424303  1.52861e-05  0.00141179
401.624  430.649  0.000625656  7.25445e-05  0.000880771
379.29  427.907  0.00489953  0.000817224  0.000913929
383.751  444.769  0.00204367  0.000968072  0.00449917
562.867  439.877  0.00234964  -0.0027732  0.011278
93.5014  441.56  0.000404962  -5.83067e-05  0.000433862
32.4539  437.903  0.00563266  -0.000243915  0.00117242
233.297  428.157  0.00164427  -0.000694416  0.00414292
243.667  435.059  0.00077955  -0.000369277  0.00219855
245.999  444.094  0.000652076  -0.000171623  0.00103575
187.524  410.559  0.00138896  -3.0666e-05  0.00368123
280.743  419.693  0.00100255  0.000444142  0.00469219
286.213  422.844  0.000607335  0.000217364  0.00327466
233.14  399.977  0.000403819  -0.000175394  0.00144025
414.895  399.256  0.000292278  -0.000148379  0.00194205
428.459  378.051  0.000513569  -7.34911e-05  0.000420355
418.155  354.559  0.00047607  -0.000237015  0.000539469
188.748  402.945  0.00197432  0.00149364  0.00468158
189.36  406.504  0.00173762  -0.000269813  0.00603823
235.151  398.169  0.00028612  9.69259e-05  0.000857887
150.924  369.294  0.00136544  -0.000485948  0.000891754
153.185  378.732  0.00123015  -8.62663e-05  0.00106662
148.052  388.74  0.000985026  0.000446258  0.00123995
124.884  376.973  0.000370146  2.21253e-05  0.000356943
607.803  414.487  0.00208454  0.000756218  0.002422
616.499  418.393  0.00125554  -0.000243469  0.0017933
438.274  355.818  0.00177515  -0.00101492  0.00132431
425.314  351.708  0.000781402  -0.000495303  0.000950623
66.8535  419.844  0.000485384  -6.4187e-05  0.000874312
499.715  373.052  0.000650289  0.000483763  0.00181397
498.368  365.743  0.000534168  0.000302235  0.000988364
493.387  363.661  0.000414799  0.000241767  0.000804785
496.745  374.069  0.00100715  -0.000666218  0.00266446
502.254  371.652  0.000656213  -0.000449473  0.00197435
492.623  367.701  0.00106893  -0.000629042  0.00161989
502.786  380.081  0.000836444  -0.00068107  0.00338144
478.783  363.146  0.00321108  -0.0016964  0.00166116
34.3511  380.609  0.00220604  0.000314571  0.00703152
133.346  371.338  0.000367203  -0.000402747  0.00166389
117.191  360.661  0.00303864  0.000654154  0.00140491
150.379  378.856  0.000451558  -3.68096e-05  0.00209626
104.419  354.941  0.00118025  -0.000107688  0.00125683
51.0274  373.717  0.00252893  -0.00212652  0.00982894
52.8201  370.104  0.00195993  0.000193586  0.00682823
51.2142  366.941  0.0027098  0.00225563  0.00858879
66.2584  367.153  0.00540567  0.00499395  0.00759043
538.738  402.044  0.0019158  8.52205e-05  0.0014001
569.479  389.318  0.00546787  -0.00213746  0.00331731
573.599  398.433  0.00390703  -0.00128595  0.0015734
576.988  390.841  0.00242329  -0.00157646  0.0035477
569.875  396.696  0.00638537  -0.00126965  0.00112446
588.813  382.915  0.000773518  0.000164754  0.00187067
99.3594  394.453  0.000388919  -0.000136049  0.0012909
52.8343  376.314  0.00202442  -0.00175378  0.00683577
67.8423  366.612  0.0008705  0.000588205  0.00263916
37.4572  401.586  0.00258386  -0.000221171  0.00201015
61.7995  362.529  0.00236975  -0.000666031  0.0101387
80.1634  360.816  0.000558031  -9.70668e-05  0.00433825
87.191  374.969  0.00189301  0.00101481  0.00129986
118.771  353.438  0.00408652  0.00348241  0.00612718
72.4505  345.03  0.00239511  -0.0013993  0.00203371
328.228  338.808  0.000922562  -0.000378776  0.00307492
325.615  341.534  0.000749389  -0.000290665  0.00221491
326.016  356.47  0.000631826  -0.000175594  0.000712449
318.043  357.996  0.000414342  -5.79842e-05  0.000555878
455.147  296.267  0.000898738  -0.000766323  0.00174618
455.468  288.159  0.000589444  -0.000500231  0.00106116
72.7837  336.982  0.00252282  -0.00174851  0.00348436
462.131  304.832  0.00352426  0.00395075  0.00895689
458.426  303.487  0.00251514  0.00167665  0.0052867
442.754  288.892  0.0016435  -0.00086046  0.0015624
240.524  309.775  0.00268117  -0.00300909  0.00645446
233.658  272.053  0.000401589  -8.71618e-05  0.000431593
523.848  327.724  0.00479106  0.00519764  0.0101982
439.6  294.616  0.00131486  0.00088827  0.00164346
458.376  293.127  0.000443274  0.000347875  0.00129217
431.362  294.151  0.00308648  0.0019788  0.00223714
437.278  288.502  0.00232694  0.00148833  0.00163314
442.532  287.732  0.00146726  0.000955259  0.00128564
449.422  286.541  0.000917135  0.000612894  0.0010444
459.173  282.439  0.000591237  0.000403228  0.000797101
425.165  325.897  0.00559377  0.000487745  0.00142254
428.169  341.387  0.00227703  3.21539e-05  0.000655042
436.2  367.652  0.000846607  -0.000101812  0.000295495
402.431  291.014  0.00222029  -0.00172083  0.00221748
408.532  303.949  0.00147384  -0.000929367  0.00316632
440.35  289.813  0.00205112  -0.0012844  0.00229592
458.338  296.624  0.000926647  0.000342021  0.00545894
448.215  290.618  0.00112541  -0.000506315  0.00256942
459.929  288.273  0.000537487  -3.02068e-05  0.00215935
433.843  290.057  0.00446068  -0.00333714  0.00432379
447.447  284.942  0.00139676  0.000593934  0.000892031
460.846  279.598  0.000640855  0.000299074  0.00065222
468.719  276.006  0.000456917  0.000222906  0.000553465
396.127  315.263  0.00315634  0.00238414  0.00871443
389.089  316.871  0.00169902  0.00172507  0.00770141
387.326  320.164  0.00155616  0.00122982  0.00466705
396.143  330.665  0.00704917  0.00279282  0.00220692
393.231  331.097  0.00444973  0.00183032  0.00185227
382.039  345.125  0.00211628  0.00086596  0.00085002
375.519  303.275  0.000700373  -0.000290036  0.000941916
385.37  320.525  0.00136807  0.000228174  0.000616469
449.073  306.479  0.000921931  0.000955501  0.00581457
401.549  317.822  0.00475486  0.00238045  0.00516347
402.92  322.791  0.00816335  0.00328319  0.00339558
398.006  304.377  0.0022998  -0.000494939  0.00234873
382.541  305.108  0.000860309  -0.000311428  0.00107431
428.708  322.949  0.00343593  0.000487501  0.00142997
438.61  318.605  0.00226108  -0.00108718  0.00278938
440.743  324.092  0.00157567  -0.00066299  0.0018196
439.427  331.404  0.00120607  -0.000215425  0.00100939
443.86  321.287  0.00182791  -0.0013477  0.00287042
448.502  320.559  0.00221507  -0.00239726  0.0044815
446.856  334.389  0.000889757  -0.000398245  0.00105883
469.356  285.19  0.000374006  4.46991e-05  0.00206406
445.828  289.24  0.0011548  -0.00141648  0.00401395
279.927  280.124  0.0016117  -0.000699965  0.00215067
203.787  325.31  0.00437464  0.000239395  0.000847044
208.927  325.271  0.00228917  9.22212e-05  0.000861188
107.982  315.427  0.00208012  -0.000945739  0.00112662
114.943  314.172  0.00110302  -0.000417747  0.000804651
430.689  322.456  0.00125835  -0.000557611  0.00220678
158.848  265.708  0.000904732  -0.00112242  0.00275002
185.335  285.972  0.00392569  0.000875666  0.00183299
643.483  250.803  0.00277389  0.000721936  0.00171595
218.335  259.438  0.00123917  0.000374499  0.00711106
198.647  257.353  0.000574629  0.000688038  0.00235115
164.621  269.782  0.00508266  -0.00136588  0.00452775
137.254  277.938  0.00267226  -0.000344183  0.00301624
134.481  275.232  0.00214759  -0.000289611  0.00269656
333.419  288.665  0.00063637  0.000554152  0.00160411
611.438  268.181  0.00351084  0.000457873  0.00418436
644.585  278.144  0.00307696  -0.00076459  0.00196214
647.037  272.085  0.00215611  -0.000931712  0.00407061
413.462  273.195  0.000855102  -0.000702271  0.00277703
227.988  260.417  0.00330101  -0.00282297  0.00485948
405.451  265.676  0.00111873  0.000651632  0.00482679
420.16  276.532  0.00114013  -0.000843924  0.00193896
333.508  267.302  0.00412985  -0.000102798  0.00155572
651.293  248.31  0.00233353  0.0021736  0.0121034
659.212  249.013  0.00115086  0.000514199  0.00884102
663.019  245.2  0.00123054  0.00122955  0.00595342
154.927  215.437  0.000441328  0.000265471  0.00254923
151.821  211.506  0.00032436  9.32281e-05  0.00183423
144.386  206.094  0.000236458  -4.97339e-05  0.0012917
656.613  214.34  0.0014988  -0.00156413  0.00268438
635.795  204.477  0.000657559  -0.000739572  0.00148542
317.447  231.36  0.00207336  -0.000173396  0.0115351
324.679  237.495  0.00139115  -0.000426729  0.0037798
334.171  234.318  0.000668665  4.93772e-05  0.00506346
595.693  258.849  0.00227584  0.00142103  0.00159444
617.533  213.55  0.0025328  0.00145711  0.0062959
623.655  201.6  0.00273011  0.00155247  0.00225226
424.557  218.045  0.00103443  -0.00108331  0.0070049
553.315  247.773  0.00106367  0.000659589  0.00138451
596.149  257.892  0.0024013  0.00128247  0.00117092
616.99  234.944  0.00200766  -0.000516973  0.00275062
569.587  232.977  0.00140946  0.000796802  0.00167375
562.157  238.89  0.00104994  0.000601574  0.00113602
609.064  240.014  0.00167363  0.000198275  0.0014159
623.454  238.705  0.00129566  -0.000984005  0.00242851
631.035  244.004  0.00101169  -0.000984597  0.00214956
569.282  235.283  0.00234307  0.00125908  0.00170384
553.209  248.863  0.00110337  0.000595197  0.000770586
161.877  183.207  0.0017171  5.01498e-05  0.000399638
156.266  182.736  0.00107639  2.57818e-05  0.000394267
139.812  194.286  0.000425293  -1.29182e-05  0.000743049
635.569  211.549  0.00181539  -0.0015515  0.00345075
640.163  212.396  0.0014215  -0.00126175  0.00276146
526.072  201.132  0.00179269  0.00180972  0.00345765
434.989  236.216  0.000771793  0.000851664  0.00192372
440.258  226.61  0.000393971  8.69578e-05  0.00107109
382.167  224.569  0.00488841  -0.000467524  0.000900883
265.866  223.594  0.000614489  -0.000300195  0.00127744
282.167  237.969  0.000595646  -0.000420864  0.000755774
219.041  164.497  0.00083974  -0.000966411  0.00213705
350.008  208.858  0.00445694  0.00113643  0.000993543
354.213  197.275  0.00354509  0.00132921  0.00196711
354.369  216.284  0.00220153  0.000591349  0.000573788
349.247  227.105  0.0030306  0.000626246  0.00056933
336.833  151.377  0.00416555  -0.0019996  0.00290881
335.814  157.606  0.00250497  -0.00123518  0.00473182
331.604  160.51  0.00144781  -0.000761635  0.00708645
321.453  148.258  0.00102892  -0.000504982  0.00172717
311.789  155.412  0.000474699  -0.000260548  0.00331062
341.727  171.937  0.00231677  -0.000674591  0.00400286
346.121  172.913  0.00368779  -0.00139878  0.00371355
337.077  179.613  0.00110711  -0.000330369  0.00184736
336.842  169.606  0.00180431  -0.000141928  0.00189273
344.099  167.711  0.00410043  -0.0012886  0.00229331
347.946  174.05  0.00450584  -0.00176919  0.0017859
336.682  180.084  0.00114802  -0.000210276  0.000954908
293.576  127.157  0.00051606  0.000200029  0.000581554
333.148  170.986  0.00120997  -0.000173898  0.00134391
136.104  118.004  0.000943555  -0.000556568  0.00139653
352.091  98.1735  0.00258134  -0.000218121  0.000399994
159.619  108.625  0.00238297  -0.000324043  0.000388183
439.838  154.624  0.000605413  -0.000488882  0.00466151
175.267  140.461  0.00413155  0.00231446  0.0049389
445.647  122.203  0.00095348  0.00080361  0.00346118
294.604  126.427  0.000537219  0.000248122  0.000872534
356.968  167.661  0.0024492  -9.02411e-05  0.000399813
359.201  157.26  0.00182636  -8.05511e-06  0.000654285
364.363  155.856  0.00117207  3.6891e-05  0.000672761
414.959  93.513  0.00289562  -0.000880993  0.000701611
439.087  98.8425  0.000547262  -0.00026775  0.000505263
496.502  148.81  0.000553044  0.000473487  0.000931049
700.482  137.755  0.000906295  -0.000380878  0.00360171
698.429  141.555  0.000752488  -0.000276729  0.00226367
118.695  141.002  0.00257635  -0.00155689  0.00240756
116.145  134.099  0.0021704  -0.00133697  0.00381045
117.78  130.751  0.00153119  -0.000981996  0.00541045
143.975  148.87  0.000542617  -0.000335497  0.00104001
146.463  159.764  0.000677678  -0.000410489  0.000701097
120.884  127.843  0.00109448  -0.000211554  0.00336933
510.079  83.3351  0.00201243  0.000147025  0.000888269
91.7637  134.235  0.00346186  -0.000646856  0.000926143
201.275  162.706  0.00101332  -0.000612784  0.000741189
157.25  74.799  0.00293519  -0.000415975  0.00077171
325.786  146.984  0.00164855  0.000385253  0.00069783
333.266  161.203  0.00171389  -9.2812e-05  0.000321661
545.492  101.855  0.00271684  -5.51302e-05  0.00534868
553.873  100.383  0.00124324  -0.000268257  0.00747022
202.696  84.4251  0.00274017  0.000257  0.000928146
212.381  97.7538  0.0013392  2.14472e-05  0.000338492
209.043  65.8784  0.00266229  0.00200864  0.00284587
219.593  80.571  0.000895322  0.000280795  0.000520803
223.269  60.4473  0.00136094  0.00114892  0.00158975
431.077  104.005  0.000739201  0.00089693  0.00244287
270.509  77.4202  0.00108327  0.000298781  0.00709357
255.878  67.504  0.00582738  0.000504739  0.00183478
269.56  66.8391  0.00123435  0.000148697  0.00176527
259.861  64.9583  0.00331421  0.00029985  0.00146485
273.872  64.387  0.000912191  0.000113778  0.0014327
214.258  87.7481  0.00170411  0.00194842  0.00479112
435.907  104.733  0.00057013  0.000590447  0.00165942
178.1  89.9511  0.00552856  -0.00116608  0.00112173
142.398  73.2282  0.00237733  -0.00118723  0.0020507
174.343  83.118  0.00743753  -0.0019651  0.00158581
353.647  87.1927  0.00517485  -0.000781597  0.00112444
355.416  97.1505  0.0046071  -0.000615616  0.000634721
361.223  73.283  0.00200694  -0.00150731  0.00593481
365.774  75.7741  0.00142105  -0.0011687  0.00466537
371.015  98.2779  0.000995163  -0.000251321  0.000677502
383.667  91.0629  0.000512376  -0.000346085  0.00133829
364  90.7256  0.0020443  -0.00045035  0.0010045
365.167  81.4581  0.00172241  -0.000684107  0.00224058
371.87  90.291  0.00107687  -0.000375695  0.00116279
383.135  85.3237  0.000614294  -0.000564227  0.0022646
156.283  77.2536  0.0033036  -0.000620806  0.00184963
154.681  91.8152  0.00406934  5.28229e-06  0.000674061
350.216  82.1604  0.00876882  -0.000714015  0.001159
371.861  99.5079  0.000928145  -3.16916e-05  0.000339492
197.954  62.0103  0.00259412  -0.00129732  0.00308583
199.714  57.0009  0.00152612  -0.000606821  0.00196156
225.092  67.1058  0.000971249  0.000246248  0.0012233
231.433  61.916  0.000807643  0.000413721  0.00109783
283.823  89.3218  0.000798661  -0.000471654  0.00101989
491.613  42.1132  0.000970329  -0.000735879  0.00218721
259.834  41.3883  0.0029541  0.000134823  0.000935404
264.445  36.8241  0.00609178  0.00195923  0.00195486
292.658  27.403  0.00062839  0.000519216  0.00249289
240.83  22.3668  0.00345528  -0.000392568  0.003081
197.107  40.4662  0.00421539  0.00103334  0.0017434
360.894  466.482  0.00250831  0.00077507  0.00264872
246.731  443.229  0.00269102  0.00222189  0.003511
267.215  453.868  0.000405693  -6.48229e-05  0.000904077
383.766  432.66  0.00282643  0.000604171  0.0012067
395.089  432.608  0.00102726  0.000120191  0.000921984
190.948  404.861  0.00176784  0.00116614  0.00292306
217.936  394.657  0.000623171  0.000475789  0.000993871
188.5  396.548  0.000985721  -1.36515e-05  0.000753483
207.214  397.194  0.000429149  -8.1572e-05  0.00042654
226.184  406.986  0.000261199  -0.000141049  0.000378653
545.126  397.861  0.00140482  0.000205165  0.0017858
609.603  401.714  0.000605431  2.0869e-05  0.00497534
442.749  368.236  0.000280131  0.00028544  0.00126608
403.212  391.523  0.000178367  -2.50272e-05  0.000415911
38.9353  394.176  0.00184276  -0.000127437  0.00340115
38.0317  399.434  0.00185027  0.000115852  0.00190528
206.047  394.045  0.000579761  -0.00027476  0.00342866
210.559  399.009  0.000420852  -0.000141433  0.00208854
191.917  388.012  0.000914821  -0.000518889  0.0064078
205.1  402.875  0.000327373  -5.37795e-05  0.00139166
481.875  362.215  0.000281598  0.000129754  0.000264233
462.637  382.663  0.000194357  0.000117648  0.000499222
375.9  331.035  0.00489042  -0.000708997  0.000784858
368.961  336.063  0.00196328  -6.4433e-05  0.000704978
431.973  356.622  0.000552218  -6.59108e-05  0.000832247
442.368  357.174  0.00034236  -2.5363e-05  0.000764526
326.799  351.008  0.000187026  6.28025e-05  0.00132714
340.504  393.223  0.000209616  -3.085e-05  0.000180814
367.299  334.325  0.00163805  -0.000118994  0.0012932
361.06  335.75  0.00099328  2.24618e-05  0.00129532
354.13  342.521  0.000637544  0.000247582  0.00209104
319.129  313.46  0.000188947  8.56348e-06  0.000269582
507.65  336.95  0.000290961  0.00035259  0.00128723
487.322  335.901  0.000138548  0.000162361  0.000850807
405.214  246.135  0.000715157  0.000897467  0.00396495
266.901  233.929  0.000398142  -7.34143e-05  0.000702174
289.354  238.812  0.00155574  0.000103311  0.000698921
576.141  125.99  0.000226037  0.000150517  0.000400263
566.789  112.641  0.00034488  0.000148934  0.000241542
302.245  152.04  0.00106372  0.000571573  0.00117446
294.408  163.931  0.000933647  0.000572986  0.00269504
314.313  123.951  0.000922032  0.000472089  0.000473102
507.38  118.603  0.00083121  0.000161109  0.0012551
497.963  123.974  0.000562739  -5.70523e-05  0.00210236
482.693  123.253  0.000305853  -0.000189737  0.00233951
115.722  154.876  0.00300054  -0.000775402  0.000854586
143.491  158.044  0.000422171  -0.000119333  0.000599934
591.852  102.766  0.000403726  9.62449e-05  0.00165763
606.62  98.1582  0.000277673  0.000234709  0.00140726
191.801  73.7198  0.000661386  0.000181385  0.00109159
174.076  94.9313  0.000287357  6.38704e-05  0.000388878
190.003  103.329  0.000563587  3.54923e-05  0.000249483
176.405  110.291  0.000305117  3.28755e-05  0.000213159
