1.0
715
13.8387  343.735  0.0126963  0.00113186  0.0239889
12.839  444.282  0.0109795  0.00305821  0.00521019
21.3227  51.6997  0.0084491  -0.000513155  0.00826301
23.4524  165.231  0.00605907  0.00493327  0.0136645
22.4022  221.946  0.0107926  -0.00815286  0.00777199
19.9852  459.677  0.00918661  -0.00120247  0.00372854
25.1791  10.7313  0.0394085  0.00203731  0.0549938
24.0943  367.784  0.00702819  -0.00179014  0.00201087
32.4936  191.946  0.0127231  0.00350113  0.00524946
30.3676  305.068  0.00567887  -0.00209122  0.00891749
40.0402  299.129  0.0206665  -0.00618303  0.00393661
40.6229  442.475  0.00906073  0.00410297  0.0187593
44.5114  431.534  0.0111741  0.0028183  0.0144103
57.794  252.06  0.00166901  -0.000134429  0.00684718
49.8765  155.1  0.0245258  -0.000464806  0.00994034
48.6038  452.959  0.00164737  -0.00254142  0.0103039
53.078  326.029  0.0162903  -0.000104099  0.00358486
53.6828  294.03  0.00976318  0.00680536  0.0144682
46.0596  467.789  0.00397131  -0.00461529  0.0141049
62.5653  481.681  0.00927909  0.00425232  0.0120333
63.6628  305.66  0.00446104  0.00216711  0.00534691
78.1459  24.2392  0.00142156  -0.000825248  0.00382842
68.0918  144.381  0.00462495  0.00253164  0.0140684
76.9171  92.1459  0.0126373  0.0043126  0.00998708
76.5497  113.665  0.0110272  0.00123571  0.00738043
86.4913  481.872  0.00423005  0.000184929  0.00336881
84.9325  484.868  0.00578998  -0.000311209  0.00356962
83.2886  23.9029  0.0032371  -0.000872817  0.00343115
84.3158  298.368  0.0311131  -0.00498134  0.0231939
89.2117  371.054  0.034543  0.0139259  0.00949493
77.4776  460.96  0.00253498  0.000529678  0.00561759
107.252  296.512  0.00131218  0.000181912  0.0188356
98.9084  154.758  0.00201149  -0.00184104  0.00542475
114.16  222.544  0.00172109  -0.000473386  0.0056388
94.0959  408.316  0.00457016  0.00109196  0.00373277
104.271  414.645  0.0240931  0.000809956  0.0350172
107.747  53.6986  0.0289914  0.00247559  0.0144986
108.501  255.707  0.00191149  -1.56632e-05  0.00492639
104.599  437.189  0.00435005  -0.000551924  0.00299556
113.572  80.6524  0.0115853  -0.00458706  0.00689694
112.796  106.437  0.0159243  -0.00361587  0.00521276
113.194  490.339  0.0237886  -0.0104157  0.027225
100.487  219.438  0.00185704  0.000454225  0.00370209
118.992  365.163  0.0344883  0.0083202  0.0189892
122.103  287.685  0.0196904  -0.0030074  0.00564593
127.471  486.713  0.00261222  -0.000550608  0.0029562
120.281  183.762  0.00928354  0.00164025  0.00222752
126.351  375.068  0.0168989  0.000204381  0.00746795
129.288  456.741  0.00822132  -0.00810543  0.0174393
128.258  79  0.00138953  0.000537395  0.00275584
133.301  387.794  0.0229057  -0.00233504  0.0195536
133.641  333.132  0.00782646  0.00305947  0.0141825
126.468  428.884  0.00461993  -0.00275233  0.00364657
149.184  123.925  0.00324014  0.00149888  0.00405377
153.528  172.342  0.00395771  0.000871433  0.00498281
139.282  480.927  0.0366283  -0.0124859  0.00866081
145.59  34.1186  0.0164972  0.00186338  0.00374919
139.463  272.558  0.00260906  -0.000369753  0.00273166
147.234  479.32  0.0280455  -0.0128915  0.0104094
145.558  357.242  0.0200759  -0.0171863  0.0185963
147.544  54.8165  0.0139679  -0.00249436  0.00523003
149.668  168.302  0.00515215  -0.000443974  0.00298157
160.266  48.2896  0.0101241  0.00335759  0.00886312
164.778  194.402  0.0171394  -0.00246943  0.0143956
159.267  332.473  0.00528657  -0.000837673  0.0128441
165.562  373.488  0.00924929  -0.00189735  0.00605714
192.414  334.902  0.00202142  0.000407403  0.00429401
166.109  275.28  0.00365171  -0.0021393  0.0144088
180.182  65.6941  0.016829  -0.00377502  0.0151081
171.051  417.699  0.00404258  -0.000847789  0.010102
195.587  357.9  0.00227696  8.69915e-05  0.00565182
191.217  370.448  0.00275141  -0.000153932  0.00349637
192.072  472.901  0.00776727  0.00251088  0.00580739
186.972  394.425  0.0149293  -0.00837263  0.00941792
187.084  361.371  0.0065129  0.00264445  0.00214458
195.37  112.196  0.0148762  -0.00176325  0.0134848
207.648  268.263  0.00288699  0.000536718  0.00285976
197.3  331.367  0.00957605  -0.000635953  0.0031356
195.4  208.374  0.0300371  0.00477351  0.0231335
203.21  293.34  0.00876659  0.00304292  0.0106353
204.629  233.459  0.0109595  -0.00640641  0.0105963
203.35  423.743  0.00232104  -0.00137983  0.00680712
206.652  462.117  0.00498462  -0.00104182  0.00862803
217.662  222.084  0.0188394  0.00485095  0.00358333
207.425  265.734  0.0164331  -0.00801097  0.00582689
197.903  376.496  0.00169463  0.00336466  0.0240921
223.031  89.2667  0.00952179  -0.00399225  0.0156943
235.199  178.757  0.0103233  -0.00930283  0.0146159
221.637  350.827  0.00543931  -0.00302916  0.0039645
228.721  285.05  0.0172288  0.000285094  0.00443947
238.581  436.058  0.00674674  0.00193553  0.0135076
230.659  407.074  0.00670529  0.00123963  0.00675848
237.479  252.043  0.0317481  -0.00256087  0.00489937
251.342  110.984  0.00264951  0.000378048  0.00362076
249.773  273.994  0.00187222  0.00090655  0.00718445
251.083  500.352  0.0204726  0.00298418  0.0178039
254.227  260.241  0.00645991  -0.00608935  0.0205753
255.148  420.736  0.0251977  0.0058624  0.00560795
259.567  455.376  0.0126719  0.000854368  0.00625369
260.888  310.15  0.0222704  -0.0203409  0.0258235
275.087  73.9962  0.00369558  -0.000145722  0.00131491
261.604  299.129  0.00916415  -0.000874052  0.0143876
272.89  73.6663  0.00794801  -0.000143915  0.00101396
269.509  26.3935  0.0261686  0.00507486  0.00444319
261.998  273.722  0.000852862  -0.000822606  0.0124624
287.364  105.067  0.00160812  -0.00157847  0.00558101
272.412  230.321  0.00560844  0.00562614  0.0249204
277.924  448.41  0.0270067  0.00109631  0.0307322
273.433  81.415  0.00351071  0.000220244  0.0023352
286.215  350.61  0.00810736  -0.00017526  0.00298767
284.298  395.399  0.0067155  -0.00365886  0.0190866
291.724  282.941  0.0216503  -0.00754809  0.010617
301.781  375.527  0.0202496  -0.0186514  0.0227027
295.842  175.05  0.035647  0.00730663  0.0136964
296.069  267.54  0.0233709  0.00515975  0.0117836
303.313  241.462  0.00592722  -0.00269686  0.00288564
296.051  346.01  0.0216453  -0.0026658  0.00763523
315.31  190.625  0.00332931  -0.00140778  0.00382511
296.436  210.657  0.0115369  0.000775226  0.00218674
304.563  43.0517  0.0192549  0.00356239  0.0135345
305.793  344.095  0.030873  -0.00160391  0.021221
304.231  47.4949  0.023375  -0.00164376  0.00333615
311.948  306.678  0.00586804  -0.000684547  0.0195429
305.591  242.457  0.000657448  0.000788244  0.00966162
312.934  91.7931  0.0363892  0.00173651  0.0015326
311.432  190.718  0.00983608  -0.0074802  0.0189848
313.624  331.63  0.0211193  0.00427638  0.00790966
317.484  119.851  0.0241479  0.000797368  0.00656473
313.976  291.106  0.0119196  -0.00202909  0.0183684
325.237  480  0.00697744  0.00515858  0.0140134
315.538  26.6067  0.00407627  -7.80604e-05  0.0064463
319.726  210.835  0.0343101  0.00789294  0.00330868
326.587  355.887  0.0267841  0.0118718  0.0176307
329.024  148.338  0.0175423  0.000739549  0.00447054
325.939  474.768  0.00769527  0.00304417  0.00582183
330.817  53.3069  0.00382003  0.00166102  0.00396092
339.373  133.714  0.00706132  -0.0018928  0.00650364
352.377  421.791  0.00162078  -0.000636739  0.0089955
340.014  217.99  0.00125613  -0.00030915  0.00243597
337.744  156.711  0.00902262  -0.00514425  0.00565384
352.889  51.6429  0.00382279  -0.0018125  0.00432853
340.484  327.601  0.00709865  0.000766142  0.00958365
347.819  244.089  0.0149106  -0.0114408  0.0126365
353.528  458.362  0.00228546  -0.0002089  0.00366683
347.633  164.347  0.0124124  -0.00198149  0.00605066
333.45  147.393  0.00196575  0.00102627  0.006818
348.358  54.0685  0.00621794  -0.000146553  0.0022689
344.222  313.885  0.00267624  1.60861e-05  0.0106528
338.333  120.541  0.00171219  0.000919958  0.00509276
359.532  273.164  0.00566196  -0.00276822  0.0155056
356.163  373.681  0.0246864  -0.00777626  0.0128608
357.149  83.2388  0.00438795  0.000527834  0.00898387
365.347  231.62  0.0353834  -0.00628604  0.0129339
364.658  147.073  0.0198859  0.00738348  0.00438044
366.242  299.09  0.0210534  0.00628039  0.0142121
371.073  72.4658  0.0158419  -0.00607374  0.0116853
379.487  215.302  0.00822015  0.00455917  0.00436502
361.172  452.567  0.00946857  -0.00612516  0.00609853
370.73  179.662  0.0049857  -0.0010995  0.00121482
364.548  167.332  0.00686462  0.000792589  0.0027882
373.591  332.312  0.0152677  0.000984994  0.00128574
384.134  400.457  0.00916826  0.00433614  0.0047364
369.947  197.384  0.00325616  -0.00013887  0.001333
394.188  237.855  0.0124924  0.00647277  0.00541825
387.451  398.414  0.00100597  0.000277454  0.00344272
388.558  315.23  0.00274584  -0.000447013  0.00517444
378.592  344.012  0.00315364  0.00129913  0.0166854
391.798  419.451  0.00376092  0.00106801  0.00440784
395.697  99.2663  0.0156395  -0.00211482  0.00298583
393.323  401.323  0.027833  -0.00754371  0.00975156
399.837  297.182  0.0106761  0.00360397  0.00569843
395.256  368.718  0.036552  0.00721976  0.018696
402.87  32.0168  0.00952305  -0.00604759  0.0165435
403.563  454.526  0.0327814  0.0115379  0.0056016
398.753  123.124  0.00420523  -0.000728105  0.0254384
407.622  269.399  0.0145567  0.00524542  0.0289268
400.555  429.344  0.0159863  -0.0117595  0.0110377
409.281  455.455  0.00115718  0.00021153  0.00296244
417.838  360.564  0.00390036  -0.00115462  0.0193766
428.532  175.385  0.00397995  -0.00359664  0.00957474
424.441  228.047  0.00123575  0.000517394  0.00349715
416.651  97.0175  0.0274736  4.53616e-05  0.00166268
420  32.4663  0.0135275  0.00202753  0.0143463
440.174  401.035  0.00230385  -0.00329538  0.0160811
423.885  128.475  0.0200732  -0.00477736  0.00440157
426.19  93.9198  0.031879  -0.00467663  0.00583041
432.355  75.9565  0.0246348  0.000970329  0.0170522
428.748  412.397  0.00397593  0.000138669  0.00715555
432.393  214.126  0.0142895  -0.00311759  0.0105584
437.515  369.396  0.00804047  0.000351479  0.00144768
435.453  292.032  0.0127576  -0.0036555  0.0103231
452.732  328.912  0.00222464  -0.000356731  0.00406827
443.701  420.862  0.0023903  -0.00114119  0.0039304
447.055  247.308  0.027105  -0.00469664  0.0038669
448.9  218.832  0.0133536  -0.00405887  0.0125093
458.508  162.2  0.0051921  -0.00439561  0.0119234
448.636  258.686  0.0336527  -0.00785753  0.0175239
447.921  408.379  0.00867366  -0.000818223  0.00264051
458.118  225.441  0.0353322  0.00730514  0.0158554
447.477  325.867  0.00278789  -0.000654029  0.0059796
468  448.503  0.00273591  -0.00234593  0.0201061
462.502  259.251  0.00349861  0.00157161  0.00856544
464.351  414.13  0.00710977  0.00248501  0.017288
474.35  212.763  0.00331585  -0.00442087  0.0165831
467.593  290.088  0.0274051  0.00876846  0.00852991
478.893  277.906  0.00225005  -0.000437255  0.0210428
472.536  242.734  0.0148186  -0.00559975  0.0130392
471.937  192.981  0.0301461  0.00347712  0.0115626
476.753  492.877  0.0311037  0.000176645  0.0465778
481.845  441.443  0.00118096  -0.00132255  0.00537075
478.806  190.129  0.0260944  -0.000474045  0.00622967
482.476  240.973  0.030717  -0.00427931  0.0120523
482.602  384.385  0.0117365  -0.00618691  0.0109443
478.101  470.324  0.00217292  0.000973739  0.00320305
484.847  493.587  0.0172474  -0.00913137  0.0187524
484.887  79.6443  0.00518372  -0.00019472  0.00148128
496.559  232.862  0.00882391  0.000306168  0.0122217
496.593  13.4322  0.0273348  -0.0108247  0.0251944
494.446  246.055  0.00563382  -0.000398217  0.0124874
497.641  417.128  0.0255597  -1.07946e-05  0.00215841
497.562  290.44  0.00604004  0.000802251  0.00264006
502.779  381.069  0.0298608  -0.00549794  0.00396691
500.528  75.9419  0.0044789  0.00225679  0.00586416
506.177  443.901  0.013317  0.00362012  0.00301916
493.579  358.885  0.00201636  0.000344903  0.00485703
519.739  343.12  0.00357019  -0.00381324  0.0103433
506.507  228.799  0.0175331  -0.00766225  0.00796899
509.603  327.704  0.0127189  0.000951479  0.0085559
505.68  316.088  0.013661  0.00390724  0.0171376
509.765  68.0588  0.0389784  -0.00179036  0.00188582
514.812  292.205  0.0046172  0.00345487  0.0212251
512.872  404.577  0.00832619  -0.00265791  0.00878445
520.526  154.322  0.00353003  0.000994799  0.00219526
506.956  114.856  0.00292867  -0.00127242  0.00217217
507.777  124.838  0.00399318  -0.00259393  0.00656207
516.643  438.285  0.0203257  -0.000990662  0.00377176
522.467  156.263  0.00195314  6.38233e-05  0.00244832
527.203  60.2736  0.0171098  -0.00476449  0.00568136
527.104  39.0208  0.0159374  -0.0132836  0.0336714
525.627  168.507  0.0172261  -0.00481188  0.0273802
524.011  388.384  0.0186623  -0.000793258  0.00192175
531.076  444.619  0.00922859  -0.00390537  0.0065605
525.94  343.225  0.0210871  -0.000174856  0.000866543
531.125  80.5476  0.00948331  -0.00450691  0.0292804
534.393  91.0196  0.0114155  -0.00342457  0.0153226
545.006  260.577  0.0039344  -0.00299239  0.00537606
537.944  390.646  0.00548414  -0.00312732  0.004705
532.726  21  0.0115697  0.000868435  0.00215102
529.701  184.177  0.00112366  -0.00118041  0.00374904
543.033  316.616  0.00432775  0.000212158  0.00183152
543.593  294.771  0.00988379  -0.00705044  0.00850214
535.879  266.327  0.00505628  -0.00055939  0.00577004
538.111  119.08  0.00251483  -0.00122287  0.00473385
539.6  347.861  0.00721287  -0.00165351  0.00302454
544.639  361.968  0.0106594  0.000403557  0.00771973
549.756  397.301  0.0177015  0.000984516  0.00391285
548.533  406.507  0.00336247  -0.000117247  0.00231861
556.273  13.9398  0.0221577  0.00106543  0.00706038
550.368  251.235  0.000668879  -2.00128e-05  0.00340989
559.099  379.635  0.0204521  -6.13467e-05  0.00457473
559.7  462.899  0.00893194  -0.0102728  0.0144321
567.279  403.853  0.00408459  0.00106786  0.00469289
575.341  457.691  0.0037425  -0.00147503  0.00669293
567.778  303.977  0.0165002  0.00718674  0.00629116
572.855  205.822  0.0358425  -0.00717831  0.00233866
574.586  41.8422  0.00455216  0.000104646  0.00114861
577.329  52.5414  0.00324874  0.000812226  0.0033094
574.954  76.5756  0.00240173  0.000569185  0.00177896
578.788  259.914  0.00739606  6.59562e-05  0.00119246
581.556  196.479  0.0141807  -0.00141298  0.000898228
574.433  336.159  0.00157923  -0.000589681  0.00145936
580.819  463.435  0.0149575  0.00784996  0.0117527
582.398  145.768  0.00425617  -0.000712026  0.00361674
594.445  209.224  0.00207263  -0.000527056  0.00227336
590.985  229.727  0.00671612  0.00590506  0.026469
595.48  119.04  0.0315412  -0.00937915  0.00885096
597.267  180.202  0.00113736  4.63832e-05  0.00256695
589.46  401.634  0.00367027  0.00485326  0.0100374
600.626  168.645  0.0323475  -0.000294308  0.0248516
620.344  420.62  0.00242891  -0.00196929  0.00831174
601.049  492.688  0.00480163  -0.00311762  0.0132791
599.334  134.365  0.0235501  -0.00651868  0.00462499
607.802  48.6818  0.00727991  -0.00683808  0.0114867
601.405  297.984  0.0185474  0.00670587  0.00581535
604.123  359.497  0.00686558  0.00347626  0.0114372
598.401  374.369  0.00398093  -0.00135144  0.0183206
608.182  369.566  0.0154225  -0.000800923  0.0298552
613.6  443.799  0.00641915  0.000281727  0.00275765
604.903  172.289  0.00493883  5.06877e-05  0.00136728
612.042  43.0211  0.0322911  -0.00600383  0.0124403
621.803  94.7545  0.00209159  1.80785e-05  0.01005
612.836  339.906  0.0175763  -0.0104427  0.0149316
616.497  259.73  0.0375474  -0.00488482  0.00318695
627.009  298.586  0.00348282  -0.0013888  0.00256122
618.082  149.963  0.0289288  -0.00152395  0.0153714
625.035  463.583  0.000894191  -7.17054e-05  0.00217179
611.294  114.633  0.00151956  -0.000151264  0.00257293
617.519  261.997  0.0221842  -0.00650559  0.00392727
635.312  322.06  0.00163834  9.12039e-06  0.00566789
624.454  395.278  0.00581329  -0.000553121  0.0157224
638.828  223.553  0.00263775  -9.9822e-05  0.00564359
612.594  414.148  0.0018902  0.000468087  0.0215904
630.561  65.4228  0.0321109  -0.00653996  0.0188832
629.626  103.104  0.0240289  0.000878073  0.0126904
633.979  52.625  0.0127688  0.00156066  0.00686638
626.722  255.575  0.00867246  -0.00198589  0.00307498
626.298  132.755  0.00140269  -8.46051e-05  0.0036066
640.471  351.44  0.00536793  0.00195499  0.00333643
645.22  188.674  0.00278461  -0.0016343  0.00316298
633.189  340.179  0.00838995  0.00281356  0.0285291
647.181  438.138  0.00283562  -0.00128779  0.00344404
641.154  258.303  0.0509001  -0.0044628  0.00250111
643.152  28.4596  0.0137665  -0.00290343  0.0165946
644.972  145.879  0.0301028  -0.0110219  0.00848324
650.066  270.514  0.00507653  0.0033883  0.014569
642.871  101.166  0.0114746  -0.00248833  0.00562104
649.39  414.862  0.0167998  0.00300706  0.00247394
648.335  216.293  0.0114148  0.000939885  0.0049099
662.513  221.058  0.00633752  -8.89948e-05  0.0035906
662.185  395.111  0.0105587  0.00229622  0.00610027
661.62  426.482  0.0117534  -0.00536051  0.00557024
664.703  92.8667  0.00602632  0.00236854  0.00204742
659.11  162.11  0.0153837  -0.00494879  0.0125816
662.147  205.446  0.0334811  0.00858321  0.00398388
655.739  140.783  0.00505091  -0.00214459  0.00725683
665.548  194.194  0.0314924  0.0105594  0.0101957
667.135  30.3226  0.0225219  -0.0104822  0.0155364
674.029  456.771  0.025676  -0.00146999  0.0337158
674.521  428.766  0.0341449  -0.0160383  0.0126556
678.819  154.427  0.00189916  0.00283282  0.00737839
684.845  23.0611  0.00250087  -0.000376004  0.00361434
676.513  419.221  0.00831094  -0.00736666  0.00937059
693.511  50.7019  0.0019643  -0.00110516  0.00718659
686.935  240.092  0.0187632  -0.00606926  0.00586184
685.041  180.539  0.00171422  0.000269667  0.00101764
679.335  265.394  0.00276339  0.000522638  0.00125898
685.558  307.451  0.010796  -0.000401806  0.00326861
694.456  215.32  0.00589131  -0.0015977  0.0123691
694.662  57.9749  0.00228928  -0.00177441  0.00283668
686.526  120.229  0.00261395  -0.00213808  0.0114077
703.118  100.693  0.0017859  0.0017179  0.00470114
693.186  444.502  0.0196694  -0.0124661  0.0160717
691.529  174.261  0.00132793  0.000540123  0.00308172
689.151  358.234  0.000916412  -7.28788e-05  0.00222787
698.678  52.3803  0.00149636  -0.00129821  0.00319183
709.696  210.748  0.00668085  -0.000360738  0.00324801
708.749  215.694  0.0083203  0.00172825  0.001553
713.534  262.343  0.0010746  8.89156e-05  0.00438874
706.536  187.905  0.0153587  -0.00456122  0.0189078
722.77  389.491  0.00437295  0.00364651  0.00492181
723.54  326.03  0.00387365  0.00148363  0.00245104
714.454  22.3333  0.0192478  0.00436667  0.00941236
716.189  419.12  0.00880603  -0.00415058  0.00582198
724.419  435.864  0.00604906  0.00494404  0.0070426
723.479  309.009  0.00438725  -9.4811e-05  0.00102044
724.694  60.5586  0.0300881  -0.00446652  0.0054671
726.426  25.2083  0.0361857  -0.0111848  0.00811975
727.627  272.356  0.0336982  -0.00127077  0.0193409
726.12  483.253  0.020993  -0.0061121  0.00803887
734.124  383.498  0.0128141  0.00297008  0.00326403
724.862  194.89  0.00674164  0.00419023  0.00966707
732.793  46.9704  0.0265256  -0.00747735  0.00906002
741.124  23.265  0.00301247  -0.000715663  0.0079926
730.626  432.897  0.0024267  -0.000352566  0.00113071
741.779  304.881  0.014864  -0.00653731  0.00427364
741.305  135.097  0.00229856  -0.000595841  0.00705377
744.041  30.0414  0.0111969  0.00336167  0.0030589
744.433  330.597  0.0436142  -0.00441287  0.0115826
747.784  373.441  0.0197962  -0.00128365  0.00147352
733.992  269.537  0.00429809  0.00444048  0.00997312
743.411  282.532  0.0184083  -0.00649369  0.0211601
749.228  252.127  0.0165738  -0.000448597  0.00466775
740.019  232.212  0.0038996  0.000470608  0.00499476
749.932  192.688  0.0410684  0.00225639  0.00399478
37.7385  53.4845  0.0011218  -0.00151922  0.00957552
33.1109  173.771  0.0163983  0.00590929  0.0108325
36.3599  113.618  0.00725414  -0.00162906  0.00108224
42.6235  318.787  0.0206  0.002766  0.00850453
60.2593  229.84  0.00147653  0.000113623  0.000896305
45.477  431.451  0.0182841  0.00136898  0.0129508
50.9619  267.726  0.00462071  0.000644122  0.0157854
65.2605  255.988  0.00164557  -0.00135748  0.00359663
57.2059  292.545  0.0157148  0.00171049  0.0157719
67.9062  429.341  0.00209605  -1.03652e-05  0.000430095
62.8858  198.316  0.0158587  -0.00275296  0.00254563
67.212  182.294  0.0179128  -0.00152981  0.00479778
80.2858  242.972  0.000971951  0.000289545  0.00168246
77.9148  30.2938  0.000879237  -0.000202174  0.00135843
65.9944  141.854  0.00479532  -0.00246299  0.00688631
91.3764  118.78  0.00178957  -0.000417751  0.00366016
72.1256  395.975  0.00268703  -0.0005895  0.0103286
67.1843  424.451  0.00220804  -0.000522578  0.000710205
86.5947  248.227  0.0204863  0.00139462  0.00530014
77.6539  59.6486  0.00170953  0.000153703  0.000562629
90.8095  379.039  0.0143603  0.000563425  0.00164012
104.615  178.322  0.0013304  0.0001094  0.000769125
105.04  171.127  0.000935452  -9.56494e-05  0.00098656
114.665  307.687  0.00253551  -0.00179669  0.00332532
99.4852  210.519  0.00316023  -0.000587983  0.000929163
112.848  401.972  0.00200927  0.000766091  0.00451291
120.137  53.9184  0.0013573  -0.00143236  0.0248831
106.532  437.209  0.00862971  0.000370909  0.00203613
113.058  81.6046  0.0100779  -0.000911  0.00414877
113.726  111.788  0.0182207  -0.000847636  0.00450701
108.779  381.333  0.00475939  0.00340082  0.00401474
127.162  494.483  0.00263915  -0.00230251  0.0119118
121.494  181.239  0.0160234  -0.00118638  0.00231232
113.966  297.267  0.00356937  -0.00107261  0.000805461
136.219  94.9498  0.00213951  -0.000703961  0.00560135
128.483  110.174  0.0048797  -0.00247131  0.00863999
119.867  346.294  0.00909695  0.0065362  0.0136169
126.197  248.817  0.0165432  -0.000257037  0.0146166
138.033  317.854  0.00405986  -0.000702881  0.0065432
132.394  385.598  0.0172459  0.00328526  0.0114583
143.828  473.773  0.0196145  -0.00588016  0.00578485
136.087  348.998  0.00252346  0.000325375  0.00164141
148.322  58.5593  0.0180756  -0.00503198  0.00409934
152.726  18.7528  0.0194544  -0.00554544  0.00748055
150.95  106.808  0.0132736  0.00110652  0.0112787
152.976  224.831  0.0113666  0.00191967  0.000694651
160.205  50.1151  0.0090532  0.000707505  0.00249886
159.677  92.3021  0.0185822  0.00300347  0.00950467
173.639  265.204  0.00145593  -5.93348e-06  0.00289135
155.118  397.934  0.00213152  0.000444943  0.0008067
164.482  139.267  0.0145636  0.000781226  0.00145254
160.935  314.478  0.00536246  -0.000283102  0.00596234
160.912  379.847  0.00517221  0.00302322  0.00539102
159.732  11.3011  0.00246224  -0.00257684  0.013495
162.943  482.773  0.00596431  -0.00629499  0.0125223
178.356  182.838  0.00834293  -0.00573762  0.00523363
171.196  354.93  0.0170487  0.00149266  0.0136903
154.82  412.234  0.000888121  -0.000101094  0.00129607
168.489  135.344  0.0124902  0.00789515  0.00645018
183.92  214.318  0.00222177  -0.000234044  0.0021455
189.462  473.239  0.0125928  0.00238572  0.00453497
194.843  315.072  0.00994347  -0.00542353  0.0155942
193.165  102.116  0.0208362  -0.00240567  0.00210417
198.38  383.016  0.0135236  0.00289606  0.010116
205.171  202.1  0.00920937  0.00212354  0.00597565
201.271  287.232  0.00496388  -9.42028e-05  0.00341481
201.999  259.058  0.00575164  3.21492e-05  0.00704129
206.961  236.262  0.0135994  -0.00090945  0.0114571
196.326  413.777  0.00435982  -0.00248731  0.00266858
214.411  279.829  0.0133343  0.00173955  0.0140052
212.075  374.172  0.00706563  0.00240516  0.018627
216.599  237.89  0.00580587  0.00202601  0.00373212
222.423  89.8577  0.00799463  -0.0011661  0.0066279
232.49  333.32  0.00135871  0.00037138  0.000847027
228.859  452.085  0.0165828  0.00206432  0.0141694
226.616  410.228  0.00275899  -0.000168541  0.00221069
237.261  367.647  0.00872138  0.00187904  0.00627889
245.423  133.945  0.0135391  0.00877241  0.00998261
248.918  409.5  0.0108392  0.00216324  0.00968044
266.673  193.872  0.0029957  -0.00339067  0.00818081
259.226  275.946  0.000825495  -0.000267798  0.0102194
257.721  258.386  0.00744681  0.00157907  0.0110204
247.01  471.33  0.00335033  0.000502469  0.0012592
260.439  310.199  0.0105897  -0.00939907  0.013713
250.836  369.65  0.00261394  8.76265e-05  0.00109118
264.804  300.865  0.00640803  -0.00142007  0.00774312
273.895  229.048  0.0141661  0.00110028  0.0167523
272.792  425.211  0.00348863  0.00113121  0.00214375
281.87  337.389  0.00358364  -0.000680645  0.00123312
291.052  281.055  0.014797  -0.00622447  0.0098589
288.157  405.29  0.00588663  0.00697615  0.018358
294.812  265.61  0.0129188  -0.0028639  0.0113515
310.99  244.861  0.00107755  -0.000504636  0.00247645
298.714  206.09  0.0122168  -0.00263376  0.0036351
305.059  48.0526  0.0125035  0.00116866  0.00385513
309.266  306.77  0.0107743  -0.000215751  0.0162242
313.691  89.7768  0.0207307  0.000778534  0.00171632
313.061  353.146  0.0200686  0.00356386  0.005526
314.214  292.559  0.0148221  0.00315231  0.0110831
318.505  28.6168  0.00320787  -0.000989058  0.00439307
314.316  199.093  0.00394188  0.00251962  0.00620185
322.401  266.042  0.0177093  0.00345883  0.00735147
325.927  391.887  0.00771101  0.000348917  0.00632391
322.256  349.47  0.0107526  -0.00302861  0.00420268
348.71  191.828  0.0013325  -8.4032e-05  0.0016676
322.82  251.47  0.00405856  -0.00535444  0.00953109
329.487  47.8452  0.00840455  -0.0033153  0.00560734
337.852  371.875  0.00687853  -0.0025487  0.00423465
342.809  315.399  0.00347078  -0.00177875  0.0184801
339.598  157.205  0.00308506  -0.00281078  0.00582646
340.668  326.037  0.00185484  -0.00074031  0.0119856
345.426  96.2991  0.0163699  -0.00290467  0.00145838
348.596  251.955  0.0076661  -0.00324056  0.00411043
340.591  278.227  0.00727757  0.00193042  0.00705381
342.734  347.525  0.0144967  -0.00177276  0.00120556
342.845  202.007  0.00765737  -0.00093154  0.000547911
349.632  476.414  0.00804454  -0.00209519  0.0131165
349.854  65.6218  0.00929449  -0.000955549  0.000990324
355.066  272.49  0.0100995  0.00308694  0.0129563
353.96  334.045  0.0110973  0.00725957  0.0134722
362.062  82.9937  0.005622  -0.00558289  0.0152029
363.267  297.206  0.00802796  -0.00353639  0.0176356
370.597  70.5536  0.0122972  -0.00601534  0.0127663
370.939  49.1925  0.00644856  -0.00274076  0.00820523
375.94  457.2  0.0128386  -0.000877064  0.00458326
380.581  406.832  0.0102755  0.00559767  0.0101919
383.834  116.326  0.013222  0.00282822  0.00542592
389.149  457.93  0.00936329  0.000645717  0.0043554
383.864  319.042  0.00266673  0.00277003  0.0118134
387.439  39.6987  0.00374762  -0.000456043  0.00462915
396.89  99.8534  0.00860325  -0.000297667  0.00256478
394.047  418.912  0.00522972  0.000635944  0.00391094
392.072  293.424  0.00633751  -0.00358179  0.00440742
397.044  72.1724  0.0161152  0.00280629  0.00869861
397.215  122.434  0.00416724  -0.00107552  0.00950139
419.937  383.238  0.000855576  0.000271143  0.00173321
411.865  117.083  0.00872861  -0.00302357  0.0156807
424.147  338.604  0.00108005  -0.00101741  0.00344555
417.263  457.228  0.00583636  0.00382766  0.00488889
415.027  360.95  0.00892564  -0.00334736  0.0108442
426.918  175.462  0.00480435  -0.00242502  0.00248087
418.97  102.036  0.0135204  -0.0022384  0.00149517
429.955  252.48  0.00293408  0.00200373  0.00445956
411.703  31.748  0.00226673  -0.00234721  0.0176205
419.258  96.4136  0.0194988  0.000258439  0.00212231
415.238  280.242  0.00919147  -0.00119358  0.00386039
425.767  469.492  0.0066187  0.000223003  0.0224438
443.076  94.7062  0.00172069  -0.00116281  0.00534446
418.805  60.201  0.0017599  0.000755703  0.00112571
433.803  222.292  0.00236663  0.00163214  0.00447067
434.949  20.901  0.00594639  0.00160363  0.0120176
441.437  291.606  0.0014667  -0.00071916  0.0124258
434.744  350.733  0.00963162  -0.00309773  0.00189919
437.21  125.498  0.0146555  -0.00696578  0.00778254
449.284  396.897  0.0167166  -0.00183183  0.0104628
450.515  50.4202  0.0147834  -0.00142749  0.010573
464.947  29.9412  0.000869523  0.000390999  0.0154377
455.845  140.755  0.0161379  -0.000681356  0.00693581
458.573  161.278  0.00405158  -0.000752421  0.00554341
475.335  445.274  0.00134634  3.73893e-05  0.00541161
464.612  411.073  0.00618748  0.00131528  0.00474762
465.741  209.704  0.00731501  0.00194546  0.0143168
461.359  279.424  0.00895709  -0.00185031  0.00179085
467.154  92.0808  0.0163778  -0.00137132  0.0127066
495.715  342.684  0.00137978  -0.000318945  0.000900439
479.556  51.8289  0.0170041  0.00306119  0.00791404
477.595  382.757  0.00727549  -0.0026626  0.00775304
468.165  473.392  0.00103402  0.00132961  0.00405589
506.012  26.3311  0.00141188  -0.00277251  0.018094
479.334  142.547  0.00316911  0.00283998  0.00810093
486.852  253.218  0.0165991  -0.00866004  0.00874685
492.841  217.56  0.0173442  -0.00205248  0.0107842
496.701  14.9926  0.0162613  0.000274545  0.0259323
503.951  94.5345  0.00472736  0.00018098  0.0131662
484.047  209.507  0.000766619  -0.000300242  0.00221741
489.56  61.1134  0.000832776  -0.00138062  0.0189929
504.03  218.096  0.014396  -0.00398974  0.00215907
515.581  262.772  0.00499224  0.00206414  0.0148282
520.225  30.5494  0.00893718  -0.00202442  0.00243283
519.327  125.541  0.000704906  -0.000853645  0.00890913
522.871  335.629  0.0112048  -0.00218006  0.00104344
542.234  426.82  0.00296798  0.00166298  0.00281363
529.075  79.7518  0.0144772  0.00103133  0.0163983
531.271  457.495  0.00090512  -0.000466518  0.00144231
539.221  315.545  0.00556282  0.00091879  0.00213895
540.263  266.896  0.00438304  -0.0024461  0.00238002
539.283  342.092  0.00874673  -0.00185182  0.00105479
545.05  112.808  0.00254077  -0.000202215  0.00144532
542.557  176.676  0.01506  0.00167521  0.0123225
548.609  397.905  0.015218  -0.000510404  0.00300974
551.328  58.9945  0.00666591  -0.00316006  0.00867109
556.8  176.503  0.00559804  -0.00289321  0.00515023
553.538  319.694  0.022337  0.00172523  0.00274637
555.968  15.0519  0.0192427  0.000546275  0.0126016
555.154  457.945  0.00773547  -0.00669333  0.00942202
560.199  397.105  0.0190676  -0.0027698  0.001423
558.221  298.577  0.0206959  0.0046878  0.00318461
563.351  120.419  0.0190957  -0.000994416  0.00302514
563.407  270.011  0.014382  0.000511137  0.0151309
574.817  323.424  0.00172185  -0.000542778  0.000982359
563.051  407.492  0.0109907  -0.00312562  0.00534504
563.358  473.81  0.00980693  -0.00812805  0.0198343
572.088  208.75  0.020506  -0.00279107  0.00115567
575.653  82.3471  0.00185312  -7.61514e-05  0.00178225
561.643  464.351  0.00843665  -0.0127598  0.0218066
590.217  203.151  0.00232572  -0.000812551  0.00133783
578.613  140.207  0.00609161  -0.00303894  0.00355477
595.143  62.7613  0.014003  0.000477898  0.00270335
590.83  390.865  0.000793346  0.000475583  0.00157241
598.912  373.239  0.00595712  -0.00188791  0.00612434
601.814  308.59  0.00495699  0.00024845  0.00127819
615.543  127.483  0.00334298  -0.00164549  0.00256789
618.5  459.731  0.000897988  -5.24964e-05  0.000977216
611.746  336.764  0.0109534  -0.00378489  0.00771933
615.718  254.924  0.0223886  -0.000697822  0.00139105
623.337  297.181  0.00316025  -0.00101643  0.00185289
619.02  198.958  0.00817571  -0.00215308  0.0155472
635.526  401.453  0.0106495  0.00702372  0.0104885
633.706  51.2333  0.00815886  -0.000109368  0.00581896
615.63  129.772  0.00415407  -0.00415637  0.00644603
639.485  437.527  0.0116435  -0.000426215  0.00260022
641.883  285.322  0.0215867  0.00114256  0.00125963
649.487  348.796  0.00680614  -0.00085397  0.000932126
647.099  153.353  0.0221753  -0.00586835  0.00401476
649.839  206.174  0.00617746  0.00262827  0.00201862
651.362  98.1298  0.012372  -0.00298845  0.0119866
645.533  189.399  0.00222544  -1.7616e-05  0.00404691
653.672  353.474  0.0165805  0.00170255  0.00100267
654.776  142.67  0.0058896  -0.000949668  0.00301982
661.649  394.03  0.0068676  -6.15286e-05  0.00612946
659.217  215.75  0.0233707  0.00413577  0.0033237
663.741  80.1862  0.00373252  -0.000209658  0.00150929
674.314  457.166  0.0151623  0.000649629  0.0172089
688.209  123.481  0.00278225  -0.00124563  0.002918
673.725  267.003  0.0161417  -0.00289226  0.00134861
701.893  62.6453  0.00184035  -0.00109266  0.00190065
670.514  260.319  0.00121603  -3.26224e-05  0.000949304
680.673  133.863  0.0011651  5.34908e-05  0.00147933
694.358  212.369  0.00791773  0.00393152  0.00349758
691.263  446.081  0.00547773  5.94487e-05  0.00548151
674.579  142.346  0.000856508  0.000481121  0.00212439
709.028  330.227  0.000892539  -0.00105345  0.00275584
682.927  161.73  0.0011796  5.7226e-05  0.000511352
699.832  468.557  0.0095474  -0.00166747  0.00874477
706.405  137.041  0.0216656  0.000371964  0.00491032
704.421  189.976  0.0126287  0.00578419  0.0114576
708.92  209.732  0.00958969  0.000865078  0.0040004
716.866  313.904  0.00465221  -0.000710088  0.000706338
713.378  313.667  0.00122241  0.000496757  0.00110685
731.709  352.777  0.00117647  -0.0008398  0.010996
732.807  232.585  0.023676  -0.00193672  0.00490726
739.678  30.773  0.00486203  0.000280556  0.00212887
736.832  217.962  0.0188745  -0.000640468  0.0145036
722.944  200.565  0.000970789  0.000631688  0.00153125
736.308  473.411  0.00342433  0.00174888  0.00277037
743.512  164.913  0.0170858  -0.00404839  0.00972221
748.597  57.6701  0.0309701  -0.00355803  0.00369397
47.7383  109.246  0.000827045  0.000137352  0.000751462
48.0504  268.754  0.00639685  0.000242945  0.0047581
49.6362  437.206  0.00985041  -0.00258128  0.00168965
52.9197  330.195  0.00963899  0.00152706  0.00226947
61.9778  481.287  0.00663975  0.00136203  0.00824577
71.6215  182.394  0.00380533  -0.00095867  0.00454385
91.7171  116.296  0.00153513  0.00014927  0.00266093
82.3079  421.768  0.00149911  0.000279994  0.000318861
102.739  484.356  0.000426345  -0.000464843  0.0039949
98.8502  155.957  0.00106361  -0.000224096  0.000346047
108.893  406.626  0.00155945  -0.000353516  0.00571149
105.538  251.534  0.00219436  -0.000385277  0.00204638
112.86  80.1348  0.00740622  5.84284e-05  0.00315613
126.697  104.108  0.000767788  -4.0139e-05  0.00231037
101.761  183.603  0.00103162  -6.11358e-05  0.000506633
126.898  432.278  0.00221627  -0.000644226  0.00181481
149.467  95.1224  0.0113055  -0.000985472  0.0011119
143.361  223.993  0.00118544  9.07289e-05  0.000236866
182.5  333.043  0.0015307  -0.000959279  0.00149548
155.996  276.719  0.000696311  0.000266548  0.000751919
180.319  181.644  0.00282483  -0.00184086  0.00339347
164.594  475.236  0.000629505  0.000521801  0.00483087
199.715  300.365  0.00696417  0.00158765  0.00134732
205.587  114.151  0.00247971  -0.00146895  0.0025597
185.123  367.468  0.00488744  0.000961004  0.000605511
197.731  429.248  0.00158391  0.000916235  0.00286718
227.937  281.29  0.00976952  -0.000755309  0.00382766
248.739  407.947  0.00673774  0.000373577  0.00650071
262.95  293.919  0.00486121  -0.00186457  0.00372236
279.472  75.4146  0.00140432  -0.000431324  0.00158372
284.457  385.975  0.00385918  0.00239998  0.00276141
297.875  210.772  0.00458533  0.000115913  0.00214078
306.209  49.7917  0.00550772  -7.23403e-05  0.00437724
315.773  288.299  0.000544781  0.00150938  0.00953666
333.598  391.944  0.00168406  0.001201  0.00607887
341.409  153.497  0.00175062  -0.000425308  0.00167441
311.771  245.904  0.000741958  -0.000943839  0.00316386
341.247  289.965  0.00176751  -0.00058576  0.000786269
339.27  325.075  0.00171283  -0.00082106  0.00719112
355.471  250.145  0.00169146  -0.000359418  0.00330786
355.89  73.3719  0.00409239  -0.00134377  0.00103648
354.418  76.2969  0.00462617  -0.00196273  0.00192935
365.458  142.939  0.0055406  0.00125144  0.00190943
368.934  51.3325  0.00570956  7.47711e-05  0.00375344
370.841  177.147  0.00262497  -0.000276642  0.00111718
381.267  313.43  0.00247702  -0.00179367  0.00356508
400.29  123.565  0.00324938  -0.000506797  0.00396875
410.124  463.456  0.0099216  -0.00035385  0.00456657
394.812  168.762  0.000330093  -0.000294585  0.00155425
415.249  218.019  0.000381063  -0.00038896  0.00352555
446.308  245.856  0.00913528  -0.000522469  0.00391596
449.612  410.206  0.00873407  -0.000373893  0.00104813
463.545  313.164  0.00761712  -0.000136808  0.000352995
471.624  342.369  0.000250321  -0.000254071  0.0011148
474.691  441.381  0.00120836  -8.52328e-05  0.00190708
465.482  411.277  0.00486273  0.000699615  0.00339849
471.499  212.072  0.0031425  -0.00244154  0.00792145
484.561  426.022  0.00345046  0.000566158  0.00618273
461.084  475.464  0.000655252  0.000624135  0.00270569
479.451  268.903  0.00281875  -0.00199875  0.00188705
489.974  93.6998  0.000651149  -0.00105535  0.0118933
489.59  388.016  0.000619556  0.000351045  0.000896828
515.171  132.497  0.000954637  -6.4303e-05  0.000456397
530.606  63.6575  0.00278518  -0.00156948  0.00316826
544.997  296.897  0.00496514  0.00114899  0.000684065
553.249  267.382  0.0005523  0.00019237  0.00140511
547.865  100.806  0.00263864  0.000127259  0.000478471
542.053  352.364  0.00519549  -0.000634242  0.00190096
555.394  451.308  0.00442257  -0.00108876  0.00132991
573.975  68.5038  0.00117578  0.000176464  0.00051937
575.149  251.111  0.0019784  -0.000178257  0.00122337
579.499  140.829  0.00356662  -0.00101448  0.00210347
594.593  64.6418  0.0068165  -2.36746e-05  0.00476928
622.265  202.73  0.00297778  -0.00177026  0.00640033
622.634  307.118  0.00339228  -0.000419387  0.00065601
618.302  67.0775  0.00088288  0.000419892  0.00083441
620.828  124.93  0.00102175  -0.000238027  0.00129515
634.581  329.728  0.00197975  -0.00120741  0.00142785
641.087  218.153  0.00506803  0.00279157  0.00203561
647.415  347.666  0.00341556  9.86516e-05  0.000671078
662.752  212.472  0.0064552  0.00141939  0.00187622
658.42  301.689  0.0040755  -0.000222831  0.000618494
678.612  182.009  0.00694744  -0.00241028  0.00158739
723.123  59.9923  0.0149302  -0.00237461  0.00468418
