1.0
663
16.4113  448.24  0.00401697  0.000869902  0.00126642
18.1515  330.235  0.0133991  5.47469e-05  0.0048684
20.8868  307.105  0.00344557  0.00189708  0.00432042
18.25  346.547  0.0104315  0.000564108  0.00102546
19.9767  570.791  0.0223134  -0.00101673  0.00701501
20.6566  287.03  0.036664  -0.00598685  0.0251733
29.3259  491.474  0.0284667  0.0116015  0.0206505
31.6472  603.711  0.00557614  -0.00206364  0.00694101
39.8048  330.243  0.00574972  -0.000838287  0.00295528
42.613  469.051  0.0121534  -0.00088915  0.00108043
36.9595  585.338  0.00906064  0.0043903  0.00704592
44.8392  438.055  0.00725261  0.0028368  0.0236782
54.4125  419.064  0.00298229  0.00132557  0.00584402
36.4308  335.147  0.00499315  0.00108738  0.00192461
47.4654  219.578  0.00221669  0.00192849  0.00900939
57.0248  330.561  0.020868  -0.000261239  0.00100316
46.0917  366.588  0.00331387  -6.30701e-05  0.00228266
58.0625  391.465  0.0207277  0.00127316  0.0178839
62.6934  278.852  0.0222873  0.00315154  0.00193971
60.0927  412.257  0.00717563  0.00514343  0.00563664
57.8889  425.251  0.014282  -0.00490484  0.00355049
73.0723  440.143  0.00141038  0.00227369  0.0128558
75.1019  574.306  0.0250342  -0.003324  0.0314432
68.9755  322.151  0.00149398  0.000256345  0.00245893
86.6378  262.378  0.00477124  0.00291127  0.00391382
65.5258  319.634  0.00221759  0.00100325  0.00283297
85.3741  456.494  0.0106251  0.00043648  0.00148454
77.4758  411.844  0.0015348  0.000427238  0.00429011
92.9467  262.309  0.00107675  0.00044836  0.00115844
75.5654  293.589  0.0024843  -0.000619315  0.00324099
100.161  398.102  0.0292412  -0.00125321  0.0036448
100.107  256.099  0.000988267  6.40897e-05  0.00125623
97.735  278.186  0.000721899  0.000337444  0.00290085
98.4529  460.607  0.00647197  -0.00599194  0.0089208
94.8734  485.933  0.009147  -0.00851821  0.0123124
108.985  603.281  0.000884475  -0.000250277  0.00294051
105.652  325.772  0.00645729  0.00170215  0.0246975
102.749  390.179  0.00260674  -0.000855194  0.00247565
111.055  208.223  0.00161996  0.000621014  0.00338894
108.277  251.7  0.00169424  -0.000454518  0.00451324
102.537  372.253  0.00417286  -0.00470349  0.011489
116.212  424.109  0.00280855  0.00114854  0.00244248
115.731  267.055  0.00373664  0.00018748  0.000987804
121.614  227.516  0.0131435  -0.000699887  0.00221913
128.767  320.727  0.00126457  0.00118444  0.00431296
124.733  388.787  0.00772229  0.00259557  0.0101225
126.993  479.746  0.00568246  -0.000838767  0.00183823
134.304  204.719  0.00132789  0.000898546  0.00697157
123.534  473.43  0.00776838  0.00476541  0.00965289
140.445  298.941  0.00522213  -0.00319034  0.00599211
148.863  347.676  0.00198086  -0.000179913  0.00302726
150.109  374.056  0.0019821  0.000106655  0.0018806
140.455  387.009  0.00310274  -0.00191312  0.0120246
142.097  475.915  0.0237359  0.00658509  0.00402032
146.114  321.329  0.00874173  0.00129061  0.00354514
150.309  369.446  0.00260776  -3.74971e-05  0.0010749
155.109  407.309  0.00339622  0.000571636  0.00190989
145.03  601.713  0.0219082  0.00812437  0.0151983
143.291  530.906  0.00229668  -0.0013808  0.00739165
148.832  378.052  0.00366353  -0.00106949  0.001346
159.731  311.759  0.0125026  0.0025359  0.0335725
150.865  468.471  0.00712058  -0.00729853  0.0116748
157.23  606.795  0.00632444  -0.00643871  0.0147237
169.377  441.434  0.000965335  0.000208424  0.00310536
169.154  590.405  0.00618269  0.00107471  0.00347483
163.095  228.705  0.00172816  0.000436217  0.00132562
168.576  250.943  0.0073386  0.00259941  0.0136029
164.816  461.489  0.0104281  -0.000928168  0.0404498
169.071  584.828  0.0167166  0.0105675  0.0104442
171.751  489  0.0140503  -0.00988506  0.0220065
173.256  303.729  0.00414246  0.00227524  0.0442725
180.254  272.963  0.00357544  8.49928e-05  0.00392011
175.539  200.192  0.00403022  0.00193338  0.00828294
178.711  560.627  0.0216963  0.00317664  0.0210661
173.762  241.161  0.00273924  0.00260896  0.0413309
186.736  334.626  0.0316286  0.00287944  0.0011619
183.617  389.691  0.00145636  -0.000271283  0.00154963
197.583  435.164  0.00669427  0.00291209  0.00746782
202.562  300.272  0.00263201  0.00659646  0.0529254
199.167  599.37  0.00387445  0.000940936  0.0015454
197.41  451.806  0.0212748  0.0159093  0.0184248
199.015  272.525  0.00327699  0.00175624  0.00519533
209.552  305.238  0.00285622  0.00490605  0.0463934
203.616  462.651  0.0253425  0.00351023  0.00359635
213.216  599.959  0.00272804  -0.000123383  0.00161415
205.187  348.96  0.00658989  -0.000324437  0.00526858
215.315  299.414  0.00184715  0.000132931  0.0505618
212.909  325.136  0.00173764  0.000377486  0.00259454
216.778  179.969  0.00099766  -0.00025795  0.00263325
207.99  184.52  0.00726938  -0.000335722  0.0256061
219.892  503.362  0.00603263  0.00114879  0.00337281
216.541  428.166  0.0270053  -0.00141922  0.011413
215.738  600.714  0.002027  0.0012804  0.00225484
219.349  346.892  0.0235789  -0.00234453  0.0040926
227.708  449.017  0.00125097  -0.00014883  0.000876579
223.678  475.14  0.00376638  0.00198414  0.0165535
220.511  289.234  0.0239093  0.00627118  0.0186142
225.841  146.191  0.014008  0.00790103  0.00903141
223.931  317.838  0.0394601  -0.00413748  0.00286975
221.149  137.28  0.0214026  0.0123378  0.0106456
227.561  387.263  0.00931343  0.0013133  0.001526
227.305  597.608  0.00311797  0.000338651  0.00192344
230.234  396.517  0.00683262  -0.000467956  0.000737712
243.153  223.971  0.00153127  -0.000688935  0.00194226
235.373  295.347  0.0044035  -0.00129737  0.00403434
235.238  418.853  0.0281834  -0.00525079  0.00556891
241.456  379.872  0.0190006  -0.00221159  0.00215411
238.874  444.135  0.00592208  -0.00266089  0.00363045
248.52  313.429  0.0187246  -0.000897177  0.0036735
249.375  507.661  0.0122364  0.000900156  0.00183557
244.607  562.575  0.00525533  0.00664005  0.0292741
260.366  441.515  0.00674788  -0.000685623  0.00291109
271.011  594.881  0.00456721  -0.00411108  0.00614884
261.985  344.058  0.000957093  0.000397955  0.00183618
256.289  134.602  0.00130931  -0.000221815  0.036263
271.231  610.128  0.00543378  0.00442458  0.00737356
254.567  378.546  0.00525165  0.00162799  0.0041696
268.005  240.049  0.0325089  -0.00249711  0.00176832
274.28  412.318  0.000946827  -8.69689e-05  0.000904131
266.541  276.791  0.00212147  0.00208519  0.00530266
273.38  547.776  0.00871416  0.0048588  0.0152837
276.376  228.292  0.035281  -0.004044  0.00542545
295.055  456.149  0.00151969  -5.13886e-05  0.00351828
284.333  319.855  0.018834  -0.00613558  0.00338673
279.385  434.845  0.000725459  0.000324526  0.00530903
292.039  231.923  0.00416445  -0.000464432  0.000639101
296.95  286.101  0.00502151  0.000233659  0.00110709
290.537  579.62  0.00281324  -0.00103179  0.0184144
308.096  526.819  0.00217544  -0.0010039  0.00201884
295.419  346.081  0.0133857  -0.0037902  0.0292245
304.697  354.793  0.00231678  0.00272934  0.0251366
305.587  312.363  0.00121807  -0.000357998  0.00197394
297.068  139.55  0.00125786  0.00234103  0.0182684
309.073  417.134  0.035879  0.00238147  0.00810546
300.305  354  0.00260111  0.00150261  0.0152772
311.738  280.858  0.000747936  1.57587e-05  0.00180397
313.915  274.965  0.000736271  6.46604e-05  0.00577538
310.369  317.022  0.00161502  -9.49297e-05  0.0060997
323.968  553.849  0.0124556  0.00573578  0.0118948
339.204  336.465  0.00258178  0.00144897  0.0057729
325.693  475.209  0.0039678  -0.000537974  0.000752594
340.87  272.78  0.00782094  -0.00142837  0.015174
339.175  243.238  0.0174924  -0.00127762  0.0206169
346.601  188.882  0.0262821  -0.00996204  0.00567565
329.256  418.04  0.00185478  8.19072e-07  0.00335927
335.719  258.114  0.00884561  -0.00969731  0.0192736
329.927  416.055  0.0024004  0.000640946  0.00183358
348.897  617.147  0.0128127  -0.00570002  0.0204274
357.701  321.355  0.00131188  0.000500353  0.00389328
367.76  200.436  0.0017706  0.000406529  0.00742865
353.557  230.561  0.0290852  -0.00310013  0.00169491
361.342  485.973  0.010913  0.0101099  0.0142803
357.648  265.775  0.0299071  -0.00443139  0.00626235
359.04  335.774  0.0118107  -0.00298606  0.0221632
362.639  218.317  0.0294093  -0.0025882  0.00611034
363.659  228.419  0.0330883  -0.00258529  0.00148388
364.451  402.82  0.00420923  -0.000649759  0.00110446
367.751  265.066  0.0302454  -0.00194152  0.00574618
361.582  266.661  0.00664558  -0.000765078  0.00651688
380.159  98.7588  0.00970183  0.0122441  0.019362
383.458  444.367  0.00290155  0.00065886  0.00367138
362.382  554.571  0.00228256  -0.0006077  0.00268835
377.62  447.38  0.00583423  0.00114035  0.00259214
365.966  585.617  0.00193175  -0.0011668  0.00521368
390.619  462.757  0.00139628  -0.000341672  0.00371584
390.742  554.924  0.0102041  -0.00650316  0.00605814
387.476  218.626  0.029098  -0.00111671  0.0147052
397.952  551.939  0.00131549  -0.000324691  0.00422416
401.271  236.772  0.00129873  0.00052029  0.00917998
392.898  261.987  0.0289352  -0.00204239  0.0058664
388.517  414.382  0.0107157  -0.00127002  0.00277602
396.759  99.2644  0.0167737  -0.00174082  0.0155309
399.551  127.97  0.010744  0.00456645  0.0317017
401.854  616.113  0.00725313  0.00704915  0.0203685
399.653  211.21  0.0310739  -0.00393672  0.00545117
400.55  479.302  0.00952551  0.00354957  0.0223245
403.447  583.098  0.027748  0.00497871  0.0187919
402.725  191.788  0.00730507  0.007278  0.0136318
397.173  518.285  0.00306765  0.000811575  0.00246264
408.011  157.273  0.01849  -0.00195818  0.00100886
411.77  587.357  0.00863249  -0.000445671  0.00287648
411.838  248.81  0.0178393  0.00172614  0.00121969
413.646  333.646  0.0324809  0.00123091  0.0324809
400.807  557.828  0.00135615  0.000179589  0.00461079
425.454  339.233  0.00308389  0.00189171  0.0189837
415.809  258.664  0.0287752  -0.00119952  0.00544499
419.595  208.704  0.0254404  -0.00340479  0.00520315
418.622  618.156  0.0127502  0.00138376  0.0074001
421.212  220.569  0.0314044  -0.00310895  0.00149909
419.67  112.516  0.00273007  -0.00181283  0.00552236
432.307  196.11  0.0021989  -0.00394571  0.014323
421.71  451.85  0.00639964  -0.000647872  0.00120498
426.076  586.037  0.0047719  0.000348284  0.00268752
422.206  458.311  0.00580559  -0.000903481  0.00263519
427.611  523.723  0.00361545  -0.00131596  0.00359979
433.787  212.581  0.0270189  -0.00300178  0.0144875
436.54  511.293  0.0085961  -0.00381259  0.025409
443.725  125.635  0.0115272  -0.00872936  0.0239575
444.155  541.931  0.0229981  -0.00205272  0.0282446
427.602  445.61  0.00204098  0.000203026  0.00316622
444.678  418.88  0.00134238  -0.000801435  0.00634808
467.808  563.101  0.0107797  0.0144331  0.0243977
452.325  507.489  0.00664319  -0.00299684  0.0229191
466.277  207  0.0151859  0.00209419  0.00350805
469.419  234.816  0.00511741  -0.000589273  0.00138511
469.08  204.161  0.0263803  -0.00322955  0.00365288
469.612  265.087  0.00392895  0.00395266  0.0321408
474.417  283.296  0.0291048  -0.00182598  0.00218198
483.355  311.729  0.00239974  -0.000369424  0.000962475
488.612  601.555  0.00303201  -0.000132058  0.00260908
480.641  338.039  0.0338722  -0.00198916  0.0164867
484.49  379.399  0.0346691  0.000917857  0.00350921
480.725  263.202  0.00190728  0.00349444  0.0472174
479.516  421.298  0.0060884  -0.000486741  0.00191402
492.955  533.47  0.00382288  0.00107682  0.00234624
486.262  109.855  0.00730154  0.00262785  0.0109961
490.21  141.857  0.000823042  -6.44911e-05  0.00136194
499.034  522.6  0.0151552  -0.0053047  0.00366103
493.903  268.766  0.00117797  0.00314287  0.0443444
505.973  270.612  0.00863259  -0.00186001  0.00182319
509.013  283.241  0.0389262  -0.00403108  0.00436763
495.289  426.546  0.00109969  -0.00037607  0.0011441
510.821  301.219  0.0319985  -0.00169642  0.00117714
523.725  184.662  0.00143933  -0.00123559  0.00281552
517.561  474.297  0.00618176  -0.00364742  0.00339618
529.099  179.527  0.00340262  -0.00187604  0.00349214
519.524  267.231  0.0044219  8.33438e-05  0.00136802
528.969  264.289  0.00248856  0.00289397  0.0306964
520.862  294.399  0.0305064  -0.00176381  0.00105059
522.105  309.415  0.0343724  -0.00251511  0.00421513
527.952  433.279  0.00887431  0.00197012  0.0272707
529.657  515.681  0.00146777  -0.000723819  0.0029819
531.535  347.146  0.00140542  -0.000227563  0.000973239
531.212  269.808  0.0270538  0.00384202  0.0327177
534.237  284.059  0.00709391  -0.00471463  0.00994713
534.46  474.588  0.00488654  -0.0021898  0.00403517
544.905  381.591  0.00813561  0.000868224  0.00396744
544.159  394.184  0.0046638  -1.88578e-05  0.00159629
557.593  457.738  0.00274943  -0.00281689  0.00962391
543.014  514.558  0.00380649  0.00224434  0.00746713
541.607  620.946  0.00609189  -0.00499022  0.00975639
536.219  285.053  0.00389252  -0.00302069  0.00922104
550.67  176.348  0.00732055  0.00232366  0.0235854
551.734  257.772  0.00739402  -0.000574835  0.00130316
555.826  242.664  0.00184881  0.000780513  0.00390366
554.983  507.635  0.00461289  -0.000293727  0.00647218
549.29  242.454  0.00378875  -0.000517869  0.00326043
562.572  392.134  0.00219136  0.000456794  0.0014089
565.215  561.554  0.0105875  0.0086193  0.0242778
556.942  258.319  0.00132795  0.00037604  0.00121802
573.948  428.77  0.00598286  -0.00363575  0.00531938
563.822  199.072  0.00188342  -0.0029423  0.011366
571.37  124.214  0.00357084  0.00171962  0.00300325
561.158  130.467  0.00773674  -0.00674322  0.00912747
560.857  221.594  0.00219905  0.000845804  0.00387083
560.738  354.832  0.0056024  -0.00183712  0.00301574
562.481  184.742  0.00340337  0.000475822  0.00230114
573.726  524.979  0.0240416  0.00137302  0.0135424
563.225  338.915  0.00201989  0.000166645  0.00378262
562.357  202.316  0.00233048  -0.00049796  0.00230895
576.703  159.355  0.00324836  0.0014121  0.00197983
579.487  590.796  0.00534933  0.00214972  0.00898074
568.833  194.37  0.00198104  -0.000657067  0.00351655
584.162  273.239  0.000886528  0.00131674  0.00895777
589.901  621.867  0.0085582  -0.000312872  0.0123924
602.701  289.055  0.00309886  0.00421007  0.0191685
596.806  330.235  0.00381632  -0.00156796  0.0304121
593.847  248.258  0.0160936  0.000474154  0.0101595
602.784  461.254  0.00193039  -0.000344852  0.00439839
595.474  492.295  0.00268415  -0.00529027  0.0185007
600.299  304.669  0.0209053  0.0117323  0.0283293
598.411  373.428  0.0031008  0.00336722  0.00883075
610.308  174.629  0.00716238  0.00639788  0.00835311
594.02  269.603  0.00131881  0.0012536  0.00779579
607.127  494.337  0.0239924  0.00387527  0.00271269
611.322  160.252  0.00670861  0.00848108  0.0230464
604.91  518.173  0.0047986  0.00471414  0.0142509
607.505  141.696  0.00686984  0.00111726  0.00170883
594.704  281.216  0.00189519  0.00216491  0.0409084
605.22  344.996  0.00995307  0.0100566  0.0259231
611.662  530.869  0.0220538  0.0123215  0.0162722
610.546  218.839  0.00503441  0.00155671  0.0274344
609.519  325.789  0.0154116  0.0187644  0.0297071
625.321  610.212  0.00504101  4.71207e-05  0.00211247
618.127  288.108  0.00199449  0.00253059  0.0148835
611.506  445.174  0.00426952  0.0107462  0.0448186
623.179  581.289  0.00690557  -0.00157439  0.0297897
622.68  247.231  0.0113697  -0.00193408  0.0254181
622.356  621.97  0.0116203  -0.0017721  0.00685575
627.727  84.483  0.0298342  0.00677946  0.00345127
616.458  459.778  0.00581433  -0.0025544  0.00203231
626.133  319.805  0.00170917  -0.00445235  0.0297054
636.13  273.788  0.00156363  0.000629827  0.0172106
628.255  358.614  0.0281047  0.0101256  0.0154673
639.09  100.007  0.00874709  -0.000853  0.00179898
648.83  217.331  0.00186194  4.52236e-05  0.00305583
636.25  283.235  0.00351024  0.00770188  0.0216748
635.383  93.759  0.0274819  0.0044775  0.00222068
654.153  207.043  0.0047146  -0.000754754  0.00130254
644.599  323.239  0.00242053  0.000199678  0.022824
643.518  479.643  0.00272518  -0.00156392  0.00213781
630.918  562.1  0.00301885  0.00650376  0.0216612
649.68  539.352  0.00307497  0.000686856  0.00446976
663.348  259.414  0.00250365  -7.2861e-05  0.002354
652.742  234.281  0.0102155  0.0043048  0.00322777
653.373  421.771  0.00187702  -0.000389406  0.0275784
649.921  622.44  0.00362353  0.000512965  0.00378512
665.616  241.461  0.00402428  0.00214891  0.00396991
658.105  218.289  0.0115333  -0.0041025  0.0040679
647.716  520.978  0.00418437  -0.000606131  0.00123207
657.434  552.646  0.0305876  0.00218003  0.0233903
659.507  188.021  0.0350605  0.000681514  0.0113879
664.963  319.86  0.0180842  0.00899183  0.0088448
662.203  536.022  0.00262256  -0.00078409  0.00945179
671.955  259.333  0.0069451  -0.00200209  0.00479304
667.897  189.638  0.0292269  -0.0033183  0.00399469
671.558  593.855  0.00185121  -0.000573768  0.00253883
675.401  284.56  0.0236556  0.00518191  0.00365512
676.596  327.111  0.0253899  0.00875553  0.00915041
686.879  397.208  0.00303113  -0.00103534  0.00265921
681.748  358.491  0.00682912  0.0056174  0.0391338
679.136  615.021  0.0155862  -0.00463736  0.020643
682.562  277.389  0.0180129  0.00265457  0.0178143
681.088  589.645  0.00514949  0.000527872  0.0025167
680.712  623.788  0.0231982  -0.0113187  0.029204
684.819  282.134  0.0381121  0.00581318  0.00465839
679.7  462.206  0.0066065  -0.00602182  0.0128357
687.321  258.533  0.0302341  -0.000894122  0.00364152
690.866  240.17  0.00408001  -0.00334877  0.00454493
684.102  369.98  0.0106082  -0.00596687  0.00696651
695.368  505.078  0.00723827  -0.00181098  0.00287938
692.004  540.035  0.00477206  0.000292171  0.00491609
712.485  453.897  0.00144083  -2.71954e-06  0.0186149
709.082  292.532  0.00275568  -0.00311514  0.00560143
706.117  269.806  0.00211347  7.19657e-05  0.00356293
716.08  442.63  0.00133684  0.00026495  0.00142477
725.313  582.301  0.00175759  0.00141312  0.00470979
731.868  249.05  0.00338328  0.00124387  0.004737
719.15  405.581  0.0319899  3.35444e-05  0.0106187
719.106  463.509  0.00418965  0.00653725  0.0128078
732.493  420.195  0.00547384  -0.0058931  0.0266751
732.777  557.591  0.0031125  -0.0021811  0.00297234
730.92  315.835  0.0281009  -0.00192182  0.00606435
744.075  563.857  0.00177634  0.00024444  0.00166299
745.988  268.582  0.00186697  -0.00292758  0.00833609
750.887  607.599  0.00271082  0.00152413  0.00911655
755.1  417.524  0.0027494  -0.000230442  0.00156081
766.051  455.658  0.00564402  0.00118958  0.00648724
770.791  299.37  0.0109632  0.000680144  0.0153535
772.296  136.877  0.00268978  -0.000886674  0.00171528
757.374  239.661  0.00244353  0.000407655  0.00229924
772.385  493.025  0.0111397  0.000980261  0.00484031
774.32  175.203  0.0295516  -0.00116267  0.00334182
778.5  614.698  0.022254  -0.000349738  0.0122289
779.175  262.847  0.0598779  0.00739625  0.00219821
780.8  228.424  0.0280365  -0.00703298  0.00810228
778.028  463.291  0.0118639  -0.00588891  0.00458986
23.5337  523.644  0.00265774  -0.00223144  0.0104526
19.8338  280.397  0.0336516  -0.010607  0.00643369
35.3268  412.753  0.00839761  0.00932866  0.0132712
33.3156  524.874  0.00472622  0.00166392  0.0178056
34.2249  605.998  0.00646464  0.00141732  0.00875377
33.9613  321.323  0.00715032  -0.00306953  0.00231824
37.3071  585.492  0.0065672  0.00212641  0.00451198
44.4296  370.928  0.00318482  0.000254158  0.00140638
34.0164  530.444  0.00313579  -0.00230275  0.00283015
53.7211  534.545  0.0100103  0.00873887  0.0148142
47.6748  470.068  0.00644451  -0.000600458  0.000854819
93.4302  268.678  0.000887094  0.00019082  0.000568731
66.6229  405.731  0.0013254  -1.64855e-06  0.000951287
83.7273  285.824  0.000583997  0.000270716  0.00093006
73.1424  357.786  0.00138702  -0.000526837  0.00177135
98.8732  223.357  0.0148179  -0.00186106  0.0107859
98.9513  270.065  0.00045492  3.86911e-05  0.000686803
114.979  318.257  0.000371562  -0.000566633  0.00398547
106.263  364.312  0.000571922  0.000794187  0.00758939
123.8  589.331  0.00602679  -0.00137898  0.0132526
139.949  464.557  0.00187528  0.00236531  0.00616143
122.068  557.306  0.00807513  0.00493884  0.00856587
123.108  549.228  0.00237551  0.000685423  0.00162081
144.356  397.146  0.000690275  0.000355941  0.00254358
144.029  306.932  0.0100943  -0.00185848  0.000944372
147.005  370.572  0.00198537  0.000108025  0.000882792
168.438  616.121  0.00293076  -0.00382446  0.00773344
154.409  411.919  0.00277346  -1.3476e-05  0.00332128
170.947  451.873  0.00215678  -0.00156751  0.00557411
161.363  475.132  0.00860676  0.00107026  0.0171046
174.807  250.934  0.00186593  -0.000214407  0.0166965
166.958  530.206  0.00526749  0.000881193  0.00115893
177.73  605.356  0.00380741  -0.00146097  0.00155822
178.529  480.107  0.00714963  0.00336435  0.00403087
196.071  342.889  0.000948665  -0.000169046  0.00113909
203.952  437.969  0.00216205  0.00257792  0.00596952
190.734  180.889  0.00363745  0.00262399  0.0067068
201.243  383.227  0.000547288  5.4337e-05  0.00130205
196.812  231.576  0.00972092  0.00535754  0.0161336
196.619  263.433  0.00867365  0.00320384  0.00167152
211.703  445.888  0.000734567  -0.000231599  0.00104143
218.433  298.453  0.00067535  0.000858782  0.0319138
215.819  406.568  0.00294068  0.00168807  0.0223398
223.063  600.021  0.00211648  0.000846034  0.00230341
231.479  447.959  0.00153654  -9.96161e-05  0.00108622
212.452  377.993  0.00126061  -0.000529875  0.0010325
234.002  219.049  0.00101879  -0.000862041  0.00176843
234.884  316.228  0.0121035  -0.000390181  0.000590309
234.208  304.529  0.00647248  -0.000450359  0.00125858
254.187  181.801  0.00126916  0.00137925  0.00527321
243.606  410.61  0.0216682  -0.00204793  0.00348269
262.184  318.373  0.00132781  0.000705051  0.00143289
252.323  507.338  0.00447823  0.000632574  0.00205433
235.798  229.598  0.00135006  -2.03702e-05  0.00135448
252.877  545.604  0.00559467  -0.00475915  0.0134065
273.754  597.139  0.00125843  0.000349161  0.00150786
271.319  231.019  0.00533027  -0.000104806  0.00491273
269.295  430.661  0.00102175  -0.000838608  0.00318063
286.303  585.383  0.00446004  0.00061543  0.0031514
315.281  278.112  0.00128375  -0.001269  0.00446976
313.014  245.942  0.000629423  -0.000266  0.00163244
279.335  357.627  0.000674662  0.00191088  0.0146457
302.046  287.723  0.00199533  0.000468879  0.000726254
309.021  418.273  0.0174739  -0.000531037  0.010064
302.909  479.374  0.00500111  -0.000168178  0.00132881
308.847  277.724  0.000794916  0.000488299  0.00326852
310.283  292.655  0.00089998  -1.47933e-05  0.000669205
335.526  394.245  0.00506016  -0.00252923  0.00601661
329.378  358.456  0.00707701  -0.00193125  0.0191865
314.143  270.414  0.000616391  -0.000225641  0.0121633
341.063  132.83  0.0107253  0.00354075  0.0151558
327.454  483.494  0.00223596  -0.00101952  0.00182399
346.381  191.281  0.0103991  -0.00187429  0.00219732
341.278  437.867  0.00189946  -0.000883143  0.00132421
356.034  599.996  0.00957645  0.00449185  0.00330901
360.077  335.323  0.0113705  0.00473702  0.0165902
374.205  123.632  0.00276217  0.00279714  0.00527675
358.914  218.566  0.00559538  0.000243901  0.00950636
367.782  516.522  0.000340595  -7.0028e-05  0.00169891
364.507  407.171  0.00591435  -0.0020489  0.00191255
376.254  139.467  0.000563003  1.39289e-05  0.00078626
381.512  110.324  0.00466912  -0.00246541  0.00363356
373.286  234.687  0.0159827  -0.00519025  0.00957728
366.117  313.528  0.00120111  -0.000261032  0.000470807
376.457  401.171  0.00495842  -0.00347682  0.00360304
385.366  511.884  0.00102806  -0.000537806  0.00192565
398.471  126.247  0.00994767  0.000869207  0.0127583
382.831  597.785  0.000644486  0.000289654  0.00153988
399.501  479.783  0.0163736  0.000620499  0.0163736
401.958  386.318  0.00553475  0.00163162  0.0082951
402.758  424.237  0.00876502  -0.00344012  0.00503193
404.781  584.998  0.0024006  -0.00255775  0.00455009
418.613  236.91  0.0051186  -0.00189014  0.00713284
413.277  258.314  0.00334312  0.00072307  0.00854488
418.25  93.3099  0.00499071  -0.00492641  0.0145581
406.714  543.949  0.00119236  0.000584797  0.00103149
419.051  624.154  0.0131479  -0.00318278  0.00761008
413.293  211.785  0.00153535  0.000284763  0.00689194
425.58  114.752  0.00313288  -0.0047783  0.0112294
432.087  410.7  0.000504255  -0.000658151  0.00277178
428.277  131.793  0.00258809  -0.00207276  0.00750279
429.797  113.839  0.00385762  -0.00534877  0.0106448
456.465  242.967  0.00588884  -0.00241479  0.00212814
437.802  416.489  0.00060314  -0.000306277  0.00491027
456.421  508.294  0.00535629  -0.00297928  0.0195919
452.197  551.007  0.00742833  -0.00203719  0.00142437
461.419  117.329  0.00665086  -0.00321961  0.0115477
464.617  205.082  0.00519727  -0.000343958  0.00454519
462.791  599.083  0.0117435  0.00529647  0.00687564
474.273  354.179  0.000882864  -4.3564e-05  0.00040644
463.056  174.366  0.00957859  0.0016066  0.00168755
461.799  105.849  0.00231431  0.000677877  0.0218393
492.15  348.89  0.0030491  0.000349511  0.000659315
475.594  522.961  0.00165567  -0.0013952  0.00227818
495.157  110.239  0.00187757  -0.000206154  0.0118434
482.829  419.245  0.00515057  0.000370231  0.0011019
494.268  582.411  0.0121746  0.00377108  0.0125509
495.093  357.782  0.00251158  0.00119442  0.00190754
514.024  242.947  0.000886496  4.0711e-06  0.00165037
501.876  415.145  0.000806516  6.26633e-05  0.000502518
512.534  622.677  0.00931397  -0.000497769  0.0163137
499.448  389.697  0.00256634  0.00167967  0.00268029
529.973  192.265  0.000828923  -0.000366467  0.000914837
515.181  278.488  0.00586458  -0.00283984  0.00779804
497.995  475.603  0.00260466  -0.00234158  0.00401794
531.965  429.199  0.00661947  0.0033976  0.00763088
513.788  106.943  0.000508501  0.00112522  0.0142119
540.768  477.745  0.0019918  0.00157185  0.0140844
535.709  581.203  0.00707063  0.000120866  0.00136204
535.232  570.569  0.0174514  -8.93663e-05  0.00312755
536.796  309.08  0.00558428  -0.000251033  0.0061367
535.517  516.884  0.00169677  0.00164444  0.00851467
520.429  380.637  0.000610345  -0.000329906  0.00554131
555.833  454.86  0.00164025  -0.00248116  0.0193696
552.7  255.693  0.00591938  0.000908259  0.00107873
560.955  468.61  0.0173622  0.00320679  0.0108163
561.502  383.259  0.00433799  0.00102478  0.00109791
564.853  559.058  0.00942922  0.000662974  0.00657703
578.436  95.5597  0.000802404  0.00218082  0.014518
571.776  528.389  0.0133333  0.00526168  0.00910248
559.706  288.453  0.00105131  -0.000334048  0.00136379
561.678  326.728  0.00160088  -0.000481609  0.00109702
583.5  590.192  0.00827193  0.00183544  0.013972
566.069  188.568  0.00160942  6.21651e-05  0.00111178
566.428  239.199  0.00109684  -0.00033239  0.00178489
571.009  313.463  0.000745216  -0.000496419  0.00342275
594.463  491.487  0.00857047  -0.00344127  0.00750123
584.028  369.148  0.00057792  -0.000167488  0.00440083
603.197  460.887  0.00404484  -0.00217776  0.0144563
607.845  344.082  0.0112143  0.00506449  0.0163192
610.091  288.512  0.00284701  -0.0024488  0.0143504
611.504  353.72  0.0017072  -0.00237384  0.0240747
609.821  323.083  0.00911453  0.00836208  0.0118609
612.877  477.039  0.0143834  0.00112416  0.00932752
632.314  179.233  0.00105164  -5.30762e-05  0.00112505
632.668  601.925  0.00151073  0.000210716  0.0114152
608.925  306.6  0.00321175  0.0018733  0.00354425
650.021  241.164  0.00116699  0.000393892  0.00145254
644.73  474.789  0.00207797  -0.00341062  0.0102582
634.408  574.43  0.00728599  0.00456153  0.0145521
633.101  137.998  0.0039871  -0.0025204  0.00212863
652.442  269.013  0.000753076  0.000182461  0.00183866
653.456  525.771  0.0131717  0.00762171  0.00541793
648.622  421.921  0.00964922  -0.00179855  0.0158111
647.959  144.749  0.00141261  -0.000468179  0.00224843
656.772  232.624  0.00596584  0.00298332  0.00331358
669.853  594.535  0.00201441  -0.00213204  0.00556244
652.756  529.675  0.00194388  -0.00103801  0.00232618
666.529  438.934  0.0114481  0.00437347  0.00797599
670.809  190.791  0.00514241  -0.000705184  0.00658883
691.706  223.964  0.00119806  -0.000338735  0.00158438
673.667  289.979  0.0164967  0.000553467  0.00979669
670.679  336.159  0.0120552  0.00712655  0.0107267
683.433  450.213  0.00186575  0.00113035  0.00188605
678.545  382.469  0.0125101  -0.00357333  0.00761867
671.309  150.984  0.000899443  0.000312802  0.00181044
677.312  598.199  0.00357731  0.00206755  0.00823896
697.279  409.233  0.0135594  -0.00160001  0.00258618
702.518  346.581  0.00596403  0.00125806  0.00248141
713.022  500.481  0.000974085  0.000705923  0.00377281
696.538  528.366  0.00516768  -0.000380966  0.000688033
711.476  449.39  0.00106398  -0.00235271  0.00898044
729.519  264.464  0.00105068  0.00177905  0.00824876
720.502  288.664  0.00050075  4.29812e-05  0.00184272
722.642  533.235  0.00320085  0.00379163  0.0062169
739.4  566.983  0.00254298  -0.0017285  0.0039112
729.451  455.781  0.00715773  0.00246759  0.0039795
735.338  258.292  0.00250799  -0.00254179  0.00358808
754.858  425.418  0.00101955  -2.16307e-05  0.00378721
769.296  457.418  0.00347249  -0.000377118  0.00743759
766.375  507.443  0.0172758  0.00569766  0.0158114
775.178  345.893  0.00661811  0.0035818  0.00793819
773.89  374.661  0.0186469  0.00529566  0.0121859
772.29  548.069  0.00694766  0.00249216  0.0195683
24.4064  358.487  0.00637273  -0.000598063  0.00508583
35.453  388.964  0.00208849  0.000524928  0.000573382
39.2007  466.546  0.00169783  -0.000421278  0.000749143
45.2908  247.634  0.000869818  0.000369965  0.00119024
99.5865  291.599  0.000272479  2.7011e-05  0.000251167
105.313  350.848  0.000183954  -8.43251e-05  0.000602718
98.5896  223.796  0.00752651  -0.000135394  0.00770525
107.734  313.896  0.000260624  -0.000151241  0.000471348
143.044  337.311  0.00250586  -0.000297292  0.000277395
160.128  234.753  0.000416266  5.43004e-05  0.000330471
167.17  525.637  0.00224496  0.000451411  0.00118728
206.977  265.034  0.000589418  0.000555352  0.00100193
208.512  524.688  0.000262583  2.33858e-05  0.000352925
204.465  339.029  0.00214001  -0.000591025  0.00161297
211.819  517.217  0.000476572  1.7119e-05  0.000506222
243.088  602.505  0.000309844  3.32116e-05  0.00184404
200.969  385.257  0.000491131  -8.85096e-05  0.000905582
241.08  445.72  0.00451722  0.000460169  0.00245731
243.553  410.587  0.0102673  -0.000470471  0.00275611
223.851  230.503  0.000465376  -5.36373e-05  0.000832473
264.93  520.856  0.000494448  0.000139113  0.000608077
301.522  562.994  0.00169588  0.00102698  0.000992778
288.058  352.511  0.000274822  3.95143e-05  0.00100679
321.765  363.71  0.00259496  -0.000590326  0.000446527
311.565  229.587  0.00096958  -0.000606169  0.000978229
328.336  476.647  0.00212739  -0.000534338  0.000827905
376.108  234.146  0.00556318  -2.33406e-06  0.00394634
396.044  98.4841  0.00825394  0.000312794  0.00825394
406.973  153.618  0.000275621  9.35586e-05  0.000338178
422.75  112.643  0.00166288  -0.00129446  0.00562596
416.913  252.564  0.00308009  0.000989063  0.00205066
428.04  524.273  0.00167214  9.65383e-05  0.00269605
445.831  412.371  0.00047477  0.000100549  0.00141976
447.09  151.477  0.00130865  -0.000955367  0.00123758
481.979  577.421  0.00106153  0.00109852  0.00250561
510.341  234.906  0.000390608  -0.000181529  0.00192542
510.119  408.619  0.000540058  0.000173146  0.000551244
538.511  477.475  0.00146806  -0.000139952  0.00412387
534.747  280.374  0.00401622  0.000200018  0.00207529
531.234  515.662  0.00079034  0.000869363  0.0066806
533.693  336.499  0.00214098  -0.000778727  0.00092183
563.62  244.889  0.0016558  0.000136301  0.000249826
578.704  94.898  0.000804178  0.00209925  0.0109159
599.088  111.124  0.000702355  0.000622829  0.00318149
584.158  588.844  0.00374601  -0.000463926  0.011757
598.96  181.999  0.000262961  6.45107e-05  0.000385736
569.906  315.959  0.000615191  -6.03728e-05  0.00173905
576.355  357.781  0.000902284  -0.000631851  0.00128138
598.041  233.936  0.000219504  7.11572e-05  0.000228143
569.9  256.779  0.000618367  -0.000206639  0.000853302
610.772  462.428  0.000948707  4.46256e-05  0.0104383
602.35  477.561  0.000791682  4.52087e-05  0.00694125
615.284  300.074  0.000173576  3.03971e-05  0.00249651
628.002  136.301  0.00333196  -0.00096624  0.00638865
636.284  582.517  0.000374257  -0.000366807  0.000774186
642.084  111.402  0.00463446  -0.00104109  0.000972795
657.721  287.071  0.000941461  0.000853314  0.00140837
645.877  360.849  0.000466554  -3.0389e-05  0.000575689
648.226  593.248  0.00034917  0.000122088  0.00230946
657.58  533.531  0.00157489  0.00106549  0.00460439
683.989  226.887  0.00338731  -0.00176728  0.00179617
670.927  442.4  0.000460899  0.000136433  0.00037251
673.86  598.722  0.00335202  0.00351026  0.00773598
673.346  566.723  0.000753606  -0.000127126  0.00103448
708.642  544.214  0.000642509  3.88412e-06  0.000366291
711.986  504.961  0.000554934  -7.87758e-05  0.00357152
739.595  506.419  0.00156334  0.0019762  0.00377655
728.191  274.111  0.00055622  0.000114633  0.000664907
720.644  554.825  0.000585085  -6.72224e-06  0.000372948
723.096  453.831  0.00107641  0.00016789  0.0039629
736.446  317.275  0.0022178  -0.000852527  0.00409781
769.847  454.285  0.00237158  0.00152046  0.00460349
772.201  172.415  0.0146427  -0.00278718  0.00384225
770.041  385.303  0.00727682  -0.00130748  0.00146041
761.266  241.75  0.0017006  -0.000511441  0.00148129
58.0033  418.596  0.0028484  0.000478156  0.00160327
40.0523  260.025  0.000876651  0.00030797  0.000465847
147.548  249.099  0.000527599  -0.000202916  0.000420196
141.099  568.774  0.000510318  -0.000308247  0.000495199
128.461  205.504  0.000523396  0.00104377  0.00593327
104.773  361.537  0.000191008  -8.57323e-05  0.000542851
204.088  235.877  0.000180364  -6.06018e-06  0.000234543
251.377  144.189  0.000394552  0.000746677  0.00530816
249.486  594.243  0.000217632  0.000115434  0.001062
242.111  392.563  0.000125855  -4.24758e-05  0.000424341
234.5  301.995  0.00337521  5.4264e-05  0.00121477
260.101  204.727  0.000256692  6.11948e-05  0.00017048
234.253  212.616  0.000513152  7.52788e-05  0.000175841
308.84  221.472  0.000670725  -0.000150894  0.000257853
290.168  371.578  0.000282183  -2.92705e-05  0.000344899
371.647  297.688  0.000712376  0.000342813  0.000759718
370.784  406.184  0.0014019  -0.000554501  0.00141431
427.044  450.446  0.00209226  0.000328856  0.00139011
470.747  536.997  0.000215136  -0.000185206  0.00164084
449.281  148.417  0.00033045  5.59054e-06  0.000223144
516.31  171.055  0.000375329  2.60173e-05  0.000143778
508.443  469.735  0.000351702  -7.50708e-05  0.000154467
532.729  324.041  0.00242911  0.000205697  0.000245574
500.397  497.287  0.00023708  -0.000100451  0.000846696
519.624  407.103  0.000297423  0.000134449  0.000580326
529.974  150.844  0.000255866  0.000196972  0.000413748
577.324  332.215  0.0002381  3.44641e-06  0.000119212
603.57  265.206  0.000118364  2.91432e-05  0.000200777
603.19  510.615  0.00243766  -0.00034883  0.000795408
623.057  292.329  0.000229987  0.000290655  0.000762952
615.498  216.262  0.000171344  -2.27778e-05  0.000353282
664.807  547.855  0.000202601  2.95302e-06  0.00013217
688.805  208.259  0.00097113  0.000319758  0.00156571
662.104  587.724  0.000460895  0.00037553  0.0012949
706.285  71.1156  0.00020439  6.58959e-05  0.000283001
720.758  535.472  0.00331129  -0.0016277  0.0010108
765.707  457.984  0.00235443  7.5603e-05  0.00345089
