1.0
715
8.42857  300.59  0.0218884  0.00763067  0.01764
14.8244  504.992  0.0834975  0.00233677  0.0054831
32.0129  529.301  0.00196654  -0.00239084  0.0166507
31.6028  119.115  0.00272576  -0.00164881  0.0269912
26.4494  324.434  0.0116388  0.00447874  0.0081991
24.2532  125.856  0.0023887  -1.21704e-05  0.00189912
39.3136  545.161  0.00211134  5.82566e-05  0.00433081
28.0568  630.659  0.0393278  0.00170751  0.031603
33.6984  185.087  0.00680045  0.00589831  0.0416571
29.34  124.158  0.00228162  0.00180681  0.00342934
45.3031  502.524  0.00808411  -0.00248278  0.00782813
38.4494  309.137  0.00906564  0.00427952  0.00919373
35.8  526.263  0.00237307  0.000145729  0.00075376
52.5876  221.865  0.00181575  -0.000318859  0.00276365
55.6888  347.278  0.0240635  -0.00646627  0.00723167
59.1942  516.424  0.0239952  0.00320837  0.00419261
69.4768  421.148  0.00145244  0.00135696  0.00471772
67.3916  63.0466  0.00330984  -0.000508516  0.00144166
66.9153  251.433  0.00262057  0.00076683  0.00366856
80.9936  395.269  0.00151979  -0.000564407  0.0036476
71.3771  539.691  0.00376011  -0.00320799  0.00408916
73.6272  534.473  0.0271763  -0.0183157  0.0211275
72.4606  302.216  0.0209054  -0.00267531  0.00806002
69.3814  482.093  0.00883583  0.00854939  0.0260543
76.5894  347.327  0.0232718  0.000117635  0.00483947
72.3268  511.016  0.0193075  0.0151931  0.0176732
85.2786  558.592  0.00257838  -0.005833  0.0516958
83.3492  473.548  0.0140469  -0.00172539  0.039332
89.3668  501.143  0.018544  0.00529606  0.00351535
92.5141  567.42  0.00148458  0.00098229  0.0262276
88.1379  498.348  0.010054  0.00149873  0.00182384
91.378  520.89  0.0335381  0.00933145  0.018436
90.3936  279.372  0.00271546  0.000841252  0.00659594
99.6629  413.989  0.0206158  -0.00076579  0.00583534
97.2209  557.933  0.00699182  0.00926282  0.0478219
99.2629  96.9174  0.00212989  -0.000192306  0.0030269
110.027  127.484  0.00227276  0.00051215  0.0536794
96.8198  388.987  0.0105104  0.0068243  0.00673741
106.511  472.553  0.042562  0.0100653  0.00837179
109.972  528.991  0.00354308  -0.000619553  0.00161138
112.614  393.971  0.0040211  -0.00263154  0.0107533
107.096  439.554  0.0137852  0.0020417  0.00708186
114.012  506.146  0.0038532  -0.00066666  0.00112199
112.766  561.612  0.00662209  0.00502551  0.0107099
123.109  275.647  0.00500616  -0.000760023  0.00370068
121.427  178.355  0.00567423  -0.000504115  0.0372361
121.867  409.868  0.00171372  -0.000907337  0.00448414
132.027  651.236  0.00703041  0.00177297  0.00203893
123.061  405.213  0.00161021  0.00215543  0.00678726
127.148  487.046  0.00349113  -0.00196668  0.00248478
138.646  437.646  0.0324809  0.00123091  0.0324809
140.421  338.474  0.0281495  0.00668084  0.020087
128.52  482.055  0.00170895  -0.000411876  0.00217228
140.082  64.907  0.00167579  0.00256104  0.00922346
131.927  379.298  0.00411248  0.00420611  0.00771995
149.975  189.402  0.000705284  -0.00133062  0.0103174
150.754  508.845  0.00195708  0.000646018  0.00543801
159.043  657.239  0.00364437  0.0017047  0.00673734
150.85  401.972  0.00962258  0.00113235  0.0031944
154.646  420.646  0.0324809  0.00123091  0.0324809
168.362  296.364  0.00484487  0.00352168  0.0159853
181.612  267.426  0.00179044  0.000101425  0.000863542
183.973  167.819  0.0205375  -0.0079285  0.0204016
182.529  115.529  0.0126392  0.00269817  0.0181209
186.59  639.201  0.0169894  0.000397567  0.030256
183.595  135.874  0.00855035  -0.00226875  0.0122268
189.763  442.661  0.0258618  -0.00197405  0.0258825
200.646  269.646  0.0324809  0.00123091  0.0324809
215.257  480.217  0.00193783  -0.000895568  0.00313915
209.684  41.7678  0.00221627  0.00214641  0.00520896
203.424  29.7393  0.0160911  0.0107166  0.0135128
207.535  190.818  0.0104925  -0.00130659  0.00632078
209.646  373.646  0.0324809  0.00123091  0.0324809
213.447  106.889  0.0104466  0.000785692  0.001979
207.486  42.2424  0.00313718  0.000933051  0.00797448
206.908  245.717  0.00222068  0.000339296  0.00152908
222.622  109.096  0.0424943  -0.0016811  0.00526316
223.246  537.392  0.00317911  0.000713195  0.00193187
224.186  205.164  0.0196289  -0.00165566  0.00359222
226.83  146.325  0.0216775  0.000292392  0.00232572
229.217  94.1566  0.0104002  -0.00147302  0.019246
231.472  421.52  0.0146188  0.00189829  0.0390749
226.197  531.745  0.00379752  0.00177926  0.0028479
232.053  465.406  0.0110656  0.00408344  0.00415914
234.893  645.372  0.00440085  -0.00585948  0.0247626
235.637  216.401  0.0241267  0.00248457  0.00190602
240.45  519.688  0.0394575  0.00300049  0.0062622
234.157  148.06  0.00403952  -0.000505409  0.00224223
247.369  437.39  0.0122888  -0.00934438  0.0125741
237.161  338.435  0.0038848  0.000782595  0.0108722
246.92  678.08  0.0181146  0.00283177  0.0416064
248.102  346.801  0.0173846  -0.000398273  0.0018769
248.299  116.316  0.00136781  -0.000387934  0.0013331
248.898  391.269  0.00610286  0.000133454  0.00100399
249.865  47.104  0.00318118  0.00121282  0.00711729
245.245  476.707  0.00177759  0.00173142  0.00629122
255.405  438.662  0.0030382  -0.00399662  0.009013
263.649  453.577  0.0328298  0.00140157  0.0310832
260.736  298.159  0.00408716  -0.00110688  0.00634765
264.328  526.983  0.0381709  0.00404828  0.00407341
266.47  508.81  0.017251  -0.00535292  0.0176311
267.552  529.305  0.015919  -0.00179148  0.00298958
280.083  497.822  0.0139118  0.00969995  0.0151263
277.087  399.385  0.027273  0.00558362  0.03237
271.38  354.899  0.00146451  9.69928e-05  0.00162044
285.712  304.117  0.0156807  0.00223727  0.0127552
285.867  45.422  0.00600385  0.00276604  0.0462236
294.471  559.358  0.00170398  0.00075892  0.00875602
293.304  487.357  0.00880132  0.00148051  0.017676
291.38  397.277  0.00585947  0.00434131  0.00597216
295.23  528.254  0.0300074  0.00120423  0.0196883
310.32  449.687  0.00376976  -0.00600824  0.0236894
316.747  659.209  0.00144116  -0.000135132  0.0134797
299.535  45.6719  0.00177175  -0.00112515  0.0196887
302.895  528.397  0.00193815  0.000757526  0.00139723
303.56  197.53  0.0014226  -0.000226652  0.000873769
298.999  505.761  0.00212549  0.00139629  0.00284693
318.26  531.993  0.0081683  -0.00260336  0.00369409
314.078  682.8  0.00453558  0.00227284  0.00612178
312.356  418.683  0.0280552  0.00182295  0.0338814
323.561  340.319  0.00423886  -4.67269e-05  0.00199788
325.213  573.234  0.00313144  0.00311274  0.00900148
311.856  448.475  0.00505798  -0.00888  0.0297584
323.431  297.082  0.00727599  0.000933554  0.00170334
322.202  475.55  0.0264164  -0.00409654  0.0304176
338.475  519.071  0.00398763  0.00139463  0.00167536
326.421  41.4541  0.00169652  0.00499991  0.0250245
342.325  552.07  0.00277235  0.00249555  0.00577161
337.183  316.548  0.0236052  0.00298803  0.034872
337.556  22.9517  0.00565339  0.013249  0.0643186
346.545  43.3062  0.00348545  0.000904463  0.00442117
346.375  298.972  0.00542691  -0.00238023  0.00414209
353.933  335.657  0.00321702  5.17461e-05  0.00160591
347.715  21.1715  0.00213547  0.00568417  0.0369709
364.555  557.76  0.0341571  0.000764901  0.0124804
373.616  605.595  0.00230428  0.00578769  0.0418942
368.781  667.02  0.0016637  -0.00390354  0.0246828
372.142  521.047  0.00251435  0.00013331  0.0040002
373.582  571.172  0.0082547  0.000564702  0.00166647
381.804  685.354  0.00548571  -0.00958783  0.0437736
390.168  460.245  0.0028142  -0.00208416  0.00729071
398.188  403.062  0.0158738  -0.0112902  0.0105842
391.638  535.586  0.00330122  0.00180359  0.00602116
393.406  415.216  0.00455644  0.000267689  0.000785103
404.839  517.244  0.00230271  0.0004195  0.00361256
396.564  497.581  0.00541568  0.00033548  0.000622243
412.907  46.662  0.00977095  0.00466392  0.00529414
413.873  682.41  0.0106925  -0.00138884  0.0480085
419.715  478.855  0.00839971  0.0021176  0.00244033
415.986  418.653  0.00950292  0.0016098  0.0439282
416.572  275.913  0.0029735  -0.000323421  0.000805124
421.724  331.978  0.00302274  -0.000166213  0.00146591
422.772  405.272  0.00742399  0.00245816  0.0052117
422.576  366.405  0.0149422  -0.00941271  0.0137859
433.942  542.763  0.0170728  -0.00269101  0.00267708
444.913  687.894  0.00409969  -0.00630548  0.0412881
448.605  392.289  0.00263378  0.00145824  0.00277013
448.449  285.001  0.0051205  -0.00138908  0.0020925
452.635  481.234  0.00730045  -0.00092015  0.0011424
449.159  304.961  0.00153489  -0.000274071  0.0373175
446.867  432.602  0.00122791  0.00132738  0.00301443
456.539  329.115  0.00299426  -9.40493e-05  0.00157389
456.423  394.646  0.00177556  -0.000282407  0.00156951
456.24  443.146  0.0141915  0.000658022  0.0171056
445.283  461.313  0.00496952  0.00508115  0.0101413
458.706  541.056  0.0323335  -0.00780673  0.00825752
453.381  492.37  0.00223337  -0.0019821  0.00295971
458.992  357.208  0.0088891  -0.00193703  0.0139216
455.132  430.781  0.00486658  -0.00274058  0.00362423
476.922  81.7622  0.00435225  -0.00144258  0.0223465
461.346  398.754  0.00305955  -0.000434511  0.00105426
468.687  169.181  0.00103999  0.000163651  0.00186534
470.016  681.94  0.00125949  -0.00185978  0.0176466
475.917  204.109  0.0289914  0.00657978  0.0144797
483.403  208.966  0.0355564  -0.00596243  0.0128749
489.534  509.22  0.00115564  0.000121653  0.00449483
484.002  442.851  0.00852126  0.00175768  0.00382746
483.696  683.367  0.00637425  0.00266972  0.0278427
489.292  533.101  0.00524866  -0.00459396  0.0183072
487.05  589.206  0.000771843  0.000208812  0.0058844
490.682  300.499  0.00324799  0.000641466  0.00090614
486.209  557.007  0.00444221  -0.00307865  0.0131805
497.181  15.3548  0.0111945  0.0154859  0.0525347
493.166  352.09  0.0036801  0.00111485  0.0033607
494.456  510.05  0.00135699  -0.00165327  0.00632358
505.96  224.405  0.00219609  0.0002733  0.00129329
494.986  378.903  0.00188792  -0.00124724  0.00367101
497.643  571.932  0.0022526  0.0017194  0.00700551
505.321  450.688  0.0228736  -0.00217859  0.0307731
496.604  393.741  0.00191621  -0.000511985  0.00227469
501.119  518.464  0.0135919  0.0110328  0.0123741
521.853  687.576  0.00147067  -0.00235183  0.0294968
522.71  198.637  0.00459  0.000102519  0.00102935
521.323  547.962  0.0407754  0.00807055  0.0111994
512.914  495.662  0.0030519  -0.0010553  0.00184359
518.875  578.467  0.0234249  0.00785687  0.00412916
529.068  156.888  0.00644585  0.000351235  0.000767782
528.307  389.625  0.014745  0.00245716  0.0131947
525.207  529.813  0.00751747  -0.00408682  0.00514233
519.976  188.194  0.0034451  0.00195224  0.00705358
529.576  330.393  0.0028887  -8.59496e-05  0.00227024
536.733  560.278  0.00635741  4.81484e-05  0.00223395
527.388  277.723  0.001293  0.000622737  0.00395843
549.86  519.342  0.00354931  0.00319317  0.005199
541.831  536.855  0.022279  0.0255778  0.0333764
561.298  536.414  0.00447032  0.00120437  0.00315164
563.284  326.529  0.0288198  -0.00465267  0.00685741
563.054  149.997  0.0166856  2.52844e-05  0.00159073
566.78  127.738  0.00112266  0.0033195  0.0266037
569.728  500.01  0.0330003  -0.000329362  0.0277216
581.087  189.439  0.0103511  -0.000418747  0.00144784
582.366  459.059  0.00589334  0.00205426  0.00729997
583.061  124.054  0.00241773  0.00458641  0.0564938
586.039  230.465  0.0130544  0.00275493  0.00927385
592.146  474.432  0.0107806  0.000775962  0.0113421
590.509  501.002  0.0156185  -0.00191601  0.00205907
592.487  148.384  0.00104681  0.000272401  0.00184958
593.255  317.654  0.0135191  -0.00353993  0.00266855
603.973  365.405  0.0100832  -0.00493298  0.0105066
619.691  172.042  0.00269755  -0.000805482  0.0105583
620.689  504.768  0.00197937  0.000657733  0.0011752
616.17  194.974  0.00716573  0.000690574  0.00296003
613.745  221.075  0.0324266  0.00096636  0.0263866
614.254  123.746  0.0310595  0.00665576  0.0224022
621.722  78.7898  0.00173829  -0.00185632  0.00392967
620.132  247.505  0.00617564  -0.00349365  0.00558642
625.493  283.811  0.00910327  0.00105973  0.00359375
626.146  322.907  0.00722351  -0.000387969  0.00260437
628.358  169.36  0.000821657  0.000513508  0.0126383
642.909  435.075  0.00178849  6.0721e-05  0.00108992
641.658  190.297  0.00722054  0.000597386  0.00239765
646.801  372.279  0.00164021  -0.000519758  0.00122254
639.616  463.818  0.0333961  0.00175673  0.0297428
643.671  398.574  0.00220024  -0.00267014  0.00492123
646.101  356.488  0.00406285  -0.00225045  0.00726816
637.276  449.683  0.00108322  -0.00122446  0.00342565
648.421  509.584  0.00962002  -0.00175439  0.00820655
643.694  239.281  0.00536161  3.72163e-05  0.0023255
646.102  281.212  0.0126944  0.00331836  0.00292237
645.056  278.552  0.00661816  0.000661231  0.0022278
651.19  311.07  0.0108032  0.000724081  0.00399457
669.051  163.565  0.00301607  -0.000438451  0.0103246
658.544  328.673  0.013472  0.00482716  0.0135155
658.509  383.466  0.0013498  -5.60041e-05  0.0015792
669.496  245.525  0.0110194  0.00134203  0.0244529
670.86  297.098  0.0190391  -0.0100354  0.0274859
676.228  186.378  0.0207809  -0.00154545  0.00198107
673.453  275.511  0.0102715  -0.000121509  0.00229852
678.141  314.21  0.0111288  -5.68526e-05  0.00313917
671.088  139.102  0.00188205  -0.000208358  0.00209333
669.595  340.474  0.00470572  0.00451766  0.00789763
687.832  298.592  0.0135454  -0.00241068  0.00991425
694.562  21.9505  0.00446092  0.0147821  0.0690638
693.58  183.022  0.00623992  0.000469008  0.00191811
708.963  45.6754  0.00459547  0.00720406  0.0379361
704.034  318.993  0.00739644  0.00107453  0.00154169
704.996  271.385  0.00113721  0.000319334  0.00252275
705.6  626.684  0.0329586  0.000544375  0.0326988
712.269  312.424  0.0015228  0.000316576  0.0018326
722.451  255.515  0.00312517  -0.00138255  0.00412175
706.506  24.3457  0.00302183  0.00390975  0.0277908
716.175  170.796  0.00947518  -0.00116951  0.00136279
728.665  309.395  0.00777762  0.000285719  0.000917637
730.812  174.529  0.023574  -0.00149197  0.00147982
743.891  615.712  0.00150768  0.000542795  0.0205842
734.402  218.778  0.0309751  -0.00274068  0.00217006
734.992  33.9961  0.00559896  0.00636083  0.0223851
741.644  303.318  0.027278  -0.00237517  0.00424522
743.429  168.908  0.00794714  -0.000572838  0.00119442
746.508  243.299  0.0227545  -0.00189111  0.000779708
760.615  167.263  0.0335455  0.000637567  0.00667508
751.593  608.391  0.00121857  0.000408152  0.0220497
764.279  202.912  0.0325016  0.00188282  0.0157849
765.784  229.881  0.0352743  -0.000676819  0.00354722
767.435  231.304  0.0431321  0.00269453  0.00441641
769.31  265.146  0.0476595  -0.00321637  0.00232105
772.715  308.956  0.0461308  -0.00345677  0.00159233
772.184  146.479  0.000663572  0.000943339  0.00724121
775.426  162.283  0.013099  0.00391009  0.0133684
781.959  219.128  0.0131869  -0.00642482  0.0263335
785.018  172.821  0.005358  6.61894e-05  0.00194206
778.19  200.224  0.0133759  0.00111866  0.0163444
784.433  554.163  0.032814  -0.00308614  0.0253331
788.926  475.171  0.0255871  -0.00134754  0.00494487
793.477  143.638  0.00293038  0.00048343  0.00360721
796.527  217.418  0.0331054  0.00282861  0.0232203
797.981  436.374  0.0380222  0.0144027  0.0147879
795.69  666.648  0.00857432  -0.00289079  0.0222017
800.684  275.809  0.0312523  -0.00312635  0.0161486
801.582  454.901  0.00326362  -0.000819394  0.00286909
803.79  518.847  0.0326362  0.0136339  0.0194729
809.514  165.615  0.00562429  0.00171682  0.00288915
799.686  348.704  0.00738854  -0.00294299  0.00176491
809.875  665.508  0.0116768  0.00115664  0.0418905
817.133  196.667  0.00217883  -0.00219249  0.0158691
828.841  388.711  0.00378725  0.00480902  0.0107846
815.174  261.568  0.0118987  -6.39084e-05  0.00195163
820.013  434.846  0.00261062  -0.00148179  0.0158738
813.283  478.54  0.0422398  0.0162781  0.0103495
812.142  231.069  0.0102539  -0.00100111  0.0133354
821.924  418.764  0.00612822  0.000823285  0.00798519
821.746  20.5412  0.00162614  0.000103399  0.00291143
818.608  348.701  0.032325  0.00199255  0.0316848
822.05  612.471  0.00836073  -0.00296929  0.0124808
829.134  498.057  0.00487073  0.00133587  0.00208626
822.275  518.5  0.00235999  -0.00369853  0.0449228
815.052  442.838  0.000987472  0.00176877  0.0262986
831.181  429.928  0.0190395  0.000555197  0.00960015
836.622  40.6409  0.00359707  0.0043047  0.0252033
832.183  408.1  0.0348903  -0.00697496  0.0180167
848.025  133.751  0.00167909  0.000570888  0.00646412
837.971  486.675  0.0146357  -0.00211833  0.0048097
848.136  583.124  0.00352346  0.000335138  0.00154748
846.164  147.555  0.00551111  0.00425321  0.0323162
845.616  249.656  0.0117619  -0.00253511  0.00507351
840.329  541.047  0.0202352  0.0109476  0.0243391
833.009  616.713  0.00232665  -0.0041981  0.0180824
847.208  171.758  0.00539994  0.00244201  0.00699405
833.566  382.413  0.00264807  -0.000663078  0.00680355
843.737  423.544  0.00722345  0.00412437  0.0150132
846.137  199.49  0.00440427  -0.00169516  0.00403912
855.244  369.696  0.00203798  0.000182953  0.0120157
842.964  146.24  0.00314002  -0.000330312  0.0377854
856.362  486.719  0.00453131  -0.00236277  0.00409754
849.982  517.549  0.0119471  -0.00775679  0.0106003
854.449  133.71  0.000812937  0.000211202  0.0102122
868.059  242.885  0.00249206  -0.00154707  0.00219442
861.742  603.582  0.0319966  0.0193618  0.0136406
872.04  251.944  0.0451128  0.00449368  0.00594626
874.441  143.004  0.00427557  0.00218425  0.0398004
886.432  409.698  0.00438678  0.0130186  0.0555912
869.397  168.924  0.0102141  -0.00385789  0.00894412
872.578  193.689  0.00879241  0.00173532  0.00397674
876.18  482.922  0.0133575  -0.00563104  0.00340621
878.77  375.967  0.0130555  0.00519933  0.0394541
883.038  549.502  0.0124101  0.000402469  0.0161483
879.962  430.696  0.00155823  -0.000194701  0.00239999
874.992  158.385  0.00352307  -0.00194239  0.00395252
886.925  529.644  0.015751  -0.00438883  0.00248355
889.288  482.496  0.0340538  0.00574876  0.0054321
890.83  253.833  0.0419039  -0.00294885  0.00208414
891.902  257.402  0.0428043  0.00243927  0.00222215
892.461  265.345  0.0396119  0.00644827  0.00772952
894.145  302.789  0.0349118  -0.00385834  0.00189896
898.8  530.36  0.0320332  0.00464789  0.0275839
906.316  207.806  0.00219062  -0.000542187  0.00285145
902.154  380.325  0.0343732  -0.00720487  0.006026
899.547  512.881  0.0119789  -0.00440179  0.01282
899.472  407.671  0.00667712  -0.000490708  0.0109074
902.59  501.723  0.00967127  0.000164119  0.00186621
895.966  544.022  0.00213555  0.000671569  0.00323087
912.711  613.282  0.0102258  0.00514334  0.0422079
907.171  296.042  0.0040373  0.000407181  0.00312477
910.52  435.107  0.0200483  3.50698e-05  0.00108904
912.048  517.418  0.0193101  -0.00438367  0.0118823
904.835  426.37  0.00373866  -0.000124666  0.00149587
926.926  347.486  0.0144539  0.0187323  0.030747
914.185  475.458  0.00197783  0.000496463  0.00157074
916.707  490.527  0.00111421  -0.00129553  0.00499501
936.716  531.501  0.00111948  -0.000511917  0.00437365
932.335  367.621  0.00180635  -0.00201014  0.00569584
915.813  406.104  0.00133614  -0.00229234  0.0116992
915.682  388.792  0.00376518  0.000410926  0.00252065
929.429  423.666  0.0128936  -0.00162666  0.00780586
950.518  479.64  0.00221562  -0.00152196  0.00568949
926.649  346.164  0.00574193  0.00759343  0.0185733
952.528  354.44  0.00124022  -0.000258059  0.00950588
944.689  527.47  0.00749173  -0.00287792  0.00289322
945.228  428.217  0.0174917  -0.0047846  0.00738378
934.565  368.082  0.00206882  -0.000269048  0.00799736
946.731  412.775  0.00463078  0.00506748  0.0113355
949.267  388.801  0.00420324  0.00261541  0.00292161
949.745  416.561  0.0313769  0.00271438  0.0318831
951.811  41.55  0.0121915  0.00634906  0.0266642
955.672  28.3074  0.0091679  0.00535272  0.0194969
963.193  462.453  0.00176975  0.000414241  0.0013877
960.589  432.642  0.0334612  0.00135494  0.0321568
971.096  253.338  0.0077768  0.000530482  0.00687704
973.201  561.501  0.00637967  0.000838841  0.00203915
972.14  313.698  0.0408614  0.000619492  0.0314357
967.578  73.6539  0.00916648  -0.00134826  0.00102445
980.131  349.018  0.00920386  -0.00369616  0.00820045
979.072  428.401  0.00353084  -0.000301361  0.00100069
977.24  408.21  0.00279882  0.00115585  0.0545209
981.005  287.258  0.00927414  -0.000426372  0.00125944
39.9214  543.498  0.00209578  0.00016287  0.00234514
45.0106  502.897  0.00808185  -0.00172134  0.00474556
36.3903  306.331  0.00409826  9.47851e-05  0.0062057
53.5166  220.245  0.00173542  -0.000211833  0.00156878
54.6797  350.222  0.0125494  -0.000320175  0.00264925
70.2089  504.038  0.00494529  0.00224604  0.00212842
65.1555  248.992  0.00218577  -0.000193612  0.00236834
55.4061  491.102  0.00649517  0.00822378  0.0129644
77.9734  344.705  0.0106781  0.001704  0.00433635
94.3402  567.247  0.00112775  0.00202616  0.0245233
89.3049  557.787  0.00131884  -0.000603812  0.019716
83.3524  474.064  0.00976648  -9.47894e-05  0.0186293
91.094  520.359  0.016842  0.000974687  0.0146565
97.3552  414.444  0.0126948  -0.000827966  0.00593959
97.9389  451.4  0.00715968  0.000372206  0.00104025
109.762  519.107  0.00307483  -0.00177909  0.00475264
110.111  385.319  0.00102092  0.000875493  0.00349479
107.658  400.548  0.00270286  0.00132752  0.00245645
106.306  472.977  0.0198168  0.00368282  0.00707549
114.073  561.983  0.00502025  0.00749029  0.0164874
151.888  192.313  0.000726654  -0.000296453  0.00517429
128.938  514.371  0.0216782  -0.0020538  0.00194189
140.453  338.987  0.0154891  0.000290332  0.0168182
153.978  657.434  0.00120421  0.000264239  0.00757012
150.5  526.749  0.00127338  -0.000468523  0.000634828
131.442  406.043  0.000994358  5.32123e-05  0.00183401
154.431  420.628  0.0163736  0.000620499  0.0163736
166.372  297.12  0.00350211  0.00269593  0.0103292
175.717  646.564  0.0025523  -0.00358199  0.0236436
188.236  295.562  0.00781204  -0.000685417  0.00431645
188.075  157.652  0.00509868  -0.00331068  0.00849977
201.788  436.938  0.00491972  0.00864452  0.0207591
200.762  638.506  0.00173411  -0.000483991  0.00785482
204.683  512.347  0.000661254  -0.000176355  0.000727359
214.596  525.818  0.00177884  0.000183302  0.000471302
214.813  53.9939  0.00659434  0.00445789  0.0194583
206.54  160.041  0.00113548  -0.000761528  0.00126067
222.485  107.518  0.0203085  -0.0016148  0.0055973
231.037  470.546  0.01101  0.00346054  0.00635966
240.618  521.32  0.0176369  0.000884893  0.00836257
263.168  430.719  0.00102487  -7.42205e-05  0.00116318
254.347  48.7248  0.00167392  -0.00063534  0.0105549
241.435  397.532  0.000621719  -5.77198e-05  0.000707541
276.584  293.851  0.00184279  0.00207433  0.00540682
262.881  453.022  0.0163736  0.000620499  0.0163736
265.153  525.598  0.0219551  0.00173779  0.00382851
270.396  513.728  0.0109127  -0.00525144  0.00948965
275.018  566.802  0.00130412  -0.00183645  0.00509952
273.055  489.584  0.00125071  -0.00180253  0.00408382
286.257  45.9987  0.00603168  0.00177239  0.0209659
285.871  557.92  0.00136556  -0.00143063  0.00764805
301.305  410.884  0.00314512  0.00159983  0.00602298
294.172  487.813  0.00391731  0.00114707  0.0168575
295.281  527.588  0.0165438  0.000643747  0.01587
304.604  448.349  0.00516879  -0.00530013  0.0169763
315.35  654.056  0.000954183  0.000249138  0.00443941
302.151  531.068  0.00073201  -6.91088e-05  0.000845315
308.654  447.44  0.00363183  -0.00494413  0.0192187
321.492  498.461  0.0128678  -0.00158533  0.0160757
324.821  477.234  0.0101364  -0.00218698  0.0160855
338.905  512.891  0.000613864  -0.000222068  0.00172579
316.046  317.855  0.00088362  0.0020272  0.0279486
339.365  475.486  0.00393725  -0.000823262  0.000502719
348.935  281.299  0.00393345  3.16415e-05  0.000814868
372.995  516.527  0.000679033  0.000686108  0.00300108
398.46  464.962  0.00118383  0.000412747  0.00108557
392.577  32.4901  0.000655592  0.00102642  0.00756901
386.396  560.169  0.0117908  -0.00645813  0.0100288
411.542  538.589  0.000653239  0.000209758  0.00288829
393.913  520.188  0.000944546  0.00104338  0.00494148
413.353  681.828  0.0104406  -0.00090267  0.0226687
412.533  121.816  0.00437546  4.4489e-05  0.000392951
422.335  336.704  0.00373816  0.000133013  0.00109427
432.56  538.857  0.0141192  -0.000642556  0.00477361
432.384  416.089  0.00108001  0.00148447  0.0262276
461.634  525.047  0.0144916  0.00194945  0.00150785
460.737  522.6  0.0129331  0.00375069  0.00305101
474.153  80.8451  0.00425444  0.00138181  0.0200363
455.662  393.996  0.00204489  -0.00044489  0.000879006
466.749  176.724  0.000748426  0.000318497  0.000816655
490.74  573.166  0.00192741  -0.00189185  0.00826748
470.418  210.489  0.0018029  8.51634e-05  0.00945164
479.214  681.217  0.00189956  0.000825259  0.00980693
489.088  537.691  0.0053853  -0.0010965  0.00453638
483.937  585.912  0.000594714  -0.000359835  0.00330002
484.496  554.305  0.00522673  -0.00428469  0.00893361
501.671  361.514  0.00214001  -0.00128158  0.00197896
493.711  570.924  0.00123462  0.000512153  0.00617032
521.935  203.48  0.00441278  0.000417447  0.000701388
516.057  580.01  0.0104782  0.00456356  0.00337374
540.757  523.685  0.00116267  0.000900526  0.00334083
564.62  536.481  0.0011831  0.000917684  0.00420991
563.832  149.499  0.012127  0.00122573  0.00150592
564.829  127.465  0.000931879  0.00307943  0.0212766
592.176  501.039  0.00332764  0.00269765  0.00419808
579.823  97.6101  0.00719474  0.000668262  0.00647845
580.184  189.672  0.00829788  0.000165101  0.00116614
572.695  474.498  0.00696587  0.00372673  0.00303827
587.912  499.134  0.0201016  0.000443872  0.00204486
586.691  266.323  0.00978753  -0.000219703  0.000407706
612.531  194.076  0.0176586  0.000961963  0.0026996
621.268  506.129  0.00129813  0.000746314  0.00145259
624.325  302.799  0.00926984  -0.000527943  0.000527913
621.089  172.535  0.000565244  0.000966114  0.0110841
649.957  376.368  0.000942959  -0.000445175  0.00119386
657.939  468.275  0.00137134  -0.0025168  0.0104031
645.65  241.289  0.00828441  -0.00092641  0.00267923
649.873  445.484  0.000792841  -0.000153349  0.000439766
658.216  191.234  0.00470185  0.000473638  0.000385097
671.394  245.41  0.00825898  -0.000913034  0.0136716
665.603  296.399  0.00619686  -0.00180936  0.00921594
686.767  180.988  0.00122624  -0.000249325  0.00238469
669.995  349.785  0.00225735  0.000288721  0.00168259
707.3  167.032  0.0018806  -0.00177519  0.00508062
716.688  236.142  0.001538  -1.8168e-05  0.000900925
698.438  271.609  0.00056186  0.000320052  0.00228123
705.227  318.16  0.0110552  0.00074234  0.00186349
712.437  247.605  0.000672406  0.000169519  0.00167606
734.742  221.178  0.0225423  -0.00200814  0.00158364
751.688  612.525  0.00132235  0.00188587  0.0108521
742.859  319.636  0.0240821  -0.00192962  0.0010272
749.044  161.809  0.00419488  0.000836335  0.00125129
769.146  165.236  0.00159883  0.000271644  0.0105712
760.056  611.022  0.000488983  0.000912163  0.0129263
770.361  231.673  0.00557428  -0.0011291  0.00496282
768.928  263.152  0.0247001  -0.00119075  0.00215191
779.532  312.056  0.00222053  -0.000472054  0.00203559
777.992  163.224  0.0101708  0.00273234  0.00770171
783.97  552.94  0.0163722  0.000281343  0.0158497
776.672  607.818  0.000620416  -0.0010566  0.0263192
811.241  597.365  0.00663344  -0.00472956  0.00396346
794.509  367.164  0.00122518  7.64344e-05  0.000771775
813.109  222.174  0.0163372  0.00140401  0.00189474
808.599  263.365  0.00357483  9.9857e-05  0.00216406
817.836  348.965  0.0166571  0.000386621  0.0153017
820.588  415.601  0.00673348  0.000879945  0.00945612
828.102  137.748  0.000482758  0.00115891  0.00624595
813.633  460.434  0.000728668  -0.000536402  0.00814246
838.471  489.163  0.0137862  -0.00342503  0.00403189
828.438  385.943  0.00134619  0.00145148  0.00844746
839.204  541.151  0.0118865  0.00140018  0.0139471
839.651  555.748  0.0129052  0.00115306  0.017165
852.092  244.921  0.00092408  0.000824519  0.0104961
842.337  616.046  0.00140239  0.00103784  0.00933784
837.285  421.741  0.0037749  -0.00301816  0.00400233
857.356  369.27  0.00124584  0.000166382  0.0111325
874.822  259.92  0.000872247  -0.000312325  0.000907564
851.213  433.85  0.0132648  -0.00307509  0.00235059
856.048  486.311  0.00355461  -0.00222227  0.00192811
878.26  282.255  0.00159891  -0.000117939  0.000358572
861.523  541.464  0.00435601  0.00131117  0.00489744
863.736  415.378  0.00257741  0.00747925  0.0306348
873.995  142.886  0.00530921  0.00198265  0.02154
876.208  484.685  0.0133459  -0.00410223  0.00266592
872.109  375.983  0.00267551  0.00151772  0.0229677
884.341  527.294  0.00492169  -0.00228095  0.00208612
893.358  299.356  0.0251517  -0.00160333  0.00119282
890.589  504.172  0.00176191  0.00104752  0.00152594
911.721  441.293  0.0143831  -0.000167093  0.00214525
917.183  300.565  0.0011531  -0.000132526  0.000334926
933.252  348.411  0.00107903  0.000442528  0.00779382
931.019  490.243  0.000793121  -0.000398385  0.000955511
913.003  405.713  0.00200034  -0.0023899  0.0105797
925.295  472.767  0.000310028  -0.000109252  0.000950447
947.475  340.642  0.000540936  -5.36482e-05  0.00177385
942.832  520.665  0.00468611  -0.00110068  0.00205844
922.489  360.636  0.00150133  -0.00116034  0.0030349
939.753  434.435  0.017967  -0.0105764  0.0076949
966.446  213.86  0.00146189  -2.73937e-05  0.000674206
969.59  509.829  0.00569751  0.00101845  0.00076595
972.06  313.691  0.0197266  0.000425543  0.016599
970.014  571.645  0.00594591  0.00114508  0.00108512
975.988  438.719  0.00382596  7.1955e-05  0.000586209
44.8279  527.512  0.00111633  0.000619758  0.000606487
31.9977  305.593  0.00176774  -0.000254404  0.0060232
38.8941  540.332  0.00174334  -0.00108912  0.00148343
46.3982  227.437  0.00113712  0.000618807  0.000990495
61.3691  555.886  0.00186244  -0.00306401  0.00629529
106.049  600.98  0.000944685  0.0002743  0.00067569
98.1435  415.678  0.00872844  -0.000375014  0.00519566
107.979  529.792  0.0026162  0.000574325  0.00120187
106.648  438.842  0.00844943  0.000371338  0.00595151
139.831  246.837  0.000311348  -3.20954e-05  0.000378958
154.727  194.245  0.000650461  -0.000738804  0.00382198
137.594  64.7472  0.00111472  0.00178457  0.00710566
130.327  417.626  0.00150492  0.000838287  0.0012814
163.843  475.772  0.000308479  -3.43625e-05  0.000343942
187.276  294.227  0.00604877  -0.00114495  0.00332387
189.862  448.412  0.000736345  0.000295708  0.000443092
200.809  222.132  0.00248948  -0.000391824  0.000381878
217.179  608.436  0.000967127  0.000436773  0.000812704
206.509  232.131  0.0020583  -0.000521028  0.000524276
200.875  498.428  0.000428487  -0.00052919  0.00361639
214.718  325.192  0.00114708  -0.000344614  0.000664777
203.327  159.408  0.000690739  -0.000279246  0.000834918
232.641  464.851  0.00755845  0.00167285  0.00278042
269.33  412.419  0.00341545  0.00389823  0.00524689
284.842  470.494  0.000270682  0.000206322  0.00136063
335.428  514.645  0.000696902  -0.000144546  0.00105875
341.177  193.125  0.000241617  5.13946e-05  0.000747493
368.149  249.06  0.000259244  6.55551e-05  0.000680399
372.899  627.737  0.00100524  3.98845e-05  0.000387381
376.223  516.356  0.0020645  0.00196947  0.00403313
416.34  543.946  0.000616544  -0.000233252  0.00159094
393.613  500.82  0.00398613  0.000787282  0.000704613
409.872  44.4992  0.00340634  0.00113026  0.00337214
431.802  538.013  0.00997015  -0.00124667  0.0028456
426.204  199.165  0.00135534  -0.000250954  0.000290178
457.82  492.213  0.00405419  -0.00161953  0.00116823
450.285  395.68  0.000710568  -2.83236e-05  0.00102567
459.295  356.323  0.00776204  0.000160534  0.00838233
472.531  172.679  0.000516156  0.0003278  0.000877551
489.323  570.656  0.00103536  -0.000806419  0.00576309
478.213  493.464  0.000342842  -0.000176145  0.000915618
483.285  313.391  0.0038155  0.000966122  0.000758176
484.987  554.466  0.00438413  -0.00341429  0.00672408
480.835  583.808  0.000530075  -0.000366432  0.00243131
522.891  223.608  0.00279835  -6.88862e-05  0.000287644
517.145  477.085  0.000845231  0.000348622  0.000484777
526.971  390.093  0.00825394  0.000312794  0.00825394
574.585  532.916  0.000596383  0.000762576  0.00389005
565.348  149.353  0.00655545  0.00141688  0.0015479
579.214  124.784  0.00103073  0.00154957  0.0118221
586.342  239.337  0.00832419  -0.00205582  0.00238645
570.087  485.942  0.00277647  0.000868436  0.000827734
567.511  496.834  0.000835919  -0.000289441  0.00134982
602.857  364.7  0.00721601  -0.00142904  0.00722696
634.089  493.624  0.000794356  0.000692152  0.00110177
652.211  389.278  0.00107869  -0.000275068  0.0003846
643.39  410.476  0.000799428  0.000134595  0.000217969
648.803  509.959  0.0070985  -0.000536246  0.00659205
646.486  378.037  0.000841688  -8.26765e-05  0.000709671
698.35  249.322  0.000786039  -0.000940461  0.00239697
700.806  278.001  0.000534275  -0.000583356  0.00316226
672.986  129.337  0.000548758  -0.000250519  0.000658165
693.762  415.662  0.00216332  0.000651702  0.000464202
668.584  501.741  0.00238614  -0.000835912  0.000738099
715.666  241.036  0.0013421  -0.000207778  0.000657544
713.262  266.078  0.00112612  0.000324211  0.00155192
720.918  303.732  0.00221448  0.000894846  0.00106999
709.383  633.241  0.000672305  0.000739965  0.00509505
729.759  168.641  0.0119426  -0.000569919  0.00129393
742.922  320.435  0.0117245  -0.000668605  0.000981404
749.423  170.108  0.00309519  0.000417012  0.000618301
763.35  611.41  0.000391981  0.000447677  0.00834825
777.24  162.122  0.00728405  0.000833645  0.00528941
807.888  156.762  0.00119051  -0.000965134  0.00163434
787.556  355.558  0.000919643  -0.000370864  0.000827973
776.213  223.257  0.000430154  0.000215716  0.00159403
819.842  415.978  0.00544279  0.00213338  0.00631219
840.591  492.371  0.00455891  -0.00312369  0.00382078
835.07  539.26  0.00324418  0.000577415  0.003344
817.223  249.186  0.000191049  -7.40096e-05  0.000522883
840.642  451.285  0.00367842  -0.00247753  0.00732993
836.628  615.908  0.00124391  -0.000862863  0.00706768
846.173  186.658  0.00597584  0.000271031  0.000857438
853.881  433.851  0.00539972  -0.00105654  0.00162738
861.646  496.67  0.00348428  -0.00198634  0.00150121
874.253  142.075  0.00428284  0.000306605  0.00979552
873.175  193.289  0.00711465  0.00136043  0.00306901
867.67  298.605  0.0009131  7.70197e-06  0.000442767
923.46  407.225  0.000386475  -0.000320163  0.0131768
934.948  308.081  0.000481775  -5.59321e-05  0.000302758
940.723  404.348  0.000337327  -1.93975e-05  0.00043272
926.334  364.705  0.00121965  -0.00111771  0.00489712
950.463  42.3669  0.009691  0.00162854  0.011733
979.206  350.024  0.00644711  -0.00203853  0.00670009
41.7961  534.377  0.00119517  -0.000577179  0.000710592
70.223  87.1987  0.000826256  0.00197136  0.00679967
122.03  596.21  0.000333054  0.000183928  0.000699413
90.4916  279.086  0.00234653  0.000645104  0.00467731
96.8001  415.315  0.00416081  0.000157679  0.00416081
173.41  358.045  0.000458917  0.000161462  0.000298759
162.273  475.806  0.000281429  -5.82526e-06  9.42791e-05
158.856  452.357  0.000245613  7.37845e-05  0.000326037
219.144  306.478  0.000962913  -9.11006e-05  0.000140963
176.961  502.619  0.000194955  6.40396e-05  0.00129113
231.645  466.596  0.00425304  0.00085273  0.00307507
237.377  378.871  0.00124624  -0.000711779  0.000675135
266.06  562.724  0.00193834  -0.00167271  0.00282418
249.022  403.173  0.000292246  -9.2206e-05  0.000387271
278.004  462.689  0.000247867  -2.75905e-05  0.000558517
312.115  613.818  0.000274524  -9.17795e-05  0.000434387
336.718  296.679  0.000855163  1.1601e-05  0.00246032
356.679  496.96  0.000289311  8.62444e-06  0.000260169
331.624  203.292  0.000124076  1.1063e-05  0.000404348
375.888  257.88  0.000243257  -2.33179e-05  0.000312859
350.029  437.096  0.000400056  0.000397639  0.000835726
341.639  488.065  0.000257001  -1.54741e-05  0.000239784
414.756  642.545  0.000138326  0.000104753  0.000919473
422.74  561.831  0.000695526  -0.000167018  0.000412067
390.572  503.161  0.00241313  0.000847464  0.000771136
418.295  477.793  0.00422249  0.00075282  0.00198978
430.56  623.848  0.000133297  1.82665e-05  0.000988721
455.351  488.781  0.00192313  -0.000965477  0.000988263
477.644  197.044  0.000183782  5.75442e-05  0.000204023
488.848  535.867  0.00421721  -0.000418978  0.00275471
476.47  580.409  0.000659686  -0.000622436  0.00185594
510.05  469.067  0.000249915  0.000187442  0.000383364
493.837  233.639  0.000282004  0.000115489  0.000452982
527.075  390.169  0.00416081  0.000157679  0.00416081
530.858  276.086  0.00085946  0.000405998  0.00323284
547.264  503.932  0.000335123  -0.000331022  0.00065504
579.868  186.547  0.00499546  -4.32782e-05  0.00129054
575.495  467.651  0.00432216  0.00198196  0.00201083
575.033  428.525  0.000113944  7.91038e-05  0.000283682
583.549  264.619  0.00311262  -0.00022079  0.000420767
639.388  486.072  0.000751704  0.000506088  0.000701162
639.938  432.05  0.000720555  0.000160668  0.000183305
647.216  510.311  0.00416081  0.000157679  0.00416081
637.837  135.917  0.0001462  4.97829e-05  0.000659202
666.349  277.87  0.000144832  8.02832e-06  0.000178474
702.446  412.091  0.000887025  0.000140137  0.00010978
675.067  307.816  0.000151979  -1.3211e-05  0.000847014
765.167  610.287  0.00035306  0.000157425  0.0058176
779.047  167.722  0.00206105  -0.000769461  0.00221045
796.637  143.496  0.000305566  0.000811013  0.00507354
841.101  285.147  0.000190668  5.99157e-05  0.000374112
837.766  289.809  0.000119041  -1.1532e-05  0.000130527
845.223  111.104  0.000122092  0.000102614  0.00194088
835.489  385.592  0.00289954  -1.51126e-05  0.00272296
838.829  429.413  0.000612782  0.000106842  0.000236784
837.248  489.168  0.0019681  -0.000218858  0.00247786
820.412  551.468  0.000575465  0.000492776  0.000663942
846.835  199.888  0.00323051  -0.000685549  0.00276015
837.722  276.367  0.000168458  -9.81181e-06  0.000223727
878.017  482.032  0.00351014  -0.000362529  0.00138451
895.084  519.948  0.000131886  8.48184e-05  0.000466294
921.192  353.906  0.00152684  -0.000973415  0.00143392
949.075  44.5078  0.00585254  0.000234888  0.00714783
