1.0
431
431.795 70.25 0.0387383 -0.0198504 0.0166285
252.375 382.9 0.0282771 -0.0155642 0.0205323
251.147 382.476 0.00883578 -0.00825016 0.01402
64.3426 356.269 0.0018838 -0.00442595 0.0254585
65.2485 356.206 0.00105016 -0.00193385 0.014475
82.6759 358.466 0.000146233 -0.000231661 0.0013715
346.815 415.593 0.0363129 -0.0107007 0.00715666
346.891 421.119 0.00389969 -0.000422253 0.00151388
73.8438 61.25 0.00289066 -0.00744279 0.0459492
33.7143 356.167 0.0312347 -0.0122244 0.0130694
33.7286 357.4 0.0146655 -0.00471147 0.00612795
315.763 416.789 0.0195674 -0.0235529 0.0449606
539.875 324.188 0.0147779 -0.0135468 0.0283493
349.091 207.346 0.00244496 -0.00399201 0.016753
331.711 287.476 0.00112043 -0.00182056 0.00432495
355.255 186.594 0.00225261 -0.00497327 0.0276302
356.69 187.668 0.0015264 -0.00266949 0.0142591
258.568 424.864 0.0138112 -0.0125364 0.0283704
581.202 233.096 0.00245594 0.000178315 0.0192605
110.081 357.779 0.0115389 -0.00829771 0.0286972
109.619 357.365 0.00291727 -0.00235537 0.0111969
476.948 251.414 0.0016723 -0.00415075 0.0123663
277.574 430.907 0.0265229 -0.00290284 0.00343826
277.3 430.6 0.0132081 4.453e-005 0.00263407
698.955 485.068 0.00629658 -0.0177548 0.0529613
702.016 486.672 0.00309811 -0.00812345 0.0230589
721.565 494.198 0.000215119 -0.000458615 0.00193986
436.077 4.73077 0.018724 -0.0227454 0.0365209
383.363 292.162 0.00111684 -0.00177167 0.0132939
530.576 236.354 0.000918409 -0.000801659 0.0178791
561.09 225.789 0.000132905 -4.50038e-005 0.000241577
179.499 294.7 0.000681964 -0.000992465 0.00160263
38.8704 43.6296 0.00960809 -0.0091437 0.0136173
38.75 44.74 0.00595278 -0.00357531 0.00518937
91.4024 107.354 0.0452867 -0.0444401 0.0495063
241.577 157.141 0.0553323 -0.0548293 0.0596736
235.737 152.546 0.0106792 -0.0121519 0.0146949
153.23 226.02 0.00536076 -0.00214872 0.00504884
551.807 403.489 0.00999967 -0.00352663 0.00794844
99.7 189.88 0.016935 0.0128647 0.0188059
482.352 358.146 0.00243247 0.000150204 0.000758112
717.857 402.086 0.0253857 -0.00827288 0.0032786
744.569 94.8831 0.00347662 -0.00674874 0.0150652
736.855 93.2105 0.000676633 -0.00133041 0.00412276
734.443 92.631 0.000522402 -0.000934056 0.0029302
531.262 273.738 0.0299927 0.0218197 0.0235242
491.981 322.405 0.00147045 0.000802408 0.00402825
380.983 173.517 0.0392859 -0.00524924 0.00304809
700.211 216.619 0.000948573 -0.00113178 0.0235921
284.409 367.955 0.0221501 0.0105887 0.016886
29.3902 383.317 0.00403423 -0.00665165 0.0288188
438.361 386.222 0.0196136 -0.0242096 0.0461607
435.592 382.847 0.00674131 -0.00508919 0.00878797
567.641 411.793 0.00405395 -0.00344031 0.0150826
558.683 406.743 0.00125533 -0.00172075 0.00501345
557.178 407.58 0.000372797 -0.000469845 0.00283892
565.585 39.6695 0.0261694 -0.0290652 0.0362075
565.882 38.6908 0.00647224 -0.00730942 0.0115924
562.211 318.632 0.00986979 -0.0216465 0.0816437
522.36 221.895 0.00610379 -0.00552486 0.0204585
306.255 266.066 0.0207614 -0.0195581 0.0263982
468.045 269.909 0.0239895 -0.0363143 0.0615769
313.704 326.611 0.0065431 0.00279028 0.00650626
674.018 390.518 0.00821939 -0.00938579 0.0235078
128.063 264.083 0.016924 -0.0242932 0.0467917
611.855 296.284 0.000600066 -0.00214181 0.0126322
668.577 306.775 0.00186793 0.00290898 0.00652584
669.263 344.605 0.0124085 -0.0173009 0.0515011
688.223 356.845 0.00180334 -0.00181954 0.00985317
292.389 372.519 0.0158819 -0.00131761 0.00708993
535.915 453.027 0.000579696 -0.0011852 0.00865505
627.605 298.57 0.00142863 -0.001926 0.0144685
407.379 213.586 0.00817207 0.00377105 0.0167566
756.054 344.514 0.00270451 0.00187001 0.0252377
582.705 357.75 0.0128061 -0.00028944 0.0165811
215.56 374.18 0.00880693 -0.00736925 0.0315631
153.69 394 0.00217522 -0.000190719 0.000206099
623.688 9.02778 0.00488089 -0.00894742 0.0206798
393.313 157.588 0.00973215 0.00217878 0.0023755
541.745 308.726 0.0267956 0.0149924 0.0140057
6 438.667 0.0119207 -0.0148422 0.0378761
84.3641 316.079 0.00026341 2.57528e-005 0.00034843
754.212 365.096 0.0302095 0.0148472 0.0102546
752.418 366.9 0.00772019 0.00252148 0.00291348
739.078 428.891 0.0199508 -0.0177249 0.0220311
704.912 452.755 0.00175706 0.00250101 0.0215749
705.02 453.892 0.000592029 -0.000366771 0.00625441
752.321 120.175 0.00317345 -0.00566381 0.0178761
752.465 120.55 0.00239218 -0.00335035 0.00938202
391.94 138.918 0.00141892 -0.00230776 0.016866
7.0298 184.976 0.0039494 0.000109047 0.000152093
629.824 272.575 0.000314277 -0.000319652 0.00367512
626.387 272.944 0.000195402 -5.55787e-005 0.0025202
747.184 278.637 0.00478721 -0.0113148 0.0305248
388.35 324.85 0.0068783 0.00908542 0.0579285
16.4242 341.182 0.00466479 -0.0120017 0.0498162
17.5507 342.29 0.00194739 -0.00477107 0.019319
244.669 363.5 0.00862838 0.00204545 0.0179681
46.8804 395.109 0.00575386 -0.00753958 0.0197325
605.696 313.821 0.00533371 -0.0130372 0.0541767
673.72 416.466 0.00566097 -0.00643354 0.0262365
667.607 411.327 0.00323305 -0.00418339 0.00693549
692.56 471.78 0.0143338 -0.012491 0.0214337
10.2405 316.966 0.00190588 -0.000297863 0.00906847
455.57 392.728 0.00707763 -0.00638479 0.0254655
543.554 510.095 0.00807059 -0.0122416 0.0667432
666.241 24.6161 0.0130887 -0.017512 0.0259915
666.347 25.366 0.00656572 -0.00840201 0.011984
31.2654 84.3765 0.00572896 -0.00507744 0.0128607
507.299 178.052 0.00571027 0.00354582 0.00397604
460.521 109.625 0.00699351 0.00514706 0.0269989
460.684 108.837 0.00449754 0.00385029 0.0148954
735.616 145.965 0.0228645 0.0224422 0.0320451
120.172 272.719 0.00736827 -0.00837526 0.0113229
550.697 380.658 0.0235842 -0.0224323 0.0240722
557.717 21.8696 0.0236796 -0.0291753 0.0455122
232.411 453.652 0.00263025 0.000258517 0.00353384
219.022 284.304 0.0058531 -0.00954245 0.049352
623.8 325.3 0.00748081 -0.009318 0.0259963
619.768 320.239 0.000831297 -0.00125363 0.00365622
260.62 487.076 0.0048614 0.00169193 0.00239524
258.613 484.956 0.00194862 4.25915e-005 0.00123264
257.992 484.614 0.00170115 8.26277e-006 0.00106863
260.091 443.67 0.0071221 -0.000134705 0.00543853
597.655 502.381 0.000176361 -0.000217823 0.00178169
372.943 359.008 0.00132629 -0.000246459 0.00104506
308.654 357.654 0.0111118 0.010674 0.0161082
671.659 493.484 0.0196224 0.0126479 0.0111213
9.67391 3.67391 0.0174543 0.00535097 0.0130292
739.826 25.2473 0.00249034 -0.00436464 0.0088168
304.316 247.153 0.0114853 -0.000650072 0.0125273
743.622 402.402 0.0155252 0.00912983 0.0186443
514.379 446.639 0.000218849 -0.000464258 0.00122561
28.026 443.403 0.00546987 -0.0031436 0.00427185
23.7775 442.013 0.00111873 -0.00104618 0.00214528
136.988 420.083 0.00394717 0.00113427 0.0111861
759.722 448.989 0.0100282 -0.00161058 0.0238942
573.315 473.694 0.00297263 -0.00220544 0.00311649
6.92105 503.43 0.00796654 0.00898352 0.0277256
298.733 206.4 0.00883351 -0.00768429 0.0198702
732.765 264.908 0.0118813 0.00698374 0.0156216
690.962 270.39 0.0018882 -0.000435138 0.00669596
448.083 292.106 0.00161081 -0.0038484 0.0174893
450.145 291.383 0.0005933 -0.000841609 0.00613524
575.549 300.866 0.0107056 -0.017313 0.0481869
576.952 436.095 0.0111018 -0.0164766 0.0484003
452.676 447.539 0.0131419 0.00446069 0.0114079
96.0014 462.026 0.000940959 -0.00108587 0.00498414
234.871 424.448 0.00366194 0.000308914 0.00107207
747.832 498.388 0.00172486 -0.00285321 0.00884011
45.0106 507.798 0.0156233 -0.0286003 0.0640247
738.877 239.991 0.0181496 0.00746405 0.0106038
247.012 434.631 0.012029 0.00965797 0.0117663
576.372 330.346 0.028292 -0.00950956 0.00925488
751.595 474.429 0.0125816 -0.0163738 0.0331182
752.977 474.136 0.00263165 -0.000599875 0.00870776
752.979 477.036 0.00126834 -0.000332745 0.00302695
728.44 69.5119 0.00526743 0.000622499 0.00438395
727.095 70.402 0.00299998 0.000792948 0.00354813
22.9982 495.351 0.000509657 -9.12165e-005 0.000692459
727.36 47.8488 0.00883257 0.000825249 0.00255326
598.957 418.043 0.00687168 -0.00754388 0.00988699
456.993 497.094 0.00900611 -0.0108137 0.022152
457.199 497.015 0.0052295 -0.00715457 0.0172021
461.433 499.242 0.00279766 -0.0029658 0.00424611
2.36364 18 0.030966 -0.00527017 0.00882963
632.192 412.715 0.0112444 -0.0227559 0.052708
720.222 477.306 0.0143353 0.0145176 0.0366238
671.049 6.61268 0.0181482 -0.00696396 0.00724222
650.669 484.63 0.00585212 -0.00174218 0.0082918
721.686 14.5698 0.0302199 -0.032979 0.0444314
74.0606 271.97 0.0206681 0.0118751 0.0121806
235.256 508.322 0.0160946 -0.021455 0.0418468
216.731 201.962 0.023964 -0.0210381 0.0243226
197.667 203.354 0.00274571 -0.0066255 0.0544594
702.598 252.873 0.0154477 0.0106451 0.0142027
5.66216 473.959 0.0189856 -0.0266198 0.0559321
698.257 25.0946 0.0122593 0.00726147 0.0364182
759.955 61.8409 0.00695946 0.00348312 0.0338871
268.204 224.556 0.0138816 0.00277827 0.011259
268.111 225 0.00903341 0.000897899 0.00686636
364.233 249.017 0.0200363 -0.000869217 0.00452344
214.643 505.024 0.0256393 0.000822035 0.010362
432.082 369.968 0.00341944 0.00607173 0.0200928
486.5 456.462 0.00409371 0.00559054 0.013259
508.599 491.695 0.00367461 -0.00171535 0.00190853
638.112 502.071 0.00305115 -0.00231079 0.0300847
567.988 444.849 0.0149043 0.000120948 0.0164533
422.25 357.375 0.0100552 -0.0117831 0.0444047
489.696 469.01 0.0165566 0.0101897 0.0149096
494.216 459.711 0.00804794 0.0186771 0.0485635
597.912 469.1 0.00329109 0.00162507 0.00320792
595.955 468.816 0.00117519 3.05284e-005 0.00198037
596.274 470.782 0.00069815 -0.000504075 0.000913962
603.608 464.122 0.0130926 -0.000215892 0.025198
371.89 471.988 0.0060263 0.00420396 0.0419591
375.543 473.261 0.00363325 -0.00295746 0.0138523
379.297 475.741 0.00330389 -0.00342078 0.00735656
382.411 476.465 0.00147568 -0.0016389 0.00510772
738.569 317.69 0.0203393 0.018892 0.0247152
741.076 315.281 0.0105489 0.00822827 0.00852081
692.058 281.195 0.00385017 -0.00156839 0.00982916
696.18 282.888 0.00174705 -0.00244979 0.0084999
649.717 449.717 0.00429564 0.00505731 0.0595327
650.015 449.853 0.0032283 0.00212715 0.0310812
737.904 466.873 0.00267552 0.00159995 0.00459968
742.384 475.884 0.000414686 5.56517e-005 0.00039839
520.138 184.691 0.00956347 0.0145398 0.0423373
522.164 188.787 0.00246947 0.000163952 0.00348449
527.13 431.043 0.0118182 -0.00546412 0.0140611
527.187 430.369 0.00397206 -0.00162379 0.0059453
527.834 426.338 0.00161144 -0.00100977 0.00206252
615.457 421.394 0.00645284 -0.00236879 0.0279721
495.365 211.473 0.0218929 0.00881324 0.022494
497.371 207.397 0.00871773 0.00373465 0.00526444
498.114 362.557 0.00841073 -0.00717716 0.0134947
543.63 464.349 0.00163812 -0.000771655 0.00430844
506.148 218.317 0.00942376 0.000435933 0.00774378
506.255 218.686 0.00780678 0.000967612 0.00595805
660.759 264.559 0.00499844 -0.00160567 0.0128193
668.27 260.843 0.00191322 0.00255154 0.00658658
528.512 493.673 0.00476236 0.00171134 0.01842
528.164 493.224 0.0036256 0.000899113 0.00838613
398.344 181.744 0.00440519 0.00387612 0.0619298
718.652 247.587 0.00703232 0.00773409 0.0321713
432.442 364.26 0.00215107 0.00523558 0.0194348
446.032 369.295 0.000382829 -0.000680894 0.00227334
437.709 366.31 0.000266952 -0.000365123 0.00092188
457.371 366.532 0.0218729 -0.0179299 0.037345
653.991 389.172 0.0021454 0.00206184 0.00775742
425.5 453.904 0.00240268 0.00133372 0.0686817
608.364 481.958 0.00240949 0.00253893 0.0369583
365.645 326.806 0.00436979 0.00332326 0.0228852
665.176 494.149 0.0182765 0.00747214 0.0175519
637.554 506.429 0.00486612 -0.011535 0.0503121
674.023 469.864 0.0133371 0.00737228 0.0179747
671.681 469.057 0.00297118 0.000511467 0.00632473
676.953 470.743 0.000672264 -0.000424514 0.00209994
733.125 470.775 0.0103057 -0.00655081 0.0293381
457.009 385.555 0.00511141 -0.00100821 0.0232045
669.625 423.525 0.00526688 -0.00321316 0.0120691
426.728 200.284 0.00171923 -0.00118447 0.00744697
423.714 194.549 0.000513011 -0.000193268 0.00179896
425.102 193.187 0.000322313 -0.000327125 0.00117575
449.119 198.924 7.58078e-005 -0.000141054 0.000603793
697.167 247.149 0.0109472 0.0153274 0.0319464
546.006 504.171 0.00337954 7.91821e-005 0.00786221
547.681 500.416 0.00354038 0.000485778 0.00192204
655.021 413.702 0.00502459 0.00419386 0.0140482
641.389 402.028 0.0123489 0.00284555 0.028104
614.06 224.113 0.00928751 0.00684165 0.0105936
642.245 422.543 0.01333 -0.000614957 0.0129217
657.877 505.674 0.00939661 -0.00235688 0.00689909
675.549 257.451 0.00530342 0.00217962 0.0101924
562.348 476.826 0.00674349 0.000975577 0.0176778
429.026 510.158 0.00544285 0.00954444 0.073665
726.712 488.035 0.00444032 -0.000295818 0.00830421
473.716 374.527 0.0114175 0.00128623 0.036246
530.09 420.628 0.00409639 -0.00206 0.0295084
622.447 502.632 0.00882824 0.00911961 0.0446012
456.271 509.414 0.00888059 -0.0102486 0.0407397
455.837 507.265 0.00533003 -0.00185138 0.00811469
712.853 297.912 0.0122684 -0.0018815 0.0362637
712.242 296.773 0.00767902 -0.0034243 0.0141575
318.069 466.382 0.00275284 -0.00324556 0.0681631
711.326 236.087 0.0117524 0.00997453 0.0241773
608.796 411.031 0.0014523 -0.00257502 0.0148153
421.113 471.68 0.00367153 -0.00563911 0.017469
583.575 506.425 0.00408992 0.00590685 0.0370587
579.849 507.694 0.00178781 0.00309259 0.0196726
590.235 508.441 0.000363343 -0.000223048 0.0127321
606.705 509.322 0.00400036 -0.0049939 0.0320448
756.849 236.314 0.0027376 -0.000245547 0.0052294
453.944 222.122 0.0115683 -0.00484534 0.0166529
452.394 220.221 0.00835886 -0.00626437 0.00963548
710.378 257.451 0.0127497 0.0177761 0.0431772
616.431 442.626 0.00476485 -0.00512708 0.0117895
615.024 442.542 0.000721428 -0.00050691 0.00899477
378.144 88.2333 0.00661726 0.0135034 0.054981
376.763 88.0658 0.00352826 0.0077263 0.0348435
632.342 236.368 0.00888471 0.00564522 0.0327249
439 398.317 0.00838218 0.00193907 0.0112249
434.485 393.848 0.00385388 -0.00276885 0.00390048
669.727 403.114 0.0160046 0.00286232 0.0163076
350.313 442.25 0.00413698 0.0025367 0.0218257
396.153 508.687 0.00314793 0.00206789 0.0168986
418.241 374.862 0.00882962 -0.00829714 0.0248773
409.455 388.039 0.00396095 -0.000952772 0.0113647
577.862 390.138 0.0137963 0.00889649 0.0163914
383.3 383.209 0.00833641 -0.000485041 0.0112645
346.9 327.056 0.000451343 -0.000377011 0.00231096
346.048 327.713 0.00042165 -0.000261018 0.00188952
348.849 329.686 0.000271906 -0.000173134 0.00136437
549.063 445.772 0.00213914 -0.00198543 0.00412232
626.904 493.67 0.0100834 0.0101272 0.0289345
454.935 400.283 0.0118114 -0.006369 0.0184349
242.037 486.857 5.68561e-005 4.95189e-005 0.000251593
753.723 73.6659 0.00131696 -0.000197188 0.000547966
636.646 410.305 0.0114576 -0.00729663 0.0197331
581.977 497.045 0.0171379 -0.0109453 0.0209799
677.694 483.145 0.00290368 0.00299757 0.0227286
639.167 489.042 0.00812653 -0.01575 0.0532665
342.225 252.9 0.013503 -0.00222537 0.0113832
342.475 246.78 0.000564747 -5.09421e-005 0.00108194
307.049 401.06 0.00267555 -0.0004403 0.00301931
296.568 392.996 0.000399344 -0.00048901 0.00125131
732.986 51.7286 0.0159411 -0.0066982 0.0263137
448.355 338.341 0.00397602 -0.00789761 0.038505
86.8971 506.551 0.00337751 0.00015267 0.00535964
191.793 395.67 0.000146353 3.1596e-005 5.94824e-005
201.097 498.406 0.000321558 -5.18153e-005 0.00096609
382.229 507.125 0.0134093 -0.001373 0.0180778
265.476 468.786 0.0155116 -0.0102281 0.0201322
649.21 473.5 0.0105648 0.00719064 0.0141534
723.158 62.3421 0.0116443 -0.00320021 0.0320396
723.903 62.3358 0.00599553 0.000458207 0.0193521
492.5 243.2 0.00633235 -0.00673124 0.0440647
28.5233 471.43 0.0135123 -0.0057327 0.0247584
745.262 69.4048 0.00772117 0.00903787 0.042939
289.5 508.69 0.00733252 -0.00366738 0.0354984
750.515 109.188 0.00175335 -0.00199419 0.00579241
58.0256 505.327 0.00501979 -0.00528927 0.00886788
759.923 366.788 0.0156621 0.00608304 0.0126799
759.938 369.75 0.00931405 0.00208025 0.00198053
353.908 166.053 0.00192295 -0.000621117 0.00585898
550.766 227.555 0.000554863 -3.79616e-005 0.00262404
218.208 353.604 0.012556 -0.00663711 0.0199486
761.826 477.477 0.0158218 0.00134749 0.016853
55.5976 490.988 0.0138602 -0.00425471 0.0251077
310.317 154.976 0.00352443 -0.0116071 0.0530687
479.031 185.031 0.0105542 -0.00942626 0.0208695
576.607 290.071 0.0018798 -0.000621944 0.00320651
579.797 246.153 0.00236698 -0.00247363 0.0187375
640.223 252.192 0.00507174 0.00107742 0.00135073
751.945 160.382 0.00115073 4.0501e-005 0.000218162
327.05 271.25 0.0141787 -0.00805892 0.0234011
680.386 386.045 0.00419253 -0.00190934 0.0170865
11.4314 351.671 0.00169483 0.000704826 0.00784956
120.691 400.074 0.0313678 -0.0183477 0.0176372
126.553 404.659 0.00544229 -0.00565582 0.00792461
233.264 403.72 0.00241185 -0.00112615 0.00259969
223.981 423.031 0.00891497 0.00114829 0.00937051
738.949 507.157 0.000370912 -0.000327316 0.00542214
39.3246 509.307 0.00685841 -0.00799544 0.0287217
548.942 123.392 0.00220611 0.000573595 0.0024438
549.577 122.772 0.00197279 0.000555071 0.00207625
549.376 122.5 0.00141928 0.000330429 0.00174279
193.225 281.435 0.00153294 -0.000537989 0.00254347
737.535 343.324 0.00430998 -0.000562114 0.01233
194.478 356.304 0.0100637 -0.00532798 0.0287048
756.014 430.604 0.00397042 0.00224967 0.0046364
16.6681 461.072 0.000693374 -0.000312583 0.000936038
511.365 129.722 0.00127732 0.000200436 0.000755797
135 410.895 0.0178564 -0.0057049 0.0226112
516.563 121.67 0.00635538 -0.00390652 0.00477317
245.354 422.012 0.0182577 0.00416046 0.0172013
246.69 421.44 0.0103212 0.0044418 0.0057936
508.936 240.372 0.0128985 -0.0016182 0.00508183
203.125 353.646 0.0189529 -0.00669713 0.0144643
562.182 12.1136 0.0110029 -0.00358723 0.0270888
53.9906 312.028 0.00761334 0.00893968 0.0317823
760.315 331.944 0.0157639 0.00385563 0.00854724
366.067 147.25 0.0116512 0.00664916 0.0168041
103.443 398.966 0.0106816 -0.0130836 0.0216195
535.646 412.11 0.0158679 -0.00790788 0.021119
202.259 469.345 0.0146022 0.00129321 0.00898983
589.425 51.0373 0.0106048 -0.0108398 0.0209044
283.407 289.069 0.00173967 -0.0011626 0.00134416
144.04 311.539 0.000774216 -0.000381542 0.000675072
731.692 332.281 0.00828285 0.0105364 0.0220022
113.451 337.723 0.00440619 0.00196059 0.010361
248.5 373.804 0.00882751 -0.00677287 0.0324289
307.125 344.903 0.0176874 0.0111663 0.012167
6.53636 509.882 0.00491906 -0.00134115 0.0335573
543.841 61.0529 0.00822835 -0.012645 0.0276294
460.929 255.886 0.0143572 -0.00314364 0.00681219
451.602 298.786 0.00845796 -0.00102298 0.0181296
245.045 389.554 0.00762036 -0.0076722 0.0126229
246.333 390.833 0.00508189 -0.00562388 0.00887003
3.35185 430.389 0.0183134 -0.00630747 0.0119314
624.291 87.2442 0.0182837 0.00510194 0.0147433
372.18 234.7 0.0115602 -0.0101191 0.0283685
19.8459 504.312 0.00636002 -0.00365165 0.00578879
433.904 233.12 0.00112247 -0.00112496 0.00262276
434.344 232.651 0.000942338 -0.000679393 0.00168531
131.766 293.766 0.00851613 -0.00283463 0.0167029
749.06 336.12 0.010995 -0.00452147 0.00784656
11.4293 419.06 0.0025405 -0.000533637 0.00453402
255.194 482.765 0.0183694 0.0096642 0.0179718
606.361 18.401 0.00724795 0.00133894 0.00630874
471.518 133.786 0.008803 -0.000135058 0.0144592
106.649 371.784 0.0115635 -0.00219971 0.00752064
681.286 447.393 0.00417492 -0.00501211 0.0110503
267.875 428.417 0.0096933 -0.00343251 0.0250882
276.781 149.484 0.0199901 0.00426048 0.00593116
537.737 332.947 0.0148548 0.00403428 0.0225769
670.539 355.132 0.00561264 -0.004234 0.00990286
133.922 106.478 0.0211084 -0.0241976 0.0389564
13.4492 335.576 0.00244055 -0.00806207 0.0407026
513.583 23.9375 0.0140938 -0.000929159 0.0162066
280.12 179.08 0.0123219 -0.00183992 0.0163543
123.732 227.604 0.00799608 -0.00227999 0.00289649
686.455 230.795 0.0108582 0.00311749 0.00416566
400.5 120.305 0.0207719 0.00224426 0.0148141
397.755 269.628 0.0132985 -0.00446419 0.0180805
126.528 331.111 0.0196566 0.00534428 0.0236084
493.409 7.68706 0.000366334 0.000271837 0.00272294
607.275 215.675 0.0167825 -0.00417318 0.0175821
93.4589 358.979 0.00532435 -0.000608071 0.0147728
133.942 378.027 0.00372852 -0.00189133 0.00172458
524.872 445.407 0.00842499 -0.00276649 0.0238371
308.427 288.646 0.0112691 -0.00964352 0.0298698
341.6 177.4 0.0118266 -0.0115477 0.028964
613.81 94.477 0.00841225 -0.0101666 0.0193559
556.061 197.549 0.0196231 0.0197037 0.0329043
121.736 75.7816 0.000591485 -1.62356e-005 0.000431953
525.063 271.25 0.00613887 0.00474066 0.0198334
27.3444 173.437 0.00279904 -0.0022428 0.00298338
563.516 100.135 0.00846575 -0.0082356 0.00985237
140.089 155.911 0.0158536 0.00106709 0.0110018
140.201 154.5 0.0110328 0.000829205 0.00501501
633.762 97.1905 0.0216546 -0.0125271 0.0217917
384.878 17.2297 0.0186386 0.00785919 0.0162778
564.021 202 0.0124407 -0.00203889 0.0170008
94.1283 131.521 0.0025387 -0.0015959 0.00451236
3.5 323.8 0.0167623 -0.0115454 0.0253455
758.282 203.645 0.00784149 -0.0091027 0.0266735
168.815 250.019 0.00673069 -0.0118275 0.0408753
591.364 365.055 0.00480871 -0.0015784 0.00734978
81.2153 150.962 0.00147893 -6.11363e-005 0.00131711
122.563 187.813 0.0165527 0.0166656 0.0293678
