1.0
794
568.021 204.875 0.00585618 0.000744194 0.0285981
388.886 219.599 0.0134626 -0.000646834 0.00423541
794.321 229.716 0.00792586 -0.000788204 0.00155695
784.335 230.513 0.0454588 -0.00567313 0.0025914
782.881 230.784 0.0097702 -0.00144836 0.0018645
782.173 231.409 0.00822978 -0.000771516 0.00147732
416.494 259.456 0.0128209 -0.00140491 0.00187983
531.45 270.8 0.00986679 0.00623687 0.0352969
531.109 278.167 0.00803296 -0.00027509 0.000712978
650.234 265.858 0.00429449 0.00233849 0.00823821
368.487 265.64 0.0143331 -0.00156627 0.00190966
122.333 275.857 0.00169422 -0.00160069 0.0121337
673.42 290.715 0.0046276 2.04665e-005 0.00247455
410.405 309.968 0.00366322 -0.00141988 0.00624914
594.944 331.6 0.00358332 -0.00190265 0.0165661
576.731 338.505 0.00206935 -0.000222467 0.00482736
48.0469 348.094 0.00704681 0.00608655 0.0208352
20.4828 358.19 0.0141418 -0.00129886 0.00142142
599.614 375.218 0.00097469 0.000960252 0.00261649
430.984 400.532 0.0367944 -0.00407152 0.00218631
171.588 413.382 0.00967459 0.00405899 0.0394052
384.734 419.309 0.0924141 -0.00752274 0.0028874
59.8453 415.915 0.000894417 0.000130843 0.000266183
796.921 446.184 0.020892 -0.0011147 0.00907696
527.186 516.971 0.000161362 0.000233749 0.00073558
594.762 544.254 0.008621 -0.00174018 0.0054074
4.68966 565.345 0.00790209 0.00151475 0.00916566
404.133 585.418 0.00894414 0.00460244 0.0195969
147.051 603.13 0.00460108 0.00192499 0.00334603
171.432 611.659 0.0171897 -0.000791468 0.0121215
705.908 625.208 0.00163527 -0.000968744 0.00241764
610.854 162.084 0.00422943 0.00628578 0.0142299
615.707 193.06 0.00124102 -0.000780014 0.0111482
655.482 211.827 0.00966865 -0.000670831 0.00817893
638.731 226.213 0.00423825 -0.000499585 0.00696707
424.08 234.837 0.00929888 -0.00158646 0.0018942
165.449 253.298 0.012099 -0.00062073 0.00456744
170.065 252.556 0.0020899 0.000418287 0.00396154
173.527 252.162 0.000764921 0.000646739 0.00394764
688.134 258.785 0.0112076 -0.000957649 0.00137964
631.174 272.478 0.0111626 0.00354283 0.0212559
63.4524 293.381 0.0205391 -0.00144335 0.00820566
498.227 303.523 0.0106158 0.00661891 0.0277029
498.02 309.676 0.00851242 0.000477103 0.000895349
633.548 331.19 0.0052463 0.00333785 0.0293324
187.42 351.552 0.00978806 -0.000844377 0.00131138
64.3054 341.07 0.00258391 0.000270934 0.00400653
772.633 353.217 0.00414099 -0.00241372 0.0200466
560.443 354.16 0.00690559 0.00325224 0.0248094
570.051 360.423 0.00533632 -0.000312554 0.007472
753.775 367.625 0.00653837 0.00329914 0.0236508
771.465 376.332 0.00141451 -0.00174157 0.00594117
379.573 411.744 0.277804 -0.0352876 0.00518346
389.899 414.318 0.00346806 -0.000450392 0.000684626
101.651 401.934 0.017626 0.00146335 0.00708879
246.632 417.104 0.167831 -0.0170669 0.00257605
745.414 408.643 0.00711829 -0.00397699 0.0357713
335.907 405.326 0.00361449 -0.00254215 0.0116044
335.326 405.004 0.00271799 -0.00161704 0.0093948
369.606 413.135 0.00307045 -0.000458455 0.000735948
366.199 404.542 0.000840418 -4.53673e-005 0.000285189
372.121 407.514 0.000343139 -2.09552e-005 0.000253186
666.083 410.842 0.00214744 0.000725423 0.00371348
696.185 409.14 0.00404314 0.00039351 0.00776495
90.7406 413.492 0.00481634 0.000653925 0.00331559
309.977 415.872 0.0233521 -0.000223809 0.0011042
724.929 422.343 0.00222544 0.00011249 0.010395
686.858 418.276 0.00410728 -0.00378753 0.0166104
547.779 426.648 0.00565985 0.000694143 0.0154114
527.613 433.67 0.00805499 0.000336283 0.0115202
698.019 437.63 0.00523679 0.00313885 0.0183776
164.825 462.421 0.00229373 -0.00392846 0.0122987
599.244 496.744 0.00333771 0.000539479 0.0122909
583.714 539.625 0.012896 0.00433402 0.00756697
570.232 548.183 0.0273046 0.00661228 0.0112241
433.717 553.739 0.0121913 -0.00453376 0.014175
675.929 558.486 0.00564061 -0.00443069 0.0166256
419.286 559.357 0.00798306 0.00330283 0.0125299
414.779 561.721 0.00337433 0.00385169 0.00810451
272.563 571.688 0.00349323 0.00117961 0.028885
303.15 564.675 0.0327059 -0.00307768 0.00583152
226.04 572.929 0.00758817 1.55595e-005 0.0141292
458.167 571.253 0.00343868 0.00234756 0.0143756
671.48 577.696 0.0113274 0.00518911 0.0116895
434.123 581.533 0.0236993 0.00560747 0.00274458
599.895 584.5 0.0203132 -0.0028957 0.0102361
461.694 603.958 0.00450092 0.00077013 0.014026
765.872 604.919 0.0176549 0.00416962 0.0095972
778.513 615.494 0.00376365 0.00169698 0.00391667
683.545 626.182 0.0135574 -0.00171327 0.0162785
591.474 626.763 0.00885693 0.00495639 0.0246559
578.675 634.95 0.00567506 0.00181027 0.00838426
514.151 636.36 0.00965904 0.00136142 0.0173374
766.838 637.146 0.00449565 0.000155586 0.015262
406.871 197.957 0.066398 -0.00722798 0.00704393
277.678 231.281 0.0146153 -0.00149183 0.0018749
194.18 233.943 0.00294768 0.0083162 0.0347724
193.517 234.699 0.00113006 0.000597645 0.00230413
175.263 251.588 0.0155743 -0.00142495 0.00529004
712.524 273.428 0.00710241 0.00079975 0.00535932
509.454 282.853 0.0127836 -0.00228643 0.00155338
503.815 282.73 0.00127643 -0.000174775 0.000922769
520.408 282.45 0.00995434 -0.000806991 0.00121963
533.799 304.123 0.0106178 0.00136934 0.00133165
797.011 313.245 0.0185567 0.00228208 0.0063143
431.281 331.281 0.041709 0.00138864 0.0120846
427.893 326.287 0.00169387 -0.000944955 0.00370508
174.782 351.09 0.0169098 7.23367e-006 0.00105626
176.322 352.974 0.00960333 -0.000909837 0.00132149
163.449 346.09 0.0139298 0.00162537 0.00557418
581.133 351.541 0.00639961 -0.00238734 0.0234087
234.936 345.962 0.20965 -0.0204802 0.00309718
697.341 369.636 0.0240207 -0.00483277 0.00949024
88.007 384.57 0.00653396 0.00292911 0.0118644
204.583 410.139 0.014328 0.00989486 0.0245074
790.25 426.482 0.0129979 0.0040186 0.00702137
547.289 454.744 0.00443996 -0.000802039 0.00731851
189.709 453.616 0.0148609 0.0018455 0.0109791
206.381 456.604 0.0137713 0.00277871 0.00522458
8.26978 477.417 0.0034656 0.000748956 0.000813724
89.8704 492.63 0.0127794 0.00665711 0.0061537
543.097 498.583 0.00771478 0.00260515 0.00449272
520.371 537.403 0.00634269 0.00300244 0.0423893
552.5 555.717 0.0112097 -0.00614169 0.0118795
703.975 560.025 0.00961182 0.00275935 0.0101297
393.5 579.696 0.00402445 0.00311754 0.0346921
444.357 592.405 0.0062952 -0.000497403 0.00708718
794.5 598.9 0.00437081 0.000523781 0.0178017
743.138 600.75 0.0065276 0.000330417 0.00405007
794.011 626.155 0.00619862 0.000736074 0.00130879
780.594 630.531 0.0332918 0.0311041 0.0404473
411.481 216.578 0.0125644 -0.00129398 0.00435191
185.065 250.5 0.0144566 -0.00164839 0.00470958
770.286 300.619 0.0109405 -0.00153374 0.0113424
771.625 301.232 0.00580803 -0.00221487 0.00487853
238.744 345.278 0.175411 -0.0183763 0.00311107
219.471 338.214 0.0121019 -0.00276341 0.0370532
220.519 347.566 0.00994436 -0.000791327 0.00130232
27.5426 336.947 0.0157235 -0.00350575 0.00581564
27.186 330.703 0.014615 -0.00125691 0.00139395
546.582 390.194 0.00392465 0.00351114 0.0142755
218.379 429.069 0.014117 -0.000324274 0.00927719
241.799 454.297 0.00145021 -0.00131674 0.00596622
444.011 453.722 0.00501598 0.000386602 0.00392778
596.097 599.978 0.0148903 0.000253888 0.00254483
549.305 618.255 0.00115335 0.000450373 0.000824266
545.104 629.292 0.0119804 0.00188383 0.0107888
414.579 635.368 0.0339663 -0.000183971 0.00922398
778.192 173.915 0.0433295 -0.00707319 0.00218073
776.593 173.492 0.01295 -0.00281382 0.00189284
775.866 176.22 0.00850662 -0.00082879 0.00107859
777.894 179.396 0.00201751 -0.000642761 0.000822301
783.401 176.549 0.000973084 1.73271e-005 0.000571451
399.639 186.333 0.0325512 -0.00788226 0.0100609
402.107 189.262 0.000755682 0.000798313 0.00173215
680.075 189.319 0.0101234 -0.00101475 0.00117063
401.013 212.912 0.0123799 -0.00125821 0.00143683
725.206 291.999 0.00026168 0.000176275 0.000620643
45.6132 307.632 0.00394278 0.0211017 0.154089
45.5345 307.58 0.00207326 0.00796413 0.0608541
215.771 313.104 0.0147338 0.00330977 0.00549425
217.514 320.654 0.00959878 -0.00104168 0.00127652
1.27358 336.557 0.101562 -0.00581737 0.00186731
303.959 346.851 0.0235776 -0.000901225 0.0176179
740.522 437.211 0.00954355 0.0041597 0.0223431
755.447 511.868 0.00547209 0.00233398 0.0297223
792.675 533.452 0.00442432 -0.00049806 0.00789802
394.309 561.279 0.00300745 0.000259842 0.0309635
732.45 610.2 0.00782372 -0.0042308 0.0207063
720.894 613.53 0.00664202 0.00570122 0.0447721
468.122 196.77 0.017637 0.00637151 0.0169027
352.646 213.988 0.0135452 -0.00146315 0.00906612
470.478 213.789 0.00788888 0.000250922 0.0133377
469.799 205.609 0.0103247 -0.000936046 0.00137407
463.649 205.722 0.00131633 0.000158166 0.000977822
257.23 259.284 0.0206638 -0.00357479 0.0161018
486.326 304.717 0.00918844 0.00300942 0.0276902
485.459 309.438 0.00918004 0.00134238 0.00147322
301.774 313.707 0.0079095 -0.000568917 0.000973503
709.286 326.927 0.00655943 0.00150236 0.00345733
543.377 374.531 0.00730426 0.000636645 0.00731832
597.537 424.744 0.00338218 -0.00280685 0.00980071
90.5313 429.51 0.00579925 0.000807719 0.00533448
459.833 454.781 0.0158726 -0.00406476 0.00529081
794.591 576.841 0.00390701 0.00370736 0.0305974
494.974 275.237 0.0100897 0.00594362 0.0337425
494.455 280.034 0.0106694 0.00106854 0.00121785
20.6019 280.722 0.0127204 -0.00159063 0.0010767
21 279.829 0.00958002 -0.000993411 0.0010313
16.7998 279.628 0.00210977 -0.000127681 0.001
746.947 311.007 0.00465724 0.00417721 0.00679446
694.061 316.134 0.00696666 -0.00354524 0.0257687
758.56 318.821 0.00679146 0.00461834 0.00725074
196.848 346.79 0.0186047 0.00115081 0.00128394
198.319 350.1 0.0098177 -0.000826772 0.00133166
633.117 374.755 0.0039072 0.00117055 0.0238784
490.426 480.741 0.00289018 0.00448244 0.0563154
512.679 623.988 0.00720375 0.000765376 0.00702587
280.203 252.127 0.0135453 -0.00157125 0.00310256
425.807 255.173 0.0162863 -0.000778032 0.00338307
428.347 261.486 0.00719252 -0.0024022 0.00180198
483.3 276.96 0.00907726 0.00253846 0.0253965
483.086 277.157 0.00864239 0.00236192 0.0113265
194.235 314.235 0.01276 -0.00153191 0.0336743
193.86 319.433 0.0145071 0.000904318 0.00132022
195.404 323.294 0.0102849 -0.000890135 0.0013087
17.6686 331.866 0.0141247 -0.00162476 0.00151172
22.2797 331.186 0.00222239 -0.000108081 0.00116699
735.342 392.684 0.00166268 0.00131476 0.00835009
718.266 403.716 0.00689291 -0.00245903 0.00487798
192.45 443.017 0.0140704 -0.00765909 0.0136393
192.437 441.781 0.00228276 0.000501015 0.00103135
561.144 540.656 0.0102601 -0.00218396 0.00960643
743.858 616.481 0.00559462 -0.00468005 0.0162109
668.803 191.156 0.0122217 -0.00110639 0.00123259
308.032 273.631 0.000510493 -0.000198687 0.00220227
307.658 291.468 0.000373711 -1.0408e-005 0.000194344
316.974 286.306 0.00020461 8.46665e-005 0.000125198
399.75 309.719 0.0581132 -0.00562654 0.0088734
394.048 311.413 0.00329129 0.00278131 0.00775159
523.007 309.808 0.0112116 -0.000514104 0.0011979
512.746 311.184 0.0121935 -0.00194441 0.00144544
193.9 411.071 0.0116267 0.00397086 0.0369322
559.733 439.593 0.00327354 0.000752282 0.0623673
628.347 451.534 0.0100099 0.00170312 0.0108
768.11 536.793 0.00635658 0.00433509 0.0258555
480.76 637.4 0.00608096 -0.00444254 0.0222233
397.575 99.9083 0.00553649 -0.000195973 0.00561655
612.75 127.804 0.00428221 0.00659558 0.0357986
62.8939 330.682 0.00506585 0.0157085 0.135886
295.705 348.064 0.0222464 0.000361027 0.0157479
722.63 358.942 0.00477074 -0.00276972 0.00715617
207.06 429.46 0.0118155 5.30258e-005 0.0159371
578.932 506.203 0.00898882 -0.00104357 0.0347326
723.283 627.317 0.0160279 0.0073568 0.00682351
356.223 243.096 0.0142257 -0.00134065 0.00181014
413.778 235.92 0.0117475 -0.0010814 0.00173025
414.571 333.548 0.0195508 -0.000209386 0.0151402
208.419 346.247 0.0113829 -2.63179e-005 0.00130298
209.4 348.905 0.00987266 -0.000950032 0.00131942
445.059 440.471 0.030481 -0.0134677 0.0140058
536.183 575.958 0.00901315 -0.000754393 0.00161536
535.858 594.623 0.0033503 0.00213012 0.0087609
430.139 200.528 0.0614014 0.00277446 0.00707041
406.577 260.75 0.0129902 -0.00131995 0.00188449
411.442 259.997 0.00193961 -5.5013e-005 0.0015972
325.529 312.721 0.00883068 -0.000451194 0.00135477
426.545 312.045 0.0101262 -0.00412604 0.0207024
519.7 559.757 0.0184148 0.00493005 0.0146907
365.864 242.321 0.0142135 -0.00124896 0.00178225
373.138 245.567 0.00100873 -0.000380422 0.00072491
371.866 252.346 0.00107847 -3.91147e-005 0.000353118
358.927 267 0.0123119 -0.00102621 0.00173168
739.77 331.257 0.0115047 -0.00726965 0.0137017
769.028 396.861 0.00676638 0.000824791 0.0232236
423.041 453.833 0.00260979 -0.000273674 0.000376544
427.837 452.346 0.000658501 -1.59185e-005 0.000382868
327.925 479.257 0.000444681 -7.15392e-005 0.000220535
208.952 185.883 0.00332092 0.00185505 0.0107131
210.964 189.131 0.00258156 -0.00114974 0.00218712
436.787 230.353 0.00617004 -0.00142569 0.0032104
363.436 219.162 0.0129005 -0.00121109 0.00184975
270.267 252.607 0.0153147 -0.00188052 0.00339834
483.074 503.019 0.00876254 -0.00236286 0.0175137
179.811 542.544 0.00632835 -0.00128229 0.016837
529.955 613.614 0.0155868 -0.00334994 0.00702589
639.687 92.0863 0.00349708 -0.000722783 0.00074173
639.356 101.769 0.00256317 -0.000110022 0.000363232
459.2 202.929 0.0118128 -0.000902206 0.00319173
459.293 205.774 0.0123995 -0.00127455 0.00182402
434.205 213.405 0.0125111 -0.00109326 0.00424955
183.5 316.269 0.0135898 0.00220117 0.0168069
183.512 321.414 0.0117263 0.000266035 0.00129777
184.432 324.664 0.0106118 -0.000799703 0.001262
235.529 331.387 0.014602 -0.00143982 0.000389359
637.071 151.071 0.0257161 -0.0184116 0.0295691
333.547 313.407 0.117016 -0.00983661 0.00263153
393.929 262.481 0.0125149 -0.00126764 0.00182632
392.497 250.758 0.0088827 -0.000970329 0.000462452
8.05866 333.159 0.013577 -0.00147476 0.00141677
29.9759 357.072 0.015247 -0.0014565 0.00140523
638.096 161.816 0.00569622 0.000320444 0.0107141
341.77 273.728 0.00241296 -0.000297919 0.00612894
384.855 206.79 0.0702451 0.00132676 0.00707127
736.238 379.417 0.00596714 0.00753066 0.0138376
415.403 183.942 0.00430044 -0.00362953 0.00729412
435.095 199.419 0.0518356 -0.0120802 0.00868694
420.88 210.035 0.0121764 -0.00118256 0.00146287
389.688 205.938 0.0648123 -0.0155057 0.0115056
171.623 323.253 0.0201948 -7.06642e-005 0.00112301
173.299 326.117 0.0102988 -0.000899692 0.00124525
10.9576 359.686 0.0138844 -0.00118515 0.00136205
226.729 407.243 0.0115372 0.00438658 0.0350127
514.593 597.058 0.00281508 0.00170056 0.0353996
400.431 126.928 0.00259909 0.000632446 0.0060024
400.702 126.912 0.00175766 0.00039391 0.00522076
796.129 161.757 0.0208687 0.00580263 0.00759672
404.629 183.371 0.0271174 -0.00786345 0.0151911
391.256 238.981 0.0133495 -0.00148295 0.00179412
362.926 342.741 0.00241601 0.00851107 0.0642917
225.348 147.516 0.00543305 0.00381131 0.003911
403.849 237.364 0.0116368 -0.00115824 0.0017813
408.733 236.756 0.00192474 -2.748e-005 0.00148653
204.606 320.879 0.0104291 -0.000529381 0.000773744
205.494 320.329 0.00960232 -0.00032103 0.000949104
358.765 351.784 4.76364e-005 4.19839e-005 0.000282557
94.9236 211.727 7.73639e-005 0.000407893 0.00296073
12.7973 289.5 0.0153153 -0.00399241 0.0211349
11.3279 280.762 0.0106558 -0.00119631 0.000922196
543.186 114.957 0.00519823 0.0321005 0.210079
353.765 225.956 0.012544 -0.000153597 0.00667866
353.372 221.493 0.0122139 -0.00109016 0.00162559
428.667 267.139 0.00871579 -0.00355163 0.0393864
634.983 114.15 0.00888936 -0.00323367 0.00225711
320.652 248.379 0.0045731 0.0136287 0.142392
409.024 348.262 0.00394519 0.00778843 0.0613322
268.568 237.932 0.0145801 0.000710699 0.00683283
268.055 233.179 0.0140971 -0.00138881 0.0017393
268.774 240.623 0.0112441 -0.00123801 0.000606939
270.998 237.304 0.00209823 0.000208635 0.000490443
2.62409 362.712 0.0258876 -0.00130306 0.00117526
383.84 251.14 0.112619 -0.0113036 0.0014897
2.75714 272.014 0.0287288 -0.00256089 0.0121389
411.729 197.1 0.062414 -0.00505219 0.00743556
391.889 377.083 0.00461479 -0.00253475 0.057996
371.274 373.194 0.00100113 -0.00170988 0.0362268
366.505 376.639 0.000250533 0.000410863 0.00360224
755.935 214.452 0.00315298 0.0176494 0.138328
756.075 214.65 0.00139266 0.00340853 0.0211866
755.554 215.516 0.00113822 0.00147398 0.00729459
723.778 120.004 9.14736e-005 0.000384048 0.00246854
704.135 116.471 2.25913e-005 1.30004e-006 0.000402142
692.4 116.218 1.47242e-005 8.70123e-007 0.000406074
312.744 345.476 0.0188886 -0.00174263 0.0167581
240.471 368.426 0.011305 -0.0011279 0.00562987
3.40909 290.795 0.0139257 -0.00220348 0.018343
3.2651 282.742 0.0168131 -0.000930788 0.00102526
265.805 144.38 0.000101014 0.000340175 0.00282098
783.929 264.25 0.00787083 0.000456934 0.0008875
346.591 127.985 0.00821751 0.0139808 0.0263905
787.846 174.467 0.00780751 -0.000683697 0.00103739
784.628 125.449 0.00739399 0.0438837 0.291248
270.054 452.023 0.0117395 -0.00162118 0.00467042
267.98 212 0.00280902 0.00851671 0.0457688
10.3667 270.2 0.0156671 0.00320203 0.0348698
461.453 114.198 0.00273176 0.00164387 0.0232638
451.706 111.49 0.00122181 -0.00326795 0.0120209
716.744 194.159 0.0704568 -0.00168509 0.00245176
717.844 192.796 0.00713413 -0.000684186 0.00287945
168.039 264.118 0.00359932 0.0239755 0.178096
396.647 82.7647 0.00220565 0.000805455 0.013375
335.432 191.682 0.00102157 0.000670447 0.0419732
16.4189 377.635 0.00362232 0.0127815 0.143892
18.0156 378.031 0.0011536 0.00439393 0.0376488
17.7081 379.013 0.000944184 0.00197354 0.013248
18.0134 380.491 0.00074904 0.000870713 0.00584183
505.707 166.888 0.00336156 0.0214707 0.143382
234.103 205.269 0.00350759 0.0233934 0.171627
551.303 101.511 0.000138969 0.000646606 0.00404929
303.232 150.84 0.00438395 0.0289121 0.198891
229.132 162.044 0.00154121 0.0102859 0.0753163
261.955 157.239 0.00117453 0.00782397 0.0538368
344.268 294.393 0.0451825 -0.00408879 0.00128913
697.167 138.714 0.00631047 0.0366211 0.242158
492.36 220.233 0.000739517 0.00306772 0.0330844
489.925 221.301 0.000323342 0.00103383 0.0153532
298.769 196.082 0.00392873 0.0243211 0.172615
314.528 194.961 0.000248769 0.00116777 0.0136796
21.9912 234.991 0.00495157 0.0351772 0.272036
361.241 328.902 0.000979539 0.00197965 0.0175601
336.377 360.469 0.00141497 0.000224595 0.0139791
216.886 257.728 0.00345718 0.0241579 0.198305
159.013 216.013 0.00476542 0.0339193 0.24714
236.62 229.3 0.0136121 -0.00205263 0.00933697
413.368 275.342 0.00409276 0.0227731 0.185766
422.525 319.35 0.00457661 0.0301 0.245645
664.89 155.381 0.0031289 0.00493438 0.0286049
303.5 334.244 0.00459943 0.0313998 0.255225
411.676 393.412 0.0029062 0.0138077 0.186556
19.5161 397.629 0.00125966 0.00629135 0.0709086
791.808 191.782 0.00504143 0.0153412 0.100673
13.7979 296.713 0.00412646 0.0243744 0.191517
281.986 361.284 0.00453131 0.0214885 0.157824
301.244 352.173 0.000441133 0.000617997 0.00182672
123.435 238.823 0.015097 0.00208169 0.017686
270.91 262.026 0.00187739 0.002364 0.0105945
593.838 103.946 0.00295693 0.0136808 0.0932831
771.946 124.406 0.00147231 0.00783346 0.0496082
722.479 131.874 0.000982431 0.006324 0.0419369
797.967 172.457 0.0421834 -0.00251814 0.00158728
100.455 221.591 0.0056214 0.00577003 0.0539131
58.4481 227.374 0.00179512 0.00921626 0.0631736
40.1895 229.85 0.00100073 0.0065226 0.04814
18.1355 232.855 0.00191621 0.00943825 0.0672938
126.456 248.344 0.0171469 0.00543133 0.0147617
190.479 326.896 0.0569278 -0.00911498 0.00241746
354.82 279.94 0.00310421 0.0156594 0.132426
201.262 325.5 0.229963 -0.0244502 0.00348003
493.808 244.808 0.00527103 0.0309185 0.230545
504.574 243.253 0.00222805 0.0160964 0.123243
365.036 379.08 0.0016376 0.00399405 0.0155963
490.214 287.908 0.113566 -0.00847742 0.00193384
125.559 196.559 0.00192329 0.003323 0.0379145
32.0752 392.827 0.00183292 0.0114142 0.085485
631.211 72.9211 0.0280713 0.00600333 0.00268167
395.316 76.5612 0.0077304 -0.00167439 0.0201335
735.313 130.125 0.00510148 0.00871436 0.0527408
426.56 343.8 0.00279263 0.0129193 0.116932
229.318 253.175 0.00249473 0.0128563 0.0957235
501.16 316.14 0.0446518 -0.00462815 0.00240909
500.995 316.389 0.0179773 -0.000559123 0.00214512
402.447 109.623 0.0147129 0.00115939 0.00305791
230.848 202.822 0.00212607 0.0123201 0.0811483
166.775 212.075 0.00364786 0.0109436 0.0967557
167.113 211.129 0.00040983 0.00179008 0.00999267
185.512 208.274 0.000206637 0.00104798 0.00684504
480.318 218.364 0.00279885 0.0143827 0.100822
120.079 228.219 0.0123303 -0.00263737 0.00690017
775.977 234.955 0.105285 -0.00953048 0.00241412
332.544 130.567 0.00451335 0.0118043 0.0789093
514.597 283.468 0.277417 -0.0289543 0.004497
376.812 320.059 0.000235862 0.000115075 0.0627755
357.365 324.089 0.000277317 0.00198786 0.0159274
785.474 182.603 0.00258876 -0.000885764 0.00110997
788.1 234.967 0.0350403 -0.00137253 0.00106076
12.5968 330.371 0.244753 -0.0245577 0.00417854
459.288 103.837 0.0010426 -0.00315026 0.0255329
375.731 236.885 0.00777903 0.00623312 0.0452965
375.541 239.061 0.00631855 0.000995784 0.00832034
396.768 397.646 0.12703 -0.0147048 0.0036878
625.756 96.0244 0.007869 0.0031377 0.00710637
441.606 239.287 0.00308581 0.00672471 0.0654862
526.614 282.864 0.162341 -0.0163427 0.00296235
409.481 429.444 0.0232743 0.00962634 0.0117342
624.83 111.191 0.0137229 -0.00176948 0.00252678
517.944 311.583 0.227464 -0.0272927 0.00452079
517.476 307.518 0.00310847 -0.000321669 0.000230243
302.142 332.292 0.00392704 0.0259814 0.208242
280.346 438.169 0.000411206 0.00101496 0.00887002
503.967 164.067 0.00142757 0.00873862 0.0609615
182.614 258.136 0.00285778 0.000505354 0.011096
195.935 256.655 0.000207951 0.00123812 0.010338
330.557 436.043 0.0310311 0.00852455 0.0138791
220.762 137.213 0.0236618 0.0180833 0.0150072
675.6 207 0.00285982 0.00826241 0.064632
684.425 196.305 0.000327881 -8.19737e-005 8.14679e-005
449.243 229.287 0.00191407 0.000974055 0.00777216
396.203 274.781 0.00341158 0.0216927 0.163531
385.623 273.34 0.000139808 0.000158945 0.00118223
178.861 325.083 0.210848 -0.0248025 0.00429309
390.696 114.457 0.0140716 0.00645526 0.0112766
502.238 118.294 0.00247685 0.0145795 0.092298
568.802 102.487 7.66168e-005 0.000225518 0.000896111
483.259 167.296 0.00416011 0.0165423 0.0991092
100.582 228.255 0.0116206 -0.00634235 0.0157536
492.875 310.396 0.055261 -0.00126973 0.00167528
490.604 307.08 0.00794117 -0.000528031 0.000308668
529.814 312.637 0.086466 -0.00535152 0.00131858
211.442 325.135 0.0156703 0.000618016 0.000901711
168.11 328.329 0.226561 -0.024254 0.00365044
430.606 339.944 0.000392995 2.16925e-005 0.00514946
430.965 339.716 0.000289824 0.000144722 0.00437938
346.136 404.864 0.155885 -0.015735 0.00274577
46.15 438.863 0.00257982 0.00578263 0.0373336
40.0709 434.764 0.00117819 -0.00146149 0.00556247
549.48 177.944 0.0025833 0.00249059 0.00774127
269.401 279.858 0.00197331 -0.00068107 0.0137941
268.817 279.838 0.00179703 0.000906716 0.0070411
270.326 277.55 0.00119197 6.52889e-005 0.00245756
408.051 445.296 0.00609563 0.00125171 0.0342687
407.948 447.948 0.00682062 0.00145602 0.00509151
542.139 308.333 0.243187 -0.0277445 0.00438283
217.061 159.899 0.000418139 0.00152821 0.0145815
263.742 153.037 0.000270142 0.00165552 0.0113815
325.889 189.333 0.00171662 0.00950416 0.0813194
414.862 222.436 0.00270381 0.00110513 0.00576627
209.423 282.385 0.00349071 0.0224775 0.182686
190.151 284.781 0.0024726 0.0178613 0.13658
533.651 284.966 0.0193609 -0.0016292 0.00288187
304.24 352.966 0.00246068 0.00774418 0.0543399
441.777 417.392 0.00258122 0.0215937 0.214596
183.737 209.737 0.00534636 0.0141346 0.0938692
532.706 211.198 0.0025067 0.0115508 0.0820678
501.382 215.036 0.001013 0.0064865 0.0454938
303.526 212.684 0.0183433 -0.00138359 0.0204248
340.013 241.808 0.0065013 0.00548117 0.0501328
340.266 244.128 0.00627398 0.00143881 0.0088469
683.63 270.85 0.0199538 -0.0023223 0.000833083
188.463 308.512 0.00178167 0.00617359 0.04624
373.8 126.988 0.0111506 0.00694965 0.01155
220.03 362.227 0.000243594 -3.62918e-005 4.41084e-005
202.814 373.945 0.000145029 -6.13052e-006 5.25149e-005
545.314 128.7 0.00202989 0.00441876 0.0274737
544.924 127.299 0.000357919 0.00091892 0.00604362
311.773 401.682 0.0275446 -0.00896226 0.00806384
220.518 417.858 0.010938 -0.00164888 0.00185751
284.898 457.237 0.000729544 0.00408678 0.0572454
282.808 455.798 0.000320169 0.000326465 0.00720083
235.915 221.598 0.020496 -0.000958248 0.0163637
27.0467 424.06 0.00236844 0.00696276 0.0547521
439.613 100.633 0.000592483 -0.00160885 0.00578723
357.702 113.096 0.00198252 0.00302523 0.00503318
469.146 110.083 0.00430384 0.0114558 0.0712167
304.475 147.821 0.00302055 0.0153266 0.100738
305.123 147.802 0.00206233 0.0127392 0.0871791
274.641 168.026 0.000758165 0.00324939 0.0239173
262.933 168.143 0.00021901 0.000513875 0.00546966
289.742 194.545 0.0034236 0.00987539 0.0616545
225.731 315.973 0.0270789 -0.00318211 0.0016468
268 373.326 0.015347 0 0.0172733
425.5 118.723 0.00454155 -0.00298494 0.0101427
415.38 194.72 0.000777018 -0.000416281 0.00145872
444.208 211.271 0.00770251 -0.00820643 0.0184058
542.759 289.638 0.00903342 -0.00391375 0.0051555
340.429 200.845 0.0182008 -0.0031453 0.00255043
169.3 287.678 0.00466095 0.0339501 0.28513
429.549 387.378 0.00992411 0.0044693 0.0227103
765.353 185.895 0.000183015 -1.69464e-005 4.20622e-005
221.63 289.326 0.0166072 0.00212326 0.00739176
215.746 290.238 0.00161351 0.000531787 0.00553498
192.844 293.064 0.000235133 0.000664821 0.00532379
634.833 138.808 0.0269221 -0.00537168 0.0114196
632.213 140.447 0.00831438 0.00407933 0.00492062
195.345 175.585 0.0197725 -0.000419791 0.00256007
359.17 138.063 0.007661 0.00593546 0.00992797
332.781 156.534 0.0204206 -0.00335765 0.00350095
660.847 188.793 0.02433 -0.000444875 0.0027401
351.448 256.776 0.199946 -0.0233966 0.00322652
464.12 350.46 0.011332 -0.000385364 0.0202939
536.861 310.722 0.151151 -0.0192226 0.0046609
347.334 381.285 0.000480782 0.000684604 0.00141224
321.652 429.803 0.00611984 0.0025759 0.00489154
498.266 327.102 0.000112378 -8.88898e-006 3.61862e-005
358.66 324.18 0.00349335 0.0115022 0.0755018
406.771 384.645 0.0055184 -0.00214258 0.00286684
172.988 242.28 0.000995132 0.00188913 0.0218324
546.402 304.134 0.0255961 0.00541733 0.0088434
360.788 336.613 0.00727933 0.000831574 0.00807388
361.276 336.047 0.00186596 0.00100846 0.00799146
479 450.432 0.00278664 0.0164256 0.164784
444.244 125.372 0.00848857 -0.00521262 0.0123435
670.5 268.432 0.0177237 -0.00520647 0.0143522
668.782 269.571 0.00604679 0.00198273 0.0088401
665.983 269.577 0.00209644 0.000927759 0.0048481
161.425 311.85 0.005167 0.00304994 0.0494799
439.522 304.022 0.0615481 0.00064734 0.00318251
436.435 116.022 0.0183913 -0.0478571 0.135705
739.975 220.85 0.0146262 -0.00274461 0.0206061
516.929 182.31 0.0227497 0.0010599 0.0143175
458.5 189.167 0.00267089 0.0051192 0.0365975
149.526 269.158 0.00699445 0.011153 0.0619952
134.556 280.556 0.0189267 0.00666342 0.0255684
441.872 258.5 0.0043972 0.00431771 0.0349247
444.378 256.358 0.00157758 0.000382051 0.00665116
473.779 249.04 0.000159913 0.000445258 0.00230047
470.929 256.614 0.00888042 0.000211095 0.00774949
200.969 602.173 0.0266593 0.00704202 0.00825555
336.759 175.845 0.0458804 -0.00764084 0.00414962
444.719 419.899 0.000325752 0.000252528 0.00692682
514.292 219.736 0.00908684 0.000766401 0.0121294
20.3565 418.622 0.000767399 0.00255203 0.0194288
27.1071 410.251 0.000311331 0.000247405 0.00109398
674.479 171.808 0.00148957 0.00296987 0.0210598
389.122 399.176 0.0232706 -0.001284 0.0171762
691.318 247.602 0.0034855 -0.00154946 0.00179698
195.556 263.315 0.0142233 0.000195459 0.0134678
361.158 328.421 0.00472857 0.00603063 0.0617547
395.242 444.952 0.0131479 -0.00267362 0.0103657
395.694 448.074 0.0095935 -0.00086193 0.00242489
666.983 163.45 0.00544506 0.00257589 0.0149122
208.442 418.51 0.00837313 -0.000752875 0.00249917
438.275 285.5 0.0138222 0.00524028 0.0225911
197.519 419.302 0.0087159 -0.00106376 0.00255508
786.449 266.181 0.0141892 -0.0013716 0.00213306
157.013 328.5 0.0530684 -0.00624761 0.00740903
519.207 97.8838 0.00314336 0.0181755 0.118555
64.4187 205.703 0.00393512 0.0265615 0.185406
206.16 622.06 0.00633364 0.012598 0.0479541
206.869 622.888 0.00325161 0.00502972 0.0181124
203.486 625.489 0.00206933 0.00471777 0.0117626
241.316 344.908 0.227218 -0.0214029 0.00277188
580.424 88.1412 0.00301065 0.0172054 0.103261
135.129 270.843 0.0209081 0.0179208 0.0358421
794.221 436.746 0.0132032 0.00400221 0.00411816
376.224 444.57 0.0057998 0.00290015 0.00242384
603.125 128.344 0.0382305 0.0072466 0.0136522
684.66 317.16 0.0131141 -0.00422744 0.00977717
240.973 492.518 0.0025106 0.00985331 0.0927494
65.5 268.696 0.0159179 -6.4631e-005 0.0129424
629.318 155.398 0.0127707 0.00100338 0.00445986
76.9839 403.887 0.0173642 -0.0162793 0.0407764
720.944 617.222 0.00526045 0.00618489 0.0284538
298.608 496.878 0.00363643 0.0185202 0.177548
301.535 494.423 0.00146659 0.00267524 0.0160018
278.692 496.433 0.000252237 0.00117889 0.0112802
436.247 511.652 0.00515431 -0.00247023 0.0102143
110.354 289.695 0.0111164 0.000145399 0.0183244
729.662 627.554 0.0109391 0.00471572 0.0194234
426.107 547.25 0.00529854 -0.00196764 0.0143405
786.646 461.183 0.00671203 -0.00590372 0.0348875
790.877 465.008 0.00393956 -0.00329639 0.00661184
597.632 158.684 0.00915939 -0.00126007 0.0204938
477.173 456.714 0.0025866 0.00237132 0.0221468
592.213 480.048 0.00195024 0.000899421 0.00659405
602.684 479.794 0.000407341 -0.000115471 0.00244168
433.692 446.363 0.014862 -0.00388791 0.0061858
707.211 635.789 0.0119543 -0.000712483 0.0273468
703.464 635.44 0.00288987 -0.000876714 0.0119925
691.494 633.634 0.000571726 0.000140927 0.00259623
746.649 442.968 0.0069694 -0.000310793 0.0150303
771.595 408.452 0.00522337 0.00689254 0.0349815
527.654 446.91 0.0105055 0.0078757 0.0210735
532.583 453.492 0.00567985 -0.00311052 0.00304114
303.456 485.544 0.00241669 0.0101167 0.125903
717.182 460.955 0.0169003 0.00847383 0.0153118
669.339 492.823 0.00732633 0.00860575 0.0186681
668.097 494.209 0.0050646 0.00105256 0.00183529
276.419 498.23 0.00577401 0.0060064 0.0445469
270.202 498.452 0.001102 0.00289944 0.0392701
512.944 560.306 0.0172049 0.00175679 0.0212786
522.577 458.936 0.0137622 -0.014483 0.0338712
521.566 459.421 0.00686999 0.00167039 0.00787635
678.866 481.817 0.0275712 0.00850256 0.0113293
703.5 599.348 0.00551274 -0.00230837 0.00217165
712.129 607.246 0.000896686 -0.000598369 0.000869948
734.36 609.152 7.59732e-005 1.9611e-005 0.000288842
728.965 411.12 0.00586288 -0.000901849 0.00840763
727.366 409.302 0.00331596 -0.000778966 0.00148171
677.289 501.711 0.00727221 0.00216522 0.0169697
679.139 420.597 0.00214563 -0.00276384 0.0166294
159.9 353.05 0.056684 -0.00775055 0.0053758
714.077 410.346 0.0161653 -0.00140964 0.00633585
712.431 414.08 0.00515511 0.00115725 0.00212617
561.925 468.05 0.0077005 -0.00158425 0.0240827
420.397 477.397 0.00349808 0.0111624 0.114657
741.382 476.559 0.0210746 0.0155313 0.021436
487.442 550.288 0.000698814 -0.000358071 0.00553562
749.736 300.3 0.00472882 -0.000425969 0.017632
780.577 483.962 0.00834698 -0.00114075 0.0229486
552.909 525.114 0.0154223 0.0140862 0.0232004
555.25 524.335 0.00240414 0.002328 0.00506541
590.5 530.949 0.0205754 0.00491492 0.00412385
606.917 441.278 0.00495524 -0.001785 0.0386355
712.023 347.577 0.0117478 0.000601125 0.00586742
782.875 412 0.00512857 0.00363274 0.0204303
538.453 632.012 0.0176245 0.00110716 0.0106366
751.912 456.324 0.0224 0.00932915 0.0130538
792.041 414.527 0.0143946 0.00983793 0.00922622
594.947 442.5 0.00817977 -0.00414384 0.0396982
613.475 478.475 0.0110033 -0.00222519 0.00266767
775.289 477.342 0.00795054 0.00734513 0.0371492
739.918 485.297 0.00153803 -0.000344579 0.00143502
743.293 488.4 0.000866199 -0.000298612 0.00131157
437.571 589.143 0.0140469 0.00221846 0.0091845
756.688 492.125 0.0269018 -0.0176432 0.0163539
788.764 514.806 0.00749623 0.00155341 0.00474548
495.25 567.344 0.00566512 0.0119458 0.0360658
579.5 446.781 0.0228265 0.0368642 0.0721027
768.546 507.731 0.0067714 0.00268291 0.00920502
768.92 508.248 0.00356984 0.00237728 0.00621894
582.915 549.061 0.00857196 0.00369776 0.0172666
734.417 435.5 0.014158 0.018313 0.0345571
731.988 435.476 0.00239919 0.00353155 0.0180991
700.543 465.761 0.0108446 -0.000602203 0.0139423
573.246 483.008 0.00692602 0.000633116 0.00840701
181.926 454.059 0.0112579 0.00027542 0.00323516
726.479 427.245 0.0135435 -3.59106e-005 0.0104593
781.029 452.649 0.00337236 0.00274696 0.00968304
668.962 632.846 0.00729303 0.00794479 0.0137321
762.85 470.25 0.00962799 -0.00855346 0.0171106
567.379 543.348 0.0181986 0.0151861 0.0335073
531.839 555.79 0.00784881 0.00161772 0.00558453
535.515 551.177 0.00465022 0.00362596 0.00398395
655.5 637.77 0.00913842 -0.00204641 0.0292276
738.617 631.233 0.00916573 0.000112508 0.0111378
407.518 573.711 0.0139073 0.000621251 0.00454741
413.339 573.878 0.000640602 7.46365e-005 0.00545534
734.327 604.615 0.00513741 0.00380563 0.0197779
103.517 243.754 0.00473899 -0.000340798 0.0107408
580.892 461.943 0.00554559 0.000741876 0.00268341
579.848 463.365 0.00400147 0.00227784 0.00227372
630.013 424.397 0.0627636 -0.000819624 0.00265201
599.5 533.048 0.0221654 0.00671355 0.00819678
751.444 595.528 0.00868255 -0.00248861 0.0328689
787.176 331.706 0.0715885 0.0440069 0.0321799
791.769 493.261 0.0048562 -0.000648346 0.0116618
792.076 491.708 0.00344162 0.00111007 0.00540811
768.25 596.85 0.0180281 0.0141786 0.0230313
227.862 615.862 0.00940366 0.0206198 0.0611124
706.581 439.932 0.0111822 -0.00493157 0.0235544
687.407 492.57 0.0193025 0.0102428 0.0125758
632.784 628.364 0.0106121 0.00762653 0.00910149
725.184 636.936 0.00132631 -0.000585509 0.0154764
762.759 379.673 0.00346657 0.000910151 0.00626338
777.13 550.123 0.00124696 0.000611723 0.00511172
779.747 549.102 0.000692199 2.1371e-005 0.00141214
748.322 467.856 0.00282109 -0.00139233 0.00347167
177.378 555.092 0.00909903 0.00816347 0.0253473
724.833 598.864 0.0207945 0.00835087 0.016713
75.6538 301.962 0.00841773 -0.00316395 0.0177774
744.476 399.452 0.0112637 -0.005255 0.0114598
742.457 399.601 0.00187708 0.000591945 0.00452571
762.13 447.432 0.00194139 0.000534492 0.031669
745.56 371.36 0.0132178 -0.00286807 0.00616127
795.867 398.582 0.0133726 0.00304984 0.00778868
791.177 409.526 0.00323369 0.00106767 0.000612777
698.197 579.682 0.0129164 -0.00915984 0.035278
678.87 615.783 0.00866361 0.00404937 0.018121
184.621 633.106 0.00506528 0.00581728 0.011068
730.135 471.905 0.00466272 0.00310088 0.0100089
438.11 566.89 0.0154056 -0.0114698 0.0209084
504.311 609.278 0.00985375 0.00272495 0.00365146
562.272 564.289 0.00458168 0.000635132 0.0131747
653.974 464.769 0.00721424 -9.09744e-005 0.00383416
658.941 549.77 0.00217489 -0.000752283 0.00569226
785.237 576.737 0.00765629 0.0100683 0.0312279
699.824 612.971 0.0130982 -0.000273583 0.024346
749.977 277.477 0.0106739 -0.000861214 0.0178523
796.571 636.857 0.013526 0.00227376 0.0179828
785.238 629.063 0.0054026 0.00250723 0.00268163
103.415 442.076 0.0183357 -0.000335464 0.00323704
736.989 385.543 0.00936952 0.0094256 0.0150684
541.429 444.429 0.0105462 -0.00596293 0.00963963
420.602 573.786 0.0144475 0.00168492 0.00925492
760.256 587.867 0.00149361 0.000277757 0.00974324
760.568 588.814 0.000906819 0.00111069 0.00494435
632.344 498.544 0.00404212 -0.00239378 0.0261622
694.866 523.939 0.0303342 -0.0166584 0.0159002
651.967 606.011 0.00626121 -0.0059738 0.0330069
666.481 616.667 0.00889595 -0.00254548 0.00933806
644.579 390.865 0.00571911 0.0104084 0.0284111
485.435 526.274 0.00625393 -0.00298488 0.0113097
792.446 611.635 0.0044669 -0.002017 0.015985
685.109 636.732 0.00368293 -0.00307174 0.0161216
578.766 506.755 0.00120412 0.000978683 0.00411522
107.085 406.793 0.034363 -0.0095359 0.00905404
508.934 517.132 0.0058423 0.00798176 0.0230836
792.265 306.676 0.00683155 -0.000568949 0.00782819
199.238 465.381 0.0115282 0.0126463 0.0343959
473.621 574.167 0.00361423 0.00159826 0.0029093
777.362 627.069 0.00812814 0.00532944 0.0102191
784.833 502.429 0.00897756 -0.0073644 0.0239854
209.989 553.372 0.0073043 0.0129055 0.0390177
154.793 599.768 0.00903865 -0.000464298 0.0169419
445.17 633.98 0.00417657 0.00346108 0.0091986
446.441 559.245 0.0132885 0.000770897 0.00894994
792.167 580.738 0.00774665 0.00409803 0.0266733
791.526 575.526 0.00272559 0.000885103 0.0018709
741.011 583.344 0.0144064 0.00184563 0.0124828
456.056 594.694 0.00996544 -0.0046104 0.0221083
636.606 205.223 0.00564668 0.00546023 0.0178699
774.833 577.189 0.0111166 0.00942795 0.0198432
641.431 592.655 0.00660866 -0.00458028 0.0118793
582.276 156.289 0.0053771 0.00599189 0.0118684
717.042 280.438 0.0119885 0.00592809 0.0189902
116.4 433.16 0.00695327 0.00644301 0.0197133
135.551 572.397 0.0250116 -0.00375755 0.00771596
638.993 634.528 0.0091389 0.00324832 0.00798297
538.314 607.57 0.00729687 -0.00163631 0.0118337
626.659 325.195 0.0028722 -0.00341776 0.0134498
774.029 569.412 0.00927098 0.00156411 0.0291485
244.762 419.143 0.235098 -0.0229144 0.00310982
724.286 572.875 0.00679608 -0.0013886 0.0163541
114.914 297.948 0.00144015 0.00293995 0.013609
713.337 289.919 0.00649265 -0.00858663 0.0476498
627.428 240.181 0.00179652 0.00110181 0.0376182
596.976 256.881 0.00566888 0.0149459 0.0835927
521.533 492.205 0.00894546 0.00194437 0.00713747
135.844 487.563 0.0238157 0.0094241 0.0129653
227.144 579.256 0.0110715 0.00118922 0.0161023
665.917 329.517 0.0144045 0.0160427 0.0225314
665.111 328.084 0.00130868 0.00125111 0.00409121
623.563 338.103 0.00424399 0.00788428 0.0423117
163.172 635.851 0.00196981 0.00139791 0.00822633
81.0862 350.931 0.0028709 0.00487135 0.042126
604.379 626.759 0.00240161 -0.00317837 0.0360174
611.152 229.006 0.0061353 0.00135004 0.00656352
170.159 481.305 0.00526825 0.00110418 0.0182956
587.981 633.942 0.0201264 0.0209348 0.0277373
592.482 314.082 0.00560098 0.00497614 0.0188664
585.963 369.963 0.0141417 0.00919617 0.0188176
404.535 635.578 0.00300478 0.0010602 0.00953571
596.883 337.3 0.00205112 -0.00194373 0.0345645
613.029 282.514 0.00244179 -0.00104558 0.0102832
293.62 559.567 0.00325892 -0.000640758 0.0115892
587.519 284.096 0.00241754 0.00358597 0.0100518
427 616.34 0.0114906 0.00154076 0.00858716
570.652 303.626 0.00119853 0.00219333 0.00957449
393.421 629 0.0124558 0.00503333 0.0173895
656 296.625 0.00523132 0.00176775 0.024173
106.942 356.538 0.00468825 0.00605469 0.0300407
116.09 281.566 0.00511176 0.00275759 0.018296
180.167 486.722 0.00520953 -0.00428257 0.0755846
36.9286 485.786 0.00838028 0.000896553 0.0547022
