1.0
596
388.541 610.087 0.000208826 -0.000294525 0.000672796
360.568 615.222 2.63542e-005 -2.39345e-006 0.000226476
553.204 500.468 0.00618501 -0.00105277 0.0016554
558.675 497 0.00114705 4.30553e-005 0.00112128
259.111 633.475 3.95552e-005 -3.90917e-005 0.00311345
354.571 458.515 2.44095e-005 9.14379e-006 3.80394e-005
35.1386 498.603 0.000240864 -3.20781e-005 3.7685e-005
32.3365 471.65 0.000237953 -3.30217e-005 2.45236e-005
586.434 485.492 0.00674658 -0.00488676 0.0062786
584.617 486.519 0.00106731 0.000135253 0.00135847
13.1214 617.582 0.00164151 -0.000492416 0.00040121
15.3884 618.462 0.00115334 -0.000449552 0.000448467
13.3223 591.906 0.00109264 -0.000161955 8.52363e-005
24.0377 598.372 0.000307175 -9.29657e-005 0.000102466
25.3745 597.427 0.000325876 -9.60286e-005 0.000116058
194.346 284.217 0.000470504 3.71657e-005 0.000106682
201.238 272.901 0.000253485 3.4524e-005 4.4065e-005
712.467 300.545 0.0125975 -0.00405291 0.001645
618.298 488.474 0.00037404 0.000503287 0.000746237
599.247 495.472 7.69379e-005 0.000136347 0.000294466
144.377 559.821 6.86826e-005 -4.13315e-005 5.71362e-005
137.382 531.944 7.27017e-005 -3.23614e-005 2.95716e-005
576.714 491.134 0.0162486 -0.00630462 0.00400205
566.321 494.982 0.0201699 -0.00820642 0.00469148
722.945 149.373 0.000566659 0.000611529 0.000815886
494.591 310.223 0.000140529 -9.54596e-006 0.000154346
574.479 459.792 0.00918017 -0.00594374 0.00530185
550.049 472.931 0.0455605 -0.0190465 0.0114242
432.405 549.042 0.000741566 -0.00371356 0.0344935
291.721 282.184 0.00246036 -0.00366348 0.0119622
308.277 278.498 0.000395745 0.000174867 0.00044763
314.762 269.637 0.000236077 6.59791e-005 0.000174797
6.59694 406.75 0.00326401 8.68251e-005 0.00092087
446.872 637.36 0.0101389 0.000650054 0.0196949
749.456 51.445 6.89698e-005 -2.68179e-005 6.38691e-005
559.978 464.783 0.114719 -0.0304174 0.00959337
310.731 636.885 0.00290075 -0.0236755 0.214344
264.769 283.361 0.00283417 -0.00232657 0.0034096
259.642 269.587 0.00102373 -0.000279963 0.0002768
293.419 312.113 0.00092183 0.00228616 0.0167592
276.296 380.164 0.00385204 -0.00792423 0.0191367
319.222 437.431 0.0225967 -0.0231138 0.0268647
467.527 493.677 0.000724502 -0.000134071 0.00058164
475.51 489.801 0.000137805 0.00015284 0.000441821
295.706 255.492 0.00584947 -0.000781781 0.00388815
295.56 255.516 0.00481154 -0.000617147 0.00299674
293.291 253.927 0.00217635 -0.000632138 0.00131191
323.343 279.52 0.0119259 -0.00640352 0.00844045
548.417 38.2773 0.000637497 -0.000168884 0.000259723
70.3095 162.158 0.000244801 -3.69587e-005 0.000192441
69.5516 162.515 0.000231882 -2.32686e-005 0.000163728
532.411 287.433 0.0430577 0.0879625 0.183982
311.986 296.662 0.019278 -0.00562766 0.0136802
519.045 479.536 0.0255412 -0.00299248 0.00116935
329.277 621.476 0.000307551 -0.000438913 0.00107886
458.178 636.063 0.00556439 -0.00499251 0.0138117
619.938 68.0678 5.44924e-005 3.61977e-005 6.82477e-005
621.563 75.6208 5.60768e-005 3.06137e-005 6.8193e-005
250.566 218.5 0.00259616 0.00300698 0.00409384
254.476 224.857 0.0326216 0.0223942 0.0253488
537.914 473.822 0.007082 -0.00166468 0.00284256
439.078 509.5 0.0160668 -0.00170404 0.00106102
767.193 508.319 0.000453563 -0.000272075 0.000636443
443.924 215.652 0.0215025 -0.0393095 0.0832586
368.922 298.391 0.000573974 0.000210923 0.000234786
305.326 141.201 0.000503897 0.000129228 8.25251e-005
272.737 235.645 0.00510124 0.00185587 0.00127337
338.64 258.733 0.044147 -0.0202419 0.0135656
727.275 298.5 0.0159614 0.0258025 0.0543801
758.742 495.852 0.0272921 0.00953641 0.00529456
447.78 240.22 0.00495216 0.000517159 0.00109745
325.856 263.941 0.00264712 -0.00380548 0.0203722
580.75 13.25 0.000275875 -8.05943e-005 0.00119055
583.955 13.5108 0.000246334 3.04291e-005 0.00101696
78.4746 558.577 0.00255841 -0.000436753 0.000174756
177.939 622.514 0.000304769 0.000247604 0.00407497
176.983 622.369 0.000275704 0.000231411 0.00332731
28.4545 69.6685 0.000260302 9.40411e-005 0.000545743
28.4738 72.8895 0.000258188 6.13447e-005 0.000365577
34.3422 79.7391 0.000149812 -4.93736e-005 0.000220916
451.429 208.482 0.00222457 -0.00567533 0.0274588
9.10457 560.558 0.00301684 -0.000602761 0.000601757
750.923 1.75 0.00268586 -0.00575106 0.0614947
780.255 366.16 0.00969942 0.00236057 0.0065721
787.537 369.44 0.00125975 -0.000323556 0.00194216
491.474 40.1065 0.000533268 0.000233066 0.000303274
794.519 274.769 0.0217619 -0.00968388 0.00684323
791.68 241.895 0.00335374 -8.58521e-006 0.000128989
397.238 57.4048 0.000733796 0.000105349 0.000303038
397.832 57.038 0.000641858 9.75541e-005 0.000285047
87.4814 58.9494 0.000762639 0.00046232 0.000563856
397.012 3.29845 0.00224828 -0.000641861 0.0141926
471.917 23.7105 0.00170844 0.000754487 0.00476973
795.841 220.207 0.0498695 0.0290862 0.022304
270.365 593.662 0.0121301 0.0289042 0.0722712
355.423 258.679 0.00986412 0.00337955 0.0055657
504.571 480.874 0.0145804 0.00408177 0.00424353
11.7165 12.6979 0.00221906 -0.0006263 0.00117759
472.371 4.76429 0.00385573 0.00104855 0.00780952
321.229 240.313 0.0768245 -0.00889923 0.00382076
791.742 417.572 0.0155667 0.0102035 0.00795758
729.341 549.636 0.0183885 0.0143413 0.026391
290.59 354.799 0.0277581 -0.0466 0.0813667
417.095 225.048 0.0285452 0.0278198 0.0363589
733.992 336.833 0.0105198 -0.0157312 0.0291876
731.592 384.355 0.000631335 6.47923e-006 0.000461243
729.847 384.779 0.000524221 9.39017e-006 0.000386558
728.273 385.503 0.000445215 3.57858e-005 0.000341913
726.642 381.304 0.000304882 -3.04537e-005 0.000222025
718.381 486.865 0.000205388 0.000103933 9.40217e-005
789.866 235.159 0.0737972 0.0173152 0.00740525
552.561 571.628 0.00165839 0.000109967 0.000713528
474.132 597.788 0.00302042 -0.000285409 0.000859881
48.6892 374.797 0.117396 0.0833867 0.062096
660.519 577.73 0.00239663 0.000383219 0.000382359
601.123 558.676 0.00140943 -0.000291147 0.00077767
774.894 168.623 0.000388188 0.00014131 0.000281072
694.833 258.045 0.000227412 -2.0907e-006 4.11076e-005
575.505 563.423 0.0018542 -6.1678e-005 0.000732936
452.407 606.619 0.00193848 0.000193057 0.000705762
119.446 83.1035 0.00153706 0.00109445 0.00150855
111.709 92.7658 0.00154449 0.001195 0.00116364
791.18 322.655 0.0176063 -0.0152189 0.0147718
526.485 581.2 0.00127902 -4.40298e-005 0.000812964
780.189 331.108 0.0478856 -0.0317604 0.0228415
636.765 601.948 0.0027067 0.000791287 0.000666031
47.7692 348.291 0.00483739 0.00310258 0.0050816
494.969 591.315 0.00139396 0.000156043 0.00093874
346.598 339.695 0.0507649 0.0197478 0.0127477
344.799 343.084 0.0386485 0.018683 0.0105636
793.361 352 0.0202822 -0.00898464 0.0237169
791.88 375.46 0.00357872 -0.0072362 0.0579823
248.571 636.642 0.000598143 0.00134058 0.0152059
90.622 118.549 0.0100794 0.00231975 0.00682502
91.7937 115.857 0.00934697 0.00393879 0.00362549
93.9363 114.23 0.00431261 0.00194098 0.00263106
226.573 108.615 0.0107229 0.00238719 0.00636951
209.124 109.006 0.00324148 -0.000756075 0.00514907
183.243 113.665 0.000798322 0.000239957 0.00350677
734.877 358.084 0.00362082 -0.00496683 0.0195072
699.153 351.867 0.0139114 -0.0103857 0.0200295
714.3 343.843 0.00264883 -0.00431951 0.137234
174.228 567.752 0.000243622 -0.000174051 0.000494238
612.011 637.589 0.00529661 0.00623387 0.0340224
136.593 114.244 0.0221362 0.00300967 0.0134699
236.147 40.2843 0.0241143 -0.0124252 0.00875484
341.16 547.57 0.000678283 -0.000118495 0.00210273
220.587 52.8543 0.0244461 -0.00394839 0.0015707
209.389 43.7469 0.0252586 -0.00391267 0.00347629
215.621 91.9848 0.0488451 -0.000636173 0.00878516
48.4811 2.04717 0.00451714 0.000146657 0.0438506
48.2701 2.81034 0.00321894 -0.000252757 0.0234704
168.434 20.2975 0.00047277 -0.000276311 0.00049053
203.2 68.7333 0.0817146 -0.043068 0.0289105
200.043 47.6938 0.0172016 -0.00818914 0.00527659
201.764 49.8858 0.01136 -0.00604515 0.00400307
192.255 48.9694 0.135591 -0.0735762 0.0411627
227.26 38.88 0.0232731 -0.0139517 0.0162165
393.631 637.025 0.0069131 -0.00912038 0.0303357
101.209 177.089 0.0182308 0.00887993 0.00473301
13.7344 132.738 0.000943886 0.000202633 0.000736092
30.6822 223.933 0.00237357 0.00786533 0.0279262
726.679 422.346 0.0120905 0.000865314 0.00191932
695.784 426.267 0.0029248 0.00287901 0.010904
696.731 425.885 0.00251173 0.00229347 0.00870918
704.617 427.41 0.000789615 8.807e-005 0.0021624
392.675 550.465 0.00383516 0.0028824 0.0423389
388.449 551.404 0.00188154 0.00353098 0.0226312
373.99 557.341 0.00180908 0.0041843 0.0116105
451.825 502.049 0.00162465 0.000220779 0.000545621
466.029 519.728 0.00230248 0.00574628 0.0145894
107.183 347.992 0.109159 -0.0186681 0.00416167
244.948 390.883 0.00068333 -0.000407812 0.00032543
375.566 431.816 0.0296406 -0.0092215 0.00323809
137.203 421.045 0.00168708 -0.000646423 0.000279376
141.943 426.015 0.000628057 -0.000247784 0.0001361
124.43 381.508 0.00022395 -8.10591e-005 4.21535e-005
631.86 451.306 0.00470365 0.00746331 0.0179031
615.085 458.315 0.00258677 0.0057405 0.0138613
99.9789 283.88 0.0135176 0.00651272 0.00364042
92.0248 300.968 0.00359975 0.00201542 0.00123611
507.226 350.426 0.000243863 0.000316172 0.000866312
507.383 352.221 0.000209493 0.000235367 0.000635315
508.218 353.363 0.000177999 0.000172445 0.000506322
508.821 354.147 0.000160695 0.000138789 0.000419669
524.433 349.392 8.95984e-005 0.000101874 0.000300029
346.576 359.519 0.00263916 0.000202888 0.000640637
409.559 392.261 0.000298658 0.000241345 0.000482666
413.656 392.686 0.000160499 0.000128056 0.000318884
492.308 487.717 0.000906563 0.000188791 0.000626555
479.859 503.45 0.000174802 0.000214794 0.00040951
426.063 230.144 0.0108939 0.00117192 0.000456352
428.215 244.377 0.00304975 -0.000316819 0.000185728
438.257 254.611 0.00037654 -0.000183498 0.000221921
452.908 243.793 0.000138424 -9.81324e-006 0.000126242
750.473 414.618 0.0133606 -0.000472291 0.00246277
468.096 499.133 0.0114379 0.000368773 0.00414467
478.768 239.855 0.0183699 -0.0103721 0.00678029
468.524 230.544 0.00311512 -0.00261316 0.00249749
465.939 275.388 0.0021867 0.00279897 0.0152016
417.616 289.5 0.0198667 -0.0024612 0.0154386
333 408.623 0.000409197 -0.000253942 0.000375224
333.644 412.237 0.000388048 -0.000203634 0.0002806
334.41 415.833 0.000376179 -0.000178602 0.000223033
332.273 426.175 0.000251843 -4.66207e-005 9.95671e-005
398.387 293.991 0.0207975 0.00226095 0.00901687
397.545 294.32 0.0119843 0.00264887 0.00534569
111.306 132.03 0.000113423 5.5226e-005 4.44819e-005
568.154 328.726 0.00125616 -0.000178644 0.000557319
568.496 329.745 0.0010611 -0.000230468 0.000493723
92.2533 69.1485 0.000771946 0.000745301 0.000851353
86.7771 59.5162 0.000207825 0.000130713 0.000213651
10.637 224.842 0.00258012 0.00757169 0.0588603
434.081 266.608 0.0110202 -0.00966706 0.013099
456.081 365.174 0.0289583 -0.0055628 0.00210985
86.5342 180.281 0.000708877 0.000533754 0.000488172
170.941 485.89 0.0463391 -0.063019 0.0882031
192.587 501.985 0.0356395 -0.0487343 0.0668991
20.5756 129.593 0.000532531 1.8691e-005 0.000270379
16.181 131.953 0.000653731 9.27733e-005 0.000437836
446.402 372.035 0.00600485 -1.2528e-005 0.00153352
397.896 634.604 0.0209337 -0.0419295 0.092352
340.719 102.477 0.000300107 0.000264948 0.000711948
338.794 114.53 0.000266986 0.000149909 0.000213288
338.622 117.332 0.000266913 0.000137925 0.00018034
338.717 119.025 0.000269481 0.000133074 0.000167638
343.273 126.863 0.000298521 0.000103988 0.000147849
499.842 608.895 0.038815 -0.00392029 0.00574209
528.154 480.273 0.00323939 -0.00074752 0.00148259
182.146 612.423 0.00397115 0.0178613 0.104513
319.989 457.428 0.00260857 -0.0016078 0.0017963
321.218 457.021 0.00165647 -0.000906287 0.00114327
760.621 421.924 0.0406028 -0.0130611 0.0164193
10.4891 422.413 0.0225596 0.0217633 0.0237797
12.7917 424.608 0.00282864 0.00181984 0.00347036
18.8867 420.156 0.0015621 0.00131961 0.00210938
215.466 15.4472 0.0039772 -0.00793815 0.0165587
70.3571 336.116 0.0891622 0.0565573 0.0362862
371.479 448.157 0.0107301 -0.00149163 0.000875337
373.107 451.856 0.0069324 -0.00171515 0.000876698
306.956 584.335 0.00205167 0.0015234 0.0217129
327.86 293.56 0.0298981 -0.0121633 0.0103833
565.415 479.053 0.00403366 0.000497089 0.0336198
18.6577 21.9865 0.00113791 5.97103e-005 0.000594566
27.1897 47.625 0.000499442 0.00197557 0.0151499
699.441 444.353 0.0442634 -0.0103696 0.0133213
230.82 617.768 0.00176489 0.00411893 0.00998966
233.8 616.677 0.00116247 0.00277703 0.00698611
262.768 21.1075 3.7851e-005 -0.000121412 0.00125255
239.19 34.6716 2.80763e-005 2.09024e-005 0.00019352
49.4624 380.109 0.0404149 0.0304189 0.0236124
67.7813 585.229 0.0532125 -0.0638377 0.0773846
513.54 589.384 0.0160998 -0.00242823 0.000984937
556.117 243.883 0.0177461 -0.00140274 0.0124005
241.962 264.154 0.0141705 -0.00435355 0.0153399
241.202 264.25 0.00980512 -0.000870143 0.00814483
240.977 264.21 0.00845229 -0.000156385 0.00568502
239.469 264.364 0.00538693 -0.00064223 0.00174466
351.685 273.722 0.00839729 -0.0146986 0.0449226
735.463 527.216 0.0287101 0.0152535 0.0109209
736.72 524.665 0.0233404 0.011935 0.00749737
739.763 526.994 0.00357253 0.000871528 0.00109209
574.372 499.335 1.69004e-005 3.39938e-005 8.50681e-005
447.278 158.652 0.0264608 0.00695247 0.00382723
459.493 152.205 0.000561742 0.000367647 0.000384146
467.543 150.909 0.00024174 0.000187867 0.000260449
468.787 151.205 0.000231109 0.000179827 0.000253398
470.009 150.942 0.000225086 0.000176949 0.000256227
470.888 151.235 0.00022456 0.000177623 0.000262526
471.94 151.859 0.000212486 0.000168398 0.000259824
17.135 478.945 0.0439609 -0.0403273 0.0374542
16.3187 483.584 0.00222869 -0.00191052 0.00214179
589.626 170.383 0.00252208 0.000199835 0.00262508
332.154 243.679 0.0241066 0.00260093 0.00344623
331.657 242.754 0.0140283 0.00152499 0.00223341
330.769 240.415 0.00947217 -0.000144064 0.00122473
323.128 230.784 0.00142489 -0.000880295 0.000931583
321.571 229.934 0.00107403 -0.000683913 0.000818325
190.285 271.908 0.00324112 0.00480884 0.0175219
188.599 272.686 0.0026424 0.00403886 0.0131977
342.083 288.578 0.00784901 0.0011048 0.00179396
341.365 286.598 0.0015702 0.000848304 0.00120411
343.008 285.009 0.000608816 0.000319768 0.000803572
344.985 277.727 0.00052243 0.000145848 0.000296124
346.185 277.202 0.000372671 0.000109405 0.000261848
132.698 609.824 0.0023292 -0.00506096 0.0138264
87.3409 620.954 0.000107225 -0.00012126 0.000338693
89.2793 614.353 8.23138e-005 -8.20632e-005 0.000194273
239.357 69.2714 0.0327605 -0.0179251 0.0239127
462.432 249.914 0.0126294 -0.000735739 0.00254261
461.411 248.622 0.00673335 -0.00105565 0.00202516
460.922 247.709 0.00570295 -0.00111396 0.00166335
459.433 248.218 0.00278229 -0.000199059 0.00114187
448.141 241.906 0.000571477 -0.000218609 0.000481693
161.844 514.193 0.00358393 -0.00341022 0.0033315
666.28 233.744 0.0196541 -0.00414797 0.0150346
666.359 232.853 0.0114648 -4.80158e-005 0.00687727
666.981 232.919 0.00525171 -0.000589439 0.00579177
653.835 296.93 0.00416156 -0.00411893 0.00450762
652.362 292.189 0.00162327 -0.00105625 0.00091211
374.307 342.457 0.000968523 0.000305375 0.000282142
26.9375 406.969 0.030224 0.00933758 0.021295
29.0591 411.996 0.0134564 -0.0037239 0.00352165
614.173 66.9207 0.000166005 -0.000282527 0.00638129
624.328 67.9809 9.19007e-005 0.000198584 0.00282625
623.92 69.671 9.37183e-005 0.000181208 0.00197917
623.62 70.6267 9.20952e-005 0.000166299 0.00166639
623.226 71.7211 9.2226e-005 0.000150472 0.00144012
624.179 73.3447 8.72693e-005 0.000103054 0.00113814
625.817 82.9382 0.000101087 1.99986e-005 0.000360135
179.692 88.8269 0.0103694 0.00100578 0.00288063
299.325 243.613 0.00121459 -0.000862604 0.00103041
293.167 252.497 0.00040771 -7.33135e-005 0.000276671
292.878 252.795 0.000444256 -7.36292e-005 0.000292596
300.61 288.256 0.0104961 0.0138587 0.0253195
318.018 609.746 0.00309497 -0.00825989 0.034984
319.97 603.365 0.0014378 0.000141306 0.00181217
220.321 90.9596 0.00171799 -0.00013036 0.0019313
197.254 94.1721 0.00770979 -0.000605175 0.00403328
188.646 92.7126 0.00112114 -0.000563425 0.00228715
781.175 390.534 0.00277395 0.00556519 0.0139169
285.372 468.731 0.0434822 -0.0366986 0.0326484
283.984 469.893 0.00799971 -0.00583955 0.00539463
283.303 470.376 0.00552523 -0.003881 0.00371592
265.293 450.376 0.0037145 -0.00298965 0.00253617
457.071 625.262 0.0200386 0.0055496 0.0103718
184.378 39.1098 0.125671 -0.0670548 0.0375182
206.35 51.6284 0.000321605 -4.0696e-005 0.000279617
176.553 314.132 0.0047786 -0.00417495 0.0338349
176.432 315.144 0.00286146 -0.00143433 0.0137747
183.334 316.925 0.00052114 -0.000410382 0.00794521
447.269 628.09 0.0174388 -0.0134155 0.0227132
621.62 180.385 0.000289854 -0.000851728 0.0034672
631.119 183.185 6.74332e-005 -0.000137401 0.00116736
587.24 416.552 0.0181732 -0.00361483 0.00594882
587.265 417.049 0.0132676 -0.0022534 0.00452838
587.76 419.286 0.00925305 -0.00176777 0.0023597
489.904 129.394 0.00545773 -0.00878071 0.0570824
465.5 132.085 0.0181404 0.0300654 0.0558166
271.24 220.13 0.00784378 0.0107605 0.0215581
271.535 219.746 0.00479505 0.00521818 0.00980519
272.404 219.413 0.00334887 0.00398929 0.0081085
275.594 219.216 0.000985976 0.00111566 0.00428473
260.821 437.929 0.0389255 -0.0206652 0.0152793
259.395 437.219 0.0172279 -0.0108031 0.00893825
258.434 437.26 0.0104942 -0.00717624 0.00650465
253.165 433.287 0.00623634 -0.00526974 0.00495691
315.284 507.824 0.0881031 0.0570934 0.0408966
375.779 627.635 0.00314521 -0.00323143 0.00482843
369.302 622.515 0.00125735 -0.00201557 0.00368432
536.474 252.082 0.000326454 0.000254532 0.00119464
444.175 97.675 0.0111406 0.00980721 0.0349192
447.579 101.244 0.00256759 -0.00205634 0.00669444
46.8414 8.15591 0.000730428 0.000206928 0.00367507
9.53279 537.254 0.108354 -0.0784603 0.0578605
457.5 597 0.0426257 -0.00130868 0.0099086
503.032 597.84 0.0696868 -0.0198896 0.00813191
502.066 603.64 0.0108459 0.000398563 0.00128564
469.196 534.825 0.000685464 0.000741654 0.00564959
410.798 53.9823 0.0177376 0.0041367 0.00230956
679.575 336.104 0.028838 -0.0116528 0.00621837
564.549 561.793 0.183852 -0.0288754 0.00581513
557.605 561.711 0.0414016 -0.00480027 0.0100006
515.074 127.369 0.0116389 0.0177755 0.0371798
684.275 185.882 0.00489125 0.00715386 0.0240824
349.558 246 0.0131892 -0.0112089 0.023949
95.9091 495.977 0.17251 -0.0149021 0.00254149
97.0547 512.354 0.107629 -0.00844052 0.000848861
472.66 612.933 0.00053609 0.000194218 0.000740811
481.359 611.323 0.000263653 0.000175261 0.000755677
699.809 385.489 0.0480202 0.00550433 0.00174093
597.5 577.546 0.00412626 -0.00591432 0.020558
593.44 569.348 0.00350427 -0.00150898 0.0011953
593.101 569.803 0.00279112 -0.00108497 0.000912775
551.217 590.043 0.00690046 0.0110472 0.0369494
504.276 46.9627 0.0459589 -0.0277615 0.0191269
537.754 85.1194 0.00142254 -0.00151292 0.00168511
146.716 407.904 0.00170792 0.00125957 0.00495707
440.536 607.936 0.0698307 -0.00207968 0.00243572
140.345 391.722 0.00205559 0.00288337 0.0104459
118.327 530.667 0.00113624 0.000179496 0.00143856
739.838 320.488 0.00918618 -0.00439482 0.0090697
738.87 319.698 0.00595814 -0.00374816 0.00473177
739.328 317.686 0.00252033 -0.000809422 0.00150095
738.709 318.105 0.00170107 -0.00035491 0.00108487
738.629 318.71 0.0012631 -0.0002011 0.000855456
624.527 239.74 0.0122252 -0.00387598 0.00770394
254.764 272.538 0.0147876 0.00525187 0.0108097
254.464 271.235 0.00955629 0.00150479 0.00371596
20.5442 449.275 0.0022172 0.00158014 0.00519991
581.915 561.159 0.105032 -0.0186088 0.00589419
316.844 569.209 0.00228854 0.00288046 0.0105956
500.778 580.556 0.0176048 0.00518856 0.0247517
335.17 576.742 0.000905287 0.000353861 0.00660308
572.114 585.514 0.00673827 -0.000173399 0.00254096
791.841 369.192 0.00285333 0.000475166 0.0234876
791.754 369.148 0.00274549 1.03516e-005 0.0138634
588.398 556.643 0.101509 -0.0168431 0.00453669
561.481 579.077 0.0452445 -0.0138164 0.00753198
565.585 251.67 0.0297392 -0.00708434 0.00970141
198.8 316.55 0.00656681 -0.00492214 0.0489519
725.698 237.56 0.0255865 0.00303431 0.000708374
725.725 237.685 0.0161857 0.00212762 0.000608556
268.606 263.742 0.0670965 -0.0282142 0.0132449
268.481 263.958 0.0326275 -0.0141376 0.00723312
266.646 261.613 0.00726039 -0.00281489 0.00169386
28.479 462.703 0.00363018 0.00589353 0.0171356
23.7296 518.513 0.000967597 0.000760324 0.00441032
751.889 116.505 0.000165594 -7.34426e-005 0.000203498
774.635 312.682 0.0114922 -0.00766714 0.00662928
781.846 323.019 0.00789923 -0.00538815 0.00405372
408.554 329.963 0.00910694 -7.72881e-005 0.000872828
408.274 329.979 0.00710068 2.09886e-005 0.00081702
407.437 330.539 0.00354667 -2.76002e-005 0.000727856
407.623 330.664 0.00304712 3.48993e-006 0.00064632
37.4075 474.159 0.00260666 0.00283265 0.0102804
351.11 585.512 0.00296794 0.00511589 0.0158793
8.375 503.461 0.00229662 0.00030139 0.00426698
31.0972 530.979 0.00350342 0.00804807 0.0262337
316.625 534.175 0.00527499 -0.00371117 0.0187287
202.201 599.576 0.00273384 0.00650693 0.0250603
286.337 550.415 0.00353478 0.00499111 0.013788
539.645 568.445 0.0506658 -0.00507762 0.00305249
124.339 562.414 0.00132789 0.000540406 0.00349345
132.578 588.121 0.00184072 0.00241419 0.00953322
7.05472 626.145 0.0034133 0.000106502 0.00224188
575.398 403.405 0.00914269 -0.00516535 0.00569319
574.567 402.907 0.00708374 -0.00393023 0.00430294
573.352 402.112 0.00547275 -0.00311334 0.00346724
568.803 399.311 0.00245912 -0.00152391 0.00179193
43.8791 484.415 0.00334281 0.00275096 0.0096387
264.054 537.185 0.0022666 0.00263855 0.0103636
303.37 561.132 0.00235411 0.00310624 0.010498
176.169 599.672 0.00277237 0.00699669 0.0270902
562.934 503.934 0.0190301 -0.00145391 0.00524619
282.819 565.434 0.028473 -0.0466057 0.0776004
3.46429 608.714 0.0139235 0.00146732 0.0122196
115.886 514.386 0.00297896 0.00892448 0.0410718
136.088 382.471 0.00729377 0.0149261 0.0461926
136.8 382.31 0.00482512 0.0108916 0.0361652
585.388 6.88318 0.0120337 0.000354845 0.0031706
586.05 7.29286 0.00823696 0.000684678 0.00280101
587.008 7.53352 0.00556593 0.000768282 0.00253774
590.272 7.92574 0.00208527 0.000377862 0.00285695
593.69 8.44156 0.00113068 0.000268568 0.00237788
245.623 239.275 0.007611 0.00039509 0.00106747
245.877 238.652 0.00636397 0.000683661 0.000894916
558.94 40.3976 0.00458681 -0.00248882 0.00503593
606.441 544.127 0.016837 0.00499291 0.0132787
606.786 543.971 0.0133425 0.00534006 0.0106609
43.3916 549.729 0.00885617 0.0206383 0.0569847
359.953 251.578 0.0186028 -0.00715191 0.00994457
153.667 423.708 0.0168368 0.0442744 0.128624
681.243 112.948 0.00239616 0.000496714 0.00309888
673.734 7.07813 0.039665 -0.00277662 0.0034759
718.043 106.553 0.00156133 0.000415934 0.0028839
711.911 108.696 0.000682482 0.000192001 0.00161723
701.169 108.983 0.00437866 -6.25108e-005 0.00279778
375.113 603.218 0.00438478 0.00588363 0.0165497
713.235 120.618 0.0132371 0.00384239 0.0375256
271.174 8.9929 6.03037e-005 -5.48953e-005 0.00222292
700.441 255.294 0.011443 -0.00433949 0.0220016
358.488 264.135 0.0115589 -0.000261887 0.00583886
428.259 320.741 0.00134042 -3.16152e-005 0.000791915
401.628 379.723 0.00444235 -0.00512234 0.00820066
401.072 377.154 0.00278729 -0.00223636 0.0032453
404.257 268.619 0.0124627 -0.00232268 0.00115779
405.232 269.356 0.00727766 -0.00167096 0.000978815
407.248 272.644 0.00414732 -0.00154089 0.000993964
445.967 339.144 0.000856261 0.000145182 0.00180055
278.606 545.755 0.0256388 0.0487296 0.0996629
446.529 353.957 0.0108296 0.00456873 0.0412693
648.929 26.2522 0.0201698 -0.00847525 0.00386103
648.776 27.6636 0.0123005 -0.00501756 0.0023195
534.022 43.4294 0.000253949 -0.000100655 0.000154026
585.632 36.5276 2.92847e-005 5.16079e-006 0.000161959
389.969 444.453 0.023039 0.0108695 0.0103761
39.1364 544.394 0.0123565 0.0317625 0.0909837
687.459 245.336 0.0042158 -0.00245615 0.00737087
380.927 382.57 0.00365244 -0.00174598 0.00580724
384.52 429.02 0.0219878 0.0173346 0.0232331
129.134 579.317 0.00761487 0.0216588 0.0751933
388.083 435.146 0.0298592 0.029737 0.036095
366.37 596.043 0.0224337 0.0499988 0.121513
315.379 306.187 0.00443007 -0.00506569 0.0172182
315.221 306.489 0.00194078 -0.00177943 0.00873894
287.779 283.134 0.000782372 -0.000698757 0.000770216
104.658 454.548 0.00409419 -0.00130538 0.000618809
121.222 551.352 0.00741085 0.0266836 0.119303
169.539 349.429 0.000229105 -1.33946e-005 6.85191e-005
562.628 457.667 0.0257538 -0.00791076 0.00480181
562.598 457.219 0.0166262 -0.00488441 0.00269853
562.057 455.496 0.0124001 -0.00416809 0.00218032
263.625 635.557 0.000106821 -0.000319757 0.00635502
258.432 635.909 0.000114456 -0.000169123 0.00669697
542.197 466.742 0.03262 -0.00599892 0.0166329
541.103 464.817 0.0249569 -0.00877475 0.0082329
162.049 547.218 0.000214492 -0.000142287 0.000184791
170.085 560.242 0.000225993 -0.000148383 0.000233247
143.162 237.731 0.000642459 0.00214307 0.0145246
605.141 447.213 0.00583508 -0.00161232 0.00328631
605.143 165.317 0.0121838 -0.0263977 0.0600864
41.2677 437.419 0.0396233 -0.0197637 0.0109834
42.2972 439.094 0.0261411 -0.013078 0.00738079
357.978 297.391 0.0128568 0.0160481 0.0402367
369.211 307.132 0.0426212 -0.00857723 0.010269
210.049 471.599 0.00900192 -0.00949253 0.011719
734.576 15.8856 0.00354703 0.000697771 0.00302174
736.073 16.3918 0.000555547 0.000660726 0.00140609
736.254 16.0787 0.000486747 0.000547332 0.00120136
373.544 301.589 0.0518066 -0.00398719 0.00524632
397.917 464.736 0.0115934 0.00575937 0.00711049
391.273 445.667 0.00110153 -0.000505082 0.000429318
389.411 447.927 0.000436581 -0.000157634 0.000256179
720.02 2.69608 0.00220817 -0.000276269 0.0201718
706.717 303.981 0.0411602 -0.00696603 0.00183353
706.048 302.134 0.0257666 -0.00445703 0.00129926
705.656 303.329 0.0168058 -0.00275046 0.000866904
795.827 249.508 0.0090588 0.000387846 0.000383758
53.2581 426.952 0.0314912 -0.00656544 0.00491564
18.5741 382.611 0.0250721 -0.00506594 0.00601743
785.14 59.1854 0.00101331 -3.26107e-005 0.000383926
752.307 493.817 0.024936 0.00831579 0.0036221
87.3367 593.031 0.0195523 -0.00752788 0.0119513
475.671 494.957 0.100959 -0.00198136 0.0038525
555.988 7.35366 0.0243698 -0.00485002 0.00382345
53.9894 512.457 0.00476606 -0.00110027 0.00289287
693.292 30.3542 0.00594001 0.00145195 0.0085521
693.667 30.2833 0.00499556 0.00143574 0.00677738
694.174 30.4314 0.00335982 0.000924216 0.00409227
3.97458 578.136 0.0170228 -0.00428454 0.00330302
455.707 306.551 0.000489198 -0.000172461 0.000384933
447.711 308.704 0.000223763 3.46004e-006 0.000234294
415.919 300.453 0.0111062 -0.00209133 0.0122075
30.6519 634.095 0.0187092 -0.0117285 0.0117942
681.763 21.8421 0.0651138 -0.00895965 0.00681164
713.674 321.848 0.0233776 0.00271687 0.0115345
718.7 29.1 0.0092354 -0.00322239 0.022504
718.947 28.8158 0.00555956 -0.000520185 0.0152363
719.209 28.312 0.00419166 -0.000335725 0.00882004
743.616 35.0349 0.0179259 0.024287 0.0438176
698.536 51.917 0.00667012 -0.00202582 0.00196017
698.939 52.5179 0.0024037 -0.000882502 0.00175379
699.482 52.5157 0.00173267 -5.13376e-005 0.00104467
787.996 23.1198 0.0131185 -0.00144287 0.00286095
787.773 22.9156 0.0104456 -0.00181114 0.00241179
787.792 22.6535 0.00821337 -0.00159156 0.00175605
753.655 46.4881 0.00619061 0.00376671 0.014445
755.296 44.9868 0.00437361 0.00296342 0.00577681
385.144 294.404 0.0152504 -0.00499884 0.00710646
385.469 294.031 0.00883076 -0.00228146 0.00526295
364.606 312.883 0.0364577 -0.00414777 0.00701387
765.337 460.929 0.0705264 0.0395527 0.0251609
378.157 296.614 0.0648619 -0.0138965 0.00963715
758.564 7.60638 0.00380658 -0.00367785 0.0618548
760.637 6.53922 0.00206714 0.00257202 0.0159415
783.274 478.712 0.006615 -0.00319796 0.00388661
782.031 528.806 0.00935458 0.022355 0.0755361
7.56214 327.488 0.00379232 0.000322148 0.000136838
706.421 10.5526 0.0182904 0.00904288 0.0237701
359.557 318.915 0.0292658 -0.00716662 0.00836299
362.085 316.054 0.00664208 0.00185262 0.0040851
714.246 535.341 0.00594878 0.00347882 0.0263907
715.927 535.364 0.00363339 0.00266155 0.0169667
435.629 280.814 0.00198085 0.00177345 0.00921079
296.715 438.381 0.00527287 0.000325431 0.00328366
296.488 437.765 0.00436076 0.000366032 0.00295028
349.197 309.97 0.0103219 0.0172932 0.0340783
776.135 492.786 0.0250523 0.0103443 0.0099277
781.019 502.801 0.0008462 -0.000390391 0.00112826
694.447 6.09649 0.0096573 0.0021503 0.00403251
797.684 7.46053 0.030004 -0.00432082 0.00278998
795.747 10.092 0.00993551 -0.000630688 0.00170529
682.4 4.125 0.0346734 0.00198951 0.010007
483.572 299.452 0.0494006 -0.0235634 0.012712
776.95 456.931 0.00121571 0.000805332 0.000670589
711.658 68.2544 0.0163394 -0.0012854 0.00969549
750.742 38.3065 0.0113525 0.0143739 0.0247579
747.466 36.8631 0.0022706 0.00153582 0.0064063
561.728 414.623 0.0651641 -0.0644236 0.0660065
755.274 21.9839 0.00740954 0.00605636 0.0142507
721.795 53.1842 0.0109915 -0.00265145 0.00625987
374.629 287.79 0.0476518 0.0347241 0.0354492
738.524 56.084 0.00802568 -0.00576369 0.00750845
738.347 55.7025 0.0061493 -0.00421362 0.00566171
751.942 70.2662 0.00768983 -0.00353967 0.012764
753.169 69.3921 0.00377663 -0.000149999 0.00676684
796.349 92.4041 0.011141 0.00197375 0.00834828
793.411 92.2037 0.00320116 0.00047797 0.00777405
686.957 13.9571 0.0712593 0.0128835 0.0088865
514.968 394.266 0.00592791 0.0117056 0.0637202
516.12 393.69 0.00376093 0.00745335 0.036357
480.227 306.409 0.0407344 -0.0167043 0.00970086
778.03 17.5455 0.0356497 0.00368702 0.00348198
770.632 22.6321 0.0588489 0.0115654 0.00516723
769.3 76.8556 0.0682102 -0.0244129 0.0122795
