1.0
566
322.572 445.906 0.0293037 -0.0086866 0.00647283
318.178 488.467 0.0105152 -0.00089969 0.00508856
309.402 470.539 0.0218243 -0.00084823 0.00684137
327.873 471.366 0.0285644 -0.00368125 0.00290143
12.7133 181.736 0.000960255 -0.000167664 0.000521874
6.47203 223.458 0.00462232 0.00230683 0.00618458
8.12381 222.848 0.00332034 0.00167757 0.00412626
20.1342 254.234 0.00116083 0.00142936 0.00314988
309.485 444.838 0.029306 -0.00416113 0.00455211
596.746 139.915 0.0033872 0.000103609 0.0340842
37.7254 197.428 0.000176598 -7.55244e-005 0.000140148
40.7979 185.988 0.000144087 1.53956e-005 2.59277e-005
224.869 335.364 0.00641045 0.000357757 0.00463572
225.354 337.788 0.00404586 0.00023422 0.00181228
474.052 83.5096 0.000353049 -1.38192e-005 6.55266e-005
471.579 83.6298 0.000271543 -6.11937e-007 6.45706e-005
452.202 339.563 0.000352771 0.00188471 0.0207167
886.4 382.72 0.00587789 0.00229662 0.0216275
261.5 182.586 0.0218297 0.0104498 0.0129958
273.836 105.34 0.00219874 0.000317881 0.000368497
288.205 130.233 0.000298088 -1.87907e-005 5.89859e-005
270.193 143.077 0.00341398 0.000639217 0.00195879
226.138 363.819 0.00275555 -0.00157724 0.00414603
93.8574 246.502 0.000110037 0.000140013 0.000365908
787.745 376.67 0.0207772 0.0169579 0.0175382
276.346 83.8077 0.00644656 0.00049893 0.0143804
101.473 206.824 0.013716 -0.0137277 0.0286404
120.235 233.459 0.0162689 0.0200903 0.0351556
315.481 52.8962 0.0174777 0.00736098 0.00718415
317.326 69.2026 0.00207715 0.00174478 0.0044756
335.686 46.5166 0.00052406 0.000541891 0.000679246
264.833 158.038 0.00507152 -0.00319789 0.0225096
430.875 285.571 0.000221164 0.00270444 0.0430803
438.745 286.937 5.43394e-005 7.28148e-005 0.00344605
726.053 322.159 0.00311687 0.00864301 0.0415469
325.941 20.7353 0.0167767 0.00181952 0.00999217
257.895 77.407 0.0186124 0.0082197 0.010396
376.114 112.131 0.000611337 3.28272e-006 9.53792e-005
368.479 114.807 0.000322972 1.0136e-005 7.61473e-005
6.97351 139.089 0.00299191 -9.56442e-005 0.00122519
8.37459 135.01 0.00208886 -0.000241415 0.000424876
276.112 172.486 0.00348486 -0.00022332 0.00306947
315.777 13.1627 0.0033119 0.000801508 0.00499957
319.43 13.3508 0.00193808 -0.000254633 0.00121148
138.912 221.103 0.0105784 -0.00179067 0.0101423
891.427 374.963 0.0139184 0.00337473 0.0157502
3.96753 118.669 0.010451 -0.000864082 0.00470231
263.711 189.842 0.0135408 0.00530902 0.0142163
262.731 186.775 0.0102695 -0.000476925 0.00315798
829.337 342.314 0.0155775 0.00740646 0.0150018
323.171 341.814 0.00470432 -0.00260126 0.0171239
323.846 340.438 0.00338509 -0.00176395 0.00625689
323.012 340.249 0.00234924 -0.000853465 0.00480508
271.044 337.853 0.00590505 -0.00335071 0.0184257
716.74 277.66 0.00957221 -0.00260668 0.0187853
717.006 278.057 0.00794737 -0.00377754 0.0103073
715.535 260.347 0.00286453 -9.97816e-005 0.00019865
146.878 220.041 0.0202228 0.00429898 0.020141
426.456 265.078 0.139967 0.0271007 0.00607385
283.875 18.7679 0.0106025 0.0024384 0.00461336
144.483 177.025 0.0141885 -6.05195e-005 0.0103112
660.133 236.196 0.0115334 0.000528335 0.00368353
140.269 470.41 0.0114795 -0.000400468 0.00162774
333.068 45.625 0.0139981 3.3727e-005 0.00252422
180.931 271.155 0.00664001 0.00633324 0.0315802
9.8609 279.643 0.0027327 8.93573e-005 0.00470092
798.355 287.754 0.000322514 -0.000293427 0.0101699
109.965 476.351 0.00656788 -0.000449143 0.00207678
10.0882 89.0059 0.00129448 9.26815e-005 0.0018594
864.277 288.91 0.000169658 -5.50528e-005 0.0107313
290.413 336.506 0.00211578 -0.000417887 0.00552227
289.931 336.277 0.000414285 0.000182964 0.00446209
874.1 358.32 0.0151947 0.00434469 0.00560959
125.287 473.5 0.00685171 -0.000905016 0.00223269
221.529 305.298 0.0039972 0.00222769 0.00270024
247.52 336.806 0.00767937 -0.0060161 0.0314618
657.932 18.1667 0.0105087 -0.00719871 0.0054093
270.188 30.8333 0.0120466 0.00264559 0.00679648
141.305 132.28 0.0181505 -0.002523 0.0188604
817.167 376.076 0.0207977 0.00508156 0.0125238
253.167 74.7896 0.00258938 0.000555794 0.00171206
845.487 97.8355 0.00121245 0.00101995 0.00575275
844.732 97.4888 0.000989293 0.000420884 0.00426882
842.791 92.803 0.000996039 -0.000241983 0.000995006
250.743 106.149 0.0188942 0.00923992 0.0109869
878.142 305.187 0.00268307 0.00215014 0.0196183
91.3276 479.006 0.0115109 -0.000496335 0.001934
295.939 33.5439 0.00794751 0.0028876 0.00140114
875.86 92.203 0.00124243 0.000969837 0.0056574
876.03 92.2811 0.00113243 0.000917692 0.00510657
879.294 91.6215 0.000779912 0.000827619 0.00426632
80.1842 215.605 0.0181743 -0.00095624 0.00947196
80.9528 225.425 0.0213365 0.00062448 0.00953382
278.716 274.96 0.00340982 0.00105717 0.00856926
83.5244 286.159 0.0117274 0.0163109 0.045436
164.972 302.689 0.0143515 -0.0096181 0.0189681
76.1515 480.091 0.0151858 -0.000957936 0.00245666
585.303 326.077 0.00631889 0.00153689 0.0129361
185.718 330.845 0.065398 -0.0572026 0.0520551
194.167 340.603 0.0578338 -0.0496651 0.0431324
894.135 347.542 0.00509432 8.78094e-005 0.00389804
60.8359 484.344 0.00729407 7.08227e-005 0.00171612
719.55 188.419 0.00975727 -0.000852196 0.000800369
856.701 242.298 0.00031883 -0.000594546 0.00329986
853.273 249.051 0.000211898 4.01965e-005 0.000397066
828.977 255.087 5.2815e-005 -3.49816e-005 0.000192251
119.237 8.62632 0.000464969 0.000139926 0.00326831
457.406 11.1981 0.00630682 0.0148726 0.0451843
434.306 39.0611 0.00120785 0.000616176 0.000407459
430.429 58.8473 0.000724169 0.000214594 0.000102895
264.258 66.3788 0.0126851 0.00805595 0.018486
17 100.964 0.00830405 0.00615954 0.0163694
131.971 131.912 0.0110276 -0.00202849 0.0186288
559.212 326.529 0.00233557 -0.00318094 0.0155352
186.913 362.652 0.0230393 0.00616606 0.00951041
145 187.5 0.0165477 -0.00246456 0.00923231
87.9074 233.167 0.0159589 0.00807623 0.0125564
296.54 8.26 0.00776384 0.0109016 0.0251567
809.941 103.283 0.00185043 0.0012469 0.0126195
808.617 104.482 0.00140383 0.00108286 0.00622175
808.589 103.763 0.0011875 0.000298138 0.00319288
808.582 102.051 0.00115286 0.000165324 0.00156695
828.809 124.496 0.00413925 0.0265445 0.171845
829.931 124.253 0.00122456 0.00751035 0.0474384
831.608 123.924 0.000689119 0.0040427 0.0249485
79.4107 205.286 0.0170011 -0.00109785 0.0108702
168.224 344.347 0.0537368 -0.0235715 0.0105711
852.123 304.992 0.00262456 0.00547017 0.0314321
169.1 330.278 0.0476455 -0.0217194 0.0138097
145.816 200.342 0.0182884 -0.00139109 0.0091862
528.021 267.824 0.00220847 0.00193151 0.0401205
486.364 294.295 0.0222983 -0.0245333 0.0368551
840.348 313.924 0.0317684 0.00903361 0.00694952
130.62 59.64 0.00219486 -0.0189687 0.231594
695.97 247.6 0.00825418 0.00118532 0.00731035
146.459 210.806 0.0215484 -0.00304484 0.0108295
146.86 214.401 0.0164905 -0.000767016 0.0024809
95.119 218.611 0.0107515 0.00379449 0.00705007
586.833 281.045 0.00692984 -0.0287404 0.15197
780.151 324.547 0.00994122 -0.000684401 0.0126355
169.335 52.5824 0.0323247 0.0383222 0.0464942
828.947 311.5 0.00702885 0.00394009 0.0120688
98.375 434.675 0.00216548 0.00482384 0.0516565
99.4028 438.319 0.00113947 0.000413419 0.00257982
135.875 187.514 0.0106942 -0.000706086 0.00944146
730.25 311.2 0.0466733 -0.0117941 0.00929771
784.667 337.537 0.00703979 -0.00305699 0.0156026
878.649 344.862 0.00835176 0.00721126 0.0204333
843.861 351.139 0.00904162 0.00346237 0.0328802
845.144 355.627 0.00348473 -0.00120365 0.0031957
663.056 280.056 0.00133394 0.00308645 0.025671
176.068 344.386 0.0380791 -0.0136887 0.0101282
526.722 377.648 0.0126336 -0.00135139 0.00458935
290.481 49.5741 0.0387364 0.00481264 0.0029284
41.0769 287.288 0.00622618 -0.00494283 0.0227094
385.663 8.7093 0.0416648 0.0767247 0.146972
369.716 17.284 0.0295301 0.0547523 0.102075
134.96 141.167 0.000843533 -0.0054206 0.153254
477.477 193.886 0.0118361 0.00333104 0.0220753
589.906 340.792 0.000720821 -0.00411393 0.0802162
894.288 350.924 0.00728693 -0.00240316 0.0251114
124.013 131.782 0.0208222 0.00227944 0.0153754
896.579 305.684 0.0195398 0.000991267 0.016003
293.568 19.7881 0.016212 0.00170895 0.00384194
611.48 203.833 0.000783113 0.00430503 0.228212
11.5263 33.3421 0.00884716 0.00701167 0.0297376
785.48 108.257 0.00316822 0.000822701 0.00724723
783.586 108.323 0.00191788 0.000225347 0.00669651
781.667 108.465 0.00144632 0.000151711 0.00518056
780.21 107.439 0.00130223 -0.000417816 0.00244941
778.945 103.905 0.00134115 -0.000358013 0.00111339
816.517 359.233 0.0238132 0.00976073 0.00585107
90.0782 376.716 0.000298383 0.00267751 0.0260825
613.5 328.188 0.00216188 -0.00328713 0.0646254
853.88 331.38 0.00365412 -0.00400876 0.0224149
348.271 75.4524 0.00322485 0.00140385 0.000774692
344.945 98.3892 0.00158976 0.000298326 0.000105645
12.4286 25.0952 0.0114283 -0.00396827 0.0204523
7.83557 24.9664 0.00218311 -0.000490737 0.00105723
10.2583 31.2818 0.000933701 8.27693e-005 0.000342736
27.0319 26.3723 0.0121712 -0.000457906 0.0153847
377.026 281.1 0.000934361 -0.00229728 0.0353944
135.23 177.568 0.0109324 -0.00116925 0.00939677
796.837 247.479 0.000619712 0.000781569 0.00208692
481.096 261.535 0.00571412 0.000480913 0.00632709
67.951 25.3431 0.0806332 -0.003666 0.00213549
614.378 322.919 0.00208651 -0.00164716 0.0514738
502.983 243.638 0.00733724 -0.000611185 0.0199981
789.379 360.773 0.0115217 -0.0039186 0.0225311
5.54587 50.6651 0.00466617 0.00120082 0.00407261
263.906 54.1719 0.011067 -0.00165793 0.00294117
166.642 104.821 0.0142288 0.000356548 0.000260842
167.848 101.695 0.00670078 0.000517758 0.000294098
129.396 212.25 0.01406 0.00319641 0.00979012
700.778 278.389 0.00262164 -0.00287591 0.0708806
854.471 343.671 0.00886836 0.0101669 0.0438777
200.986 3.89189 0.00780835 0.0049437 0.0125726
197.843 5.45181 0.00366127 0.00203886 0.00552145
141.143 95.9524 0.0151038 -0.00461355 0.0155294
510.621 381.318 0.0411232 -0.000678624 0.00507057
864.8 356.5 0.0160693 -0.000242861 0.00363669
212.284 114.986 0.016052 0.0264069 0.0614621
882.365 313.284 0.00616581 0.00538854 0.0284629
503.139 381.278 0.0231476 -0.00292578 0.00480573
479.861 384.944 0.0225613 -0.00326293 0.00538576
193.245 6.81915 0.0629109 -0.00324831 0.00379369
111.611 529.451 0.00392487 0.0198337 0.10056
137.122 200.595 0.0109667 -0.000658396 0.00909919
194.16 122.292 0.00808054 0.00813298 0.012857
182.779 11.5465 0.172905 -0.0102894 0.00203466
64.9066 31.1813 0.247511 -0.0178876 0.00144862
137.813 210.978 0.010691 -0.000308393 0.0110199
852.192 316.588 0.00302985 -0.0023334 0.0065096
191.282 178.371 0.0113169 0.000303068 0.000346953
848 418.773 0.00470691 -0.0290205 0.186311
494.28 382.549 0.0187059 -0.00274376 0.00623534
223.244 187.547 0.0089531 0.00777386 0.028871
729.567 302.287 0.0194258 -0.0216134 0.0260078
213.4 169.536 0.00785956 0.000446038 0.000322039
756.367 311.45 0.0232563 0.00078308 0.00621602
238.551 176.91 0.104001 -0.00686823 0.00331891
865.833 317.894 0.036292 -0.00442662 0.00997372
318.69 157.071 0.0331835 -0.000592144 0.00410923
758.366 60.5253 0.0161103 -0.000591252 7.04292e-005
755.923 61.6069 0.00351611 -0.000144509 5.33016e-005
207.076 96.0085 0.147964 -0.00886658 0.00133863
207.654 78.6495 0.00649727 0.000391043 0.000191068
170.662 176.257 0.125242 -0.00522467 0.00266273
172.28 185.592 0.0122351 0.000334212 0.000343398
69.7692 51.8077 0.0739817 -0.00409664 0.00237716
67.3279 36.3932 0.0155613 -0.00134684 0.000352557
760.907 104.483 0.019604 0.00153236 0.00161639
73.7568 522.467 0.000973943 0.00482465 0.0245676
349.577 173.538 0.0078971 0.00694223 0.0256509
15.8922 10.0686 0.020642 0.00709807 0.00998052
814.775 271.825 0.00286624 0.00511312 0.104876
136.015 38.9559 0.0111244 -0.00297302 0.0114054
317.41 137.873 0.0314773 0.000113701 0.004022
216.269 77.5769 0.0236771 0.0345771 0.0615737
185.71 92.5637 0.00967779 0.000401507 0.000219586
339.619 175.929 0.0397702 -0.00292321 0.00767679
346.684 7.68421 0.0693392 -0.00190905 0.00293178
319.333 170.5 0.0330482 0.0054419 0.00990124
125.667 38.25 0.0112505 -7.00967e-005 0.00934623
221.671 86.1571 0.0686043 0.000169863 0.00574487
140.326 120 0.0247558 -0.00428466 0.0111082
771.477 41.1932 0.0138263 0.00173273 0.00515409
136.618 50.3529 0.0126077 -0.00301485 0.0102034
795.442 278.654 0.000409813 0.00415397 0.334831
129.088 119.647 0.056518 -0.00435927 0.00893606
126.401 49.3028 0.0103924 -0.00174898 0.00979331
214.888 90.0075 0.0159848 0.00233708 0.00610699
858.668 18.951 0.000429565 0.000877131 0.00345315
833.245 26.8099 0.000205107 0.000633645 0.00245761
874.637 210.171 0.00510413 0.000530542 0.00727209
879.077 210.165 0.00130326 0.000213403 0.00277082
793.105 36.1788 0.000513868 0.000995764 0.00375375
766.64 216.149 0.00847903 -0.00552462 0.0182161
764.957 216.543 0.00436368 -0.00205213 0.00802824
770.451 64.877 0.079585 0.000227188 0.00100199
772.376 67.0991 0.0114247 0.000207369 0.000973608
773.629 67.6701 0.00341894 0.000226828 0.000902644
213.53 103.833 0.0872607 0.00136846 0.00608615
864.589 165.518 0.00291786 0.0133154 0.108286
884.306 163.083 0.00528484 0.00864161 0.0849967
891.735 174.912 0.00503174 0.00879142 0.0938645
878.42 192.348 0.000909994 0.0063798 0.0808561
877.671 184.014 0.00569392 0.0113459 0.0917027
883.5 147 0.00491727 0.00971461 0.0969362
836.802 53.4213 0.00295159 0.000183214 0.000798769
877.443 168.043 0.00504756 0.00970457 0.0925543
805.141 58.9457 0.00196192 0.000314342 0.00158764
192.629 94.7232 0.00557939 -7.23913e-005 0.000342879
221.426 168.516 0.00414181 -6.37358e-005 0.000686947
198.471 179.356 0.00585406 -0.000174873 0.000554161
809.552 222.742 2.49712e-005 2.30162e-005 0.000233834
236.275 44.3 0.0305618 0.0181331 0.0209325
214.699 66.2308 0.00444209 0.000819999 0.00166107
880.5 81.6481 0.00331385 0.00344488 0.0181088
173.991 103.264 0.0211318 0.00287756 0.00185181
242.698 163.775 0.0178205 -0.000374718 0.000324106
243.035 162.707 0.0104581 -0.000202235 0.000256319
315.731 148.25 0.00839109 0.00879391 0.0317724
316 151.543 0.00668922 0.000107335 0.00137881
326.673 182.327 0.00231591 0.00130244 0.00525794
844.87 280.467 0.000211853 -0.00015604 0.000260913
820.082 284.847 4.84662e-005 -7.05886e-006 0.000203008
807.39 286.616 5.70157e-005 7.36635e-006 0.000172224
785.773 293.9 0.00020041 -0.000299311 0.00188668
183.78 27.3373 0.0130083 0.0149889 0.0175062
185.16 22.9274 0.000963161 0.000892689 0.00106338
371.123 94.3136 6.28043e-005 2.54063e-005 2.78747e-005
217.554 87.2065 0.00712709 -0.000909643 0.00111667
215.668 96.0433 0.00439571 0.000674997 0.000547262
235.178 86.9038 0.00472322 0.000533581 0.000314585
27.301 65.8589 0.000672825 -6.26548e-005 4.61408e-005
26.6437 71.5529 0.000600862 -5.48051e-005 3.94515e-005
173.295 114.291 0.00771482 0.000178356 0.000374437
179.047 185.993 0.0103611 0.00276466 0.00287129
179.131 191.225 0.00583364 -0.000238474 0.000660795
283.9 196.471 0.260724 -0.0165076 0.00231116
745.08 290.46 0.00693669 -0.00197037 0.0018209
76.05 117.733 0.128138 -0.00999126 0.0017064
526.22 146.342 0.000632113 -0.000200835 0.000204013
744.406 304.672 0.0178424 -0.00806216 0.011604
190.868 123.184 0.0277214 0.0445122 0.0813125
277.485 203.201 0.0657524 -0.00333482 0.0017342
270.508 207.894 0.000651527 0.000504448 0.00110906
869.879 282.78 0.000251916 -0.000889117 0.109413
254.589 396.571 0.00382086 -0.00111586 0.0418044
250.668 397.282 0.00146822 0.000307532 0.0253417
241.137 398.306 0.000235487 0.000738789 0.0176611
399.788 22.9808 0.0145256 0.00124084 0.00737159
29.3934 283.713 0.00335057 0.000918082 0.00633878
517.912 83.1216 0.000507366 -6.347e-005 3.0502e-005
8.71875 78 0.0279999 -0.00946629 0.0187444
44.8659 281.72 0.0142949 -0.00843307 0.0181538
62.4756 283.232 0.0145462 -0.000495888 0.0129939
53.9333 286.167 0.0132302 0.00805314 0.0336743
204.071 310.19 0.0121651 0.01332 0.0322641
785.44 307.714 0.000253255 -0.000121427 0.00551461
3.22222 286.222 0.0202703 -0.00202703 0.0186118
837.65 306.55 0.0110772 -0.00204465 0.0183329
348.701 11.2927 0.000410135 0.000368518 0.00126081
873.5 276.5 0.00031237 0 0.75
303.214 65.7429 0.00849589 0.00648846 0.00867969
203.418 389.765 0.00681385 0.00456638 0.023804
292.459 55.1216 0.0131387 0.00752014 0.00691202
863 255.5 0.00046875 0 0.75
797.864 382.818 0.0180177 -0.00834508 0.00993289
186.625 386.672 0.00959723 0.0061957 0.0174931
877.5 278.5 0.000446163 0 0.75
403.816 380.939 0.00254015 0.00464976 0.0561479
403.413 380.721 0.00180599 0.00186669 0.0250957
403.089 380.387 0.00173791 0.000173235 0.00326252
424.838 67.6818 0.0560101 0.00986855 0.00200568
868 262.5 0.000325521 0 0.75
774.722 387.472 0.0135163 0.00462827 0.0156498
50.7692 6.61538 0.0213124 0.00138204 0.00234087
50.6364 15.7652 0.0246197 -0.000551884 0.000569024
134.157 250.295 0.007856 0.0136903 0.0240373
78.019 103.98 0.011702 -0.000929776 9.01e-005
74.3626 90.303 0.00272963 -0.000311478 5.10068e-005
74.0583 91.3736 0.00253078 -0.000282864 4.66905e-005
155.438 306.609 0.00749918 -0.0107602 0.0341687
60.6691 28.884 0.0181108 -0.00206876 0.000421637
11.9359 98.3974 0.0146834 0.00841072 0.0211944
176.471 338.412 0.0253198 -0.0105923 0.0104413
145.048 297.726 0.00474473 -0.015003 0.0732725
845.694 346.667 0.00798935 0.00351912 0.0245093
496.544 352.819 0.00111116 0.000488091 0.00749719
860.652 252.13 0.000666079 -0.00112485 0.0399535
684.925 292.8 0.0976988 -0.0277692 0.00932008
130.081 90.0349 0.00139768 -0.00994628 0.258968
35.8093 298.739 0.000231106 0.000852664 0.00953651
68.8535 297.81 3.89929e-005 0.000178158 0.00831654
773.972 334.028 0.0132987 -0.015683 0.0452895
893.188 355.104 0.0043911 -0.00358786 0.025407
860.5 264.5 0.000612245 0 0.75
518.921 293.711 0.0130922 -0.00255695 0.0133965
519.022 293.083 0.00310657 -0.0031232 0.00533958
774.351 348.932 0.00665481 0.00377409 0.0131963
863.408 339.566 0.00271519 -0.00377271 0.0211282
718.888 368.594 0.00338942 0.0134349 0.0741408
723.183 367.495 0.00151456 0.00621821 0.0350234
5.625 27.7188 0.0132563 -0.00839033 0.0346638
6.61765 29.1618 0.00708681 -0.00187012 0.0089447
811.975 338.658 0.00291713 0.000242775 0.00585228
567.918 318.724 0.00344268 0.001043 0.0250611
825.67 360.394 0.0104112 -0.00621042 0.0123855
895.632 313.821 0.0197655 -0.0108059 0.00928793
640 182.5 0.00382653 0 0.0833333
563.436 302.085 0.000240329 -4.91655e-005 0.000534076
555.66 298.572 0.000139741 -0.00010043 0.000515062
869.143 257.964 0.000611024 -0.0109844 0.385685
647.217 288.915 0.0129838 -0.00992061 0.0199733
649.466 297.417 0.0022894 -0.000263975 0.000837952
88.1857 241.929 0.0072958 0.0164538 0.0633086
4.28378 273.419 0.0139073 -0.00220883 0.0193306
810.965 382.756 0.0119924 -0.000367941 0.0140255
773.199 329.37 0.00356631 -0.00214132 0.00398168
794.852 348.421 0.00149812 -9.31368e-005 0.00515245
142.634 196.127 0.000711139 -0.00023016 0.00110252
470.721 305.987 0.0169702 -0.0119322 0.00897225
465.448 305.042 0.00113066 -0.000783992 0.001139
458.699 303.344 0.000637102 -0.000514495 0.00104294
737.926 311.372 0.0516301 -0.0665446 0.0884159
785.449 373.962 0.0335386 0.0259553 0.0254445
865.977 372.523 0.0119365 0.00548276 0.0128318
364.916 17.708 0.0444585 0.0816692 0.150601
297.502 308.896 0.000455221 0.000191537 0.000528357
134.098 50.8333 0.00171433 0.000831506 0.00217414
164.056 341.6 0.133771 -0.0575298 0.0249995
133.53 116.198 0.00140204 0.000318562 0.00165627
133.566 118.559 0.000786046 -2.89558e-005 0.000597037
131.981 116.022 0.000761092 -0.000110404 0.000511073
131.564 113.47 0.00070454 -7.20037e-005 0.000326286
607.889 261.071 5.89477e-005 0.000162997 0.000897787
504.914 303.871 0.00472412 -0.00548474 0.0100938
370.846 19.0535 0.0327149 0.0615057 0.11616
318.083 58.875 0.00922815 0.00235751 0.00387054
2.86842 264.237 0.0198913 0.00283444 0.0188813
705.502 296.765 0.00079083 -0.000577462 0.00114112
143.714 517.511 0.00110929 0.00536623 0.0261862
153.129 506.836 5.17873e-005 0.000214413 0.00107186
126.871 32.0346 0.000968098 -0.000178631 0.000446825
126.245 34.1153 0.000814175 -0.000109467 0.000354986
153.699 29.3864 7.02877e-005 6.59922e-005 0.000297976
836.088 357.412 0.00529474 0.00682762 0.0457167
794.232 382.971 0.00365302 0.000772163 0.00361891
293.395 73.6842 0.0147274 -0.00346953 0.0122976
20.8718 270.577 0.00490556 0.00270123 0.0116854
779.298 361.369 0.00248748 -0.000201439 0.00602626
288.333 5.09524 0.0223446 0.00903113 0.00978881
272.691 164.564 0.0116809 0.00713355 0.0082179
806.621 353.591 0.0176343 0.0111663 0.0133688
539.222 321.576 0.0499558 -0.0485497 0.0488095
518.574 309.076 0.00160784 -0.0022137 0.00362546
813.62 355.76 0.0363359 0.00504803 0.00415898
288.347 354.693 0.00033049 0.000179144 0.00250547
250.678 479.529 0.00100489 0.00272907 0.00910494
330.298 317.759 0.00302886 0.000144259 0.000450358
330.521 316.864 0.00249523 4.96162e-005 0.000361677
522.115 331.131 0.00960153 -0.0064855 0.0174621
254.823 158.468 0.0174278 0.00284036 0.0127605
834.611 314.611 0.0130117 -0.00121146 0.0120456
42 12.0484 0.0396236 -0.00490946 0.00165431
327.645 47.1377 0.0180077 -0.00245988 0.00294698
264.462 26.9038 0.0261208 0.00110952 0.00324327
301.477 57.4767 0.0140062 0.000792244 0.0126883
101.506 224.562 0.0055944 0.00238843 0.00289309
97.2079 228.846 0.00152452 0.00151694 0.00223242
258.756 68.141 0.0118508 0.00670352 0.00605259
895.824 347.257 0.0190645 -0.00226661 0.0175406
846.221 422.92 0.000435411 -0.00224851 0.0145104
836.193 422.094 0.000295781 -0.00140211 0.00818651
842.33 420.799 9.29711e-005 -0.000326748 0.00245429
325.435 479.348 0.0902529 -0.0265701 0.0103446
320.929 475.759 0.00524824 -0.00315005 0.00371563
312.541 42.2143 0.0188576 0.00174753 0.00485843
269.603 51.2692 0.0458225 -0.00494445 0.00297061
304.757 282.054 0.00100922 -0.00424771 0.0631723
529.245 381.01 0.0111588 0.000137631 0.00168376
308.646 453.28 0.0165721 -0.0210612 0.0461146
311.273 28.5682 0.00739121 0.00492029 0.011547
16.6111 155.373 0.00663843 -0.00329539 0.0131412
654.69 333.452 0.00974039 -0.00464252 0.0145133
572.267 357.035 0.0329617 -0.00270655 0.00508842
571.082 356.867 0.0142073 -0.00115454 0.00529701
570.295 357.244 0.00461728 -0.000599144 0.004023
841.556 385.889 0.0300878 0.00623121 0.00728161
283.476 45.7439 0.00313639 0.000363878 0.00290755
694.25 274.386 0.000787253 -0.000427895 0.171056
163.673 520.382 0.00118077 0.00554811 0.0262574
623.174 182.523 0.00363482 -0.000817785 0.0827237
710.135 501.308 0.00287014 -0.00147853 0.0164311
709.833 501.085 0.00202545 -0.00237553 0.0132749
707.949 500.578 0.00143893 -0.00196081 0.010782
51.3049 27.0366 0.0715504 0.0033425 0.002895
705.377 355.525 0.0245498 -0.00308805 0.003826
498.205 383.605 0.000384729 0.000295393 0.00232851
501.558 382.382 0.000283891 0.000265622 0.00214841
499.207 383.183 0.000180277 0.000226502 0.00176845
94.2458 372.686 0.00188559 0.0184366 0.194294
64.9826 375.276 0.000595752 0.00614774 0.0685393
272.99 11.8673 0.0101984 0.00563866 0.0177378
133.643 226.095 0.00635747 -0.00286086 0.0312466
692.697 362.926 0.00751867 0.00127519 0.0145489
284.296 79.8061 0.00997908 -0.00318522 0.0125086
668.135 489.879 0.000768861 -0.00270238 0.0102078
886.182 422.348 0.0029886 -0.0103437 0.0747206
253.573 121.963 0.0371516 0.00692568 0.00646144
693.62 324.7 0.00580798 -0.00311527 0.0322582
696.722 327.744 0.00182589 -0.000544576 0.00818527
293.377 24.0185 0.00641581 0.00429649 0.00548547
645.542 128.813 0.0355693 0.00210306 0.00678638
49.0574 199.795 0.0192275 0.00366668 0.00567787
374.339 424.753 0.00819799 -0.00473154 0.00975889
375.18 424.547 0.00509404 -0.002618 0.00763288
376.61 424.567 0.00320594 -0.00162437 0.00708131
866.389 363.417 0.0112434 0.00581397 0.0186586
497.542 366.146 0.00419183 0.00372417 0.0621562
696.049 169.654 0.000901337 7.88588e-006 0.000165926
639.243 173.1 0.0165546 0.00486842 0.00484267
637.672 171.027 0.00858606 -3.6943e-005 0.00380681
344.079 278.774 0.00253909 -0.00756205 0.0398422
633.084 332.842 0.0206568 -0.00557232 0.00230062
319.652 8.56522 0.0249071 0.0215643 0.0272104
273.929 297.929 0.0129288 0.00962927 0.0221779
496.974 308.781 0.0318517 -0.0276379 0.0282725
262.239 349.413 0.00720612 -0.00386151 0.0265404
403.263 281.975 0.00306111 0.00620718 0.0613447
396.004 283.435 0.00148475 0.00709214 0.0505985
261.413 534.913 0.0120605 0.0364638 0.112021
722.794 352.603 0.00119201 0.000464296 0.00369684
721.921 352.658 0.000551787 0.000490427 0.00324009
25 378.95 0.00455663 0.0200473 0.126524
208.095 328.405 0.00712348 0.00650969 0.0121113
209.293 330.126 0.00223857 0.000686285 0.00517785
673.421 501.763 0.00670396 -0.00343055 0.0550842
624.76 170.635 0.00964595 -0.00103572 0.00349104
265.368 155.026 0.00838368 -0.0121566 0.0398985
197.574 349.315 0.051376 -0.0383687 0.0309156
36.9792 185.813 0.00956404 -0.00724154 0.0191
285.778 375.556 0.0182231 -0.00883311 0.0214717
773.181 403.246 0.000815735 -0.00140618 0.030645
151.062 562.867 0.00128314 0.00523953 0.0215317
559.389 340.122 0.007774 0.0036382 0.0291879
107.288 438.045 0.0138565 0.00540821 0.0112397
91.3727 440.009 0.0128644 -0.00789394 0.0196398
467.52 384.949 0.00836584 -0.000896898 0.00714926
714.41 239.847 0.0164088 -0.000466535 0.0001651
590.447 409.263 0.0168446 -0.00744766 0.0177715
592.757 413.867 0.00407968 -0.000442522 0.00131797
318.385 446.269 0.0706869 -0.0172187 0.00589097
318.574 442.093 0.00557428 -0.00144789 0.00154054
320.403 445.684 0.00441525 -0.00209208 0.00168406
317.461 463.513 0.00121032 -0.000120645 0.000202862
614.614 173.864 0.0135753 0.0060096 0.00807538
544.918 243.943 0.0124788 -0.00192712 0.00679366
699.308 338.385 0.00416307 0.0101716 0.0715202
698.242 339.006 0.00217193 0.00314775 0.0324213
538.125 403.25 0.0069575 -0.000168871 0.0291303
539.647 402.627 0.00317924 0.00240279 0.016376
31.939 175.207 0.00748483 0.000812055 0.00498862
33.8128 179.302 0.00315583 -0.000333474 0.00176645
39.1449 190.426 0.00153005 -0.000586276 0.000543748
27.8696 204.283 0.00836037 0.00393714 0.0106285
226.122 257.278 0.00229555 0.00623574 0.119109
639.583 353.611 0.0215921 0.00503874 0.0174148
574.343 394.114 0.00642749 -0.00153371 0.00760522
557.009 399.652 0.000479547 0.00109168 0.00500412
548.258 401.768 0.000373381 0.000994038 0.00413889
459.099 204.086 0.00259885 0.000653158 0.00584541
99.5068 479.031 9.9234e-005 0.000128672 0.000853526
99.2007 478.853 9.69025e-005 0.000132187 0.000882523
469.654 393.987 0.00901144 0.00251418 0.0332042
440.229 155.343 0.00657244 0.000552936 0.0153918
425.263 219.002 0.00240372 -0.000208275 0.00373669
20.228 231.872 0.00150999 0.00155999 0.00623184
18.1382 234.733 0.000911683 0.000945573 0.00277127
19.3221 235.691 0.000690087 0.000540347 0.00177921
671.388 8.77128 0.000532828 -8.67609e-005 0.00176268
408.003 178.22 0.00353108 0.000341096 0.00591113
550.962 347.525 0.00274497 -0.00203268 0.015569
672.353 352.941 0.0213477 -0.00416941 0.0236109
670.868 355.718 0.0031124 0.00115181 0.00429608
668.731 361.372 0.0115446 0.0013507 0.0323963
586.614 367.75 0.0100617 -0.0213478 0.0733789
588.605 368.953 0.00584251 -0.0111624 0.0336408
226.194 263.694 0.00186316 0.00522208 0.0828054
551.709 390.663 0.00701392 0.00717605 0.038076
650.75 353.667 0.0179561 -0.0119953 0.0264559
110.936 480.244 0.025755 0.000904154 0.0152011
124.775 470.95 0.0262365 0.000285444 0.0139514
8.95902 207.702 0.00278489 -0.0014799 0.00369173
404.245 299.494 0.000598648 0.000228524 0.00361338
71.6556 265.344 0.00914418 0.000278271 0.0294091
500.423 409.577 0.0264295 -0.0127481 0.0175381
58.6607 266 0.00508335 0.00185674 0.0347691
67.2333 272.567 0.00704499 0.00185903 0.0372313
214.931 463.456 0.00246464 0.000731211 0.00391871
645.368 372.974 0.00195957 -0.00734329 0.215409
637.151 391.86 0.00108795 -0.011911 0.16964
647.266 142.543 0.00813296 0.000893814 0.030751
456.202 391.032 0.060318 -0.0143711 0.00477916
