1.0
929
396.674 98.3261 0.00841194 0.00328033 0.0310899
396.577 98.8205 0.00677482 0.000224861 0.0116288
397.284 99.6351 0.00436012 0.000406842 0.00679819
636.961 117.353 0.00897014 -0.00262582 0.00228966
399.461 129.618 0.00478146 -0.00258917 0.031041
400.515 126.583 0.00196794 0.000220844 0.00518551
315.217 136.443 0.00101452 -0.000676316 0.00827726
787.852 173.886 0.0082758 -0.000732506 0.00098505
788.629 173.122 0.00389475 0.000166203 0.000773712
778.48 176.88 0.118127 -0.00665091 0.00151417
775.93 175.751 0.00922744 -0.000990836 0.00118628
777.352 179.349 0.0031006 -0.000958761 0.000918849
783.881 177.437 0.000922476 4.28277e-005 0.000544261
773.5 173.278 0.0743544 -0.00550697 0.0018201
405.125 183.156 0.0600118 -0.00685127 0.00996132
412.838 183.81 0.0101002 -0.00298962 0.00560015
395.662 190.392 0.0773986 -0.00545984 0.00553949
421.306 188.597 0.0606226 -0.0149522 0.0124432
412.239 199.522 0.0748564 -0.0111498 0.00480349
681.184 195.675 0.0222412 0.00271808 0.00390541
680.2 188.932 0.0109339 -0.000801241 0.0010991
469.548 197.524 0.015915 -0.00362572 0.00561199
459.194 201.969 0.0189286 -0.00170932 0.00546855
458.878 204.665 0.00995902 -0.00114556 0.00162639
406.719 197.344 0.0776898 -0.00685894 0.00712264
435.278 198.528 0.0616679 -0.0120811 0.00822654
549.784 192.125 0.0197589 -0.00119812 0.00235107
388.739 219.5 0.0178297 -0.00170666 0.00447334
356.5 226 0.107143 0 0.00360577
356.366 245.357 0.0120111 -0.00125038 0.000320508
792.543 226.486 0.0193672 0.0013651 0.00256404
794.59 229.25 0.00842865 -0.000908486 0.00151089
277.665 230.49 0.0172929 -0.000211008 0.00186551
352.136 225.652 0.0794242 -0.00897178 0.00511391
109.856 232.314 0.0209084 -0.00396029 0.00463225
205.041 231.203 0.0185997 0.00976834 0.0210991
601.818 235.318 0.00414698 -0.00309052 0.0140447
188.654 235.558 0.00621539 0.00986414 0.0420433
194.053 234.777 0.00125089 0.000673125 0.00248535
192.159 237.848 0.00153387 0.000826509 0.00118932
183.75 243.117 0.000658425 0.000685451 0.00125585
414.25 235.986 0.0120672 -0.000620045 0.00183475
423.669 234.981 0.0116275 -0.00206182 0.00193645
185.557 250.129 0.0148401 -0.000463394 0.00537483
163.737 254.169 0.00477542 0.00162644 0.00453625
364.053 242.138 0.0925501 -0.0119067 0.00376266
367.126 254.198 0.0138779 -0.00147299 0.000538988
416.478 258.754 0.010744 -0.000121475 0.00179607
412.073 259.963 0.00230413 0.000140604 0.00167039
268.865 245.135 0.0118081 -0.0014767 0.00113171
273.404 240.595 0.00192011 -0.000103776 0.00042976
680.529 266.586 0.110274 -0.000953973 0.00320794
690.5 258 0.107143 0 0.00360577
689.735 259.352 0.0357598 -0.00351011 0.00198557
688.353 259.964 0.00990798 -0.000842977 0.0012498
541.219 257.469 0.00704146 -0.00135879 0.067749
593.687 272.428 0.000421233 0.000674017 0.00281433
309.6 268.7 0.00480059 0.006386 0.0517975
305.85 278.23 0.000488354 0.000167326 0.000963701
310.871 277.66 0.000236885 0.000156896 0.00110594
311.359 293.603 0.000276986 3.97157e-005 0.000189682
318.872 285.175 0.000187935 8.57579e-005 0.000129698
327.245 282.676 8.6075e-005 4.221e-005 0.000113875
463.5 268.5 0.00899069 0.00801456 0.0371444
341.568 274.932 0.00350954 0.000221266 0.00757967
124.789 275.368 0.00909639 0.0034107 0.0100912
140 276 0.046875 0 0.0117188
369.396 267.271 0.0600037 -0.00100282 0.0017544
531.23 271.23 0.00979328 0.00349703 0.0300181
530.784 273.216 0.010993 0.00241893 0.00319067
796.447 264.053 0.00909347 -0.00190429 0.00172469
508.95 275.05 0.0162099 -0.00756939 0.0162099
510.221 279.706 0.0223331 -0.00587499 0.0029259
509.542 283.274 0.0133709 -0.0019287 0.00130186
510.874 281.956 0.000603896 -7.33729e-005 0.000999943
520.362 282.012 0.00971775 -0.000743744 0.00115869
494.929 275.329 0.0147864 0.0101666 0.0318798
494.063 277.387 0.00943259 0.0025424 0.00470891
770.986 277.23 0.0323071 0.00940575 0.0113548
554.978 282.717 0.00711995 -0.00998058 0.0313454
675.772 290.152 0.0134239 -0.00151443 0.0048819
18.5 280 0.157895 -0.0148026 0.00431743
20.7785 284.816 0.0135483 -0.00321766 0.00293961
18.8594 282.068 0.00359098 0.000384779 0.000878802
18.5866 282.82 0.00316477 0.000373079 0.000917945
15.7134 279.96 0.0016492 -0.000513161 0.000899036
13.8057 284.357 0.000870589 3.18169e-005 0.000517886
12.8871 289.371 0.0186893 -0.00543727 0.0277405
533.737 298.5 0.0139398 0.00795105 0.0305863
533.5 303.786 0.0108652 0.00100117 0.00142918
219.856 297.856 0.00490454 0.004145 0.0555275
235.053 312.569 0.00137275 -0.000142105 0.000271718
190.286 303.357 0.00136127 0.00397273 0.070394
498.705 303.909 0.00781834 0.00258731 0.0166333
485.637 305.623 0.0076197 0.00255014 0.0115142
510.611 303.139 0.014789 0.000531878 0.00702181
324.87 310.761 0.00779763 -0.000290879 0.00217462
325.833 307.733 0.00662051 0.000870896 0.00101693
407.69 309.667 0.0095126 -0.00248625 0.0134339
410.479 310.046 0.00387297 -0.00109306 0.00826323
214.781 313.375 0.0259774 0.00549468 0.007488
217.865 326.637 0.0101028 -0.00126643 0.000788169
218.981 334.595 0.00930395 -0.00107726 0.000394479
388.348 312.652 0.0132916 -0.00337886 0.0179055
170.75 326 0.0975 -0.0084375 0.00433594
173.211 325.795 0.00997375 -0.000728878 0.00118
27.6923 330.5 0.0231507 9.94779e-005 0.00232795
27.402 331.343 0.0132059 -0.000948398 0.00143165
431.722 332 0.0344974 -8.70451e-020 0.0127841
414.731 333.141 0.024978 -0.00304379 0.0143615
1.26744 337.36 0.101406 -0.00277501 0.00274014
185.529 343.271 0.0132987 0.00468771 0.0085511
187.526 351.156 0.0103955 -0.00074439 0.00145028
182.49 343.62 0.00209364 0.000127601 0.000295471
163.682 345.045 0.00853482 5.97886e-005 0.0529777
360.412 342.676 0.00361196 0.0097354 0.108686
365.343 345.572 0.00141228 0.000753026 0.00418359
295.779 348.221 0.0225753 -0.00174795 0.0136925
303.91 347.192 0.0237896 0.00277475 0.0152266
2.64063 362.195 0.0251675 -0.00157202 0.00128658
11.0588 360.324 0.0148033 -0.00133843 0.00139212
19.9177 359.589 0.0274613 -9.9272e-007 0.00235011
20.6503 358.408 0.0170887 -0.00146985 0.00141945
207.246 346.517 0.0607507 -0.00345718 0.00146658
209.228 348.592 0.011296 -0.00116944 0.00138276
75.5 364 0.00925926 0 0.0117188
147.215 367.043 0.000978974 -0.000146294 0.000306165
89.8182 372.136 0.00349025 0.000530094 0.0120449
528.843 373.186 0.0344521 0.00539822 0.00362729
591.368 379.132 0.00313391 -0.00106204 0.00760057
60.5676 384.838 0.0174538 0.00339337 0.00252261
523.16 384.575 0.0309424 -0.00290029 0.0024683
367.8 382.967 0.00253861 -0.00305361 0.137921
430.929 399.036 0.0732755 -0.00699342 0.00284869
430.908 400.918 0.0292243 -0.00411404 0.00225907
370.336 413.397 0.00382199 -0.000499036 0.000645585
366.054 404.658 0.000872146 -2.92524e-005 0.000300481
372.254 407.233 0.000349872 -2.25348e-005 0.000256081
68.3529 403.794 0.00911864 0.00185905 0.0113387
355 412 0.1875 0 0.00130208
753.5 405.5 0.0833333 0 0.00619835
754.484 404.135 0.0233438 0.00366867 0.00410525
153.5 412 0.00207756 0 0.0117188
226.65 407.483 0.0091879 0.0033419 0.0103179
182.816 412 0.0108261 0 0.0294421
96.1187 408.291 0.00620793 0.00423242 0.00584398
309.639 416.5 0.0198027 -0.000807745 0.00118266
246.3 416.8 0.104376 -0.00484218 0.00324493
245.15 416.35 0.0204323 -0.00365564 0.00225207
394.643 418.429 0.0271622 -0.000675314 0.00204181
390.071 412.144 0.00367215 -0.000313749 0.000845146
54.3974 419.284 0.00265472 0.00150959 0.00233813
215.364 424.818 0.0564705 -0.012673 0.00629358
207.443 429.329 0.010735 0.00499856 0.0186658
171.402 432.085 0.0140664 -0.0056106 0.0163666
250.014 452.614 0.0270204 -0.00689686 0.00803802
459.984 454.129 0.0122377 -4.07335e-005 0.00605828
777.7 458.4 0.0517975 -0.006386 0.00480059
424.037 453.13 0.00148384 -0.000243591 0.00039823
429.041 452.127 0.000644063 -1.97692e-005 0.000404484
669.7 481.614 0.00622955 -0.00253331 0.0684218
300 489 0.00146944 0.00528997 0.0940439
696 494.5 0.00292969 0 0.0833333
340 499 0.0117188 0 0.046875
756.136 511.985 0.0108395 0.000550095 0.0480015
597.25 526.75 0.0179091 0.0058055 0.00777585
392 561.5 0.00292969 0 0.0833333
690.344 564.656 0.00822385 0.00972213 0.0381115
676 572 0.046875 0 0.0117188
764 580 0.0117188 0 0.046875
683.06 597.32 0.00199495 -0.0013341 0.0073018
217.259 602.319 0.000372217 9.26687e-005 0.000894588
781.1 613.6 0.00695782 0.00108306 0.0056963
772 622 0.0117188 0 0.046875
236.138 629.633 0.000424689 0.000681256 0.00235304
625.348 629.712 0.0956289 0.00569102 0.0054659
789.081 631.662 0.00185497 -0.0010961 0.003859
580 220 0.0117188 0 0.0117188
640 228 0.00292969 0 0.0117188
652 240 0.0117188 0 0.00292969
588 252 0.0117188 0 0.0117188
644 252 0.0117188 0 0.0117188
652 268 0.0117188 0 0.0117188
632 284 0.00292969 0 0.0117188
608 292 0.000732422 0 0.0117188
124 316 0.0117188 0 0.0117188
140 316 0.0117188 0 0.0117188
149.345 325.869 0.0106426 -0.00527406 0.00620813
644 324 0.0117188 0 0.0117188
596 332 0.0117188 0 0.0117188
576 340 0.00292969 0 0.0117188
92 356 0.0117188 0 0.0117188
604 372 0.0117188 0 0.0117188
126.667 390.667 0.00368304 0.00133929 0.00368304
68 436 0.0117188 0 0.0117188
65.7788 435.529 0.0054387 -0.000867421 0.00822715
605.714 462.357 0.00465883 -0.00232905 0.00696361
764 460 0.0117188 0 0.0117188
524 508 0.0117188 0 0.0117188
540 516 0.0117188 0 0.0117188
612 516 0.0117188 0 0.0117188
700 516 0.0117188 0 0.0117188
732 524 0.0117188 0 0.0117188
612 532 0.0117188 0 0.0117188
724 540 0.0117188 0 0.0117188
324.727 556.14 0.00539065 0.0011195 0.0115678
732 564 0.0117188 0 0.0117188
284 580 0.0117188 0 0.0117188
268 588 0.0117188 0 0.0117188
172 596 0.0117188 0 0.0117188
276 596 0.0117188 0 0.0117188
636 604 0.0117188 0 0.0117188
652 612 0.0117188 0 0.0117188
376 636 0.00292969 0 0.0117188
96.3929 211.377 7.99624e-005 0.000424567 0.00307331
410.957 212.814 0.0234665 -0.00129365 0.0173693
405.7 263.2 0.104376 -0.00484218 0.00324493
406.824 263.471 0.0154623 -0.000611391 0.00311435
566.667 417.667 0.00368304 0.00535714 0.0589286
190.786 448.571 0.0568762 -0.00265226 0.00309891
193.967 441.699 0.00671401 0.00136188 0.00120145
759.156 506.563 0.0124429 -0.0202847 0.0518408
713.227 596.636 0.00822513 -0.00598772 0.00986427
729.175 608.825 0.00625551 -0.0114707 0.0557039
701.69 624.618 0.00259897 -0.00262724 0.00495243
421 232 0.1875 0 0.00292969
735.125 394.083 0.00312624 0.0088936 0.0696357
719.354 407 0.0236166 -0.00172028 0.00552099
377.287 539.279 0.00303463 -0.00312566 0.0135909
725.9 622.414 0.0224782 -3.219e-005 0.0156631
796.757 599.471 0.0147838 -0.00874322 0.0266404
718.167 624.833 0.015472 -0.0134228 0.021258
229.896 143.313 0.00924886 0.00367779 0.00373864
226.914 147.921 0.00246363 0.00129238 0.00192817
265.415 144.501 9.79729e-005 0.000313202 0.00271848
403.942 238.397 0.0119431 -0.000646518 0.00192623
402.307 225.177 0.0126163 -0.00138386 0.000458935
410.235 229.483 0.000950305 -0.000357697 0.000522362
296 499.5 0.00431743 0.0148026 0.157895
363.5 219.333 0.012311 -0.00114118 0.00168584
395.9 264.8 0.0865042 -0.0120392 0.00469586
394.538 265.269 0.0160196 -0.000839847 0.00268724
525 312 0.1875 0 0.00292969
522.903 310.045 0.0130549 -0.000530625 0.00112751
517.79 310.542 0.00173626 -0.000103368 0.00100545
397.35 309.467 0.00738568 0.000348574 0.00918665
196.833 323.37 0.00561627 0.000361592 0.0012327
721.5 226.857 0.0724656 0.00318823 0.00412272
783.422 229.357 0.0178246 -0.00374424 0.00244609
782.064 231.527 0.00856654 -0.000787062 0.00137118
787.978 230.653 0.00130711 0.00015613 0.00106156
242.67 369.557 0.0373358 -0.00471142 0.00531826
312.398 343.296 0.0229156 0.000887749 0.00497357
302.156 342.118 0.00104683 -4.89541e-005 0.00257922
264 503 0.00292969 0 0.1875
361.145 265.177 0.205152 -0.00294161 0.00173084
512.525 310.031 0.0131476 -0.00246437 0.00176008
445.043 451.944 0.00746343 0.000259872 0.0113409
399.5 212 0.117905 0.0064312 0.00184227
400.919 212.301 0.0148094 -0.000987087 0.00149173
333.5 312 0.157895 -0.0148026 0.00431743
667.735 181 0.0101698 0 0.0490385
209.333 187 0.00319602 0 0.0625
209.231 186.339 0.00326634 0.00113395 0.0132438
208.52 185.716 0.00300256 0.000291067 0.00694455
364 227 0.0117188 0 0.046875
514.857 260.786 0.00135946 -0.00348537 0.117986
172 317 0.0117188 0 0.046875
324.265 323 0.0101698 0 0.0490385
172 413 0.0117188 0 0.046875
388 427 0.0117188 0 0.046875
636.728 90.1599 0.0148434 0.00162629 0.000903956
637.349 99.7954 0.00646518 0.000199145 0.00029827
434.763 211.211 0.0442008 -0.00560226 0.00865367
434.243 213.138 0.010528 -0.000927007 0.00451875
434.083 208.025 0.00736493 -0.000705535 0.001148
436.305 217.23 0.00359073 -0.000491704 0.000488295
357.012 264.695 0.107336 -0.009872 0.00248018
359.043 266.114 0.0146191 -0.00114269 0.00201839
292.5 320 0.0833333 0 0.00292969
310.786 316 0.10905 8.25479e-020 0.00149148
19.75 338 0.0975 0.0084375 0.00433594
17.6026 332.564 0.0150981 -0.0016336 0.00151048
22.5617 331.149 0.00232404 -9.17079e-005 0.00115054
23.9877 343.744 0.00220255 -0.00016973 0.000287468
16.976 345.917 0.000667837 3.40471e-005 0.000250264
195.7 351.2 0.104376 -0.00484218 0.00324493
211.075 409.038 0.0016183 0.0011772 0.0165522
488 545 0.00292969 0 0.1875
532.5 312 0.157895 -0.0148026 0.00431743
790.514 561.957 0.00382337 0.000948175 0.00161823
436 227.5 0.0117188 0 0.00925926
436.889 230.667 0.00586419 -0.00123254 0.00302999
779.538 594.769 0.00160327 0.00180261 0.00320488
758 636 0.000578704 0 0.0117188
370.983 372.5 0.000865841 -0.0013098 0.0635961
363.161 376.262 0.000462138 0.000917501 0.00446231
748 412 0.046875 0 0.0117188
708 612 0.0117188 0 0.046875
790.667 404 0.00319602 0 0.015625
604 444 0.0117188 0 0.046875
796 619 0.0117187 0 0.0075
620 126 0.0117188 0 0.046875
300.155 314.759 0.0107582 0.000173858 0.000965893
220 338 0.0117188 0 0.046875
399.556 480.722 0.000860847 -0.00267529 0.0390425
420.203 206.302 0.0144843 -0.000407178 0.00296611
420.751 209.871 0.0124086 -0.000942992 0.00157294
412 220 0.0117188 0 0.046875
411.192 216.397 0.0122612 -0.00255457 0.00341058
516 604 0.0117188 0 0.0117188
519.97 600.03 0.00298827 3.16369e-005 0.00298827
772 300 0.0117188 0 0.0117188
748 308 0.0117188 0 0.0117188
652 368 0.0117188 0 0.00292969
716 372 0.0117188 0 0.0117188
755.792 423.682 0.000367529 7.86263e-005 0.000704973
188 532 0.0117188 0 0.0117188
748 388 0.0117188 0 0.0117188
248 532 0.00292969 0 0.0117188
273.333 141 0.00319602 0 0.0625
193.214 411.357 0.0105627 0.00531954 0.0268407
180 524 0.0117188 0 0.0117188
750.667 122 0.00319602 0 0.0625
724.439 119.781 7.01838e-005 0.00029215 0.00216892
704.213 116.273 2.27605e-005 -1.70745e-006 0.000391506
287.2 146.3 0.00324493 0.00484218 0.104376
391.026 240.244 0.025835 -0.00255689 0.0027335
390.139 231.254 0.0144971 -0.00136404 0.000646283
390.651 245.323 0.00428236 -0.000306724 0.000227205
407.472 238.058 0.000323643 -1.97604e-005 0.000145042
426.673 258.485 0.0123429 -0.00253136 0.00202203
6.78571 334.25 0.0385939 -0.00533642 0.00243594
8.26243 333.312 0.0124062 -0.00127889 0.00135816
7.06452 349.16 0.00354641 -8.81427e-005 0.000269486
10.6765 335.618 0.191992 -0.0148855 0.00262127
211.786 348 0.0967707 -0.0105568 0.00264313
175.909 352.628 0.0123255 -0.000704989 0.00117309
29.6087 356.717 0.0455276 0.00274575 0.00349445
29.9113 357.181 0.0173697 -0.00156071 0.00154789
643 92 0.046875 0 0.0117188
389.9 205.8 0.073152 -0.0173255 0.0115795
175.071 250.738 0.0201718 0.00100987 0.00671662
239.1 378.4 0.207676 -0.00484218 0.00163087
241.857 384.571 0.00909656 -0.00226784 0.00215602
534.667 577.333 0.00368304 -0.00133929 0.00368304
532 612 0.0117188 0 0.0117188
684 364 0.0117188 0 0.0117188
572 548 0.0117188 0 0.0117188
88 596 0.00292969 0 0.0117188
540 596 0.0117188 0 0.0117188
66.6667 612 0.00175781 0 0.00130208
512.8 626.4 0.00324493 -0.000605273 0.00163087
48 636 0.00292969 0 0.0117188
68 636 0.0117188 0 0.0117188
347.946 635.931 0.0115146 -0.000494154 0.0112636
452 636 0.0117188 0 0.0117188
3.47727 291.136 0.0131804 0.00161137 0.0207426
280.123 252.184 0.0123641 -0.00234554 0.00342597
337.968 405.935 0.0111485 -0.0058504 0.0125119
343.013 383.654 0.010605 0.00453969 0.0212385
183.722 331.1 0.01861 -0.00190621 0.00370846
184.47 324.293 0.0116879 -0.000838512 0.00112152
46.5476 307.563 0.00231805 0.0107588 0.0905297
429.929 201.271 0.0597047 0.00770623 0.00850957
384.422 256.969 0.0942408 -0.0123392 0.0025486
552.267 105.967 0.000817036 0.00362126 0.0568406
124.921 231.605 0.0288605 0.0149151 0.0125086
436 235 0.0117188 0 0.046875
392.25 266 0.0975 -0.0084375 0.00433594
482.75 276.75 0.00732043 -0.00182 0.0170271
481.583 276.583 0.00507623 -0.000650964 0.00576889
470.036 210.471 0.0101966 -0.00311648 0.00425537
469.924 205.017 0.0102195 -0.000776937 0.00126458
462.45 206.207 0.00109943 0.00013273 0.000937547
729.741 134.093 0.00264414 0.0163855 0.147435
249.587 252.674 0.00329066 0.00479798 0.0312692
523 102.625 0.000706953 0.00288955 0.0642123
200.25 354 0.0975 -0.0084375 0.00433594
199.325 347.562 0.0165289 -0.0031658 0.0019198
220.167 350.667 0.0141026 -0.000641026 0.00322516
310.1 442.4 0.0569719 0.00234131 0.00410949
270.638 451.293 0.00400329 0.000236291 0.00569264
483.762 112.452 0.0100746 -0.00112345 0.0308613
60.6622 229.851 0.00339093 0.0213971 0.20013
603.965 95.5588 0.000736045 0.00131283 0.00563761
553.075 101.295 0.00014208 0.00066152 0.00416687
696.8 140.1 0.00469586 0.0120392 0.0865042
700.889 140.222 0.00104183 0.000620665 0.0157573
184.059 261.853 0.00356081 0.00704439 0.107971
246.645 159.318 0.00371134 0.0188609 0.122138
265.19 156.607 0.00150662 0.00886911 0.0605831
537.514 116.273 0.00130277 0.00784468 0.0611701
338 190.75 0.00433594 0.0084375 0.0975
335.92 180.67 0.000408008 -0.000302463 0.0010346
272 211 0.00360577 0.00721154 0.0769231
288 153 0.00292969 0 0.1875
263.111 177.056 0.00128059 0.00111249 0.00743404
533.6 214.7 0.0028521 0.0156053 0.182535
488 123.5 0.00431743 0.0148026 0.157895
216 163.5 0.00431743 0.0148026 0.157895
757.778 213.944 0.00120473 0.00250334 0.0427713
756.56 215.66 0.000528875 -0.000201887 0.00310844
20 269 0.0117188 0 0.046875
792 124.5 0.00431743 0.0148026 0.157895
771.339 127.5 0.00261496 0.0163152 0.112485
302.395 334.632 0.00330675 0.0152579 0.171429
345.667 302.667 0.0589286 0.00535714 0.00368304
338.1 309.6 0.0569719 -0.00234131 0.00410949
14.9556 377.989 0.00140415 0.00348059 0.0493918
18.72 378.58 0.00095842 0.00192897 0.0162907
20.5581 383.453 0.000475004 0.000158079 0.00241319
480 453 0.00360577 0.00721154 0.0769231
402 81.25 0.00433594 -0.0084375 0.0975
498.357 220.286 0.00294071 0.00292974 0.0372005
756 130 0.00319602 0.0170455 0.153409
21.1667 234.9 0.00299585 0.0195998 0.155129
583.556 108.722 0.00237504 0.0126885 0.102284
336 133 0.00360577 0.00721154 0.0769231
232 206 0.00292969 0 0.1875
237.6 204.9 0.00115823 0.00626185 0.0623928
181.714 213.429 0.0011739 0.00696906 0.0656145
272 155.5 0.00431743 0.0148026 0.157895
389.6 322.9 0.00163087 -0.00484218 0.207676
461.315 115.949 0.000944876 0.000104946 0.0117608
672.8 142.7 0.00324493 0.00484218 0.104376
167.294 293.324 0.00177096 0.000475765 0.00761615
564.25 119.444 0.00723868 0.00120772 0.0216528
509.6 166.7 0.0028521 0.0156053 0.182535
16 399 0.000732422 0 0.1875
528 163.5 0.00431743 0.0148026 0.157895
133.6 221.3 0.00480059 -0.006386 0.0517975
408 276.5 0.00292969 0 0.0833333
407.596 348.725 0.000549696 -0.00101294 0.0209868
372 112.672 0.00261275 0.00247473 0.00569705
315.044 149.345 0.00170473 0.00798565 0.0627428
485.567 211.467 0.00373021 -0.00129561 0.00715921
326.75 261.25 0.00777585 0.0058055 0.0179091
449.333 262.333 0.00368304 0.00535714 0.0589286
328.514 360.948 0.00288524 0.000642606 0.00360224
300 196 0.00246711 0.00740132 0.0690789
212 201 0.00130208 0 0.1875
287.429 364.357 0.00172375 0.00291245 0.0637209
444 372 0.0117188 0 0.046875
485.143 170.357 0.00198665 0.00823904 0.092969
704 156 0.00292969 0 0.0117188
724 156 0.0117188 0 0.0117188
716 164 0.0117188 0 0.0117188
244 180 0.0117188 0 0.0117188
220 240 0.0117188 0 0.00292969
420 284 0.0117188 0 0.0117188
208 284.5 0.00431743 0.0148026 0.157895
332 340 0.0117188 0 0.0117188
388 444 0.0117188 0 0.0117188
496.8 241.7 0.00324493 0.00484218 0.104376
452 338 0.00319602 0.0170455 0.153409
286.1 231.2 0.0865042 -0.0120392 0.00469586
372 140 0.0117188 0 0.0117188
468 140 0.0117188 0 0.0117188
396 148 0.0117188 0 0.0117188
428 156 0.0117188 0 0.0117188
380 172 0.0117188 0 0.0117188
516 192 0.0117188 0 0.00292969
260 388 0.0117188 0 0.0117188
416 396 0.00292969 0 0.0117188
26 238.5 0.00360577 0 0.107143
792 250 0.00292969 0 0.1875
4 252 0.0117188 0 0.0117188
628.421 89.3947 0.0976599 -0.00377371 0.00234745
630.384 77.0915 0.0299188 0.00502653 0.00128426
553.727 110.5 0.00294003 0.0134658 0.124653
515.192 116.141 0.00427802 0.0164134 0.134194
478 122.25 0.00433594 0.0084375 0.0975
513.37 116.191 0.000432686 0.00264556 0.0196943
772.02 123.98 0.00289719 0.0118449 0.0953162
776.68 123.658 0.00117869 0.00668531 0.0567179
735.984 129.941 0.00109012 0.00786649 0.0999256
706.072 134.404 0.00135823 0.00883343 0.0604849
723.964 131.66 0.00101256 0.00652879 0.043351
665 140.5 0.00223916 0.0113136 0.0966373
514.667 162.583 0.00162127 0.00937007 0.0883745
670.011 170.107 0.00281359 -0.000515484 0.00282622
798.952 179.048 0.123253 0.00937881 0.00318415
795.827 178.567 0.00325372 0.000940269 0.00100942
660 187.5 0.0213926 0 0.0178822
336 188.5 0.00431743 0.0148026 0.157895
124 196 0.0241935 0 0.0241935
425.088 196.191 0.00625936 -0.000238029 0.00533366
394.5 204.577 0.0180143 0.00126482 0.00152939
166.667 212.056 0.00187027 0.00909091 0.0954545
186.821 208 0.000282721 0.00138955 0.00919113
138.857 215.929 0.00200169 0.00908137 0.110672
119.528 218.861 0.0072957 0.00447947 0.0572224
467.808 220 0.00353107 0.0152081 0.113767
99.7553 221.755 0.00516577 0.00732 0.0571088
418.605 231.289 0.117867 -0.0128551 0.00277368
101.25 228.625 0.0104273 -0.00404595 0.0129486
454 227.25 0.00433594 0.0084375 0.0975
42.2561 229.402 0.00244225 0.0100734 0.152834
42.6878 229.439 0.00127584 0.00849948 0.0619642
18.3889 232.789 0.0016336 0.00651062 0.122949
125.543 243.729 0.0139148 -0.000646736 0.00223278
535.818 238.386 0.00294023 0.00376958 0.073414
686.194 242.561 0.00568914 0.00678385 0.0469043
173.908 242.755 0.0021792 0.00560389 0.0341185
405.153 249.051 0.0040366 0.0124308 0.0730011
184.094 258.594 0.0043323 0.0136155 0.121576
267.393 262.079 0.000971314 0.00137301 0.00613387
154.7 262.731 0.00235374 0.00688636 0.0716008
517.72 266.212 0.00273328 0.00734962 0.0570033
516.044 281.664 0.000225904 -6.16736e-005 0.000171627
14.0946 275.338 0.0490563 0.00274187 0.00852852
408.8 272.65 0.0033163 0.00458079 0.0834086
404.174 267.391 0.00408569 -0.00227879 0.00302373
517.02 289.14 0.00336647 -0.000944712 0.00116421
194.935 283.823 0.000734152 0.00536467 0.0536576
40.3515 259.995 0.000192703 3.14473e-005 0.000184836
546.122 291.338 0.0120981 0.00314188 0.0188668
191.2 307.9 0.00469586 0.0120392 0.0865042
194.222 307.944 0.00127343 0.005674 0.0765475
185.262 311.248 0.000493583 0.000401378 0.00191748
21.0854 314.841 0.00766269 0.00320462 0.0422511
167.984 325.371 0.199933 -0.014053 0.00305318
389.5 318.882 0.0037302 -0.00368805 0.0165359
375.554 313.436 0.000478702 0.000253484 0.00260512
22.5 328 0.157895 -0.0148026 0.00431743
316 330 0.00319602 0.0170455 0.153409
360.051 339.418 0.0031696 0.00333638 0.056536
430.798 340.12 0.000308374 0.000312148 0.00596555
464.995 339.815 0.000105623 2.85125e-005 0.000104613
6.08824 349.294 0.0141775 0.00176225 0.00379413
300 355.864 0.0120614 0 0.0108332
279.041 365.744 0.000185198 7.87047e-005 0.000142158
280 361.5 0.00431743 0.0148026 0.157895
11.8148 374.019 0.00249677 0.00468872 0.02519
379.708 378.409 0.00268836 -0.00874292 0.0396569
434.536 387.789 0.00540633 -0.00118907 0.0139859
18.8571 393.857 0.000750361 0.0039131 0.0633389
204.281 388.221 0.00132042 -0.000283628 0.0102153
389.068 399.176 0.0226362 -0.0001399 0.0176278
304.429 396.457 0.00291947 -0.000864612 0.00899374
229.565 413.435 0.0300856 0.000574094 0.0128886
103.25 414 0.011475 0.00753048 0.0518169
103.596 412.171 0.00415241 0.00208278 0.0130452
41.85 438.9 0.00601656 0.000639322 0.0309576
47.0766 438.104 0.00185109 0.00218264 0.01312
592.444 104.111 0.0018236 0.00891932 0.0558826
375.433 239.567 0.00776811 -0.00140865 0.00586306
684.24 282.74 0.021434 -0.000273179 0.00174186
683.978 275.846 0.0141626 -0.000997665 0.000463745
346.333 412 0.153409 -0.00852273 0.00177557
333.694 415.848 0.000548924 -3.4852e-005 0.000190519
273.543 236.739 0.0990623 -0.00951157 0.00299629
35.05 419.05 0.0162099 0.00756939 0.0162099
22.5376 418.822 0.000581759 0.00079716 0.00404853
490.333 291.417 0.0655023 -0.00826298 0.00228343
683.557 205.843 0.0115805 0.014854 0.0517987
675.863 210.807 0.00323628 0.00225391 0.00426485
120.609 227.326 0.0193517 -0.00119732 0.0064567
576.029 116.186 0.00263737 8.72884e-005 0.0104751
273.867 167.433 0.00474939 0.00575207 0.0402308
758.286 132.929 0.00113768 -0.00020646 0.0695082
397.643 397.143 0.092969 -0.00823904 0.00198665
428.798 406.566 0.000202381 -0.000206089 0.000524155
334.13 130.239 0.00499803 0.0133611 0.0696603
553 176.296 0.00635845 0.00813908 0.0275278
748 209 0.00246711 -0.0148026 0.276316
408.376 447.635 0.00775856 0.00118263 0.00447299
209.688 159.877 0.00233196 -0.00052783 0.00773936
215.023 159.751 0.000327551 0.000721583 0.00785589
272.381 215.415 0.00352739 0.0021128 0.0383284
353.389 280.056 0.00148893 0.00801803 0.103625
223.105 134.826 0.0359044 0.00517931 0.00695347
223.665 134.032 0.0118716 0.00648648 0.00545254
230.032 252.867 0.00232952 0.00921196 0.0634182
520.8 211.7 0.00324493 0.00484218 0.104376
525.333 211.167 0.00109155 0.00411907 0.0579965
765.247 182.711 0.000185705 -1.85796e-005 4.99806e-005
220 291 0.0117188 0 0.046875
218.955 289.455 0.00509484 -0.00417678 0.0118707
633.77 137.905 0.0750435 0.00667951 0.0057334
477 202 0.075 0 0.00126689
448.117 232.446 0.00162566 0.000561515 0.00271793
442.188 230.416 0.00065645 -0.000312376 0.00145707
156.616 328.826 0.0489681 -0.00852335 0.00768991
228.3 344.8 0.104376 -0.00484218 0.00324493
227.75 339 0.0515099 -0.00528218 0.00104435
227.339 362.43 0.00289392 -0.000204724 7.5774e-005
204.55 375.748 0.000140585 -1.51945e-006 5.76583e-005
202.795 373.379 0.000141555 -5.75982e-006 5.22731e-005
411.122 429.589 0.0309327 -0.00170293 0.00616309
408.612 431.35 0.00354716 0.0016149 0.0057165
670.278 268 0.0213833 0 0.01875
669.258 268 0.00767269 0 0.0128106
276 152 0.00246711 0.0148026 0.276316
245.5 320 0.157895 -0.0148026 0.00431743
246.772 316.188 0.0132867 0.00120024 0.000634543
348.716 371.865 0.00790744 0.00100317 0.0129277
201.222 325.426 0.12567 -0.0155061 0.00297316
195 367 0.00110947 0 0.1875
199.936 366.082 0.000790077 0.00315623 0.0572717
569.1 124.75 0.00169923 0.00435875 0.0387037
531.301 130.54 0.000396757 6.61975e-005 0.00183397
540.733 128.318 0.000216058 0.000260908 0.00188368
360 203 0.00431743 0.00740132 0.0394737
208 206.5 0.00292969 0 0.0833333
754.471 248.929 0.00859048 -0.00725354 0.0343548
447 258.125 0.00339688 0.00350395 0.0379983
478.541 311.99 0.076561 7.32173e-005 0.00298983
45.228 359.832 0.0011261 -0.000102556 0.000181954
374.902 365.206 0.00101122 -0.00064706 0.00865392
212.2 327.2 0.0688981 -0.00663817 0.00137753
494.667 270 0.00319602 0 0.0625
524 132 0.0117188 0 0.046875
468 188 0.0117188 0 0.046875
340 196 0.046875 0 0.0117188
496 244.5 0.00431743 0.0148026 0.157895
377.296 276.663 0.00492123 0.00923599 0.0510702
367.5 278.111 0.00101461 0.00725049 0.0642441
192 284 0.00292969 0 0.1875
190.808 327.531 0.0323119 -0.00537708 0.00177693
396 76 0.0117188 0 0.046875
232 202 0.00292969 0 0.1875
516 241.667 0.00177557 0.00852273 0.153409
486.514 246.586 0.000511648 0.00148139 0.00740675
9.74528 310.492 0.00156727 0.00099533 0.00325024
152 193.5 0.00431743 0.0148026 0.157895
306.4 147.3 0.0028521 0.0156053 0.182535
294.133 149.567 0.00166161 0.0104106 0.0798331
234 388 0.0820312 -0.00585937 0.000976562
238 428 0.046875 0 0.0117188
234.169 420.61 0.00657068 -0.00300784 0.00340579
207.898 417.836 0.00919511 0.00118478 0.00400639
25.4697 359.742 0.161296 -0.0154785 0.00422511
193.325 420.992 0.00136022 7.64748e-005 0.00348574
340 244 0.0117188 0 0.0117188
436 304.5 0.0117188 0 0.00259516
421.003 316.009 0.000961751 0.000479913 0.00749388
452 420 0.0117188 0 0.0117188
240 157.5 0.00431743 0.0148026 0.157895
686 182.667 0.0625 0 0.00319602
674.5 192 0.157895 -0.0148026 0.00431743
526.833 283.033 0.129059 -0.0131681 0.00297405
395.977 447.869 0.0116899 -0.000102156 0.00282884
312.333 454.667 0.0252878 -0.00616776 0.00493421
592.638 127.966 0.0247735 0.000672551 0.00192088
528 319.75 0.0136077 0.00322743 0.00217724
110.368 290.342 0.0121362 0.00172042 0.0265686
179 324 0.276316 -0.0148026 0.00246711
439.759 100.839 0.000686587 -0.00178009 0.00609161
478.233 104.813 2.44155e-005 -7.52557e-005 0.000998912
225.182 182.587 0.00354098 -0.00139894 0.00373001
740 221 0.0117188 0 0.046875
469.6 259.1 0.00410949 -0.00234131 0.0569719
228 275 0.0117188 0 0.046875
5.91615 280.873 0.00349822 -0.00120435 0.00347216
502.843 310.157 0.0068627 -0.00186251 0.00453701
535.757 364.745 0.000372234 0.000194699 0.0072831
208 403 0.00292969 0 0.1875
379 252 0.046875 0 0.0117188
533.04 283.659 0.0414912 3.38594e-005 0.00230042
340.333 449.333 0.0153918 0.00139925 0.00332323
619.444 132 0.00862436 0 0.0511364
538.524 632.037 0.0310236 0.00781898 0.010194
496.8 126.3 0.00324493 -0.00484218 0.104376
648.8 149.9 0.00469586 -0.0120392 0.0865042
197.534 220.051 0.00620848 -0.000169322 0.0113697
197.276 220.793 0.00374075 0.00131956 0.0088402
151.2 268.9 0.00469586 0.0120392 0.0865042
272 281.5 0.00292969 0 0.0833333
176 287 0.00292969 0 0.1875
350.3 306.4 0.0517975 0.006386 0.00480059
539.182 307.239 0.00643606 -0.000153318 0.000535859
339.5 321.333 0.0106178 -0.00144788 0.00339346
388 325.667 0.00177557 -0.00852273 0.153409
197.468 403.287 0.00067835 0.00077697 0.0160056
273.086 434.4 0.000317308 -7.53044e-005 0.000690699
482.405 450.167 0.00381826 0.0172395 0.145433
288.641 458.378 0.000547999 0.000294731 0.00345849
408.868 521.009 0.014706 0.00290824 0.00219962
203.98 350.64 0.0891829 -0.00888917 0.00264937
286.667 195.667 0.00368304 0.00535714 0.0589286
169.007 398.207 0.0111923 -0.00327412 0.0022941
272.527 632.392 0.00110434 5.91531e-005 0.138885
374.453 102.258 0.00314351 0.00409077 0.00744452
65.9565 269.152 0.0122843 -0.00477995 0.00897154
356 116 0.0117188 0 0.0117188
170.737 353.5 0.149791 -0.0178203 0.0041976
180 298 0.00246711 0.00740132 0.0690789
197.263 176.237 0.00456053 -0.000395846 0.00343433
620 108 0.0117188 0 0.0117188
622.521 107.5 0.00632167 -0.0012011 0.00317101
428 148 0.0117188 0 0.0117188
252 340 0.0117188 0 0.0117188
460 396 0.0117188 0 0.0117188
374.529 264.5 0.133028 0.00909778 0.00321735
56.6389 402.639 0.0206504 -0.00452271 0.00508662
681.7 255.2 0.104376 -0.00484218 0.00324493
177.5 423.258 0.0425986 0.00419493 0.00502915
645 76 0.046875 0 0.0117188
560.8 91.7 0.00324493 0.00484218 0.104376
564.889 90.7222 0.00269233 0.00821918 0.059589
247.555 138.373 0.00426257 0.0080191 0.052989
61.0909 203.955 0.000668965 0.0003077 0.0148809
83.6522 200.761 0.000316925 0.00155789 0.0113501
441.314 513.756 0.00495 0.00221483 0.0491805
254.667 490.5 0.000869197 0.00493161 0.0545765
290.154 496.654 0.00056945 0.00110118 0.0454036
285.806 496.339 0.000545025 0.00243265 0.0191812
768.442 508.192 0.0115205 0.00142256 0.00998224
533.545 251.273 0.00644035 -0.00502421 0.047299
156.533 188.967 0.00389399 0.00368577 0.00890828
508.444 98.9444 0.000964485 0.00223766 0.0204056
780 99 0.0117188 0 0.046875
304 131.5 0.00292969 0 0.0833333
18.6667 211.5 0.00239702 0.00852273 0.113636
24 210.643 0.00116717 0.00604733 0.0596669
243.1 291.2 0.00856483 0.00268896 0.0280971
173 420 0.046875 0 0.0117188
484 100 0.0117188 0 0.0117188
707.649 103.56 8.79779e-005 0.000229557 0.00349722
279.111 132.5 0.00242422 0.00127696 0.0099319
267.964 134.655 0.000605416 0.00198835 0.0117364
616 81 0.00292969 0 0.1875
520 97 0.00292969 0 0.1875
476 457 0.0117188 0 0.046875
496 223 0.00292969 0 0.1875
540.556 244 0.00862436 0 0.0511364
629.773 155.621 0.00948504 -0.000475541 0.00613921
589.231 84 0.000993712 1.37191e-020 0.0126295
536 92 0.00292969 0 0.0117188
520 246.5 0.00431743 -0.0148026 0.157895
423.2 477.3 0.00324493 0.00484218 0.104376
708 636 0.01875 0 0.01875
693.503 633.962 0.000825554 -0.000141982 0.0037909
308 316 0.1875 0 0.00130208
510.947 251.763 0.00239621 -0.000812603 0.00845014
773.203 477.041 0.0210991 0.00976834 0.0185997
794.966 468.362 0.00458886 0.00275901 0.0205656
594.921 429.079 0.0189547 -0.00942288 0.0189547
590.968 428.335 0.00376118 -0.00160398 0.0127179
264 499 0.00292969 0 0.1875
208.68 622.374 0.00302396 0.00302949 0.0157999
185.136 628.584 0.00021816 0.000284091 0.00181349
712.1 408.557 0.00560241 0.00127136 0.00659614
205 324 0.276316 -0.0148026 0.00246711
76 404 0.0164017 -0.00941684 0.0299755
789.563 492 0.0275704 0 0.0144231
669.514 493.28 0.00451901 0.00101315 0.00249144
380.227 411.273 0.0213854 -0.000931602 0.00141325
342.333 478.667 0.0589286 -0.00535714 0.00368304
392 473 0.000732422 0 0.1875
478.75 474.75 0.00777585 -0.0058055 0.0179091
218 488.5 0.00433594 -0.00421875 0.024375
736.571 633.857 0.0082901 0.00242716 0.00668817
733.743 632.081 0.00354697 -0.000644077 0.00359393
723.692 616.538 0.0026299 0.00623954 0.0316497
542.263 539.839 0.00546592 0.00117566 0.0134161
760.923 363.654 0.0031287 -0.000926942 0.0111405
690.08 480.08 0.0111552 -0.00323825 0.00663899
686.415 480.859 0.00272097 0.00116011 0.00528024
681.498 487.052 0.000767383 0.000454672 0.00151051
676 502 0.0117188 0 0.046875
707.444 599.389 0.0141248 0.00722397 0.030949
684 322.925 0.0130662 0 0.00692313
98.9063 333 0.0172682 0.00150326 0.0269166
728.3 411.214 0.0184771 -0.00665359 0.0141529
730.558 406.665 0.00394376 0.00206451 0.00303751
590.857 480.214 0.00214489 0.000204174 0.0182396
533.062 446.265 0.00196987 0.000198454 0.00343893
794.678 427.934 0.00504707 -0.000403719 0.000993001
740.137 397.738 8.88164e-005 -6.63305e-005 0.000232418
540 465.4 0.0101902 0 0.0242876
540 463.25 0.0119427 0 0.00441047
655.048 461.905 0.00339966 0.00116805 0.00410048
739.883 498.802 0.0017193 -0.00128911 0.00213841
749.8 487.267 0.000554143 0.000175458 0.000517236
421.366 580 0.00147509 0 0.0117726
422.304 572.415 0.000905473 0.000471752 0.00165068
732.968 605.606 0.00552154 0.00476022 0.0209488
719.031 607.745 0.00765413 -0.00753258 0.0212614
740.8 260.9 0.0280971 0.00268896 0.00856483
762.5 494.635 0.00648805 0.00314346 0.0524505
725.6 322 0.00236199 0.00108597 0.00139729
723.798 350.298 0.00109605 -0.000821376 0.00431647
684 421.5 0.0117188 0 0.03
762.791 438.905 0.000766746 0.00133704 0.003814
783.917 457 0.00856661 -0.00366677 0.0044104
731.91 469.551 0.0121854 -0.00110534 0.0308972
666.5 497.8 0.0293628 0.00366644 0.00546048
586.5 508 0.03 0 0.0117187
444 542 0.0117188 0 0.046875
498.4 566.3 0.00480059 0.006386 0.0517975
634.333 626.667 0.00797872 0.0049867 0.0206948
183.429 634.286 0.00460773 0.00437601 0.0117301
716 460 0.0117188 0 0.046875
564 468 0.0117188 0 0.046875
576.341 476.855 0.000594294 -0.000820186 0.0027827
592.923 478.352 0.000176358 -0.000213079 0.00192141
588 612 0.0117188 0 0.046875
599.429 609.714 0.00188442 0.00110476 0.00415436
596 452 0.046875 0 0.0117188
788 516 0.046875 0 0.0117188
792.123 495.698 0.00348529 0.00107299 0.00376356
141.6 210.7 0.0028521 0.0156053 0.182535
26.75 326 0.0975 -0.0084375 0.00433594
567.752 444.734 0.002814 -0.00253581 0.0155459
793.543 394.696 0.00319038 0.00096168 0.00353088
762.167 469.667 0.00957641 -0.0125405 0.0432078
488 550.5 0.00292969 0 0.0833333
408 572 0.0208333 0 0.0117188
524 460 0.0117188 0 0.046875
667.591 635.708 0.0073069 -0.00192367 0.0115673
570.159 422.305 0.00419054 0.00570261 0.0520515
571 423.292 0.00220482 0.00286078 0.00765969
581.12 460.62 0.00563032 0.00125709 0.00851635
578.005 460.681 0.00202314 -2.35126e-005 0.00763356
580.645 459.5 0.00193518 0.00104502 0.00269978
612.682 478.182 0.0140447 -0.00309052 0.00414698
792.7 612 0.00634948 0 0.01875
788.404 606.9 0.00187516 0.000275046 0.000777695
780 548 0.0117188 0 0.0117188
532 556 0.0117188 0 0.0117188
564 564 0.0117188 0 0.0117188
167.077 446.077 0.00379872 0.00161633 0.00349667
696 489 0.00292969 0 0.1875
558.258 523.47 0.00139614 0.00118895 0.00815116
590.182 532.682 0.00414698 -0.00309052 0.0140447
579.722 544.741 0.00265055 -0.00258618 0.0055304
394.286 569.643 0.00465883 -0.00232905 0.00696361
756.789 592.339 0.00104279 -0.000369195 0.00152559
743.081 599.258 7.90477e-005 5.82726e-005 0.000141414
686.045 615 0.000706424 0.00105573 0.00412434
232 614.5 0.00292969 0 0.0833333
772 613 0.0117187 0 0.0075
405.5 636 0.00619835 0 0.0117187
764.794 512.184 0.00335891 0.00226104 0.00425819
676 540 0.0117188 0 0.046875
104 207 0.00292969 0 0.1875
682.848 571.444 0.00811984 -0.000799148 0.00828129
596 152 0.0117188 0 0.00292969
724 268 0.0117188 0 0.0117188
748 284 0.0117188 0 0.0117188
620 300 0.0117188 0 0.0117188
641.333 305.333 0.00368304 0.00133929 0.00368304
708 308 0.0117188 0 0.0117188
790.699 310.699 0.00374654 0.00141496 0.00374654
772.028 328.059 0.0118475 0.000117224 0.00296968
788 332 0.0117188 0 0.0117188
686 348 0.00360577 0 0.00167411
740 340 0.0117188 0 0.0117188
657.333 358.667 0.00368304 -0.00133929 0.00368304
748 356 0.0117188 0 0.0117188
640 364 0.00292969 0 0.0117188
676 364 0.0117188 0 0.0117188
690 372 0.00360577 0 0.00167411
716 364 0.0117188 0 0.0117188
780 364 0.0117188 0 0.0117188
628 380 0.0117188 0 0.0117188
596 388 0.0117188 0 0.0117188
636 388 0.0117188 0 0.0117188
664.059 388.028 0.00296968 0.000117224 0.0118475
608 396 0.00292969 0 0.0117188
648 404 0.00292969 0 0.0117188
600 412 0.00292969 0 0.0117188
629.841 425.029 0.00288494 -0.00146635 0.00401891
632.435 404.932 0.000285575 0.00015473 0.000161527
715.944 420.056 0.0119923 -0.000453879 0.0119923
748.413 417.125 0.00761975 0.000418448 0.00337861
116 436 0.0117188 0 0.0117188
665.333 441.333 0.00368304 0.00133929 0.00368304
708 440 0.0117188 0 0.00292969
732 436 0.0117188 0 0.0117188
148 444 0.0117188 0 0.0117188
632 444 0.00292969 0 0.0117188
724 444 0.0117188 0 0.0117188
44 452 0.0117188 0 0.0117188
692 452 0.0117188 0 0.0117188
607.556 451.444 0.00303437 -0.000827084 0.0088498
700 468 0.0117188 0 0.0117188
524 492 0.0117188 0 0.0117188
556 492 0.0117188 0 0.0117188
104 506.667 0.00142045 0.00106534 0.00255682
532 500 0.0117188 0 0.0117188
496 500 0.00292969 0 0.0117188
179.429 518.857 0.000236511 -5.03026e-005 0.00215331
484 508 0.0117188 0 0.0117188
572 508 0.0117188 0 0.0117188
84 516 0.0117188 0 0.0117188
140 516 0.0117188 0 0.0117188
676 516 0.0117188 0 0.0117188
4 532 0.0117188 0 0.0117188
100 540 0.0117188 0 0.0117188
156 540 0.0117188 0 0.0117188
250.4 544.8 0.00163087 -0.000605273 0.00324493
524 540 0.0117188 0 0.0117188
788 540 0.0117188 0 0.0117188
52 548 0.0117188 0 0.0117188
436 548 0.0117188 0 0.0117188
487 550.5 0.00075916 0.000276821 0.00424459
604 548 0.0117188 0 0.0117188
764 548 0.0117188 0 0.0117188
228.056 548.056 0.0119923 0.000453879 0.0119923
454.378 543.662 0.00176707 -0.000318342 0.00326866
180 556 0.0117188 0 0.0117188
436 564 0.0117188 0 0.0117188
148 572 0.0117188 0 0.0117188
476 572 0.0117188 0 0.0117188
640 572 0.00292969 0 0.0117188
724 572 0.0117188 0 0.0117188
484 580 0.0117188 0 0.0117188
612 580 0.0117188 0 0.0117188
604 588 0.0117188 0 0.0117188
140 596 0.0117188 0 0.0117188
75.8919 607.676 6.23213e-005 2.79154e-005 0.000178044
436 604 0.0117188 0 0.0117188
588 604 0.0117188 0 0.0117188
644 612 0.0117188 0 0.0117188
572 622 0.00167411 0 0.00360577
452 628 0.0117188 0 0.0117188
764.06 628.018 0.00131451 5.25759e-005 0.0118027
100 636 0.0117188 0 0.0117188
440 636 0.00292969 0 0.0117188
464 636 0.00292969 0 0.0117188
780 636 0.0117188 0 0.0117188
157.6 199.1 0.00163087 0.00484218 0.207676
452 584 0.0117188 0 0.00292969
572 436 0.0117188 0 0.0117188
188 540 0.0117188 0 0.0117188
