1.0
562
26.7535 304.477 0.00212226 0.000582555 0.000315187
45.9225 329.274 9.05061e-005 -1.25108e-005 8.51792e-005
120.155 326.14 0.0422709 0.00467411 0.000681507
118.541 324.747 0.0010859 7.4901e-005 0.000197292
3.27419 317.71 0.0595046 0.0126828 0.00382527
416.482 339.682 0.0105955 0.00162533 0.000770727
413.933 333.753 0.00528614 -0.000341331 0.000431482
411.735 334.919 0.00127009 6.29718e-005 0.000379417
484.913 370.94 0.00479109 0.00132818 0.000673006
480.727 373.802 0.0027813 0.000438251 0.000194842
229.151 364.488 0.00419157 -0.0219427 0.127164
529.589 382.544 0.0737988 0.00563703 0.00353604
530.214 384.6 0.0215369 -0.00141593 0.00181544
576.611 378.528 0.0092008 -0.000120321 0.0331033
580.208 379.069 0.00151568 -0.000791485 0.029153
200.699 379.05 0.00237544 -0.00197134 0.00952713
437.542 383.542 0.00293077 -0.00524528 0.0671725
355.227 398.114 0.0234315 0.0131253 0.0143658
372.826 389.111 0.00217019 0.000296974 0.00126651
370.274 386.849 0.000841644 -0.000118564 0.00145175
383.249 400.247 0.000143338 -0.000242795 0.00072699
457.414 397.157 0.0177692 -0.00668941 0.0212465
454.472 396.625 0.00369728 -0.00259824 0.0149886
176.72 399.243 0.00252423 -0.00192871 0.0108329
415.588 403.676 0.0194573 0.00247322 0.0148917
216.643 405.271 0.0118009 0.00368946 0.0192188
402.752 410.311 0.00560295 0.000275858 0.00329891
406.528 411.886 0.0018489 -0.00120729 0.00265343
413.777 412.54 0.000437685 -0.000213981 0.00136079
596.984 404.184 0.00115039 -0.000490094 0.00248781
582.14 406.279 0.00015868 -0.000158227 0.000708056
256.037 409.866 0.0415964 0.0049933 0.00674554
645.459 414.664 0.00230613 -0.00749787 0.0682012
684.175 415.625 0.00462333 -0.00757626 0.0696126
660.968 433.564 0.00244337 -0.0193447 0.229011
659.819 439.958 0.00213816 -0.0126227 0.114742
656.916 438.851 0.000900418 -0.0039298 0.0375476
656.39 436.626 0.000503563 -0.000801003 0.00867851
442.242 439.968 0.000257423 -0.000265404 0.00637004
440.214 438.783 0.000213928 -0.000484734 0.00393717
692 443.289 0.0037739 0.00535549 0.0940187
695.592 442.213 0.00210714 0.00532337 0.0371864
692.416 441.512 0.000808604 0.000815807 0.0192247
692.21 439.562 0.000756502 -7.3206e-005 0.00657948
632.745 446.694 0.000972062 -0.000989906 0.011394
685.274 454.055 0.00153499 -0.00312295 0.0214556
735.071 462.469 0.00196405 -0.00804013 0.0434543
398.227 258.139 0.0780023 0.0149759 0.00301302
421.89 274.856 0.000218281 -7.94756e-005 0.000238124
72.9966 313.548 0.00121762 -0.000229903 0.00257643
433.216 326.045 0.0144985 0.00191712 0.00509014
632.074 385.096 0.177408 0.0214632 0.00278454
629.728 386.879 0.00782943 0.000605505 0.000195965
330.663 381.163 0.00154848 0.000611671 0.00311983
205.646 404.708 0.0153439 0.0134772 0.0246626
550.535 435.401 0.000178431 -0.00104208 0.00868032
558.474 437.426 7.56323e-005 -0.00040132 0.00339478
811.318 470.015 0.00748975 -0.0131875 0.085734
525.673 318.923 0.00705551 -0.00425684 0.0313228
207.338 325.949 0.0108641 0.00172283 0.000440297
55.6556 342.278 0.0276887 0.000433777 0.00809967
54.9111 344.689 0.0177296 -0.000912581 0.00252136
85.5943 348.066 0.00422636 -0.0229571 0.14574
313.623 346.5 0.00981964 -0.0139136 0.0242802
315.638 344.514 0.00137615 -0.00211249 0.00565753
314.15 342.638 0.0011246 -0.00125051 0.00261937
515.167 370.372 0.00741972 0.00597983 0.0297915
414.868 377.132 0.0037071 -0.00727243 0.0556848
414.847 375.144 0.00252369 -0.00117639 0.00984984
243.25 411.89 0.00481018 -0.000494567 0.00328358
251.227 411.811 0.000312236 -0.000418174 0.00328992
414.967 416.82 0.00758181 0.00338688 0.00981574
836.243 476.326 0.00101164 -0.000636801 0.00582647
835.877 474.002 0.000814409 -0.000104638 0.00255168
545.407 322.081 0.00300031 -0.00787212 0.084569
328.705 349.346 0.0298639 0.00221864 0.00692952
516.161 402.79 0.00564002 -1.67456e-006 0.0118887
231.705 409.064 0.0220822 0.00533944 0.00870349
446.327 421.135 0.0250206 0.00461617 0.00512578
447.448 418.882 0.00454928 0.00143729 0.00195266
514.375 297.2 0.0312205 0.00495379 0.01196
356.701 329.902 0.0293709 0.00476914 0.00125405
355.072 329.082 0.00315025 0.000593051 0.000732251
408.887 318.79 0.188363 0.0389468 0.00959669
64.2059 335.853 0.0116443 -0.00380398 0.0432404
265.976 342.5 0.00757099 -0.004095 0.0352338
26.1395 350.1 0.000404502 -0.000635213 0.00591382
373.186 379.757 0.00438414 -0.00611978 0.0231646
381.816 404.32 0.00525513 0.00267241 0.00338311
269.439 413.348 0.015564 0.0142016 0.0446928
321.586 421.414 0.00627333 0.00342374 0.036231
328.058 417.69 0.00073124 -0.000359937 0.00242986
495.7 304.557 0.0451474 0.00387116 0.00428904
170.43 311.477 0.0683896 0.00871112 0.00366288
374.784 423.963 0.00493117 -0.0053073 0.0190379
176.565 290.37 0.0566971 0.00276206 0.00367062
160.176 305.162 0.0110481 -0.000860856 0.00164842
166.284 304.951 0.0015089 0.000598563 0.000782513
240.197 320.591 0.00886886 -0.00656493 0.0337148
252.912 337.43 0.00833041 -0.000738838 0.00480624
256.909 338.788 0.00208801 -0.0019907 0.0055386
261.314 340.253 0.000287104 -0.000362545 0.00349674
260.211 334.148 0.000295525 -7.93144e-005 0.000300555
598.244 360.449 0.00676819 0.012701 0.058094
194.233 403.85 0.00984863 0.000532952 0.00560381
140.094 341.131 3.65953e-005 -3.98262e-005 0.00015171
262.977 359.5 0.00489357 -0.0155811 0.0717595
582.206 361.294 0.0068718 0.0153969 0.0962856
678.025 423.246 0.000982159 -0.00820352 0.0907202
516.303 280.566 0.00478546 2.48118e-005 0.00261953
50.6359 313.902 0.00764794 0.00122265 0.00152378
496.107 330.824 0.00693235 0.00132506 0.000985683
387.326 364.362 0.0037476 -0.00259068 0.00648913
399.029 365.593 0.000368934 -0.000594195 0.00624573
589.402 300.72 0.100307 0.0132709 0.00199952
395.932 351.608 0.0111075 -0.00271147 0.0353576
507.342 359.421 0.0433693 0.00593694 0.00678111
225.781 334.57 0.00327758 -0.00145867 0.0195515
278.053 345.372 0.00924561 0.00214536 0.0207354
459.12 382.7 0.0316582 0.0066152 0.00725451
825.559 420.478 0.124458 0.014322 0.00175243
824.917 418.506 0.0422262 0.00453512 0.000595439
820.1 427.724 0.00118112 0.000289684 0.000170367
824.704 450.992 0.000318766 -3.31879e-005 9.00899e-005
475.421 287.697 0.00177383 -0.000179189 0.000553461
551.667 342.182 0.0335772 0.00419782 0.00414381
547.756 345.198 0.00214416 0.00147293 0.0036194
416.4 367.9 0.00380541 -0.0108498 0.102499
545.375 407.625 0.00688488 -0.0393153 0.246363
363.257 389.203 0.0227847 0.0132691 0.0246301
426.927 388.622 0.00126179 -0.0040998 0.0214096
235.115 252.244 0.0233675 -0.0110766 0.0140601
503.833 373.722 0.0108251 -0.00237894 0.0350202
276.412 416.307 0.012151 0.0111732 0.0229238
837.613 491.368 0.00133532 -0.00239925 0.0108412
834.295 489.937 0.000791729 -0.000958894 0.00499168
827.76 493.289 0.000468136 0.000250715 0.00111942
2.09091 293.045 0.0389774 0.00346443 0.00610258
559.694 361.5 0.00147949 -0.004526 0.0793387
552.82 360.52 0.00099261 -0.00463092 0.0391141
36.9188 377.979 0.00184173 0.000531023 0.0110519
563.447 373.789 0.0116101 -0.00509721 0.0155073
131.827 394.518 0.00920272 0.00677979 0.016866
441.12 312.826 0.00293073 0.00163687 0.0164596
439.646 312.705 0.00158983 -0.000786926 0.0118816
443.639 312.987 0.00101721 -0.00152356 0.00694958
186.585 325.84 0.0236966 0.0124677 0.0119948
318.144 412.211 0.0154408 0.00267855 0.0111588
646.744 544.768 0.00635281 -0.000538635 0.00709586
647.07 544.715 0.00412319 -0.000901295 0.00487301
164.843 426.049 0.00534528 0.00077817 0.00659356
172.607 427.409 0.000837338 -0.000900273 0.00511731
173.055 427.474 0.000697527 -0.00082196 0.00443734
166.942 247.558 0.19088 0.0316945 0.00606176
499.284 392.312 0.00255404 0.00058096 0.00109159
242.146 255.412 0.00108158 0.000299902 0.00125774
456.659 332.758 0.0122491 0.00177091 0.00282433
455.594 337.271 0.00883996 0.00137236 0.00103854
458.012 273.744 0.0458329 0.0138795 0.00777717
54.3 379.7 0.00839153 -0.00115958 0.0126769
539.643 370.659 0.00291486 -0.00699554 0.0252447
542.645 370.202 0.00119986 -0.00247052 0.0165803
549.445 371.079 0.000752269 -0.00207166 0.0143843
239.327 342.269 0.0113692 -0.00255481 0.0123681
819.405 595.905 0.0152621 -0.00135994 0.0186568
829.329 597.557 0.000766351 -0.0015061 0.00817195
271.7 451.44 0.0106279 0.00943223 0.0254488
278.582 453.323 0.00105043 -0.000882777 0.00702733
183.94 340.3 0.0144903 0.00212231 0.0101327
91.5263 411.237 0.00730952 -0.00847339 0.0587563
90.7421 408.847 0.00364921 0.00122537 0.00555014
239.197 631.318 0.0131715 -0.0178903 0.0557118
455.87 294.391 0.06509 0.00738313 0.00382513
294.165 381.775 0.000220854 -0.000104143 0.00285444
398.008 343.189 0.00503082 -0.0103009 0.0370993
521.113 346.573 0.00638198 0.000311472 0.00163495
371.033 345.411 0.0342837 0.00431238 0.0055345
366.631 344.998 0.00275529 0.00107124 0.000865608
295.205 456.273 0.0373459 0.00431149 0.00756001
446.523 491.205 0.0321602 0.00361302 0.00716555
45.8425 396.64 0.000514805 -0.00124059 0.00665631
149.343 308.399 0.0100203 0.00210611 0.00440032
149.351 308.186 0.0094647 0.00223509 0.00381279
106.91 411.564 0.00553318 0.00391086 0.0106122
541.469 417.484 0.00499971 -0.025401 0.14657
218.814 616.357 0.0241857 0.000228508 0.0144695
391.071 314.398 0.0320491 0.000729616 0.00302918
436.43 491.219 0.00955315 0.00600444 0.016859
454 346 0.01351 -0.00289501 0.0274061
453.611 347.792 0.0117688 0.000763107 0.00694207
392.723 481.819 0.00172983 -0.00091959 0.00929682
285.924 368.045 0.00784968 -0.00470464 0.0170505
250.104 631.821 0.00847091 -0.00623416 0.0170427
7.20968 383.71 0.00350247 -0.00241143 0.0259639
391.467 222.664 0.135229 0.00986619 0.00147636
293.119 351.653 0.00301969 0.000937522 0.00356145
95.4487 369.859 0.0058389 -0.0185329 0.111556
686.628 557.713 0.0150818 -0.00208211 0.0130709
704.044 562.009 0.00382562 -0.000419127 0.0256762
338.231 319.115 0.00260193 0.00693212 0.0429709
398.587 310.674 0.0552436 0.00929288 0.00622708
2.5 214.077 0.0292128 -0.00131533 0.00615649
358.422 422.775 0.00861691 0.000939641 0.0095216
222.09 625.172 0.00672356 0.00600163 0.020336
218.878 619.431 0.00319635 -0.00213686 0.00315048
216.167 343.288 0.00992579 -0.000510099 0.0187311
575.988 399.72 0.00614747 -0.00982426 0.066502
569.338 519.147 0.00966057 -0.000436666 0.00911656
361.333 662.625 0.00488694 -0.000899543 0.0214045
539.593 520.965 0.0041937 -0.00381842 0.0615459
378.591 438.659 0.00953498 0.0112305 0.0300417
310.25 301.5 0.00860239 0.0108368 0.0428723
717.955 593.136 0.00313113 -0.0104899 0.0576067
360.661 356.129 0.00561729 0.00262816 0.0130568
810.317 525.894 0.012659 -0.00526591 0.0063189
750.446 549.009 0.0136136 0.00245256 0.00256864
156.545 246.579 0.0654378 0.0218825 0.00812513
772.438 550.229 0.00985112 0.000807072 0.00890319
374.171 671.76 0.00283722 0.000251339 0.0170377
161.435 249.435 0.0577944 0.0125592 0.00355758
342.886 603.795 0.00324289 -0.00180781 0.0294093
302.308 295.25 0.00388634 -0.00686213 0.0396394
299.458 295.51 0.00144149 -0.00255286 0.0282375
325.667 327.19 0.00410768 -0.00140855 0.0377296
103.147 548.612 0.00202503 -0.0011629 0.00422394
11.8261 362.239 0.00852512 -0.00372834 0.0258507
277.362 321.655 0.0078958 -0.00329122 0.0114291
473.612 235.425 0.0428158 0.00403985 0.00126479
72.3442 325.929 0.0026884 -0.0012702 0.0300752
141.205 291.73 0.0153423 0.00405121 0.0101499
224.096 310.691 0.00293988 5.45871e-005 0.0230958
3.4375 272.875 0.0163398 -0.000401227 0.00855078
11.6111 507.204 0.00202521 0.00139391 0.00507646
365.704 368.426 0.00549067 0.00137808 0.0251249
678.156 496.422 0.00480736 -0.0180773 0.07599
810.81 646.095 0.0110298 -0.0126323 0.0299434
133.923 594.038 0.00640312 -0.00972803 0.0223507
682.4 514.457 0.00310382 -0.0125309 0.0742769
802.553 483.816 0.00719153 -0.016146 0.0863796
760.691 516.648 0.00348742 -0.015432 0.0781595
781.228 527.489 0.00785725 -0.0242114 0.0814126
787.713 486.117 0.00282871 -0.00694654 0.0923348
164.84 613.627 0.00215927 -0.000813557 0.00608254
94 649.095 0.00652484 -0.00273024 0.0304331
9.14912 630.465 0.00485291 0.00434757 0.0171541
504.014 294.943 0.020183 0.00306623 0.00400231
509.312 296.006 0.00187977 -0.0002101 0.00303286
382.108 322.792 0.00429354 0.000859329 0.000978386
39.8904 335.075 0.00116531 0.00065152 0.0107591
4.08824 340.735 0.0065396 -0.00146322 0.0124275
3.85294 339.779 0.00621951 -0.00196097 0.00590858
577.115 342.635 0.115259 0.0270212 0.00747665
542.874 338.49 0.000132645 -6.72546e-006 0.000556797
337.657 343.304 0.0186084 -0.00604616 0.0125793
656.218 343.013 0.00549705 0.00554856 0.0681108
651.243 364.783 0.000797473 0.000195205 0.000360883
346.716 347.245 0.0140695 -0.00463236 0.0170033
257.739 353.519 0.00389458 -0.013396 0.0492441
347.037 370.852 0.000682803 -0.00452457 0.0330339
341.244 361.895 0.000114487 -0.000111996 0.000711537
270.96 373.527 0.000798586 -0.00363558 0.0299289
461.411 404.578 0.00543189 0.00174793 0.00873887
462.615 407.145 0.00285176 -9.70363e-005 0.00257286
467.167 412.894 0.0444573 0.00425401 0.0115781
293.484 299.177 0.00256829 -0.00938625 0.0835318
399.575 301.2 0.00537959 -0.0146577 0.0738435
403.297 302.589 0.00135784 -0.00444226 0.0302095
394.329 327.368 0.0378002 0.00856953 0.00395291
396.136 323.942 0.0137149 0.00485231 0.00288377
398.894 324.309 0.00338506 0.000599869 0.000800916
392.66 324.22 0.000657855 5.06667e-005 0.000656729
400.965 329.531 0.000159729 -4.32859e-005 0.000154746
105.354 321.89 0.00497739 -0.0133392 0.0979864
424.715 328.399 0.0158681 0.00180636 0.00402199
75.3174 341.561 0.00150311 -0.0038276 0.0171861
78.5347 340.6 0.000524428 -0.00106389 0.00683813
68.443 334.404 0.000152764 -7.86319e-005 0.00145033
308 355.452 0.0227114 -0.0190177 0.0229924
340.169 357.972 0.000766553 -0.00300725 0.0264135
333.556 358.708 0.000296391 -0.000951777 0.0087299
454.354 372 0.000571619 -0.000975352 0.0329946
526.045 373.659 0.163449 0.0200864 0.00396499
535.633 377.448 0.000323502 6.23197e-005 0.00109924
216.4 383.025 0.0175032 -0.000352403 0.00987649
216.399 380.864 0.00962663 -0.00375991 0.00474032
419.934 397.369 0.00202832 -0.00324872 0.0204513
425.91 398.121 0.000925306 -0.00228911 0.0155131
442.623 404.281 0.000263239 -0.000331554 0.00130081
440.189 405.308 0.000242064 -0.000166462 0.000576165
283.5 405.316 0.00664773 0.00817182 0.0549607
425.553 405.474 0.00696334 -0.00680601 0.0559871
492.435 418.37 0.00199757 -0.0131775 0.160551
660.875 430.328 0.00154782 -0.0108355 0.149325
660.977 429.326 0.000878021 -0.00235536 0.0294931
653.18 427.847 0.000472844 -0.00170273 0.0181748
666.218 428.565 0.000200896 -0.001104 0.0160692
1.71212 304.5 0.060865 0.00579115 0.00840068
5.33582 303.5 0.00312407 0.00191073 0.00948404
285.736 318.197 0.00667542 -0.00499951 0.0111
517.288 333.558 0.0626881 0.0252551 0.0118697
522.611 333.133 0.00150404 -4.90994e-005 0.000807486
196.311 363.176 0.0332666 0.00395821 0.0105608
196.125 364.234 0.0207556 0.00404674 0.00672532
232.793 375.793 0.0066806 0.00404269 0.0380839
233.272 376.715 0.00270966 -0.00338674 0.022941
312.409 413.167 0.0718138 0.0184031 0.0112412
617.329 423.786 0.035364 0.000486766 0.0131797
616.897 422.759 0.0272286 -0.00422587 0.00470182
616.678 422.295 0.0192476 -0.00318713 0.00423709
635.412 426.675 0.00390186 -0.00261207 0.0198328
409.65 255.5 0.0229807 -0.00524783 0.0123924
405.443 290.745 0.00519749 0.000626721 0.00493099
438.292 399.821 0.00594211 -0.00157328 0.0244265
136.848 325.815 0.00148403 -0.00663609 0.0708856
331.235 375.941 0.0082571 -0.000268906 0.0233052
202.577 398.551 0.0287713 0.0115225 0.0171052
198.674 395.01 0.00211789 -0.000727943 0.00495824
423.833 341.561 0.0324679 0.00779136 0.0157466
377.562 347.269 0.0191231 -0.00384 0.00523069
288.095 291.81 0.00477953 0.00843291 0.0346937
465.076 342.601 0.00530907 0.000920278 0.00110409
167.105 343.727 0.000132581 -0.000545583 0.0124978
170.749 343.571 0.000145716 -0.000413543 0.00757166
171.085 340.837 0.000133356 -9.29425e-005 0.00255611
252.412 405.294 0.0613889 0.0133381 0.0106424
304.158 413.974 0.00786778 0.010812 0.0636857
572.445 417.401 0.00300006 -0.00372568 0.0265277
438.356 335.818 0.000946992 -0.000308682 0.000967918
439.245 332.905 0.000516283 -8.44524e-005 0.000609416
447.972 335.404 0.00027801 -0.00011634 0.000535372
275.826 351.709 0.00760027 -0.00365428 0.0420496
514.063 355.729 0.0123192 -0.000404361 0.0111873
516.351 356.877 0.00377841 -0.000250111 0.00501207
493.812 415.554 0.000805887 -0.000782323 0.00918565
200.125 414.125 0.0486911 -0.00614386 0.0110757
464.203 271.176 0.177952 0.0218277 0.00443303
468.28 310.354 0.0105619 0.0024077 0.0175711
472.415 313.19 0.00103359 -0.00110812 0.00583899
514.127 384.284 0.00885008 4.20904e-005 0.0138062
476.032 188.29 0.233079 0.0306667 0.00450736
457.548 298.995 0.000892728 0.000289917 0.00211525
266.859 312.372 0.0118079 -0.00358975 0.0201927
466.185 256.989 0.118774 0.017343 0.00281804
466.148 256.881 0.102615 0.014852 0.00243089
470.46 227.54 0.0942628 0.0134604 0.00197803
536.526 362.079 0.00765993 -0.0156803 0.0757327
137.305 385.915 0.0220541 0.00762215 0.016763
567.636 390.114 0.0119566 0.00478834 0.00488067
570.474 391.299 0.00104189 -0.000180941 0.00245983
144.06 271.017 0.000724477 -1.40533e-006 0.00174551
143.346 271.381 0.000670697 4.58841e-005 0.00155456
144.53 273.787 0.000663198 -0.000129483 0.00079701
147.572 275.081 0.00063067 0.000165041 0.000103621
272.595 174.103 0.13364 0.021751 0.00436006
272.691 173.674 0.0492827 0.00881401 0.00224557
501.643 407.643 0.0069267 -0.00256337 0.0381074
797.915 273.841 0.00598083 0.0037005 0.0491908
537.929 291.1 0.0474653 0.00674736 0.00914234
496.196 367.891 0.00590841 -0.0244921 0.135434
500.447 374.137 0.00144087 -0.00078695 0.00121719
548.802 376.142 0.0062062 -0.0376887 0.250581
589.186 381.48 0.00144743 0.000667028 0.0962286
546.146 413.024 0.00151497 -0.00443759 0.0258984
552.266 414.145 0.000550057 -0.00226678 0.015474
523.448 413.725 7.43938e-005 -0.00015698 0.00418862
187.473 346.554 0.00119068 0.0023811 0.115011
307.986 373.541 0.00507415 0.00178795 0.019053
494.628 378.833 0.0416438 0.00404618 0.00787204
446.578 320.059 0.0074808 -0.0341169 0.160028
603.833 421.762 0.0192093 -0.000649981 0.0166761
246.311 297.878 0.0120768 -0.00765564 0.0311955
635.795 340.909 0.00278925 -0.0042648 0.0715281
610.338 343.117 0.000269374 0.000119108 0.00183631
616.032 339.796 0.000192829 0.000175672 0.00132331
168.225 273.732 0.0102168 -0.000499535 0.00235672
172.611 274.889 0.00219167 -0.000238953 0.00165803
58.8827 328.438 0.00201802 -0.00689597 0.0409355
694.824 430.797 0.00230758 -0.00069807 0.0182569
172.256 340.598 0.00664776 0.00236182 0.0247818
418.882 382.912 0.00251093 -0.00804986 0.043959
431.442 381.735 0.000416343 -0.000296335 0.00298473
483.885 274.705 0.158616 -0.022266 0.00329856
483.776 258.584 0.00267961 -0.000324454 0.000194775
429.444 359.361 0.0057869 -0.0261598 0.172728
227.446 391.338 0.00518751 -0.0130296 0.100521
172.5 201.329 0.0665877 0.00989903 0.00585029
171.588 205.19 0.0499089 0.0107334 0.00310694
168.717 217.783 0.0207939 0.00432522 0.0010972
465.329 421.729 0.0183395 -0.00151747 0.0246799
483.147 316.794 0.0324847 0.0222926 0.0282641
445.817 359.103 0.0030514 -0.00817964 0.0315225
442.213 359.515 0.000605286 -0.00210267 0.0147405
365.33 334.651 0.184809 0.0310351 0.00603141
367.688 321.545 0.127427 0.0224767 0.00421396
489.429 424.335 0.00136619 -0.00190321 0.0271414
216.36 319.105 0.0225518 0.00874191 0.0106549
67.66 262.164 8.48552e-005 -0.000200849 0.00151659
62.0614 261.719 7.05201e-005 -0.000177206 0.00132897
56.9095 263.183 4.44615e-005 -2.07019e-005 0.000246891
787.049 524.073 9.6497e-005 -0.00016384 0.00048763
306.278 305.9 0.00382821 -0.00502544 0.0307284
507.779 382.733 0.194821 0.0313067 0.00598886
178.135 274.156 0.0173235 0.00087175 0.00262379
401.824 397.147 0.0620041 -0.000183221 0.00711713
203.644 281.179 0.000468131 -0.000120534 0.00129967
216.12 282.521 0.000169856 -0.000103777 0.00119201
379.57 303.304 0.0101656 0.00129509 0.00285019
139.931 307.559 0.00802586 0.00308458 0.00882804
338.593 326.36 0.00860542 -0.00444653 0.0228527
340.026 325.013 0.00502547 0.00174988 0.0119998
424.689 417.527 0.0235801 0.0119408 0.0128873
424.601 415.513 0.00303036 -0.000512573 0.00472908
539.553 385.233 0.00309343 -0.00013271 0.00428953
402.028 355.778 0.00214564 -0.0079451 0.0512176
683.604 501.63 0.0039754 -0.0179057 0.102027
583.438 369.75 0.0259721 0.0155239 0.0132004
108.5 299.176 0.00484774 -0.000391607 0.0286417
752.5 521.686 0.00174498 -0.0021976 0.0105638
535.63 340.13 0.0442176 -0.000266229 0.00331935
311.392 399.906 0.00154715 -0.00778715 0.0458236
304.245 397.108 0.000385432 -0.00161493 0.00987485
275.381 391.699 0.000194821 -0.000807964 0.00424431
277.463 393.306 0.000113723 -0.000407664 0.00203066
369.99 407.892 0.00750821 -0.00237241 0.00705642
732.081 516.122 0.00365016 -0.000763367 0.0135432
238.283 285.18 0.00111973 0.000566402 0.00218021
333.263 297.952 0.000205159 -0.00015364 0.00125
316.825 296.87 8.18294e-005 -0.00013943 0.000789492
189.409 314.109 0.00377279 0.00351755 0.00745293
191.675 310.211 0.00152426 0.000698797 0.00246626
261.833 363.95 0.00633204 -0.0121249 0.0412591
444.605 380.711 0.0134039 -0.00883425 0.0275155
384.819 216.713 0.0904919 0.0118169 0.00323155
385.036 218.196 0.0704274 0.0114998 0.00228097
4.92009 254.336 0.00756767 0.000302823 0.001481
633.029 331.782 0.000831037 -0.00474954 0.0369769
670.773 337.5 0.00933365 0.00479161 0.0465775
476.329 342.1 0.071312 0.0155623 0.00472809
566.801 318.898 0.000864955 -0.00419978 0.0381983
617.613 368.534 0.002186 0.000156465 0.000787513
143.471 392.353 0.0100228 0.00591327 0.0450755
792.124 526.145 0.00284113 -0.00962706 0.0473347
793.005 524.963 0.00112766 -0.0017681 0.0112722
89.2708 325.583 0.0104062 -0.000914055 0.0106561
388.015 390.985 0.0474638 -0.00411158 0.0104175
385.23 388.14 0.00471186 -0.0013555 0.00568937
741.158 472.217 0.000292534 -0.00111889 0.00777613
472.645 273.5 0.0113636 -0.00588003 0.0192127
490.422 317.127 0.0436958 0.0046487 0.00450818
588.109 343.833 0.03088 0.00377122 0.00256722
553.357 364.762 0.00356568 -0.0066364 0.0904323
802.587 277.491 0.000536456 1.47021e-005 0.00898956
809.202 280.523 0.000373905 -0.000587809 0.00411991
812.528 280.966 0.000253704 -0.000261765 0.00260345
272.995 283.82 0.000758575 -0.000695832 0.00619102
481.045 311.318 0.0156147 0.0121974 0.0419271
385.197 412.106 0.008995 -0.0015574 0.0142405
386.765 412.378 0.0042711 -0.0022158 0.0117704
607.589 483.744 0.00454229 0.00312543 0.0286683
792.663 497.933 0.00208174 -0.00426975 0.0123542
413.435 312.984 0.043567 0.0050712 0.0138313
288.07 329.403 0.00287747 -0.00136852 0.00962244
672.833 374.344 0.00385008 0.000577047 0.000485075
350.118 386.864 0.00990917 0.00123698 0.0116391
240.227 401.182 0.00611815 0.00510779 0.0131007
247.435 402.722 0.00117296 -0.00045731 0.00555392
356.939 407.061 0.0293912 -0.00108339 0.0106501
800.942 490.244 0.00368519 -0.0162202 0.123305
799.477 489.407 0.00106924 -0.00226585 0.0339467
35.5758 556.682 0.00616772 0.00755077 0.0169785
553.392 473.069 0.0134316 0.00863219 0.0107074
376.316 271.408 0.10266 0.015515 0.00302502
264.922 322.705 0.00181855 -0.000155458 0.00106493
664.531 405.549 0.00166025 0.000251577 0.00319338
362.52 415.235 0.00461303 -0.0224777 0.145288
10.4167 309.875 0.00976199 0.000299168 0.00800384
322.223 317.926 0.0101237 0.00420484 0.0153835
239.827 360.765 0.013041 -0.0205831 0.0455953
438.158 426.705 0.00164733 -0.00148439 0.00808682
171.426 320.685 0.0138707 0.0239004 0.0527152
662.639 466.375 0.00347797 -0.0043891 0.0165179
833.652 482.826 0.00699849 -0.036938 0.221593
129.76 237.5 0.0613143 0.00968011 0.00276805
236.071 318.561 0.00165363 -0.000744567 0.00141686
233.339 317.479 0.000611337 -0.000137125 0.00127134
159.639 336.361 0.0438713 -0.00824029 0.0114463
510.573 266.866 0.0160751 0.0122817 0.0217669
193.828 304.598 0.0030016 -0.0120083 0.0883878
3.63333 282.344 0.0175261 0.000752756 0.0109478
529.811 480.085 0.000205389 0.000104827 0.00114445
476.537 468.227 3.93188e-005 -9.34944e-005 0.000550988
836.982 511.099 0.000994154 -0.000800084 0.00457087
725.972 529.538 0.0121967 0.000145732 0.0134485
310.814 430.147 0.0248107 -0.00308361 0.00424269
307.462 433.311 0.00446223 0.00156821 0.0032666
130.069 376.696 0.00496978 0.00100018 0.0176872
86.4808 543.519 0.0101099 -0.0119237 0.0287479
165.417 300.611 0.00781146 -0.00568431 0.0504751
365.808 438.821 0.00462301 0.00183186 0.00207009
18.2857 283.2 0.00212774 -0.0018109 0.0340611
111.987 310.962 0.0337373 0.00310995 0.00783447
110.125 308.67 0.00714543 -0.00248 0.00521278
286.412 350.147 0.0232752 -0.0164534 0.0319469
603.451 474.841 0.00464958 -0.0092404 0.0733106
136.636 297.517 0.00294187 -0.00842588 0.0538948
385.667 431.262 0.0192709 0.00295858 0.0125444
310.861 329.139 0.00446297 0.00258695 0.0168783
40.2317 364.549 0.00663051 -0.00478055 0.0415117
347.55 238 0.00526901 0.000667902 0.0529016
224.7 316.064 0.0147802 0.00323166 0.00542772
594.194 321.071 0.0051166 0.000646623 0.025167
333.032 384.449 0.00415876 -0.00355387 0.0234078
335.095 384.568 0.00199052 -0.000276764 0.00666618
660.523 479.295 0.0029906 -0.00954948 0.109458
691.56 495.41 0.00198875 -0.00324064 0.0512738
333.341 436.864 0.0150122 0.0132077 0.0148484
522.304 259.978 0.00780342 0.00146758 0.0221705
827.419 464.824 0.0075423 0.00368026 0.0507983
508.586 256.957 0.0030779 0.000268544 0.0175793
686.338 278.265 0.00382214 -0.00385905 0.0202486
538.011 261.713 0.00943531 -0.00772454 0.0286134
530.531 260.799 0.00126894 -0.00238945 0.020336
346.828 438.68 0.0103999 0.00752328 0.00736654
408.144 439.989 0.0114918 0.00704998 0.0234584
656.354 285.134 0.00776382 -0.00951244 0.045854
367.211 677.605 0.0119107 -0.00403832 0.0249434
45.7258 284.565 0.00164325 -0.00179991 0.0616708
810.071 351.949 0.0038432 -0.0239412 0.195399
158.864 387.422 0.00451516 0.00366204 0.00664954
572.481 263.797 0.000481946 -0.000473307 0.0059997
207.885 421.516 0.00221972 -0.00137928 0.00343693
213.418 423.244 0.000697986 -0.000525051 0.00246133
455.125 259.563 0.0209307 -0.00777032 0.0194764
716.842 271.468 0.00155017 4.84752e-005 0.00148064
718.187 272.856 0.000969893 -1.72428e-005 0.00141285
764.329 276.598 0.00451355 -0.00380873 0.0577046
755.84 273.712 0.0015122 -0.00128966 0.00478417
757.286 272.906 0.00117138 -0.000475741 0.00307314
79.3213 376.95 8.74628e-005 -0.000259724 0.00146595
88.364 379.631 5.982e-005 -0.000163663 0.000954862
457.142 617.276 0.00537868 0.000764499 0.0132264
614.009 265.773 0.00588189 -0.00486871 0.0258565
620.61 266.919 0.00161139 -0.00399452 0.0202227
628.708 268.25 0.0112317 -0.016213 0.0403526
663.826 267.804 0.0248037 -0.000229283 0.00773951
190.744 335.256 0.00502174 0.00198432 0.0157714
219.658 330.237 0.0171866 0.00917727 0.0161812
176.25 411.896 0.00651712 -0.000929394 0.0229498
176.486 411.554 0.00469963 0.000286525 0.0166571
353.472 281.139 0.00714851 -0.000290773 0.00672212
463.764 387.179 0.00772081 -0.000787868 0.00303281
676.089 269.232 0.00797429 -0.00111902 0.0131369
577.194 427.5 0.0147128 -0.0120539 0.0369839
402.528 369.194 0.0146187 -0.0126287 0.0308849
559 357.62 0.00285946 -0.00697302 0.0511772
153.028 226.361 0.011195 0.00384355 0.0392587
294.438 384.406 0.0181777 -0.00161592 0.0307315
37.2952 298.355 0.027665 0.00699962 0.00430744
180.214 369.357 0.0251233 0.0146558 0.0175195
24.1154 341.085 0.00392913 -0.000977209 0.0286122
167.744 366.28 0.0440509 0.0141298 0.00873004
486.122 381.608 0.0208287 0.00731688 0.0140953
