1.0
249
373.337 100.418 0.000320692 1.06705e-005 7.49896e-005
12.6071 74.6071 0.00123504 -0.000437174 0.00109959
291.921 117.458 0.000283133 -1.15323e-005 5.11122e-005
869.319 277.192 0.000199009 -7.66955e-005 0.0103321
886.114 79.5292 0.00144111 0.000910465 0.00465153
145.565 117.452 0.00949036 -0.000466577 0.0156466
150.816 205.211 0.0223421 0.00334789 0.0178397
5.85088 102.693 0.00476492 4.93663e-005 0.00469649
832.723 112.48 0.00154453 0.00997044 0.0660315
836.078 111.658 0.000443519 0.00249756 0.0154487
804.857 276.244 0.000325485 -0.000225516 0.010747
863.161 83.8757 0.00311392 0.000537761 0.00508109
859.194 84.8395 0.00139165 0.000712349 0.00420739
858.168 81.0109 0.00104483 -1.65224e-005 0.000811982
858.007 79.5986 0.00105088 -1.66981e-005 0.000734164
816.364 91.528 0.00134932 0.000965027 0.0057979
816.051 88.2874 0.00112014 9.7444e-005 0.00123919
815.207 86.0678 0.00104494 -6.06499e-005 0.00095485
84.0472 200.575 0.0213365 0.00062448 0.00953382
142.664 207.157 0.0120795 -0.00270647 0.0110572
349.824 83.3115 0.00159674 0.000305496 0.000107223
126.643 116.867 0.0121799 0.000742249 0.0176995
135.761 117.087 0.0121181 -0.00282696 0.0216471
149.742 186.097 0.0174885 -0.000800076 0.00845894
429.978 54.4872 0.00233548 0.000413815 0.000119952
792.982 95.2561 0.0027956 0.000641054 0.00704513
791.093 95.4043 0.00176626 0.000293078 0.00667429
789.058 95.3165 0.00137195 5.19529e-005 0.00503096
786.076 90.494 0.00134203 -0.00032704 0.00103117
148.828 173.067 0.0155985 -0.000941899 0.00807843
83.2414 190.603 0.0175169 -0.000905536 0.00963137
295.447 31.3158 0.0391057 0.00491346 0.00654186
150.395 196.553 0.0182698 -0.00253666 0.00999121
834.128 242.574 5.37897e-005 -3.05781e-005 0.000186347
16.3696 10.0435 0.0138159 -0.00441976 0.0169338
11.255 12.0425 0.00123621 -0.000173681 0.0018108
12.4831 19.9275 0.00085429 0.0002108 0.000421078
6.73729 35.6017 0.00413345 0.00031571 0.0145243
6.14327 35.8626 0.00303237 0.000367841 0.00208665
139 162.5 0.0117188 0 0.00925926
619.857 310.043 0.00225205 -0.00301596 0.0566201
160.855 14.8115 0.000682968 0.000272081 0.000742911
71.1157 24.3007 0.0160027 -0.000996471 0.000385649
194.082 158.709 0.0921774 -0.00535362 0.00128826
195.197 163.3 0.00922537 0.000384821 0.000356087
140.82 186.38 0.0106624 -0.000806257 0.0091776
227.174 173.261 0.00858723 0.00826809 0.0311084
761.417 299.583 0.0259946 0.00116238 0.0057202
322.833 143.167 0.0296554 -0.00208183 0.00389914
31.0417 11.5417 0.0118151 -5.82547e-005 0.0161365
170.365 90.0473 0.0131474 0.0002506 0.000243665
766.328 55.0619 0.0159549 -0.000410659 7.06525e-005
763.849 55.0989 0.0035942 -0.000112354 6.12522e-005
211.472 63.6606 0.00642414 0.000374935 0.000188172
176.082 171.281 0.0131375 0.000286738 0.00033799
353.845 159.536 0.00712784 0.00637408 0.0260993
321.542 123.194 0.0308541 0.000878513 0.00357593
198.283 108.174 0.0126047 0.0149498 0.0217136
189.494 77.8533 0.00989262 0.000379135 0.000216697
344.25 162.068 0.0345746 -0.00116295 0.00826127
323.278 156.856 0.0347977 0.00587065 0.00846926
220.629 73.9194 0.0887036 -0.00239587 0.00635261
145.052 104.948 0.0138121 -0.000641295 0.0107808
216.081 100.919 0.0144596 0.0203928 0.0442016
218.75 75.3088 0.0161438 0.00212958 0.00590126
840.049 88.9066 0.0215219 0.000692571 0.00321475
180.531 159.125 0.0239365 0.000535066 0.012345
862.153 7.8696 0.000347774 0.000758284 0.00441295
863.088 9.2428 0.000272395 0.00048747 0.00291506
844.581 34.0321 4.35395e-005 -4.70188e-006 8.01752e-005
881.873 198.324 0.00489103 0.000264891 0.0199784
887.132 198.895 0.00144537 0.000118357 0.00290634
878.673 199.348 0.000208968 -0.000297982 0.00324114
225.561 71.4697 0.0849443 0.00270348 0.00608657
801.774 23.2618 0.000415383 0.00071691 0.00291618
883 262.5 0.000648789 0 0.75
770.695 204.462 0.00293004 -0.00147301 0.00821649
779.986 53.9299 0.0128617 0.000363469 0.000948849
781.331 54.5357 0.00298446 0.000201127 0.000847744
217.53 88.8333 0.0872607 0.00136846 0.00608615
891.635 151.095 0.00586703 0.0105882 0.0833405
520.622 4.84146 0.0200852 0.0421759 0.101729
852.7 35.9333 0.00186148 0.000868998 0.00101191
854.16 32.8455 0.00154122 0.000772891 0.00101917
813.216 45.25 0.00193266 0.00034995 0.00166969
797.056 6.98301 0.000241598 0.000443087 0.00337118
320.067 134.2 0.00700193 0.00680049 0.025206
770.5 31 0.75 0 0.000578704
221.271 72.2708 0.00604382 -0.000721692 0.00118008
219.655 80.5922 0.00478637 0.000556718 0.000527676
177.575 88.4811 0.0203032 0.00345572 0.00211229
177.12 99.101 0.00880655 0.00028808 0.000355857
771.5 75 0.75 0 0.00046875
771.275 63.8694 0.34266 -0.00701015 0.000211937
791.573 34.3158 0.000137091 6.4048e-005 8.38709e-005
823.86 66.4269 0.000446641 0.000135507 0.000111828
838.253 58.4233 5.93084e-005 2.68775e-005 0.000118821
847.768 89.5037 7.02401e-005 2.93815e-005 0.00018288
856.634 64.0164 0.000156859 4.32006e-005 0.0001058
178.782 19.6294 0.0179831 0.0203861 0.0235481
178.416 19.4637 0.00835267 0.00919472 0.0105243
218.372 91.9255 0.0125527 -0.00350097 0.00448428
830.786 248.5 0.115579 -0.00125038 0.000239477
832.068 251.424 0.0206148 -0.00025347 0.000231291
849.604 269.102 0.000225457 -0.000157082 0.000257085
813.35 274.376 6.55664e-005 1.40124e-005 0.000168191
818.305 283.012 0.00173537 -0.000520535 0.18774
183.522 172.63 0.0155373 0.0032455 0.00341851
183.628 170.535 0.0126393 0.00132619 0.00171722
182.518 175.447 0.0060257 -0.000127802 0.000640056
782.107 279.688 0.000518103 -0.000654581 0.00231182
790.495 281.93 0.000210013 -0.000318628 0.00174375
793.316 286.929 0.00112184 -0.0045239 0.208657
834.082 248.316 0.206926 -0.00209438 0.000281163
868.183 284.389 0.000275243 -0.0038358 0.161415
866.873 285.578 0.000210083 -0.000363051 0.0235147
239.545 70.8515 0.00470761 0.000474811 0.000281569
328.282 169.935 0.00329044 4.00883e-005 0.00771333
326.604 152.922 0.00194516 -0.000391478 0.000248528
838.07 56.51 0.0673078 -0.00285762 0.000926806
806.645 72.3548 0.0161942 0.00142376 0.00849703
837.476 31.8415 0.084506 0.000875591 0.00399655
406.694 7.58333 0.0337681 0.00017041 0.00717217
889.358 55.2434 0.00303789 0.0021755 0.0147595
261.396 381.724 0.00332049 -0.00229757 0.0325566
259.322 382.144 0.00202676 -0.000452244 0.0249939
239.731 31.2885 0.0267903 0.00798214 0.00490351
888.634 67.1816 0.00248411 0.000840301 0.00739299
888.556 19.162 0.00284275 0.00238398 0.0114648
195.244 108.115 0.0248567 0.0406129 0.0768415
33.3913 267.63 0.0149691 0.00847529 0.0124642
34.2008 268.508 0.00293567 0.000746343 0.00717959
218.393 51.0744 0.00449625 0.000788218 0.00160468
196.39 79.8896 0.00540076 -8.99599e-005 0.000335955
224.956 149.507 0.00429864 0.000111579 0.00128023
225.186 154.126 0.00408065 -4.44085e-005 0.000659546
246.419 139.802 0.0362357 -0.000643384 0.00135339
246.526 142.533 0.020785 -0.00087859 0.000952386
246.69 147.875 0.016318 -0.000379234 0.000297631
226.646 176.646 0.00306595 0.0015475 0.0207167
202.23 164.859 0.00568561 -0.000202698 0.000547994
50.1087 266.826 0.01309 -0.0079462 0.0167067
59.473 270.851 0.0115927 0.00521351 0.0213751
793.827 17.2494 0.000188305 7.72898e-005 0.000135093
811.115 210.305 2.95175e-005 3.46697e-005 0.000261518
79.6346 103.712 0.151638 -0.00856951 0.00164293
362.449 21.7564 0.0125111 0.0127349 0.0371717
31.8367 60.4698 0.000685767 -5.79021e-005 6.2691e-005
31.26 62.115 0.000625673 -5.80708e-005 5.58045e-005
30.381 64.294 0.000558924 -5.78311e-005 5.08197e-005
28.8094 65.9853 0.000475601 -5.2194e-005 4.63674e-005
288.158 182.553 0.223647 -0.0148894 0.00214809
281.717 189.645 0.0581549 -0.00355177 0.00194034
525.853 112.25 0.00199657 0.00700846 0.0374238
532.065 133.546 0.000637704 -0.000193872 0.000184926
523.487 70.2264 0.000455858 -6.05638e-005 3.75009e-005
749.818 278.129 0.00593129 -0.00138925 0.00262328
750.589 277.571 0.00554684 -0.00131563 0.00154157
7.60526 270.842 0.0118137 -0.00599149 0.0250867
749.913 292.421 0.0185506 -0.00960385 0.012605
15.0714 1.87143 0.00683679 -0.00302527 0.0330012
94.3431 224.892 0.0145486 0.0140655 0.0196308
875.535 271.528 0.000304834 0.000482015 0.0868613
875.017 267.178 0.00028765 -7.44186e-005 0.00508237
208.675 295.7 0.0146083 0.0134402 0.0300042
372.584 83.5894 5.43343e-005 2.29834e-005 2.91955e-005
876.5 263.5 0.00033952 0 0.75
409.793 366.897 0.00240511 0.00356376 0.0551343
877.5 252.5 0.00037037 0 0.75
883.5 261.5 0.000688705 0 0.75
790.718 295.996 0.000284157 -0.000166742 0.00652841
874.5 254.5 0.000288351 0 0.75
877.5 245.5 0.000493097 0 0.75
870.154 243.316 0.000429296 -0.000373628 0.0191014
871 268.5 0.00042517 0 0.75
208.096 374.377 0.00749741 0.00483233 0.0142165
875 247.5 0.0003 0 0.75
861.167 237.967 0.00120946 -0.00233365 0.108863
161.891 291.563 0.00719682 -0.011391 0.0377259
190.955 372.3 0.0104084 0.00668261 0.0204
71.7632 282.643 3.59607e-005 0.000153048 0.00778936
875 256.5 0.0003 0 0.75
150.636 282.545 0.00434974 -0.0150555 0.0760425
137.083 236.694 0.00752369 0.0131702 0.0232203
25.9474 255.645 0.00488965 0.00263352 0.0115736
15.3947 83.6316 0.0170842 0.00758569 0.0151543
343.75 6.73 0.00157213 0.00177682 0.00488652
82.606 100.785 0.013385 -0.00104142 0.0001017
79.1252 89.6135 0.00267288 -0.000301791 5.14608e-005
78.401 88.842 0.00243142 -0.000262622 4.41625e-005
133.89 74.939 0.00159177 -0.0124122 0.261958
134.023 75.5935 0.00105867 -0.00329395 0.0520503
866 240.5 0.000732422 0 0.75
868.5 249.5 0.000547845 0 0.75
875.845 250.168 0.000293268 0.000161582 0.0183947
873.019 248.999 0.000317321 -0.00019119 0.00165514
872.981 255.562 0.00029999 -6.78558e-005 0.000604794
178.23 315.183 0.0284906 -0.0140894 0.00841898
724.474 356.385 0.00362289 0.0152076 0.0865671
724.732 356.205 0.00243203 0.00903806 0.0511488
729.183 355.235 0.00143688 0.00592652 0.0340128
524.394 280.287 0.0141015 -0.0029238 0.0162488
523.984 279.938 0.0111038 -0.00378754 0.0126207
543.69 293.586 0.0349524 -0.000239448 0.00491755
64.8162 22.1522 0.0210371 -0.00264561 0.000611774
690.446 279.473 0.108393 -0.0299743 0.00984507
303.141 294.574 0.000450161 0.000187643 0.000529302
471.541 284.929 0.0591115 -0.0504824 0.0463777
470.557 291.602 0.00106722 -0.000724278 0.00105527
155.946 491.616 4.90097e-005 0.00021011 0.0010896
362.713 10.9468 0.0330932 0.062427 0.119261
652.971 276.167 0.0146928 -0.0115129 0.0218957
654.695 285.236 0.00287824 -0.000360534 0.000894657
142.456 178.786 0.00111659 0.0018644 0.0140054
9.525 258.3 0.0106915 -0.00145502 0.0188919
780.007 337.157 0.00789464 0.00429588 0.0132231
646.081 169.616 0.00397481 -0.0027292 0.072594
509.21 289.36 0.00522308 -0.00546936 0.00783168
135.692 101.272 0.000738769 -0.000110681 0.000504528
860.25 351.192 0.0174129 0.00139327 0.006159
148.337 20.6972 9.01757e-005 4.54112e-005 0.000413731
166.6 318.433 0.172789 -0.0713303 0.0299895
816.423 370.936 0.0135117 -0.00126519 0.0133056
355.592 10.3289 0.0425151 0.0777109 0.143756
544.084 307.223 0.0372875 -0.0365962 0.0372738
789.336 363.318 0.0202656 0.016977 0.0187524
711.525 284.556 0.000785895 -0.000548396 0.00111111
336.396 303.806 0.00276886 7.92063e-005 0.000433045
336.404 302.922 0.00247574 5.30181e-005 0.000369533
527.5 317.417 0.013048 -0.00992062 0.0252245
527.993 317.804 0.00931408 -0.00581937 0.0160154
697.63 261.913 0.00064953 -0.00118105 0.153579
214.868 315.473 0.00225611 0.000553429 0.00540765
330.929 464.167 0.100228 -0.0280767 0.0105197
54.4 10.38 0.0704587 0.00475329 0.00257301
711.122 342.851 0.0274039 -0.00257733 0.00403018
73.4446 359.565 0.00051527 0.00540796 0.0622719
508.416 368.816 0.000267934 0.000267944 0.00227865
314.085 438.524 0.0166603 -0.0192585 0.0422201
660.549 320.992 0.0106945 -0.0053235 0.0158727
629 169.5 0.00382653 0 0.0833333
698.569 350.431 0.00794742 0.000322158 0.0137152
699.333 312.481 0.00492361 -0.00136176 0.0306507
349.538 264.738 0.00349228 -0.011218 0.0540756
651.891 115.174 0.0427137 0.00361532 0.00622235
52.9583 185.146 0.0261525 0.0049879 0.00729408
728.169 340.596 0.00124738 0.000423115 0.00359344
473.421 371.601 0.00816915 -0.000551432 0.00862787
620.548 160.619 0.0125061 0.00575499 0.00823454
