1.0
896
674.8 220.452 0.00267779 -0.000176992 1.4366e-005
25.6244 549.491 0.000158353 2.92322e-005 8.29716e-005
28.615 565.511 0.000143606 1.42821e-005 4.48923e-005
183.335 602.986 0.00276443 0.000658666 0.000276215
534.625 434.475 0.0135209 0.00844917 0.00555986
499.705 463.081 0.000554834 0.000332775 0.000213743
523.917 472.833 0.0205794 0.00720626 0.0100992
705.691 609.4 0.0174352 -0.00101488 0.000352012
706.591 607.626 0.00663477 -0.000153596 0.000313595
722.184 607.653 0.000123388 1.80171e-005 0.000274226
16.0905 23.4753 0.00671156 0.00451825 0.00336595
582.467 365.172 0.029952 -0.0127037 0.00875447
36.0768 427.622 0.00079321 0.000312691 0.000159306
77.7268 462.343 0.000868013 0.000442305 0.000352251
98.8079 428.512 0.000926796 0.000528981 0.0003272
120.791 575.434 0.00093956 0.000277069 0.000152509
104.464 628.698 0.0035337 -0.00136322 0.00608083
63.6399 169.097 0.000229775 0.000235979 0.000303295
642.935 261.391 0.0262889 -0.00716981 0.00520663
51.4194 302.269 0.00551792 0.00316856 0.00387317
45.1509 312.577 0.00249016 0.00147301 0.00114673
616.047 582.034 0.00676363 0.00400262 0.00265886
611.853 586 0.00329435 0.00211535 0.00161187
276.765 606.986 7.99015e-005 -1.15108e-005 0.000340577
276.309 602.95 0.000100695 -7.03906e-006 0.000321727
267.192 598.889 0.000109796 -3.20016e-005 0.000329366
36.8182 326.614 0.00385635 0.000696478 0.00158189
169.26 71.5905 0.000322114 0.000254073 0.000495105
174.249 68.7832 0.000234556 0.000230314 0.00048377
209.716 49.2634 0.000174564 0.000280377 0.000530398
88.8971 539.279 0.0367552 -0.0138603 0.0073524
40.9036 257.866 0.000937953 0.000784285 0.000718491
3.51695 304.398 0.0195039 -0.00877161 0.0110594
95.6845 366.694 0.00752161 0.00137065 0.00584419
16.881 385.325 0.0193869 0.0147866 0.0174852
74.935 404.01 0.0190002 0.00995683 0.00574392
35.7252 52.6791 0.000317906 0.000163155 0.000140076
89.4216 376.99 0.00949136 -0.00114712 0.0114823
231.711 493.337 0.00377826 0.00171834 0.00206287
237.468 478.353 0.00366011 0.00158689 0.000889869
586.472 633.007 0.0274994 0.014252 0.0108868
115.193 335.373 0.00376587 0.00216179 0.00317331
262.308 481.743 0.00442627 -0.000106701 0.000227184
131.229 313.927 0.00722609 -0.00108958 0.00619148
159.706 463.885 0.000626897 0.000130263 7.34803e-005
196.928 402.917 0.000337476 0.00018258 0.000109528
192.749 417.901 0.000333576 0.000166151 9.46653e-005
228.082 577.285 0.0662183 -0.00325527 0.00094327
334.176 568.359 0.00440143 0.0038098 0.00407955
405.763 444.311 0.00278543 0.00152706 0.000846847
99.3323 566.884 0.00676181 0.0012637 0.00044291
231.371 426.421 0.00184937 0.000683796 0.000269268
711.483 543.793 0.022065 -0.00654128 0.00695407
160.398 601.96 0.00181557 0.000558712 0.000283747
157.9 604.643 0.000147478 6.43515e-005 0.000153011
145.017 348.476 0.00973898 0.00548056 0.00346646
721.936 543.705 0.0125109 -0.0102256 0.0206927
152.769 229.155 0.00433269 0.00857499 0.0186112
221.288 354.515 0.00361457 0.00168166 0.00119486
67.3704 638.167 0.00343706 -0.000291169 0.0373175
766.847 485.745 0.0116663 -0.009971 0.0190409
84.4143 562.3 0.0231641 0.00555456 0.00411319
458.167 570.146 0.00480238 -0.00413029 0.0172522
17.6717 257.217 0.00855223 0.00959817 0.0115059
184.653 292.431 4.46199e-005 2.77626e-005 3.4757e-005
292.813 569.5 0.0450277 0.0207257 0.0203702
141.515 36.7264 0.000462453 0.000585351 0.000872786
103.269 77.2264 0.00041301 0.000399847 0.000406036
705.146 458.008 0.00868425 0.00325574 0.00909879
271.86 464.422 9.17242e-005 3.42227e-005 8.43563e-005
285.122 476.241 4.74712e-005 -3.34239e-006 4.2713e-005
598.7 481.425 0.0703779 0.0269567 0.0134813
720.648 491.541 0.00076793 0.000235023 0.000621424
274.765 590.912 0.00746264 0.00432529 0.0039412
600.969 595.112 0.0918738 0.0565208 0.0367736
206.304 375.875 0.0271422 -0.0203339 0.0193042
739.077 500.965 0.00765211 -0.00587548 0.012221
35.3174 148.242 0.00190131 0.00140194 0.00111751
675.143 469.833 0.0407336 0.0160804 0.00851598
152.456 205.949 0.000519755 0.000641633 0.0015045
149.661 212.577 0.000335171 0.00052063 0.000919746
86.5123 254.698 0.00413817 0.00719583 0.0135949
276.03 405.572 0.00660122 0.00505214 0.0134291
719.677 529.473 0.00974753 -0.0081423 0.00850228
223.926 539.87 0.0856952 0.02132 0.00656018
260.713 549.704 0.0114065 0.00829443 0.00721513
283.008 593.136 0.0123919 0.00681886 0.00555575
137.603 508.244 0.0033756 -0.000497216 0.000914178
266.955 540.833 0.0250846 0.00197892 0.018235
285.849 419.407 0.125939 0.0517149 0.0227464
433.96 635.9 0.00114881 0.00136891 0.0106979
674.235 627.416 0.0533528 0.0327359 0.021243
452.057 41.4552 0.00107347 0.000558467 0.000625917
439.286 30.2794 0.000188048 2.95771e-005 0.000186025
331.169 228.778 0.00319911 0.00210985 0.00153922
333.646 226.053 0.00243551 0.00169811 0.00128894
352.693 204.033 0.00156013 0.00126645 0.00107637
122.496 275.958 0.00132945 0.00126043 0.00125223
269.532 526.081 0.0161403 -0.017919 0.0491912
172.909 141.045 0.0602963 -0.0584357 0.0595194
180.432 141.63 0.00162742 -0.00212168 0.00398658
181.521 297.695 0.00188297 0.000830798 0.000407893
295.254 394.11 0.0123487 0.0094514 0.00883369
196.43 630.7 0.0121798 0.00874506 0.00842701
319.173 626.052 0.00044261 0.000421031 0.00116231
319.124 625.424 0.00037593 0.000359486 0.00105676
378.268 627.662 0.000250967 6.44383e-005 0.00117736
388.21 628.477 0.000104615 -9.58371e-005 0.00111714
283.544 307.081 0.00664767 -0.00037959 0.00433542
169.69 391.879 0.00795436 0.00550146 0.00390318
686.475 543.225 0.0152137 -0.00842922 0.0114032
255.727 178.061 0.0101081 -0.0251869 0.0716931
304.266 270.372 0.0267228 -0.022218 0.0265173
329.25 359.35 0.0153315 -0.00612658 0.0158578
356.528 47.75 0.0986826 0.0798515 0.068268
660.245 548.585 0.0190211 -0.0354719 0.0742298
71.7642 621.104 0.0262825 0.00223828 0.00243928
566.3 470.243 0.0361335 0.00842316 0.0138779
171.031 531.418 0.00911729 -0.0189607 0.0604426
211.26 635.06 0.0265069 0.0142253 0.0133526
381.479 327.621 0.000957153 0.00059122 0.00285626
378.859 331.203 0.000951619 0.000523136 0.00104527
347.783 400.42 0.00522856 0.00247014 0.00199379
356.985 388.179 0.00301394 0.0020993 0.00161194
279.444 317.5 0.0253238 -0.0196009 0.0278832
328.815 502.892 0.00115469 0.000427743 0.000253374
356.015 490.17 0.0121418 0.0120485 0.0127685
613.185 500.139 0.0332469 0.0114527 0.00527288
317.582 407.871 0.0060291 0.00245329 0.00148842
401.125 280.925 0.0557012 -0.00324169 0.00482595
295.326 284.601 0.00797284 -0.00289268 0.00625397
385.638 401.242 0.00114114 0.000672308 0.000528971
611.04 489.649 0.0024478 0.000776653 0.000290809
608.696 496.123 0.000573924 0.000160721 8.48275e-005
594.647 513.686 0.00023358 9.60681e-005 6.27446e-005
671.409 597.659 0.0998556 0.0592728 0.0376443
461.643 184.783 0.00393769 0.00296876 0.00248882
473.089 176.296 0.000960688 0.000764334 0.000696749
321.253 347.967 0.027006 0.00548987 0.00146589
278.064 589.664 0.0385742 0.0198147 0.0116023
225.071 636.5 0.00958872 0.00383883 0.0152444
289.48 368.363 0.120923 0.0394314 0.0140154
86.4286 471.929 0.174073 0.0844236 0.042295
367.664 57.5714 0.0054315 0.00142173 0.00123362
257.015 296.485 0.0323632 0.0224404 0.0159818
376.296 361.296 0.00481542 0.003545 0.0238708
492.045 512.477 0.0322987 -0.0104786 0.0107399
619.547 525.919 0.102621 0.0627545 0.0406843
502.644 545.254 0.00674068 0.0060595 0.00854108
492.279 611.809 0.114929 0.0578001 0.0297123
571.516 499.349 0.0219267 0.0141769 0.0103593
350.13 576.435 0.00489532 0.0030665 0.00318159
349.976 575.901 0.0038106 0.00245595 0.00253484
352.378 572.318 0.00267114 0.00167283 0.00153485
462.963 601.744 0.0493585 0.0152775 0.010101
464.259 601.247 0.0127239 0.00608957 0.00715073
201.418 107.843 0.000357393 4.28882e-005 0.000181932
213.915 117.159 0.000126748 -5.70603e-005 0.000145877
470.082 255.478 0.00258401 0.00241102 0.00271242
560.992 263.469 0.0100106 0.00674694 0.00469447
476.037 287.358 0.00528874 0.000174509 0.00167665
475.909 286.683 0.00419252 0.000162381 0.00132377
405.404 354.346 0.0336195 -0.000546334 0.00471151
505.095 515.538 0.0405904 0.0215941 0.0134619
499.955 526.674 0.0266414 0.0120029 0.0056736
500.244 536.797 0.00245821 0.000613213 0.000442615
439.292 619.513 0.0124459 0.0049374 0.00767832
609.008 631.627 0.0343689 0.0202359 0.0144126
616.395 630.925 0.0013434 0.000102854 0.00154618
598.337 89.6096 0.00477152 0.00233483 0.00122373
538.943 200.722 0.00305094 0.00202049 0.00236818
396.633 344.944 0.0090149 0.00137059 0.0132982
371.106 344.739 0.00961526 0.0151925 0.0281331
431.167 161.792 0.0600965 0.0572105 0.0579277
371.194 225.399 0.00217938 0.000979652 0.000984737
414.786 188.856 0.000193123 0.000219781 0.000277237
512.326 555.028 0.0100562 0.00594791 0.00408614
447.386 626.443 0.0130028 -0.000780848 0.0348784
411.765 632.98 0.0138833 0.00868724 0.0085671
414.481 631.823 0.00392207 0.00332868 0.0063598
83.8182 22.2182 0.0952628 0.0679798 0.0488791
188.909 143.795 0.0236403 -0.0152701 0.0215743
385.013 258.487 0.0330608 0.0123876 0.00604825
392.019 246.551 0.0045713 0.00260226 0.00168936
354.127 416.44 0.00561833 -0.00138376 0.00882879
574.524 451.405 0.0357681 0.0137687 0.00798113
489.797 525.656 0.0345539 0.014429 0.0094624
490.713 520.7 0.0129545 0.00263583 0.0016113
467.095 6.92857 0.0160444 -0.000134138 0.0170703
577.563 87.1835 0.0341427 0.016787 0.0104862
572.941 98.2986 0.0155361 0.00740713 0.00390426
551.278 176.426 0.015923 0.00372733 0.00528888
427.39 197.021 0.00158583 -0.00025922 0.0120394
497.25 215.72 0.0118469 0.00905899 0.0106888
501.726 210.303 0.00164177 0.000774441 0.000939204
482.339 393.413 0.000494319 0.000297153 0.00125149
623.21 633.935 0.0117434 0.00144644 0.00532001
257.152 155.152 0.101994 0.103896 0.106655
377.817 244.119 0.00887358 0.00355587 0.00673076
562.833 448.097 0.03466 0.0163241 0.00996641
236.235 637.912 0.0119724 0.00309992 0.0367777
507.5 102.84 0.0218281 0.0423601 0.088428
528.448 160.319 0.00647955 0.00479793 0.00431074
529.25 159.366 0.00457483 0.00322863 0.00288585
530.406 158.293 0.0031328 0.00214796 0.00196356
551.381 214.344 0.0262259 0.0199816 0.0166861
544.905 226.948 0.00644455 0.00375796 0.0024141
603.924 256.988 0.0160976 0.00897927 0.00597354
511.253 293.582 0.00220134 0.000793897 0.000389868
511.718 300.181 0.00146533 0.000403079 0.000225412
491.602 544.684 0.0872225 0.0204451 0.00638791
695.13 579.945 0.00325106 0.0018276 0.00432274
694.902 571.207 0.000953958 5.83115e-005 0.000689122
687.223 567.345 0.000424143 -0.000120961 0.000668149
506.3 634.6 0.036479 0.00768016 0.008907
575.538 164.623 0.0166986 0.0123978 0.00978357
557.956 182.415 0.00266741 0.00245888 0.00240992
541.35 513.279 0.0253843 0.0197358 0.0168713
540.825 515.759 0.0117662 0.00641605 0.00419916
276.284 549.581 0.048536 0.0398145 0.0384728
397.298 219.06 0.0117302 0.0107604 0.0114002
367.524 300.085 0.0268177 -0.0115336 0.0120514
574.205 475.83 0.0361904 0.0162381 0.00882002
572.511 480.167 0.0140381 0.00701472 0.00417377
514.526 617.132 0.0718361 0.0283689 0.0152699
390.386 284.696 0.00132537 0.000815067 0.00136611
4.15854 414.256 0.108584 0.0523085 0.0275305
424.817 458.247 0.00217791 0.00154852 0.00120871
508.597 608.887 0.0559566 0.0450583 0.0373383
507.207 612.559 0.0137873 0.00941705 0.00700634
654.506 601.218 0.000851135 0.000390344 0.000434183
540.614 636.045 0.0164819 0.00678782 0.0126671
508.203 6.80488 0.00203071 0.00140962 0.00516257
500.387 9.44239 0.000946964 0.00134388 0.00432653
566.619 158.282 0.0167103 0.0136702 0.0145486
545.429 336.095 0.0281708 0.0231355 0.0291112
645.368 402.605 0.0846306 0.0465681 0.0266841
594.938 414.625 0.0271939 0.0075036 0.00732211
519.947 501.026 0.118637 0.0519354 0.0248973
543.115 575.679 0.0371531 0.0140211 0.0137846
493.444 249.407 0.0377862 0.0026652 0.00297946
404.613 254.306 0.0314397 0.0173582 0.012882
405.29 252.145 0.0157546 0.00832756 0.00550262
538.797 499.378 0.0200444 0.0173106 0.0152641
531.966 549.068 0.0994477 0.0551774 0.0310822
672.719 562.833 0.0058211 0.00136911 0.00126198
510.136 593.032 0.0320343 0.0186396 0.0120951
550.76 52.3831 0.0137275 -0.00461233 0.00324403
571.584 206.268 0.00675709 0.00535535 0.00449653
590.915 245.123 0.0057864 0.00994592 0.0364816
174.989 457.532 0.00195442 0.000552302 0.000354106
533.848 583.174 0.0523849 0.0320461 0.0233477
539.345 577.845 0.00954856 0.00782829 0.00801764
564.899 70.0276 0.0244247 0.006384 0.00230973
566.722 61.0775 0.01706 0.00438284 0.00127324
563.665 58.7637 0.00115447 0.000260489 0.000196536
516.833 631.993 0.0246064 0.00937048 0.00630484
734.275 388.4 0.0543841 0.00503146 0.00539711
608.224 439.534 0.0408928 0.0193216 0.011829
570.597 626.056 0.00527697 0.00214512 0.00232278
586.929 9.19048 0.03392 0.00976975 0.00457866
584.942 17.1053 0.0254181 0.00702764 0.00247464
491.797 568.014 0.0858069 0.00374828 0.00253231
485.196 13.7143 0.0169321 0.010686 0.0160502
487.571 12.9841 0.00806766 0.00580163 0.00805528
623.646 400.021 0.043022 0.0210138 0.0144193
532.882 561.224 0.0144497 0.00931539 0.00827256
496.402 95.951 0.0430037 0.0167327 0.0102047
526.241 331.981 0.0247086 0.0135315 0.00995186
797.342 560.947 0.0177637 -0.000952734 0.0132045
485.599 613.929 0.0482705 0.0209222 0.00970675
488.898 612.456 0.00773725 0.00399676 0.00253405
569.026 538.526 0.089655 0.00116617 0.00269533
625.471 408.729 0.0742808 0.0345837 0.0219963
622.626 409.581 0.00749345 0.00192761 0.00119186
373.744 569.402 0.0309963 -0.00785877 0.00607925
212.553 525.145 0.00775923 0.00292627 0.00339414
628.674 601.746 0.0604183 0.0246104 0.0109511
632.573 362.207 0.0919866 0.0590553 0.0406054
618.061 391.037 0.0904001 0.0510598 0.0317266
552.763 542.956 0.0225597 0.00594039 0.00583124
554.446 584.068 0.055014 0.0256447 0.0162513
494.412 81.5294 0.0169503 0.00746371 0.00836047
241.671 111.915 0.0317655 0.00135998 0.00856112
244.664 113.672 0.00629581 -0.000485474 0.00275032
321.865 179.578 0.00638105 0.00454986 0.00933591
435.192 305.231 0.0272806 0.0048196 0.00325076
557.605 10.6053 0.177159 0.0511947 0.0162814
416.476 273.262 0.0347771 0.0032172 0.00279496
425.156 479.5 0.0533785 0.0327578 0.0219839
597.942 391.64 0.132976 0.066122 0.0344462
595.472 397.113 0.0817087 0.0399214 0.0197927
247.167 116.269 0.0649971 0.0197914 0.0106944
589.418 385.025 0.0684128 0.0387505 0.0235296
589.011 388.752 0.012395 0.00453704 0.00269456
758.364 381.636 0.0205175 -0.00432276 0.00816958
599.413 360.435 0.111036 0.0516424 0.0257774
516.636 45.4091 0.0187033 0.00482439 0.00512511
761.191 415.747 0.0039982 -0.00017858 0.00549988
604.887 425.355 0.051482 0.018951 0.00817317
476.592 618.8 0.030825 0.0138469 0.00703709
646.731 328.475 0.0137856 0.0056141 0.00407033
795.731 438.526 0.0206756 -0.00176138 0.00790725
511.37 62.0195 0.0104191 0.000511042 0.0036121
612.431 353.06 0.0430614 0.0232367 0.0131444
611.136 11.75 0.177868 0.0625636 0.0231389
536.214 33.1857 0.087177 0.0569469 0.0415019
540.528 4 0.0379894 0.0259889 0.0265001
535.688 11.7396 0.0340704 0.0217292 0.0147108
617.593 371.895 0.0462632 0.0215609 0.0105947
547.745 5.2551 0.0339803 0.026054 0.024357
533.44 30.38 0.125864 0.067708 0.0375046
527.1 52.7286 0.0805211 0.0540572 0.0405377
545.87 20.821 0.025133 0.00538144 0.00384451
776.893 369.988 0.00326136 -0.00131278 0.0107427
786.57 394.693 0.0115542 -0.00243023 0.011657
236.767 90.3444 0.0631359 0.0304897 0.0176009
744.608 379.5 0.0175368 0.00518586 0.0152102
536.731 526.397 0.0567183 0.0246959 0.0163074
511.716 349.147 0.0667144 -0.0156898 0.00543371
721.931 363.088 0.00717736 -0.00265638 0.0103415
797 414.95 0.0222902 0.00174841 0.0132102
454.393 605.205 0.0291963 0.0103525 0.00446067
472.583 605.719 0.0194348 0.00632213 0.00229678
797.554 391.446 0.0189568 0.00110811 0.00806719
755.068 350.122 0.0210498 -0.017304 0.0260361
777.87 351 0.0183326 0.00695196 0.00955843
498.269 567.244 0.0991951 0.055965 0.0344744
416.945 52.0192 0.000249912 -0.000128948 0.00021509
797.676 340.353 0.0305505 -0.00112955 0.0133983
794.487 341.196 0.00441258 0.0019158 0.0108818
795.734 356.479 0.0114994 0.00209906 0.0145812
719.742 376.864 0.00340902 -0.00338525 0.0520212
376.64 3.64516 0.00108082 -0.00186465 0.0148352
509.659 21.2168 0.00335068 0.00598894 0.0211465
519.034 14.7196 0.002283 0.00257051 0.00385014
528.625 3.41667 0.0147771 0.00417194 0.0159078
743.347 367.873 0.00811825 -0.000884637 0.00535889
733.419 332.419 0.0209428 -0.00930152 0.0157029
774.8 376.5 0.0126895 0.00609096 0.0216737
772.117 379 0.00942196 0.00707838 0.00903296
752.005 364.621 0.00834333 0.00160456 0.00481799
795.577 384.638 0.0167335 0.00783429 0.00847458
789.418 383.532 0.00135858 -0.000390656 0.00435415
781.083 384.381 0.000694938 5.33757e-005 0.00169588
774.373 391.355 0.00672184 -0.00105709 0.0259308
794.966 425.714 0.00541986 -9.90692e-005 0.00475665
784.991 431.013 0.000737785 0.000686801 0.00285208
753.568 427.545 0.0148527 0.0139795 0.0286441
772.667 432.897 0.00545312 0.00369547 0.00866603
758.465 443.5 0.00452831 0.00202752 0.0144228
797.32 467.86 0.0247198 -0.00524027 0.00845195
794.639 493.587 0.00533975 -0.00100651 0.00668417
793.142 492.598 0.00353553 -0.00124947 0.0048843
785.565 495.247 0.00112451 0.00103831 0.00221394
785.832 489.184 0.000760419 0.000236883 0.000454495
778.232 499.214 0.0114819 -0.00359872 0.011604
779.693 498.784 0.00530103 0.000614529 0.00990617
793.167 569.333 0.00578954 0.00274242 0.0144569
792.268 564.116 0.0047281 -0.00037406 0.00150281
783.774 619.077 0.000577201 0.000191891 0.000354065
783.204 618.025 0.000559564 0.000189169 0.000330762
777.16 619.442 0.000236956 0.000141913 0.000346224
775.303 613.919 0.000178943 8.99326e-005 0.000159821
797.389 362.972 0.0265734 0.00714082 0.0121475
729.01 381.908 0.0369608 0.010557 0.00751958
728.134 378.391 0.00906075 -0.00144398 0.00268997
715.056 385.028 0.0184857 -0.0121251 0.0280473
794.521 400.542 0.027664 -0.000927624 0.00633473
790.235 435.735 0.0124951 -0.00633578 0.0265769
793.288 451.53 0.0186277 -0.00580311 0.0283455
793.295 452.381 0.00446572 0.0015946 0.00415175
784.588 471.447 0.00671347 0.00142744 0.0188977
790.484 470.409 0.00184015 0.00148008 0.00780464
722.2 395.48 0.0242008 -0.00397094 0.00606613
783.548 431.738 0.0351145 0.00982195 0.00756278
770.944 502.111 0.0210107 -0.00771172 0.0189531
704.841 390.793 0.0167168 -0.00125795 0.0108658
703.418 393.864 0.00488758 -0.00164587 0.0038745
741.527 430.5 0.00972607 0.00799219 0.0128685
458.765 634.296 0.0205826 -0.0176667 0.0261785
461.288 634.611 0.00625495 -0.00691043 0.0152357
464.422 610.343 0.00218556 0.000469243 0.000298941
475.884 595.833 0.000239901 0.000100324 0.0001313
753.921 402.5 0.0214124 0.00674427 0.0113595
38.3056 500.722 0.00149439 -0.00125167 0.00785785
476.307 636.465 0.00861957 0.000244939 0.0088981
739.545 453.477 0.00989206 0.00567318 0.0222658
219.794 556.402 0.0384712 -0.0232595 0.0192644
213.439 553.98 0.00341666 -0.00356827 0.00776783
329.522 592.283 0.0162497 -0.00571487 0.00860906
332.285 593.672 0.00576089 -0.00485289 0.00826066
723.682 406.258 0.0296267 0.0177573 0.0198999
733.75 402.19 0.00775949 -0.00126157 0.00480653
359.755 49.1863 0.076152 0.0531428 0.0383217
248.661 565.838 0.00184628 -0.00418619 0.0112613
266.402 559.893 0.000184055 -0.000101257 0.000323779
761.065 591.674 0.0123877 -0.00579518 0.0188228
760.136 591.667 0.00789889 -0.00583087 0.0164844
756.96 587.661 0.00249653 -0.000652899 0.00214015
248.289 224.9 0.160642 0.0810188 0.0411256
237.859 246.99 0.0754437 0.035257 0.016549
238.603 232.092 0.00246834 0.000911116 0.000436358
109.074 247.272 0.0345587 0.0471597 0.0649562
210.045 263.386 0.163681 0.0812796 0.0415728
201.669 279.542 0.147653 0.075352 0.0386374
230.358 396.066 0.191218 0.0648016 0.022122
305.45 125.649 0.0101645 0.0066618 0.00475003
314.198 112.536 0.00689363 0.00485511 0.00349334
311.428 115.901 0.00457904 0.00318721 0.00228814
296.112 130.626 0.00106418 0.000847091 0.000730041
371.484 158.864 0.0127381 0.0149016 0.0191198
359.611 167.698 0.00272394 0.00389628 0.00599739
351.573 180.249 0.000787668 0.000610529 0.00057002
297.631 254.842 0.000373899 0.000208772 0.000126099
337.76 324.723 0.000221614 0.000114765 0.000111643
339.673 330.252 0.000166225 6.23661e-005 7.02261e-005
405.286 338.786 0.0971832 0.0356812 0.0148388
403.426 349.639 0.0211897 0.0036493 0.00102204
433.368 298.991 0.0282935 0.0268855 0.0297638
311.847 336.717 0.00508511 0.00260228 0.00139151
298.067 440.067 0.13879 0.0879626 0.0563645
329.482 215.061 0.126106 0.090455 0.0658947
307.071 402.093 0.00333328 0.00150239 0.000822925
303.343 407.228 0.00253254 0.00127116 0.000754888
109.897 520.925 0.000535531 -0.00145717 0.00433551
214.075 168.234 0.000277038 -0.000372175 0.0011638
161.646 247.614 0.118985 0.0655734 0.0363203
122.008 307.816 0.00337099 0.00185198 0.00103716
625.932 319.595 0.0291127 0.0235265 0.0211431
624.031 325.978 0.00501296 0.00305282 0.00195211
622.724 328.379 0.00180895 0.000897737 0.00051545
261.475 331.067 0.0097786 0.0050666 0.00332668
262.278 333.206 0.00202763 0.00107198 0.00108877
386.063 342.563 0.0484355 0.0338913 0.0339951
753.769 388.769 0.00415193 0.00207371 0.0108674
260.129 548.129 0.0660252 0.0438472 0.0353851
682.21 574.761 0.00923117 0.000386112 0.00961966
77.0119 328.19 0.12678 0.0742937 0.0439241
424.183 341.437 0.136226 0.0705714 0.0374283
429.354 328.922 0.0355329 0.0157966 0.00721906
324.255 429.018 0.00078891 0.000444913 0.000980672
327.176 429.296 0.000475896 0.000178512 0.00066736
358.006 444.218 0.000902294 0.00010546 0.000960964
356.392 446.138 0.000791175 0.000213367 0.000719005
355.964 447.288 0.000776237 0.000228467 0.00062003
795.167 517.524 0.0207607 -0.0123933 0.0133041
269.354 551.159 0.00494814 0.00319381 0.00295637
700.536 564.864 0.014098 -0.0151202 0.0287025
697.609 565.686 0.00309445 -0.00249275 0.00977326
99.3242 103.031 0.00454023 0.00293995 0.00362728
100.031 102.259 0.00374354 0.00243856 0.0029545
93.0189 109.375 0.00146899 0.001488 0.00164221
221.018 11.0273 0.00128868 0.000844286 0.00196058
204.718 22.3493 0.000764468 0.00102748 0.00152488
134.334 81.7987 0.000304113 0.000331886 0.000385171
132.21 79.0125 0.000229028 0.000250658 0.000298522
440.848 63.1384 0.0004324 0.000646415 0.00162885
437.337 310.459 0.0700619 0.0203106 0.00829178
601.634 31.378 0.0929586 0.0331757 0.012012
506.743 77.3429 0.009383 0.00384432 0.00336875
374.771 457.183 0.008047 0.00465267 0.00319535
525.885 463.308 0.0196258 0.00321761 0.0101883
121.52 459.737 0.000817536 0.00022538 0.000128114
149.826 534.216 0.00108395 -0.00244865 0.00744775
185.856 544.008 0.0291444 -0.0126602 0.0100204
459.689 45.5396 4.66634e-005 3.4203e-005 0.000113111
449.664 38.5549 1.83977e-005 -2.7057e-006 7.94187e-005
550.543 26.2241 0.116201 0.0322183 0.00918445
644.748 317.146 0.0170451 0.00900327 0.00504366
611.234 393.919 0.000865749 0.000389361 0.000201496
615.989 374.486 0.000419231 0.000148183 7.34671e-005
401.611 363.5 0.0218958 -0.00206975 0.0113897
573.088 420.367 0.0218161 0.013128 0.00873957
575.877 409.505 0.00525139 0.00231145 0.00113112
68.3171 216.896 0.0410981 0.0467411 0.053531
51.7594 231.909 0.028862 0.0316488 0.0348165
24.1742 314.238 0.00467997 0.00561467 0.00751102
52.9593 290.373 0.00253799 0.00328342 0.00431604
621.777 353.351 0.0332506 0.0179228 0.0102209
693.205 562.035 0.000234734 -9.32352e-006 0.000250936
682.534 555.729 0.000181385 -6.82349e-005 0.000269463
664.706 551.202 0.000148432 3.45817e-005 5.83563e-005
661.032 562.068 0.000135078 3.12438e-005 4.57974e-005
619.967 570.65 0.094873 0.0558882 0.0343156
548.649 67.5702 0.0163272 -0.00024342 0.00100758
548.973 57.9185 0.00557545 0.00024104 8.57719e-005
606.065 399.3 0.0120353 0.00641039 0.00440184
340.593 431.087 0.0378903 0.0269556 0.0216301
531.157 467.9 0.0522757 0.0166653 0.0110196
516.557 499.557 0.0244618 0.0106501 0.00508091
256.408 542.996 0.00791467 0.00573711 0.00489484
101.06 604.753 0.125288 0.0302722 0.00794309
104.803 589.006 0.0920578 0.022646 0.00565423
264.635 222.288 0.00917527 0.0150228 0.0458379
263.369 225.75 0.00532492 0.00305231 0.00566301
624.722 336.222 0.0514991 0.0272442 0.0151781
606.216 355.986 0.0488737 0.0240792 0.0125536
590.102 435.469 0.00493437 0.000778637 0.00104742
594.445 435.346 0.00119781 0.000461306 0.000795616
790.704 558.051 0.012286 0.00718164 0.0136441
139.893 68.8443 0.0423549 0.0564339 0.0774829
506.39 153.212 0.00857929 0.000768663 0.00684779
501.645 161.404 0.00135371 0.000224913 0.000767064
492.426 170.84 0.000774398 0.000625483 0.000778995
488.104 176.296 0.000927587 0.000760918 0.000841166
35.9605 532.079 0.148001 0.0708618 0.0343493
543.773 556.023 0.083887 0.0419391 0.0239096
502.842 593.579 0.189599 0.0682252 0.0259791
284.662 455.074 0.0798793 0.0571631 0.0422424
290.061 449.671 0.0182755 0.0132953 0.0101016
290.644 452.313 0.00512373 0.00336928 0.00263689
485.779 562.826 0.00648368 0.00109323 0.000362763
496.57 589.983 0.00797257 0.00406977 0.00272793
74.25 123.983 0.0535716 0.0565283 0.0620614
112.167 559.802 0.200378 0.0474525 0.0116794
503.9 62.5857 0.0755796 -0.00204646 0.00434749
505.362 58.5724 0.0111725 0.00383176 0.00228544
299.167 208.761 0.0238199 0.0442448 0.0865086
144.065 340.194 0.119126 0.0849421 0.0607587
145.338 501.041 0.0657463 -0.0399183 0.0292828
497.985 506.53 0.0142068 0.00176297 0.00313673
613.333 597.008 0.0207097 0.0123171 0.00804766
605.512 611.277 0.0118304 0.00685259 0.00418306
488.386 587.1 0.131941 0.0532419 0.0239951
526.172 43.2344 0.00490811 0.000625076 0.00456483
155.873 124.483 0.0123571 -0.00852917 0.00607144
543.602 14.0918 0.0356346 0.0326786 0.0331449
589.082 122.589 0.0335636 0.0284791 0.0248707
626.685 301.113 0.0556092 0.0302235 0.0170005
629.219 411.886 0.0243047 0.0142259 0.0135946
272.708 436.836 0.0138374 0.00668623 0.0037469
624.509 479.439 0.0468231 0.018127 0.00776217
521.915 528.053 0.000877519 0.00042466 0.000374559
518.308 519.908 0.000496594 0.000107522 0.000110013
358.385 599.608 0.00309085 -0.00390532 0.0141118
502.861 627.357 0.00931546 0.00680119 0.00763891
506.157 623.175 0.00816055 0.00464087 0.00306286
387.458 205.063 0.0243093 -0.00295109 0.0101682
386.868 204.529 0.0156319 -0.00225823 0.00797551
274.022 224.645 0.0497025 0.0285089 0.0183731
598.395 454.149 0.018175 0.0204342 0.0301897
515.385 595.631 0.0729323 0.05658 0.0454288
520.879 587.573 0.00859955 0.00702525 0.00608531
746.755 637.155 0.00706424 -0.000859582 0.021191
518.201 58.3961 0.00696277 0.00119531 0.00213825
648.889 159.944 0.115137 0.000484399 0.0029398
650.243 174.243 0.0105348 -0.000489863 0.000432247
650.187 186.124 0.00880429 -0.000105844 0.000151577
648.849 186.84 0.00333885 0.000150614 0.000109557
467.58 267.741 0.0500933 0.0457918 0.0428893
383.36 283.593 0.0118525 4.39319e-005 0.0225442
649.781 341.656 0.160881 0.0812118 0.0434139
625.686 386.547 0.0769179 0.0322441 0.0161529
583.061 388.553 0.0384117 0.0191749 0.0101954
742.851 467.412 0.0065877 0.000385924 0.0128692
551.628 503.628 0.152675 0.074263 0.0373772
510.664 582.743 0.0112087 0.00423893 0.00223505
534.306 46.8333 0.0218113 0.00484696 0.00931886
527.077 289.717 0.00685051 -0.000221739 0.000360549
432.098 485.413 0.0124708 0.00786086 0.00585476
276.464 563.661 0.0346802 0.0171092 0.0115763
629.56 14.27 0.0460372 0.0258485 0.0155815
611.752 34.3974 0.0023026 0.00112086 0.000655239
608.824 33.6136 0.00100617 0.00039345 0.000263867
415.466 263.805 0.0556086 0.0430037 0.0359177
417.563 260.295 0.0306934 0.0207457 0.0153023
421.126 252.97 0.0141548 0.00727017 0.00409857
138.636 476.227 0.0832144 -0.00251348 0.00146875
400.034 471.137 0.0445313 0.0197165 0.00900053
399.626 473.078 0.0172093 0.00909666 0.00490524
572.09 532.269 0.0627402 0.00322591 0.00367724
358.206 8.19062 0.000158463 -0.000229829 0.00309804
232.28 358.2 0.0290246 0.0139044 0.00699429
216.166 395.312 0.0252915 0.0107756 0.00463182
426.78 211.473 0.00867594 0.00216663 0.0121958
426.902 212.057 0.00698939 3.18665e-005 0.00744774
427.261 212.866 0.00617649 0.000364799 0.003877
385.984 307.5 0.0348045 0.0288747 0.0279045
387.603 304.753 0.0033592 0.00257903 0.00352244
388.207 304.543 0.00223158 0.00127032 0.00186206
82.7186 410.129 0.00934854 0.00621072 0.00423081
99.6307 384.343 0.00394736 0.00256159 0.00168505
120.066 355.802 0.00148659 0.000926745 0.000590483
670.328 511.121 0.019951 0.0114797 0.0105349
632.555 520.678 0.00478405 0.00250022 0.0013704
597.451 624.012 0.0312446 0.0141552 0.0140019
595.961 627.663 0.0152122 0.00843347 0.00597041
44.8398 103.209 0.00137388 0.00167807 0.00234985
42.7885 105.495 0.00134197 0.00153925 0.00200214
38.8427 110.92 0.0010774 0.00108207 0.00123213
624 124.175 0.102826 0.0347931 0.0137197
618.81 127.574 0.00645684 0.00274326 0.00123867
395.633 229.411 0.0380642 0.0202584 0.0173625
19.2308 416.534 0.00242042 0.00113502 0.00066539
27.3051 404.53 0.00164401 0.000986698 0.000644944
586.444 471.667 0.0271124 0.018632 0.0205097
250.104 613.635 0.000102221 -8.3177e-005 0.000290645
516.92 604.84 0.106967 0.0500823 0.0247996
490.924 627.47 0.049117 0.0182325 0.0140891
629.441 624.971 0.00484216 0.000661416 0.00792289
638.091 600.87 0.00428985 0.00170723 0.000789345
365.833 357.658 0.013311 0.0116868 0.0116526
461.858 388.425 0.0925467 0.0110993 0.00310813
464.381 375.532 0.0120736 0.00152001 0.000330776
64.4157 415.633 0.181371 0.0844989 0.0396649
657.053 523.819 0.0157367 0.0162569 0.0247738
172.127 574.206 0.0938277 0.0102507 0.00321027
172.606 573.665 0.0325752 0.00408381 0.00270651
176.801 569.628 0.00645841 0.00342042 0.00335762
417.636 338.69 0.0147969 0.0092457 0.00723013
682.456 555.233 0.00519238 -1.82807e-005 0.0212185
589.529 590.96 0.0192014 0.00936749 0.0053172
488.887 258.274 0.030882 -0.0032569 0.00245634
476.13 268.97 0.000534109 0.000444054 0.00082083
414.795 243.836 0.023556 0.00974162 0.00445681
413.603 244.738 0.0115482 0.00504802 0.00250672
406.755 250.182 0.00261455 0.00141426 0.00102451
436.872 429.709 0.0453048 0.0218855 0.0162578
576.952 507.214 0.0199818 0.0142988 0.0192815
641.977 39.1591 0.16233 0.0465658 0.0148495
641.366 39.4375 0.0605222 0.0169506 0.00524624
506.343 218.676 0.0545198 0.0162094 0.0082332
356.675 232.746 0.03507 0.00707829 0.00552671
355.856 238.244 0.0128255 0.000202836 0.00107619
607.146 472.75 0.0456808 0.0261055 0.0189455
581.917 583.288 0.0149688 0.00771547 0.00510232
572.824 601.865 0.00110272 0.000785044 0.000689478
643.89 114.084 0.140778 0.0549071 0.0218519
635.626 132.483 0.0473497 0.0205056 0.00896026
654.025 421.737 0.0511716 0.0132604 0.00614049
649.455 428.894 0.00829001 0.00258733 0.00110819
571.542 490.984 0.0238025 0.0195887 0.0169514
665.14 503.22 0.0248638 0.00745808 0.00614215
670.093 496.3 0.00455721 0.00262926 0.00243426
602.307 520.184 0.0844572 0.0351664 0.0159046
565.64 610.82 0.0488201 0.0225383 0.0131106
260.674 115.123 0.0164221 0.00527614 0.00384499
87.5351 139.518 0.00162002 0.00084254 0.00127766
661.662 527.716 0.0448357 0.0313448 0.0301914
573.474 611.684 0.0888067 0.0522825 0.0340029
563.185 33.6278 0.00231597 0.000442284 0.000210192
621.436 53.8846 0.0957403 0.0576742 0.035562
587.994 196.126 0.0258448 0.0225278 0.0198347
592.052 191.692 0.00872645 0.00706393 0.0058254
419.497 381.05 0.00255389 0.000509728 0.00118914
260.089 427.268 0.0580259 0.0269486 0.0132272
271.502 400.539 0.0227066 0.0106133 0.00503843
578.833 516.559 0.0259532 0.0180314 0.0196255
553.123 576.08 0.113667 0.0575972 0.0300465
622.909 150.977 0.064946 0.0298726 0.0180194
651.841 184.909 0.0584826 0.0215216 0.010006
161.683 634.033 0.0133344 0.0102064 0.0131093
165.616 625.246 0.0106956 0.00397332 0.00200424
168.892 613.24 0.0082005 0.00259375 0.000977721
264.207 121.68 0.00226635 0.000588703 0.000721244
554.055 119.623 0.00046783 0.000199649 0.000111982
246.077 253.464 0.00656475 0.00133892 0.00480774
40.3364 340.555 0.109528 0.058385 0.0325832
33.1964 353.661 0.0631727 0.0343013 0.0189051
565.944 542.111 0.0435168 0.00687884 0.00795642
650.28 571.478 0.0735001 0.038505 0.0205902
94.8404 354.777 0.135384 0.0721248 0.0396001
576.854 537.146 0.0707703 0.0407849 0.025595
576.905 100.689 0.0775384 0.0467905 0.0327107
240.206 101.057 0.0023045 0.000969256 0.00107869
244.99 101.673 0.000964782 0.000342417 0.000598186
237.039 270.697 0.0106414 -0.00410741 0.0110405
614.771 633.865 0.00503423 0.000683652 0.00681091
256.365 97.117 0.0237824 0.00829924 0.00353813
300.615 277.144 0.0106579 -0.00185305 0.00719462
196.84 388.332 0.00410217 0.00200063 0.00230122
661.129 468.489 0.104904 0.061174 0.0360961
228.623 82.8033 0.00132592 0.000210767 0.000997073
622.976 161.881 0.175989 0.0828297 0.0402452
534.83 217.18 0.0597418 0.0311775 0.0170832
412.675 280.36 0.0609976 0.0167482 0.00629209
289.789 295.048 0.00697235 0.00144025 0.00475075
194.148 319.413 0.00481902 9.82205e-005 0.00223782
30.5781 326.313 0.0120791 -0.0140007 0.0263526
279.889 386.069 0.0667703 0.0338759 0.0185036
419.429 529.405 0.027689 0.0116787 0.0130498
418.115 532.337 0.0169733 0.00938696 0.00694202
603.333 598.375 0.0925005 0.057168 0.0375257
595.5 611.175 0.0603294 0.0355984 0.0212932
203.353 294.617 0.00851091 0.00196002 0.00291787
502.161 386.673 0.00389905 0.00205219 0.00130188
462.604 543.313 0.0477945 0.0278231 0.0212876
460.972 546.163 0.047848 0.0270151 0.0165928
546.274 624.481 0.015981 0.00339171 0.00802578
544.085 626.906 0.00900761 0.00607131 0.00628416
235.449 126.449 0.0176518 -0.0110166 0.00950332
696.289 436.663 0.023569 -0.000249504 0.00147619
395.027 537.755 0.125995 0.0615846 0.0312312
531.975 593.298 0.0290294 0.0175771 0.0119711
649.842 631.145 0.0232407 0.0150199 0.0116163
650.962 630.971 0.00509183 0.00257469 0.00288631
8.99105 12.4404 0.00207068 0.000733903 0.00108192
619.5 95.6395 0.160005 0.0775876 0.0389156
533.85 162.3 0.0529355 0.0478802 0.0483304
632.051 173.409 0.0287532 0.00888143 0.00286851
137.715 302.226 0.00887417 0.0034978 0.0048536
242.215 581.762 0.00517516 3.18068e-005 0.00285047
535.659 598.61 0.104642 0.0541328 0.0285994
538.65 592.814 0.0457528 0.0253602 0.0142526
229.5 287 0.0090273 -0.000561431 0.00649135
222.594 300.441 0.0100864 0.00140977 0.00781037
351.381 632.988 0.0187334 0.0108016 0.0103686
125.565 321.452 0.0143031 0.00314522 0.0111077
392.244 524.256 0.0298267 0.0163985 0.0105756
323.214 535.386 0.0793205 0.0491214 0.0356473
60.0437 164.669 0.00210011 -0.000476466 0.00214869
36.939 260.423 0.00388853 0.00163491 0.0030608
42.4519 313.942 0.00747395 -0.00127024 0.00698446
503.983 348.345 0.0225825 0.0119824 0.0108981
390.158 458.442 0.0546829 0.0230223 0.00985036
576.417 232.913 0.0308938 0.0255176 0.0218899
107.097 409.399 0.00459825 0.00206179 0.00261493
725.019 427.788 0.00559833 0.00476252 0.0212467
91.1429 436.124 0.00440753 0.00108742 0.00314356
644.625 554.01 0.0101401 0.00741907 0.00822411
485.939 238.529 4.34198e-005 1.58018e-005 3.8478e-005
19.8321 279.659 0.00301941 0.000218736 0.0025443
103.219 352.996 0.0148894 0.0072419 0.00603284
365.524 586.286 0.0385142 -0.00120462 0.00807574
456.067 159.101 0.0004761 0.000525961 0.000640717
39.7791 184.672 0.0042313 -0.00170239 0.00357189
399.509 241.926 0.0471785 0.0281526 0.0174416
584.976 261.002 0.00161774 0.000792177 0.00125983
583.872 262.418 0.00138466 0.000642784 0.000924361
150.338 283.35 0.00971335 -0.000696145 0.00922645
185.476 335.559 0.0109201 -0.00756494 0.0121961
430.214 415.724 0.0132955 0.0101877 0.012373
219.037 502.5 0.0433224 0.00731047 0.00820798
15.8416 210.047 0.00536526 -0.00139575 0.00451204
413.368 210.864 0.0215543 0.0166876 0.0144568
155.573 449.768 0.00695385 -0.000849714 0.00554671
675.117 521.404 0.00525575 0.00432753 0.00822604
603.514 267.243 0.0739346 0.0462253 0.0301421
131.451 370.32 0.0148582 0.000885795 0.0101361
173.683 421.018 0.00561672 0.00152561 0.00296799
671.5 426.239 0.0209447 0.00698495 0.00331769
362.027 614.565 0.00902222 0.00581745 0.00812343
176.25 353.175 0.0268302 -0.0306888 0.0472318
119.183 389.777 0.00904264 0.000412657 0.00600421
436.702 459.823 0.0740326 0.0601892 0.0496287
71.6379 470.155 0.0052616 -0.00156031 0.00868384
71.7449 470.058 0.00421235 -0.00128641 0.00677082
194.841 533.724 0.00937052 -0.000411219 0.00819318
392.664 564.276 0.0340596 0.0180447 0.0129391
306.527 266.176 0.0279083 -0.0163311 0.0239028
203.554 500.486 0.00806894 -0.000914263 0.0125648
113.105 597.895 0.00643483 -0.000897973 0.00602347
426.745 315.094 0.00831297 0.00516042 0.00498864
47.6901 396.521 0.0133414 0.00577772 0.00453082
36.3794 421.72 0.00717444 0.00207231 0.00454341
157.816 500.553 0.011345 -0.00696404 0.0126357
2.875 585.958 0.0216325 -0.00121971 0.0050806
3.22727 585.909 0.0178789 -0.00110141 0.00411017
345.174 110.901 0.00165204 0.000938202 0.000592943
406.98 283.64 0.0561189 0.0273516 0.0166903
172.656 360.811 0.0190198 -0.020699 0.0367746
208.926 372.148 0.029456 -0.0170153 0.016116
707.227 448.409 0.0126878 -0.0188372 0.058533
10.7745 475.147 0.00491314 -0.003885 0.0141053
236.7 478.5 0.0471789 0.0646689 0.100325
632.144 481.211 0.141216 0.0668584 0.0332138
153.732 485.915 0.0115254 -0.00760284 0.0121459
198.489 519.392 0.00783678 -0.000304256 0.0084032
654.507 367.904 0.00552123 0.00182774 0.000826345
363.586 378.214 0.0558907 0.039917 0.0302056
364.076 377.212 0.0254633 0.0182955 0.0143189
78.5137 458.322 0.00704264 -0.0065307 0.0207373
631.805 497.213 0.0210363 0.01408 0.0099384
564.705 634.577 0.0512268 0.0228654 0.0151602
565.545 632.693 0.0168534 0.0110558 0.00981187
25.8 199 0.00945258 -0.00673253 0.00951487
209.91 476.524 0.0102364 0.000191173 0.00820038
96.125 533.875 0.00862221 -0.0136745 0.0603221
568.623 586.486 0.0107877 0.00477636 0.00279576
108.343 616.013 0.00598747 0.00115448 0.0027812
554.935 305.696 0.0411485 0.0212656 0.017538
557.302 303.767 0.011986 0.00995706 0.0126132
556.945 306.039 0.00248678 0.000702179 0.00314772
86.0952 383.548 0.0295003 0.0137185 0.017164
193.459 569.144 0.00820472 -0.00225182 0.0134045
6.62903 486.347 0.00274526 -0.000387714 0.00671042
589.261 284.761 0.0463015 0.0238174 0.0160915
18.7632 457.689 0.00478035 -0.00182598 0.0141763
18.9333 457.658 0.00388438 -0.00123914 0.0108996
331.118 518.209 0.0831187 0.0409864 0.0222093
580.207 621.42 0.0349803 0.018684 0.0127439
76.1212 625.5 0.0218315 0.0158813 0.013548
485.255 390.142 0.0202035 0.032485 0.0597163
524.51 629.904 0.0175606 0.00858948 0.00564301
590.256 275.378 0.0755759 0.0402855 0.0249566
4.82692 298.25 0.0364987 -0.0259287 0.0240613
402.462 325.779 0.0565116 0.0362751 0.0240461
24.5649 445.617 0.00611629 -0.00283209 0.0164277
118.638 575.404 0.00634811 -0.00266723 0.0109455
102.779 636.147 0.00949002 0.00163371 0.013513
685.742 169.484 0.0117987 0.00379141 0.00263277
685.826 168.068 0.00953013 0.00232235 0.00161637
685.598 166.848 0.00697856 0.00131977 0.00109876
685.016 170.048 0.00577623 0.00065382 0.000521508
336.598 252.103 0.000867874 0.000543599 0.000440627
567.163 286.183 0.0106529 0.00917397 0.0123828
372.399 379.365 0.0118521 0.00575293 0.00408851
379.328 380.917 0.00165379 0.000749086 0.000769475
375.517 386.267 0.00156623 0.000893015 0.000782246
653.87 605.259 0.0423149 0.0191665 0.0129733
2.14583 610.229 0.0384067 0.00376896 0.00630482
2.74286 610.143 0.0239092 0.00153567 0.00494948
361.366 404.072 0.00713888 0.00267984 0.00287895
547.763 296.289 0.0356555 0.0151767 0.0158295
565.184 323.457 0.0322212 0.0172508 0.0104322
538.044 354.399 0.0563445 0.0297956 0.0171967
533.007 359.559 0.0100686 0.0059379 0.00418747
635.188 421.357 0.0136968 0.00466363 0.00309756
372.64 307.044 0.047829 0.0121745 0.00625469
538.557 310.014 0.0784595 0.0478704 0.0342053
536.69 313.348 0.0310905 0.0177911 0.0120349
161.5 439.5 0.0343362 -0.0301445 0.0386945
728.375 494.516 0.00347783 0.00266281 0.0192566
407.071 149.06 0.014722 -0.0027586 0.00145278
690.434 216.221 0.0505091 0.0287025 0.0188265
184.452 597.097 0.0105229 0.00155063 0.0147915
328.324 406.147 0.0345582 0.0145364 0.00889379
699.391 416.478 0.0322065 -0.00377612 0.00607104
115.531 20.5572 0.00026472 0.000295666 0.000686071
266.11 253.622 0.0705181 0.0448995 0.0319516
246.821 319.158 0.0163623 0.00989295 0.00670553
252.65 309.642 0.0160567 0.00983 0.00616904
2.7 569.575 0.0246143 -0.00261379 0.013291
76.6471 618.147 0.0755167 0.0414331 0.0284978
257.675 254.357 0.105065 0.0578787 0.0329392
516.194 391.583 0.0335847 0.0136028 0.00875743
331.399 415.341 0.0721442 0.0243767 0.0094309
332.609 413.245 0.040856 0.0154502 0.00685665
172.528 309.617 0.0285078 0.0146204 0.00754597
181.621 408.864 0.0544626 -0.0393708 0.0374133
680.5 467.708 0.0408479 0.0215097 0.0137644
120.761 565.435 0.0117965 -0.0133004 0.0376986
205.285 398.889 0.0109749 0.00506836 0.0030439
203.416 402.749 0.00742207 0.00324701 0.00186889
190.102 428.762 0.00134375 0.000593723 0.000321054
138.486 392.135 0.00504929 0.00263894 0.00191434
54.593 633.174 0.0710015 0.0535636 0.0438583
58.9948 629.428 0.0221441 0.0216009 0.0228404
95.5761 274.029 0.00150731 0.00174264 0.00214298
549.333 351.042 0.0376017 0.0173973 0.0107833
250.367 390.333 0.0738028 0.0290394 0.0120203
752.009 495.664 0.00544849 -0.000870154 0.0257708
721.737 550.139 0.00780411 -0.00570721 0.00861039
162.173 481.654 0.0251992 -0.00502987 0.00141794
204.459 329.316 0.0129334 0.00698158 0.0106751
188.063 586.125 0.0115801 -0.0128388 0.0616652
102.974 438.921 0.0937756 0.0407092 0.0190454
696.948 631.322 0.00774915 0.00407092 0.00426658
696.901 630.306 0.00456643 0.00152215 0.00228441
707.611 481.907 0.0170702 -0.00219675 0.00941575
603.591 579.773 0.0457614 0.0194382 0.0117807
738.477 573.686 0.00574261 -0.000398063 0.0227847
735.583 571.693 0.00134231 -0.000117659 0.00490454
189.7 632.45 0.0704219 0.0446919 0.0323234
83.3205 480.577 0.0344445 0.020636 0.0152581
92.9586 459.154 0.0256657 0.0126123 0.00639445
58.5248 555.446 0.000421917 0.000363922 0.000441337
64.1268 574.634 0.000118671 8.59052e-006 6.32711e-005
69.9255 34.4489 0.00859356 0.00721335 0.00626778
144.476 556.89 0.0239149 -0.0160324 0.0125029
72.4375 609.208 0.0156201 0.0116091 0.0165664
2.34375 86.4688 0.0350216 0.00745135 0.017255
123.417 597.163 0.109271 0.0313105 0.00905963
136.332 587.268 0.000496603 0.000119871 0.000127872
295.744 557.589 0.120555 0.0706307 0.0432492
147.91 593.142 0.0589049 -0.00719648 0.00120354
677.421 10.3095 0.0341286 0.0191441 0.0135136
678.204 8.86184 0.00709218 0.00270665 0.00304748
33.9865 65.2568 0.0281293 0.0113685 0.0190573
19.3495 29.7903 0.0277877 0.0190196 0.0132288
747.325 485.85 0.0112156 -0.00193919 0.00944497
676.792 630.528 0.027555 0.0172456 0.0126227
678.589 42.4271 0.0104518 0.00308944 0.00181444
282.827 408.442 0.0248414 0.0177402 0.0177696
6.51724 113.224 0.0716421 0.048544 0.0348953
10.9715 107.175 0.045426 0.0327751 0.0242772
680.521 79.7792 0.00992357 0.00213648 0.00109588
682.51 104.995 0.0207007 0.00761307 0.00420324
669.012 111.802 0.046355 -0.00444754 0.00611271
716.474 476.038 0.00926474 -0.00796816 0.0227904
692.484 133.355 0.0251224 0.00362345 0.00220531
668.04 72.6 0.0276404 -0.00116307 0.00367143
529.105 418.304 0.0129019 0.00620643 0.00327856
673.917 190.333 0.0576533 -0.00269165 0.00690277
721.109 76.9783 0.0673393 0.00232953 0.000920663
