1.0
1873
95.0305 17.57 1.96895e-005 4.81556e-005 0.000516061
496.946 25.4077 0.00267426 0.00385911 0.04431
480.3 27.3308 0.000427666 0.00147756 0.0101849
334.606 52.5 0.00647458 0.00350454 0.0318969
550.008 47 0.00128508 0.00255135 0.0260421
630.334 4.19464 0.000218304 0.00095836 0.0124049
408 39.7321 0.00055414 0.00221023 0.0135873
113.049 90.4146 0.00270205 0.0109989 0.0721439
112.825 90.3528 0.00133033 0.00599928 0.0344121
114.052 89.7087 0.000786888 0.00380401 0.0205196
149.225 83.25 0.00700005 0.0158446 0.0744246
558.683 14.1405 0.000391266 0.00128556 0.00805689
587.582 9.70032 9.43837e-005 0.000544045 0.00484793
187.736 76.1442 0.000962807 0.00263033 0.0163215
516.079 51.4626 0.00194232 0.00572584 0.040698
517.528 51.2472 0.000327875 0.00174543 0.0117841
240.373 68.2514 0.00106365 0.00350613 0.0243994
244.249 67.659 0.000688731 0.00266709 0.0191393
848.328 147.103 0.00189234 0.000282677 0.0543798
848.932 147.023 0.00151115 -0.000131996 0.0317506
847.652 264.87 0.00637801 0.0158809 0.0761431
848.572 264.612 0.00176305 0.0042791 0.02301
301.353 58.7549 0.0021275 0.0070934 0.043094
310.351 56.5609 0.000641624 0.00213888 0.00997849
794.171 149.524 0.00214242 -0.00171252 0.0214839
746.12 55.6397 0.000102399 2.41658e-005 4.95954e-005
799.744 25.1789 0.00301062 -0.00124625 0.00295322
289.856 30.3938 0.000286763 0.00126913 0.00696067
343.428 21.0406 0.000147197 0.000737481 0.00412503
721.221 54.3372 0.00351931 0.00369795 0.0582403
324.152 80.2576 0.00181187 0.00524783 0.0612267
332.423 78.6735 0.000808338 0.00269852 0.0188052
329.9 75.5194 0.000443372 0.000106515 0.00255301
176.586 102.31 0.00393503 0.01093 0.0539372
182.598 100.603 0.00063935 0.00175847 0.0122474
180.346 96.9292 0.000389875 0.000307814 0.00259053
487.76 57.0068 0.00238082 0.00546021 0.0299147
127.364 59.1818 0.00919002 0.00453413 0.0283747
818.913 271.373 0.017443 -0.00636044 0.00696128
813.003 270.593 0.00116663 -0.00132092 0.00273873
810.419 406.986 0.00586829 -0.00502222 0.0120758
85.5222 69.0444 0.00356641 -0.00160807 0.0179891
265.245 88.6961 0.00270141 0.00682845 0.0684331
263.944 86.6657 0.00101984 -0.000506187 0.00499322
265.349 85.3028 0.000963661 -8.89342e-005 0.00390364
118.371 112.288 0.00265841 0.00706833 0.0428026
122.129 111.419 0.00093834 0.00381682 0.0238016
401.784 9.79646 0.000222791 0.00107445 0.00724531
140.857 59.3509 0.000192302 0.000939677 0.00537177
144.081 58.5649 0.000120105 0.000532836 0.00306311
306.611 73.2778 0.0290109 -0.00707688 0.0166051
801.333 222.744 0.0022148 -0.00206823 0.0294937
671.224 59.5294 0.00097664 0.00309562 0.0192229
673.398 55.2481 0.000837915 0.000682908 0.00222604
625 66.2667 0.00366256 0.00543623 0.0449299
528.842 448.437 0.00158136 -0.00487878 0.0452938
528.462 448.969 0.00118732 -0.00180326 0.0172164
530.009 449.645 0.000728224 -0.00139654 0.0106646
235.095 93.7703 0.0089257 0.00259083 0.0403628
280.385 114.189 0.00535224 0.00119365 0.0214273
644.396 138.5 0.00200676 0.000133784 0.0250089
640.678 137.719 0.00113751 -0.00202881 0.0128921
640.594 137.926 0.00106264 -0.00159496 0.0099438
842.963 248.679 0.00224009 -0.00057283 0.0116055
840.508 248.254 0.000971298 -0.000638932 0.00744284
854.817 175.658 0.00157248 0.000143523 0.0133904
785.5 227.457 0.002545 0.0065098 0.0868734
343.723 96.1328 0.00129281 -0.000330527 0.00141017
599.727 170.727 0.0053016 0.00797045 0.0634868
285.806 223.528 0.0158224 -0.0112479 0.0347905
727.663 299.071 0.00729813 -0.0111087 0.0463325
848.944 331.778 0.0153927 -0.0069676 0.0265373
224.518 490.827 0.0121469 -0.0141583 0.0244107
226.927 490.578 0.0023552 -0.00209642 0.0102487
227.477 489.902 0.00195494 -0.00124239 0.00508062
730.307 84.5175 0.00402195 0.00321812 0.0263674
829.621 631.415 0.00102636 -0.00462892 0.0248182
832.553 631.773 0.00055397 -0.00237554 0.0139663
592.393 40.1964 0.00443118 0.0127531 0.0657483
595.594 39.3941 0.00118184 0.00439093 0.0267893
74.5889 97.3667 0.00542357 0.0102945 0.0580938
21.02 123.16 0.000801974 0.000829857 0.0486513
23.6976 122.991 0.000414006 -0.000773888 0.027433
522.113 296.573 0.00255116 -0.003829 0.0104249
861.569 445.259 0.000971617 -0.00336871 0.0296739
861.102 445.318 0.000783224 -0.00201419 0.0148646
476.688 555.833 0.00647673 -0.0128322 0.037849
13.5442 101.5 0.00196805 0.00440605 0.0287774
846.946 104.9 0.00333866 0.00420159 0.0311606
669.121 129.227 0.00605255 0.00131779 0.0172909
669.306 129.092 0.00401813 -0.000856043 0.0133307
561.538 297.142 0.00119727 -0.00139312 0.0332877
786.58 401.66 0.00513648 -0.0126348 0.0569302
627.925 35.1164 0.00258535 0.00115816 0.03191
417.86 67.34 0.00263422 -0.000367151 0.0441356
409.522 67.6314 0.000551553 0.0020012 0.0285051
403.51 70.7298 0.00013531 -1.86429e-005 0.00307759
8.79379 75.4322 0.00283105 0.0021485 0.00694918
8.86576 74.286 0.00211348 0.000631137 0.00298067
8.93252 71.9847 0.0019171 0.000195019 0.00132806
10.1296 80.913 0.00159955 -4.74181e-005 0.000256862
379.2 105.15 0.0114702 0.00433551 0.0154943
377.947 111.66 0.00474794 0.000816744 0.00170346
384.056 113.531 0.000999213 -9.15905e-005 0.00132215
641.6 162.417 0.00216667 0.00909023 0.0864731
638.491 160.526 0.000988078 -0.000892002 0.00504528
456.841 176.977 0.00202828 0.00268516 0.0747173
588.714 197.19 0.00345581 0.00698883 0.0606136
695.194 292.194 0.000822848 0.00230836 0.0821089
698.919 287.278 0.0012295 0.000809552 0.00270113
237.158 614.579 0.00803919 -0.00541586 0.0446465
227.748 612.448 0.00146201 -0.00385528 0.0178635
566.45 72.8167 0.00604222 0.00776058 0.0331182
588.316 60.9431 0.000204908 5.47769e-005 0.00101144
838.32 366.88 0.010578 -0.0115691 0.0211461
834.198 362.341 0.00437312 -0.00348825 0.00373544
294.991 373.205 0.00208777 -0.00284111 0.0194008
293.439 372.221 0.00148901 -0.00204108 0.0108525
436.896 379.123 0.00205763 -0.00251873 0.0769084
436.725 379.039 0.000997544 -0.00157169 0.0400109
436.762 378.97 0.000889576 -0.00148339 0.0166602
680.035 457.151 0.00343526 -0.0128033 0.106978
298.096 647.798 0.0272456 -0.00567457 0.00769848
378.48 676.045 0.00247854 -0.00702403 0.0342046
378.403 675.455 0.00111745 -0.00202576 0.0110337
378.127 674.922 0.000834937 -0.00139364 0.0077945
734.24 39.94 0.0415585 0.00853114 0.00635711
442.057 91.3783 0.00122879 0.00193081 0.0309055
139.864 108.636 0.00554829 -0.00328941 0.041893
657.481 195.462 0.00271455 0.00826003 0.0677536
608.436 197.33 0.00380091 0.00117453 0.0359453
606.066 196.858 0.000351948 0.00100472 0.0254792
618.469 261.563 0.00882986 0.00143993 0.0472476
520.51 355.216 0.00128647 0.000303341 0.0252438
506.162 345.974 0.000575958 -0.000566399 0.00124122
874.633 365.722 0.00526923 -0.0022836 0.0317181
662.147 650.782 0.00289493 -0.00567865 0.0218002
654.389 647.851 0.000360624 -0.00120031 0.00654433
677.909 26.6894 0.00103937 -0.000604595 0.0143522
441.06 61.8467 0.00172192 0.000504588 0.0324228
822.893 76.125 0.00343348 0.00720978 0.0579311
828.474 75.6513 0.0012456 0.00427093 0.0275838
494.325 84.5635 0.00182132 0.0063424 0.0808584
497.793 83.038 0.00124517 0.00524485 0.0286896
508.618 76.0108 0.000171165 0.000166762 0.00172585
814.873 95.5 0.00338845 0.000140697 0.0139253
815.307 94.9578 0.00363369 0.000214064 0.00812417
833.013 90.919 0.00011124 -2.48998e-005 0.000784216
831.356 91.6474 9.73345e-005 2.23683e-005 0.000671743
642.154 289.923 0.00295495 0.00220496 0.0338154
872.9 293.478 0.00365256 0.00283236 0.0370357
868.634 292.469 0.00211899 -0.00390513 0.0190148
365.767 350.617 0.0038753 0.00331224 0.0342951
530.25 414.484 0.00192857 0.000216277 0.0398976
377.5 596.087 0.00575039 -0.0106986 0.0508237
374.681 594.205 0.00432655 -0.00662187 0.016076
869.263 102.421 0.0169568 -0.0119907 0.0172128
595.314 112.547 0.0153219 -0.00102206 0.0173522
594.167 113.776 0.00723612 0.00261243 0.008552
827.77 113.014 0.00982894 0.00215981 0.036424
829.306 114.081 0.00492103 -0.00243834 0.0162122
156.05 178.225 0.00727023 -0.00334814 0.0289217
555.883 263.947 0.00214056 -0.0011685 0.0428836
861.322 367.122 0.0132308 -0.0105596 0.0271368
864.597 366.449 0.000924517 -0.000670766 0.00797405
157.754 367.398 0.00506955 0.00124624 0.0258596
868.318 523.823 0.00258951 -0.00203071 0.0112619
865.039 522.505 0.00119735 -0.00155095 0.00574285
601.009 64.8585 0.00449182 -0.000219039 0.0373956
427.915 76.5976 0.0498974 -0.000266118 0.0058382
135.344 133.856 0.00340173 0.000850126 0.0612726
872.075 140.075 0.00192414 -0.000451855 0.0756158
877.12 248.58 0.030056 -0.00561408 0.00787407
877.147 242.5 0.0211285 0.000884007 0.00126756
877.044 245.133 0.01738 4.18668e-005 0.000473818
847.311 294.378 0.00129564 -0.000766736 0.0250454
422.882 349.573 0.00212667 -0.00145877 0.0528542
614.867 364.847 0.00672221 -0.00196995 0.0271649
351.947 374.394 0.00155445 -0.00143939 0.0238623
356.793 374.614 0.000917549 -0.00051544 0.00465827
356.272 374.038 0.000617407 -0.000307977 0.00335219
473.917 380.792 0.00282635 -0.00520048 0.0721776
484.68 381.407 0.000327421 -0.00117778 0.0159448
481.146 374.748 0.000336786 -0.000265525 0.000929853
21.7439 451.171 0.00199769 -0.00466171 0.0328794
21.213 450.796 0.00162029 -0.00312017 0.0208267
16.0217 383.878 0.000633985 -2.74842e-005 1.6436e-005
542.725 77.675 0.00135229 0.0032233 0.0454997
401.548 95.5161 0.00260797 0.00248262 0.0388681
237.019 175.442 0.0127014 -0.00205748 0.0160216
235.573 178.127 0.00851294 0.00200599 0.00391211
852.106 217.258 0.018268 -0.027545 0.0670558
451.815 299.069 0.000542678 0.0011448 0.0177826
605.5 300.554 0.00698337 0.0089993 0.0508086
602.24 297.633 0.000810179 -0.000301532 0.00674313
335.597 349.048 0.00261631 -0.00331506 0.0363524
338.027 350.736 0.00198356 -0.00307632 0.0135737
346.739 350.658 0.000279092 -0.000182202 0.00533564
244.292 396.481 0.00742681 -0.00396327 0.0239944
245.369 393.574 0.00217396 -0.000937 0.0030732
800.33 479.519 0.00816474 -0.00490164 0.0115825
119.375 544.646 0.00167531 -0.00436035 0.0361464
117.559 544.239 0.00124614 -0.0034636 0.0218506
649.948 31.7759 0.00285495 0.000672186 0.0369904
852.482 92.5804 0.00314394 -0.00184535 0.00985935
77.2164 118.664 0.00322012 0.0113548 0.0613201
75.1642 119.055 0.00180017 0.00578669 0.0309525
630.329 419.5 0.0116677 -0.0250408 0.0763129
95.1078 474.265 0.00458934 -0.00950976 0.0619652
824.5 498.625 0.0139758 -0.0119208 0.0133177
368 541.214 0.00668201 -0.00483012 0.0313958
366.033 539.927 0.00406584 -0.00462737 0.0154879
116.725 565.45 0.00583938 -0.00459362 0.0488762
471.134 670.152 0.00559345 -0.0195516 0.0748423
469.535 670.029 0.0023664 -0.00726069 0.0264862
464.438 668.854 0.00099863 -0.00307023 0.0120052
115.425 135.925 0.00637338 0.0212475 0.108088
538.656 140.063 0.0088162 -0.000224943 0.042978
545.242 138.314 0.00159888 0.00310038 0.0229112
483.082 300.682 0.00509588 -0.00751212 0.0410265
483.289 301.089 0.00317928 -0.00228435 0.0141967
648.343 357.735 0.00242907 -0.0016302 0.0547318
651.483 357.752 0.00120321 -0.000699291 0.0213447
457.79 465.597 0.00188476 -0.000480161 0.011567
846.125 480.556 0.00281056 -0.00068725 0.0172279
617.891 133.833 0.00761011 -0.00179371 0.00490059
870 217.81 0.00380115 -0.00201908 0.0659254
24.2674 427.291 0.00526727 -0.013484 0.0606871
732.577 471.085 0.00214783 -0.00467077 0.0503
804.767 517.045 0.00767789 -0.00640228 0.00981725
457.52 526.724 0.00227769 -0.00755365 0.0463752
456.12 526.458 0.00145073 -0.00389268 0.0228823
869.071 21.4388 0.0072286 -0.00404157 0.0271784
871.074 22.013 0.00352591 -0.00251753 0.0105381
609.421 73.0789 0.00550231 0.00945374 0.0542856
382.952 182.762 0.00381301 0.00256044 0.0568443
387.879 181.795 0.00220922 0.00614431 0.0313046
826.103 219.276 0.00287711 -0.00323812 0.0322058
131.809 226.736 0.00256941 0.00661386 0.049916
83.8696 229.152 0.00298095 0.00983729 0.0974087
82.6585 229.22 0.0017807 0.00514079 0.0474052
84.1328 229 0.00108431 0.00155265 0.0213316
491.373 412.971 0.00145154 -0.0022645 0.0286399
799.792 551.75 0.0130626 -0.0183681 0.034626
116.833 628.753 0.00756352 -0.0212555 0.0685706
876.929 7.72857 0.0249399 -0.00399672 0.0155125
221.582 145.296 0.00410924 0.00668119 0.0347807
218.654 140.242 0.00215969 0.000322765 0.00304345
822.151 158.105 0.00857105 -0.0228658 0.0902568
411.217 207.783 0.0104905 0.0215518 0.063813
522.429 234.048 0.00799776 0.0071257 0.0311351
519.195 233.889 0.00230443 0.0020217 0.0153139
481.943 265.778 0.00260761 -0.00345098 0.0137029
490.878 265.412 0.000406234 -0.000351503 0.00609665
485.029 264.767 0.000290591 -0.000246756 0.00116571
869.232 400.401 0.019994 0.00266895 0.00255935
29.8611 516.944 0.00850798 -0.0143435 0.0644399
706.596 91.5 0.0037507 0.0119969 0.0558147
804.04 115.54 0.00446421 -0.00290086 0.0186782
802.846 116.167 0.00289303 -0.00174567 0.0144906
166.5 128.849 0.00127365 0.00541362 0.0438916
159.236 129.825 0.000809703 0.00375952 0.0240438
155.592 129.592 0.000424272 0.00170266 0.00989045
161.428 125.093 0.000295592 0.000595291 0.00239465
100.346 209.756 0.0166041 -0.0111104 0.0154873
96.2203 208.871 0.000617061 0.000270617 0.00702944
596.609 364.043 0.00964543 -0.00570549 0.0226384
595.761 367.041 0.00735089 0.000131964 0.00246002
109.171 454.622 0.00176168 -0.00614926 0.0571503
805.478 463.3 0.0185752 -0.0124713 0.019762
489.858 503.047 0.00224178 -0.00464111 0.0299804
494.031 531.883 0.00534228 -0.0136146 0.0484574
508.872 533.906 0.00045989 -0.00198643 0.015961
504.389 563.087 0.00258802 -0.00397534 0.0198489
515.664 564.03 0.000625917 -0.00188308 0.0149841
613.736 613.694 0.0058877 -0.00930021 0.0291472
647.961 615.404 0.00330352 -0.00631683 0.0148121
277.827 649.5 0.00831106 -0.0176526 0.0548864
266.7 653.724 0.000551384 -0.000596221 0.00113454
642.173 668.173 0.0438773 -0.00631358 0.00576297
823.351 104.266 0.00260806 0.00128673 0.0371972
875.905 149.311 0.0216813 -0.0121568 0.0190674
421.75 180.271 0.00237589 -0.00545072 0.0621088
422.09 182.799 0.00242907 -0.000961464 0.00333597
610.333 224.65 0.00649942 0.000755395 0.0117103
16.5857 319.929 0.00236346 -0.00087199 0.141559
10.7857 319.248 0.00110937 -0.00150048 0.01666
545.866 384.134 0.00298955 -0.00795068 0.0781793
544.806 381.575 0.00149373 -0.00239681 0.00602624
803.518 447.173 0.00626792 0.00382739 0.0220146
86.5714 451.738 0.00714281 -0.00484955 0.0402025
609.582 450.641 0.00140422 -0.00315911 0.0199582
514.886 508.167 0.0115266 -0.00620375 0.0106479
784.375 80.625 0.00590783 0.00567199 0.0293977
672.643 89.2679 0.0184527 -0.00178232 0.00865394
612.811 99.6311 0.00286542 -0.00169582 0.0290297
516.905 111.929 0.00474122 0.00686405 0.0672696
515.643 102.87 0.00415792 -0.000226531 0.00109828
516.334 100.173 0.00250781 0.000145965 0.000828832
333.419 137.149 0.0069797 0.00283564 0.059673
306 190.795 0.00647679 -0.00160898 0.02142
305.913 275.13 0.00590229 0.00371997 0.0261934
303.426 276.883 0.00534313 0.00507704 0.0115152
159.765 318.824 0.00527095 -0.00477257 0.0523173
165.265 319.043 0.00122001 -0.00271637 0.039169
17.9043 383.862 0.00415578 -0.00366556 0.0485875
292.266 450.5 0.000646527 -0.00162341 0.0108399
294.118 449.982 0.000416878 -0.000305129 0.00339676
565 601.609 0.00560927 -0.0139635 0.0523376
564.741 601.06 0.00265902 -0.00288641 0.00979537
628.639 134.583 0.0197667 -0.00535853 0.0235657
442.3 153.4 0.0139594 0.00259026 0.0134385
257.471 168.9 0.0192949 -0.00786934 0.0228606
446.576 206.029 0.000614278 0.00184081 0.0182178
558.957 236.109 0.00422743 0.009362 0.0462228
258.081 271.097 0.00188457 0.00389904 0.0445938
407.867 298.969 0.00228021 0.000201733 0.0609178
218.924 306.467 0.00289342 -0.00127084 0.00832248
138.582 365.273 0.00211903 -0.00248365 0.0161199
156.893 366.327 0.00016419 -0.000321651 0.00995472
430.179 496.619 0.0022232 -0.0031712 0.0265999
174.939 508.963 0.0112818 -0.0193284 0.058839
186.215 509.2 0.000495568 -0.000712632 0.0209325
682.065 592 0.0079938 -0.00116039 0.0175576
300.1 109.391 0.00438731 0.00259198 0.0346068
301.443 108.523 0.00312798 0.00209802 0.0145876
833.244 181.709 0.00234726 0.00249069 0.0848304
578.324 267.206 0.00377682 -0.00124976 0.0302484
567.125 265.603 0.000807011 -0.00257583 0.0190873
252.571 295.929 0.00347693 0.00204194 0.0436847
3.94444 469.528 0.0112919 -0.00787993 0.0271393
3.75882 465.818 0.0107219 -0.00312626 0.0036338
138.134 480.085 0.0101244 -0.0127887 0.047647
139.191 479.118 0.00220165 -0.00435722 0.0153958
556.198 539.791 0.00951531 -0.00686131 0.00686384
561.474 539.051 0.0016865 -0.00116988 0.00209149
818.958 554.5 0.00356236 -0.00476123 0.0352097
825.284 647.696 0.084734 -0.00357983 0.00189658
605.024 126.81 0.0177801 -0.00957498 0.0197012
554.64 197.826 0.00544979 -0.00365823 0.0364638
478.274 204.21 0.00227745 0.00484297 0.0405859
614.457 261.128 0.00160465 -0.0017668 0.0206674
425.484 272.065 0.00380637 -0.00448795 0.0283011
427.259 273.955 0.0028239 -0.00302158 0.00780496
137.794 319.779 0.00202382 0.00310248 0.0596955
150.744 319.622 0.000279721 -9.34954e-005 0.014918
112.827 385.718 0.00604093 -0.0141657 0.0600808
807.717 391.083 0.0095999 -0.00592751 0.0115783
448.188 439.675 0.00197306 -0.00564107 0.0451613
551.012 511.167 0.000734154 -0.00119343 0.0100964
158.633 552.456 0.0081738 -0.026219 0.112901
152.899 550.043 0.00191323 -0.00454196 0.0146611
122 582.412 0.0297148 -0.0136639 0.0224344
877.109 598.326 0.025958 -0.0119905 0.0109181
477.571 617.321 0.0104333 -0.00674419 0.0151994
89.4231 620.5 0.00821496 -0.0142869 0.0633843
175.625 622.85 0.00858593 -0.00697886 0.0411672
329.413 635.533 0.0020069 -0.0058483 0.0201332
329.79 634.937 0.0011901 -0.00305025 0.0101661
10.781 181.183 0.00184199 -0.000725979 0.00277462
12.8998 182.953 0.0011943 3.82039e-005 0.000198337
379.988 218.378 0.00602132 0.00537787 0.0425943
398 266.804 0.00723575 -0.00876053 0.0239432
499.418 320.87 0.0054092 -0.00155883 0.0098935
592.188 385.25 0.00851553 -0.0176833 0.0540619
301.362 478.218 0.000605762 -0.00306809 0.0324338
607.675 579.892 0.00210018 -0.0035577 0.0206282
598.78 577.792 0.000682326 -0.00204283 0.0092754
288.981 670.019 0.0236989 -0.00523225 0.00255444
285.449 2.96154 0.0102479 -0.00161286 0.0185889
556.152 105.526 0.000774828 0.00149317 0.0266374
561.551 96.0638 0.00129307 0.00087397 0.00159344
255.746 116.041 0.00290391 0.0052116 0.0498123
250.302 113.318 0.00145516 -0.000423542 0.00467554
161.442 161.788 0.00564578 0.0057978 0.0155407
161.015 162.866 0.00269702 0.00188096 0.00924346
316.15 216.733 0.00280662 0.00274784 0.0325153
319.899 215.063 0.00158595 0.000892417 0.00387704
268.149 296.662 0.00346476 0.000148603 0.0524317
427.373 407.882 0.00331718 -0.00462296 0.048587
524.656 565.522 0.00632298 -0.0140069 0.0607189
827.231 583.775 0.00555825 -0.00223275 0.00172639
296.611 628.5 0.00676989 -0.0156356 0.063753
297.011 627.266 0.00258169 -0.000703009 0.00626891
844.065 28.9416 0.00090093 0.002157 0.0256951
615.538 87.025 0.00905652 0.0044678 0.00716136
601.148 83.4847 0.000496989 0.000181423 0.00153603
213.953 96.1947 0.00169972 0.0020667 0.0287776
39.9595 100.122 0.00378204 -0.00904232 0.104844
450.495 109.534 0.00073611 0.00016503 0.00237543
482.064 174.551 0.00695423 0.00618134 0.0300789
323.083 192.722 0.0162739 0.00623354 0.02126
319.89 192.032 0.00338555 -0.000508979 0.00572774
313.332 187.738 0.00135259 -0.000580986 0.00160628
539.481 323.923 0.0033319 -0.00554269 0.0449246
307.705 347.091 0.00278205 0.00123313 0.0856779
310.623 346.784 0.00189425 0.000122633 0.0220938
225.569 515.328 0.00278205 0.00284261 0.0387568
829.563 550.313 0.0389274 -0.0184727 0.0125669
809.413 590.174 0.00476474 -0.0080746 0.0515415
211.425 677.3 0.00880458 -0.016417 0.0611984
214.676 675.546 0.00114388 -0.000333403 0.00596792
195.381 99.9762 0.00574091 0.00299369 0.0361114
475.611 153.361 0.0222813 -0.00299887 0.0118073
351.979 270.655 0.0033799 -0.0141295 0.0731457
462.19 409.357 0.00669649 -0.0128699 0.0581133
457.781 408.313 0.00132527 -0.001374 0.0167063
249.381 444.893 0.0029687 -0.00410459 0.0126284
657.53 465.939 0.00365023 -0.00527579 0.0341087
301.69 501.31 0.00665616 -0.0134394 0.038961
856.079 603.289 0.00631662 -0.00863342 0.0597968
309.208 642.438 0.010083 -0.00727546 0.0208088
490.509 132.028 0.000174348 0.000143112 0.00155655
262.582 192.235 0.0115686 -0.00683252 0.014609
142.348 233.591 0.0154644 0.00363449 0.00445695
297.762 296.786 0.0101134 -0.0112372 0.0258737
296.765 294.654 0.00339097 -0.00108452 0.00561151
350.696 302.696 0.00374638 -0.00290394 0.0306375
200.387 392.16 0.00388882 -0.012414 0.0819316
854.726 405.097 0.0020793 0.00125388 0.00976595
335.571 665.464 0.00193182 -0.00267112 0.0506132
876.232 70.7321 0.0102357 -0.00188405 0.00899627
874.96 72.8504 0.00646672 -0.00117471 0.00330611
552.534 166.672 0.00227548 0.000456057 0.0125438
651.433 168.067 0.00344171 0.00240813 0.0161228
636.7 259.529 0.0163548 -0.0192445 0.0323288
12.2019 363.048 0.00133777 -0.00112826 0.0207429
10.2092 367.399 0.00136248 0.000516225 0.00171452
242.557 470.943 0.00190967 -0.00848406 0.0700743
266.393 474.732 0.00320812 0.000264956 0.0229503
650.894 505.864 0.0156344 -0.014786 0.0250494
254.321 644.141 0.0115776 -0.0173793 0.0442484
568.378 674.866 0.0373991 -0.00654265 0.00568055
325.675 7.45238 0.00899301 -0.000860491 0.00296884
370.396 267.261 0.00205509 0.00611883 0.0543915
238.392 269.257 0.00901592 -0.00902436 0.0253302
311.786 325.386 0.00874848 0.00329982 0.0271446
217.364 344.909 0.00371643 -0.000444671 0.0441923
190.804 366.457 0.00380965 -0.0134398 0.100906
128.598 387.159 0.013709 -0.00524522 0.0123967
332.48 401.01 0.00294381 -0.0047378 0.0655848
334.277 399.442 0.00131579 -0.00111272 0.00707601
603.034 419.948 0.00188455 -0.00703655 0.070928
619.479 548.415 0.00710173 0.000742585 0.0254938
100.6 561.9 0.00796735 -0.0128831 0.0533274
94.0676 664.311 0.0133984 -0.0298846 0.09271
102.357 666.651 0.00378761 -0.010603 0.0353203
474.694 116.028 0.00688848 -0.00443279 0.0416642
229.579 120.289 0.00552055 0.00415384 0.0256411
124.633 155.744 0.00575672 -0.00431693 0.0270596
124.345 152.086 0.00336596 -0.000511344 0.00525944
124.64 151.23 0.00309482 -0.000542716 0.00385889
124.482 150.065 0.00296934 -0.00043665 0.00252613
65.5571 164.329 0.006923 0.0118668 0.0680112
499.72 266.98 0.0179716 -0.0136099 0.018648
378.153 316.395 0.00252523 -0.000613698 0.00306703
171.474 340.628 0.00888288 -0.00717282 0.0342644
649.019 423.077 0.00219097 -0.00514105 0.0733544
8.60811 492.554 0.00478794 -0.0115209 0.0870547
88.5929 500 0.00728026 -0.0023414 0.00259409
579.448 574.207 0.0045599 -0.00648707 0.0188479
274.7 668.025 0.0202399 -0.0185839 0.0257647
137.826 677.453 0.00958555 -0.0190847 0.0562189
779.188 64.8542 0.0240663 -0.00321531 0.00742292
439.582 113.746 0.0100305 -0.00602945 0.0115605
619.705 235 0.0111514 -0.00105386 0.0111586
103.44 301.681 0.0107786 -0.00728375 0.0087163
391.823 350.694 0.00698424 -0.00410011 0.0172626
388.878 348.84 0.00190353 -0.00128347 0.00570652
80.8208 579.33 0.00969852 -0.0145974 0.0380597
877.1 161.68 0.0222493 -0.00772033 0.00652956
443.958 264.139 0.0015923 0.00290183 0.0294027
433.256 263.049 0.000520768 -0.00173291 0.0151037
284.511 261.761 0.00155231 -0.000454978 0.00251754
297.329 256.84 0.000323809 6.96902e-006 0.000759672
345.171 322.974 0.00261354 -0.00145803 0.0105614
307.115 452.628 0.00439697 -0.00946094 0.0851687
637.9 464.269 0.00449586 0.00666922 0.0295231
343.5 484.357 0.00267869 -0.00642885 0.0527389
356.031 485.907 0.000897481 -0.0039714 0.0270842
638.878 515.932 0.00920349 0.00144623 0.0228623
571.9 544.3 0.0216619 -0.0153283 0.0192937
439.5 552.274 0.0137956 -0.0171541 0.0255605
517.756 677.523 0.00431893 -0.00264637 0.0259296
851.734 162.484 0.00952807 0.00520343 0.00928999
569.833 166.013 0.00512354 -0.00155505 0.0368561
78.6132 187.858 0.00665933 -0.00591306 0.0181593
488.942 214.988 0.021014 -0.0226288 0.0377831
146.918 271.361 0.00371902 0.000732325 0.00963845
150.486 269.24 0.00067195 0.000805051 0.00649855
90.1481 383.981 0.00820203 -0.0159 0.050001
383.207 430.759 0.00396943 -0.00674061 0.0322853
415.896 437.792 0.00988847 -0.0140902 0.0311102
378.049 646.873 0.00462733 -0.0118862 0.0501871
351.069 657.517 0.0485951 -0.014177 0.00582687
569.747 660.214 0.00596849 -0.0133242 0.0352507
536.731 675.5 0.0303438 -0.0125151 0.0138285
175.805 211.529 0.00115591 -0.000339341 0.00146335
117.143 271.929 0.00359586 -0.00246929 0.0441812
103.85 282.625 0.0196376 0.00826448 0.010277
101.455 283.421 0.00422526 0.00190993 0.0075987
575.724 316.034 0.0103226 0.00129146 0.0100318
154.955 341.898 0.00188521 -0.000290137 0.011169
241.808 370.885 0.00746612 0.00591574 0.0289457
439.083 561.75 0.0208977 -0.000362608 0.00822547
303.635 678.554 0.00391208 -0.00943815 0.0974266
332.184 120.219 0.0397136 -0.00266301 0.00316659
351.845 129.373 0.001489 0.00565716 0.0701194
352.091 135.409 0.00637599 0.0149502 0.0688787
216.587 196.283 0.003241 0.00677788 0.0593367
217.09 195.551 0.00263008 0.00214521 0.0193939
249.286 272.491 0.000364656 -0.00067129 0.00268275
556.619 348.286 0.00830076 -0.00450092 0.00558209
302.439 445.357 0.00409827 0.0011301 0.0416502
557.365 569.122 0.00960056 -0.0168538 0.0559292
640.194 584.52 0.0272362 -0.0197708 0.0200328
162.427 638.671 0.00687394 -0.0094726 0.0365152
569.691 130.02 0.00012796 -4.57925e-005 0.000431677
588.227 234.573 0.00758644 -0.00596827 0.0105986
593.027 239.218 0.00338472 -0.00282539 0.00440278
254.5 236.173 0.00150382 -0.000896463 0.00544543
251.164 236.718 0.000886593 -0.000208718 0.00407448
221.058 245.808 0.00489271 -0.0056032 0.02288
68.0729 250.531 0.00485915 -0.00248261 0.00600435
270.076 343.466 0.0043627 -0.00033572 0.0104765
271.211 343.078 0.00266903 0.000469693 0.00988597
123.395 410.158 0.00425039 -0.00236747 0.0296873
226.806 443.765 0.0023885 -0.00742882 0.064696
221.557 438.821 0.00288177 -0.00290188 0.0048168
213.779 434.12 0.000422522 -0.000282432 0.00131432
409.6 652.875 0.015952 -0.0147361 0.0211723
781.154 97.1346 0.0225822 -0.000363121 0.00458078
155.8 206.875 0.00979069 0.0112793 0.0405551
10.1203 205.31 0.0142896 -0.0019501 0.00284482
13.8412 202.469 0.00275785 6.00118e-005 0.00208709
166.056 243.698 0.00877046 -0.00206713 0.005741
167.021 236.546 0.00217109 -0.000163295 0.00137312
225.343 320.037 0.00107959 -0.000845642 0.0117671
367.622 415.908 0.046884 0.00204688 0.00296787
176.069 438.375 0.00245267 -0.0034428 0.0199396
495.078 472.856 0.0141396 -0.0175226 0.0347322
223.333 610.583 0.0178069 -0.0303486 0.0702039
557.55 635.3 0.00817407 -0.0048351 0.017589
542.519 640.223 0.00205021 -4.7515e-005 0.00191879
361.635 156.284 0.00861719 0.00786128 0.0386971
517.061 166.744 0.0176199 -0.0149824 0.0261575
520.597 165.951 0.00211492 -0.00172761 0.0125263
533.253 161.199 0.000349398 -5.99499e-005 0.00156071
110.667 341.479 0.0032229 -0.00290623 0.0638712
271.735 393.525 0.00266796 -0.00297662 0.00681067
215.417 466.9 0.00252971 -0.00326836 0.0526723
59.3065 144.387 0.00607329 0.00749738 0.023027
878.597 314.847 0.0851905 -0.0016437 0.00115103
113.429 311.311 0.00112681 0.000506784 0.00194734
652.627 331.882 0.00314602 0.00174103 0.0385051
610.56 349.98 0.0110959 -0.00506174 0.00860126
20.6447 641.8 0.000645224 -0.000153644 0.000288838
318.019 150.654 0.00571049 0.000423233 0.00124696
105.942 159.327 0.00547009 0.00660406 0.023922
105.957 158.391 0.00436512 0.00293054 0.00811993
20.5571 205.214 0.0428634 -0.0115024 0.00971425
72.9474 428.079 0.022576 -0.0356101 0.0666583
20.7533 503.78 0.00234974 -0.00177323 0.00208354
430.441 521 0.00555678 -0.0129195 0.0698816
600.182 635.682 0.0196836 -0.00972374 0.0153719
10.0098 674.971 0.00851188 -0.0210236 0.0689759
9.10643 671.721 0.00191848 -0.000845646 0.00246629
285.391 197.545 0.00124967 0.000259256 0.00979258
283.814 318.108 0.0029348 0.00147683 0.0203698
223.844 337.556 0.00164448 0.000306669 0.0015593
138.254 408.377 0.00553223 -0.00516791 0.0139883
546.746 469.623 0.0511529 -0.00861382 0.00358146
365.611 487.233 0.00355292 -0.0111275 0.0666125
333.409 514.53 0.00322404 -0.0074396 0.0272914
328.071 650.48 0.0462484 -0.0108501 0.00438036
847.527 666.946 0.00727671 -0.00867286 0.0134057
276.231 148.875 0.00431918 0.00349162 0.00846968
364.214 234.071 0.00650166 -0.00382815 0.0168547
16 234.472 0.00515696 0.0117864 0.0781069
11.6294 230.614 0.00191594 -0.000217264 0.00498786
11.1228 236.071 0.00136137 -3.77553e-005 0.000459609
208.686 282.304 0.00114851 0.000541225 0.00140557
486.516 316.325 0.00853201 0.000253262 0.00471559
633.958 332.75 0.00316673 0.00187125 0.0314088
79.0478 396.43 0.00901131 0.00126811 0.00178746
605.257 460.294 0.00281866 -0.00861767 0.0398195
599.526 463.03 0.000538045 0.000202019 0.00158139
615.092 482.18 0.00523549 0.000552073 0.0040641
302.21 579.537 0.00214264 -0.00618297 0.0268214
318.438 267.542 0.00385689 0.00142785 0.0247384
545.387 363.028 0.00713817 -0.00450443 0.0133375
134.682 433.159 0.00939443 -0.017999 0.0591367
185.354 461.72 0.0109673 -0.00913709 0.0182698
148.523 635.682 0.0158753 -0.0190798 0.0369465
848.02 16.3431 0.00988086 0.000843237 0.00370653
83.3644 249.992 0.00631626 -7.0276e-005 0.0212345
214.63 253.074 0.00576387 -0.00701608 0.0180286
81.061 360.476 0.00203681 -0.00252716 0.058371
319.238 371.238 0.00447543 -0.00788154 0.02513
635.021 84.0717 0.00164424 0.000406093 0.00123799
251.35 220.55 0.0233959 -0.0113224 0.013027
179.896 270.021 0.00441724 -0.0037509 0.0358012
336.024 289.476 0.0207963 -0.0168149 0.0240758
288.7 402.775 0.0104557 -0.0134219 0.0335365
177.221 530.686 0.00393997 -0.00577003 0.0328609
523.053 643.526 0.0188617 -0.0120026 0.0141961
523.93 640.986 0.00699945 -0.00277823 0.00364186
592.452 676.741 0.00300164 -0.00358976 0.0178695
202.06 27.23 0.00721333 -0.000361943 0.00349803
106.724 192.033 0.00442913 0.00192684 0.00952837
532.841 240.455 0.00556275 0.0043967 0.0231776
105.312 242.529 0.00327032 9.232e-005 0.00174019
153.959 280.076 0.00228993 0.00157418 0.0125851
148.586 284.005 0.000929941 -4.67861e-006 0.00213602
110.269 293.833 0.00721424 0.00462765 0.041104
365.106 308.458 0.0172396 -0.00361922 0.00394129
220.818 390.47 0.00586692 -0.00731164 0.0184144
77.0862 514.155 0.00628067 -0.00890205 0.0300507
19.9359 534.974 0.00322049 -0.00507296 0.0181908
19.6372 590.953 0.000451984 -2.12685e-005 2.0673e-005
75.8404 557.947 0.0059802 -0.00474534 0.0283401
87.8333 160.577 0.0165657 -0.000987775 0.0112391
83.8696 158.312 0.00346128 -0.0020138 0.0070366
411.491 164.842 0.0053657 -0.00289488 0.00691385
414.565 164.474 0.00214204 -0.000413173 0.00310862
583.125 185.042 0.00782386 0.0009337 0.00671088
12.5769 275.39 0.00185989 0.000663078 0.0159267
12.9 275.231 0.00179826 0.000219833 0.0124426
388.432 287.034 0.00335911 -0.0038062 0.0067329
176.908 485.888 0.00752837 -0.0130726 0.0463092
389.773 570.955 0.0068883 -0.0187507 0.0657806
220.363 23.0875 0.0218101 0.00539843 0.00382867
847.674 51.0564 0.000208989 0.000199552 0.00106402
3.37179 341.449 0.014927 -0.000815372 0.0232263
189.35 349.467 0.00833131 -0.000907249 0.00989162
6.10377 511.481 0.00588942 -0.00490003 0.0234032
536.387 181.632 0.0285154 -0.00208755 0.00512288
339.223 199.628 0.00342282 0.000988725 0.00145635
347.39 195.804 0.000782023 0.000464317 0.00123636
324.031 240.188 0.00217983 -0.00240017 0.0126158
190.574 244.704 0.00694256 -0.00518705 0.0165988
226.975 287.877 0.0112517 0.00116008 0.00754543
222.548 289.656 0.00268844 0.00177363 0.00515488
177.239 331.41 0.00417596 -0.00250424 0.006772
291.743 360.581 0.0212687 -0.0184444 0.0325318
105.585 407.542 0.00361542 0.000315121 0.0166604
86.0556 427.167 0.00897109 -0.00663154 0.0175663
494.225 588.1 0.00385758 -0.00729997 0.0649042
583.829 600.9 0.00423063 -0.000245914 0.012858
200.36 605.337 0.0194274 -0.00826181 0.0155411
222.841 638.5 0.00821843 -0.00484387 0.0190632
218.845 208.327 0.00059071 0.0006299 0.00377533
188.841 282.705 0.0405945 -0.0237866 0.0189124
188.985 284.652 0.0116469 -0.00256343 0.00274062
85.7609 315.826 0.00685821 -0.00928475 0.0361466
560.087 446.478 0.00788752 -0.00809133 0.0238568
151.221 459.64 0.00596194 -0.0144188 0.0587084
157.25 460.15 0.00107003 -0.00367304 0.0253028
168.595 461.548 0.00343475 -0.0049986 0.0583398
801.5 59.4179 0.00893042 -0.00243754 0.00348399
103.82 175.636 0.000930784 0.000966993 0.00358619
104.427 174.288 0.000669098 0.000638638 0.00253467
369.146 253.51 0.0039844 -0.00281874 0.0110502
613.386 269.886 0.00490636 0.00381549 0.0411094
235.761 366.408 0.00163696 -0.00141751 0.00436327
236.466 365.103 0.00130781 -0.000724798 0.00289826
824.762 531.071 0.00842958 -0.00502817 0.0287887
464.23 190.908 0.000253994 1.42952e-005 0.00310508
220.657 220.637 0.00246768 0.000577043 0.0530051
426.011 233.351 0.0109316 -0.00151984 0.0116916
422.533 231.402 0.00108441 -0.000263919 0.00341953
511.713 248.106 0.00793341 0.000407804 0.00512846
255.553 339.67 0.00746174 -0.00179734 0.00600107
320.717 524.187 0.00143713 -0.000992892 0.00536468
594.293 529.932 0.0113809 0.00117995 0.00232158
318.457 121.919 0.0124153 -0.00104672 0.0030509
326.559 123.506 0.000371709 -0.000171752 0.00141984
557.383 183.599 0.00394496 -0.00103147 0.00285529
453.254 418.036 0.00122504 4.6389e-005 0.0060254
545.398 429.715 0.00278308 -0.000470549 0.00174869
247.955 526.341 0.00446612 -0.00440698 0.0309051
468.411 70.9667 0.0124969 0.00214257 0.00443194
84.181 132.288 0.00136404 7.70146e-005 0.00262474
526.697 220.393 0.00108682 -2.92622e-005 0.00616172
64.837 327.348 0.00792604 -0.00181458 0.00381069
552.142 402.019 0.00961084 -0.00128823 0.00348966
31.1944 555.833 0.0338355 0.00324317 0.00996751
8.21429 634.969 0.00789926 -0.0203507 0.0739522
11.3372 144.023 0.00330375 0.00398866 0.0182323
10.6857 140.006 0.00154561 0.00020575 0.00270548
207.685 180.333 0.00356887 -0.00110555 0.0039026
68.5324 198.23 0.00319757 0.000850122 0.00409579
73.3 293.18 0.00288364 0.000971526 0.00696148
597.052 331.967 0.000821307 3.26295e-005 0.00689092
361.741 400.241 0.00530332 0.00761368 0.0330404
270.698 493.809 0.0119449 -0.00164534 0.00395445
164.344 388.172 0.00132049 0.00238436 0.0511204
656.314 485.506 0.00508424 -0.00183876 0.0024639
458.707 486.931 0.0287094 0.000161386 0.00134397
201.602 535.357 0.00544262 -0.0133262 0.0569187
200.695 530.764 0.00371439 -0.00189668 0.00206052
174.241 602.208 0.000608865 -8.39501e-005 0.000662355
243.318 124.045 0.0184151 0.00839695 0.028113
174.426 143.821 0.000722505 0.000223637 0.00289663
464.276 450.806 0.00983668 -0.00502781 0.0134882
266.466 133 0.00316066 0.00323209 0.0133374
266.556 130.417 0.00130547 0.000132643 0.00183144
131.214 341.518 0.00358951 -0.00430419 0.0389291
872.022 460.435 0.0411335 -0.0118565 0.008677
584.104 631.854 0.00275495 -0.000334039 0.00170756
424.107 336.697 0.00761395 -0.00712245 0.0139008
317.313 415.15 0.00186179 -4.83718e-005 0.000931997
391.011 447.853 0.00114419 -0.000119336 0.0023284
546.881 249.024 0.0235108 -0.00707763 0.0141732
179.893 288.786 0.0206062 -0.000330463 0.00524407
259.337 422.5 0.00835284 -0.0116791 0.0384341
151.313 431.967 0.00500199 -0.00359181 0.00819352
31.939 489.11 0.0282332 -0.0143614 0.0164188
576.726 527.032 0.0100725 -0.00365013 0.0112433
575.284 159.775 0.00326204 0.00119883 0.00236516
498.764 235.425 0.013266 -0.0011762 0.00872801
316.977 255.159 0.0322324 0.00205082 0.00852607
202.775 262.703 0.00638569 -0.00588585 0.0148636
451.576 366.511 0.0141612 -0.00621484 0.0046235
659.521 405.245 0.0056564 -0.00116449 0.00256964
507.357 436.786 0.0060396 0.00358994 0.0285158
472.647 445.618 0.0314004 -0.0137474 0.0111471
240.352 567.295 0.00341704 -0.00679723 0.0220397
181.391 664.531 0.0105563 -0.00477955 0.00931619
182.792 664.492 0.00550099 -0.00194998 0.00453149
485.32 154.503 0.000455167 0.000223851 0.00297393
447.31 242.571 0.00678867 0.000773637 0.0262634
449.161 243.133 0.00379662 -0.000375214 0.00442544
572.664 470.53 0.00674941 -0.00254122 0.0114908
10.8721 557.895 0.00628356 -0.00247787 0.018444
265.083 362.083 0.00234764 0.000245257 0.00174838
261.5 430.363 0.0100198 -0.00636207 0.0163804
324.391 449.652 0.0182935 0.00222189 0.00853687
564.5 626.694 0.0358187 -0.0283027 0.0290475
443.067 71.8667 0.00404937 0.000107196 0.00796575
182.198 167.733 0.0275471 0.0121357 0.015555
14.1491 217.711 0.0034144 0.0010467 0.0326415
343.162 251.5 0.00322375 -0.0021015 0.00422633
306.214 316.653 0.00127786 -0.000254853 0.000819386
281.777 412.555 0.000305972 -0.000166959 0.00153835
332.996 546.021 0.00122878 0.000529094 0.00332728
193.394 180.606 0.00235349 -0.000988046 0.0101034
260.202 254.84 0.0125712 0.00345403 0.0167022
257.804 254.261 0.00402284 -0.00176969 0.0128989
16.5455 299.023 0.00505433 -0.00309498 0.0309515
139.068 147.227 0.041282 0.00244541 0.00536908
448.539 225.829 0.00164812 -0.000877616 0.0018598
190.551 336.936 0.0216084 -0.00837032 0.0102298
260.673 406.135 0.0161903 -0.00456045 0.00908974
409.451 578.646 0.0110514 -0.00919515 0.0289095
224.426 113.833 0.00159616 -0.000165404 0.00210107
399.804 592.652 0.0258576 -0.00676062 0.00783597
455.1 114.811 0.00514178 -0.00110284 0.0365764
343.533 386.133 0.0255574 -0.0032582 0.00540916
147.136 192.093 0.00231359 -9.79611e-005 0.00175239
194.423 405.28 0.00296919 -0.000522042 0.00348452
162.438 445.203 0.00660624 -0.00183231 0.00671272
113.737 530.132 0.0166722 -0.00904706 0.0209557
139.874 171.561 0.00314906 0.000971602 0.00481757
370.537 471.895 0.000619314 -0.000663277 0.00314229
299.026 129.217 0.0039901 0.000549329 0.00176486
295.962 127.631 0.00150989 -3.47771e-006 0.00157886
218.37 363.481 0.0105685 0.00389473 0.00459104
71.9348 487.022 0.0160492 3.04298e-005 0.0125376
417.508 593.65 0.00173069 0.000271077 0.00368306
14.2333 158.167 0.00514887 0.000972318 0.00302381
66.9519 157.481 0.00524261 0.00113119 0.00233705
164.696 399.268 0.00861509 0.00143598 0.010761
297.575 534.4 0.0072897 -0.00277628 0.033553
185.896 304.193 0.00322084 -0.00190436 0.00779951
179.375 306.463 0.000855988 -0.000784801 0.00279867
279.726 357.855 0.0173821 -0.00597513 0.00658422
277.764 541.907 0.00147073 -0.000479056 0.00266009
1.66216 137.581 0.0681221 -0.00934489 0.00661222
72.119 382.119 0.00763927 0.00280516 0.0310627
286.067 509.617 0.00777256 0.000580476 0.0165498
327.778 461.75 0.0183675 -0.00234479 0.0215759
115.41 370.903 0.0103522 -0.00325835 0.00725972
201.268 485.491 0.0020269 -0.0017432 0.00666785
2.00909 204.245 0.0489736 -0.000514716 0.00275757
556.789 257.1 0.00790851 0.00259641 0.0205823
402.7 553.65 0.0150954 -0.000476301 0.0207734
402.287 245.852 0.00226035 0.00040537 0.0129635
273.817 328.159 0.016235 -0.00867682 0.0218774
44.0682 383.25 0.00571827 0.013982 0.0641065
210.848 526.522 0.0392869 -0.00265782 0.00444025
58.8592 629.024 0.0039815 -0.00115435 0.00835876
62.25 672.333 0.0223486 -0.000231763 0.00333574
42.9792 458.271 0.0153312 -0.00252383 0.0133199
44.734 393.096 0.0166764 -0.00310736 0.00894233
47.8621 393.526 0.0038704 -0.000439901 0.00547425
52.178 371.517 0.0208996 -0.00428331 0.00429252
44.2857 416.476 0.00535964 -0.00423726 0.0344238
25.2463 78.3657 0.00986507 -0.00420339 0.0137085
33.3514 81.5372 0.000910161 -6.78786e-005 0.00298764
34.5 83.4813 0.000813116 -0.00026644 0.00181396
34.8454 85.0379 0.000753485 -0.000224695 0.00144066
41.9603 79.5317 0.00826224 0.00390405 0.0159482
32.6053 145.868 0.00225146 -0.00210569 0.024981
34.2869 137.435 0.00144566 7.4483e-005 0.00113688
35.0319 137.76 0.00102929 9.72607e-005 0.00113804
50.2838 537.905 0.0091721 0.00613036 0.0485666
798.136 186.916 0.00282363 -0.00399134 0.0300563
807.53 188.764 0.000820834 -0.000919809 0.00437425
808.849 192.872 0.000945865 -0.000486948 0.00105264
840.106 184.477 0.000105759 0.000113478 0.000384383
43.3039 211.951 0.00490636 0.00352588 0.0265221
434.5 605.763 0.0111049 -0.0139878 0.0450646
431.949 604.771 0.00259161 -0.00527896 0.0178637
50.4847 343.752 0.000885458 -0.000847749 0.00600807
52.3894 343.869 0.000921839 -6.53349e-005 0.000938006
51.902 343.615 0.000695509 -4.81561e-005 0.000790945
458.5 355.643 0.0129962 0.00518299 0.00890932
458.408 358.041 0.0113132 0.00156092 0.00177132
61.1875 490.528 0.00392745 -0.000400743 0.000290032
35.8714 299.329 0.00183779 0.00292086 0.0405688
5.20968 151.032 0.00691668 0.00198383 0.00859839
336.551 510.551 0.00290119 -0.00745698 0.0540321
334.947 510.167 0.00164158 -0.00499379 0.0227944
108.075 41.15 0.035703 0.00491454 0.00998979
542.325 111.781 0.00495466 -0.00110445 0.0298698
549.796 110.744 0.00073532 0.002141 0.0236601
58.8626 402.83 0.0145994 -0.00029857 0.00228139
53.9885 401.945 0.000868291 -0.000286736 0.000359927
367.67 406.457 0.00415043 0.00168078 0.0453021
59.7286 558.586 0.0112977 -0.00543723 0.0142735
859.057 676.902 0.00158028 -0.00407122 0.0338595
36.6842 103.5 0.00490714 -0.00505422 0.044034
41.4504 105.649 0.00168467 -0.0022459 0.00754598
37.489 110.491 0.000686094 1.85119e-005 0.00201431
65.2619 545.929 0.0379098 -0.00355886 0.00630291
509.738 594.064 0.00209106 -0.001928 0.0188732
53.6279 228.535 0.0145706 -0.00285123 0.00485773
480.446 351.182 0.00208073 -0.00159543 0.00471249
12.1098 430.476 0.0179199 -0.00843417 0.0174287
239.523 541.733 0.0634687 -0.00873952 0.00434574
35.7375 168.963 0.00130958 -0.00329483 0.0519371
47.5591 222.001 0.000935134 -8.45458e-005 5.97627e-005
44.8906 238.681 0.000509543 2.26648e-006 2.86804e-005
42.1751 221.93 0.000464391 -1.83569e-005 2.03863e-005
508.696 472.912 0.0330844 -0.00554204 0.00437579
36.8768 278.254 0.00292442 -0.00375625 0.0364039
415.792 297.097 0.00554064 -0.00724758 0.0135443
413.135 290.485 0.00364313 -0.0022461 0.00199701
175.264 314.155 0.00461591 0.00146512 0.0255527
260.734 325.053 0.00592902 -0.00105099 0.0135669
263.413 328.371 0.000953807 -0.000603261 0.00217136
320.866 402.768 0.00674514 -0.00840906 0.0343283
66.875 590.975 0.0588398 -0.0011909 0.00467693
866.793 30.0172 0.00331145 0.00112228 0.0297764
122.953 181.895 0.00212314 -0.000332104 0.0149113
120.332 185.736 0.00118899 0.000314528 0.00118987
843.53 259.955 0.0196408 0.00845602 0.0240752
175.936 355.474 0.123739 -0.00377153 0.00209953
40.1622 363.811 0.0017559 0.00155153 0.0285739
122.757 375.014 0.11306 -0.00647314 0.0035517
122.615 375.808 0.042525 -0.00248834 0.00135315
172.577 417.135 0.00171302 -0.00160156 0.0553133
62.7436 48.5 0.00312252 0.00486525 0.0169466
329.706 385.088 0.0408714 -0.0300271 0.0315863
96.6324 143.294 0.00625102 0.0036427 0.00433768
287.056 218.656 0.00976004 -0.00489784 0.0207611
872 226.763 0.0193614 0 0.0197038
818.033 294.122 0.0211046 -0.0151333 0.0221773
818.479 293.353 0.00846131 -0.00237467 0.00773614
813.933 294.458 0.00161617 0.00116138 0.00514901
815.991 300.819 0.000299474 -0.000116528 0.000778568
584.716 421.635 0.00753531 -0.00735839 0.043656
584.874 415.989 0.00476805 1.94051e-005 0.00133738
397.111 462.838 0.0011686 -0.000775361 0.0146496
391.076 463.242 0.000524132 -7.26302e-005 0.00129528
103.875 486.1 0.0179469 -0.00369334 0.0150512
302.827 604.518 0.0163659 -0.0176322 0.0261645
285.548 9.92857 0.0165435 -0.00624261 0.0153645
289.589 7.98148 0.00414045 0.00153297 0.00586433
600.526 103.974 0.00959851 -0.00666244 0.0314181
600.966 103.527 0.00691902 -0.00389666 0.0124698
337.657 161.892 0.00909436 -0.00983961 0.028715
338.419 163.488 0.00895263 -0.00527243 0.00702798
814.174 209.616 0.0298774 -0.0121323 0.0129729
212.274 388.984 0.0319676 -0.0140587 0.0181186
212.458 384.736 0.0191131 -0.000765854 0.00213449
376.767 459.317 0.00921344 0.00188662 0.00762594
240.705 520.91 0.00667232 0.00446619 0.0445242
399.061 589.55 0.00321949 -1.68457e-005 0.000664187
402.544 595.183 0.00188714 -0.000712989 0.000572656
287.913 602.652 0.00820319 -0.0152005 0.0478897
394.789 655.132 0.0102706 -0.0142694 0.0462113
396.113 655.873 0.00676904 -0.00798572 0.0223773
415.25 664.819 0.0195211 -0.00373704 0.00382818
208.968 361.355 0.00262735 -0.000895936 0.0125736
208.525 359.995 0.00232397 -0.000661589 0.00503958
466.525 608.525 0.015567 -0.00603819 0.0196661
211.148 173.602 0.00258462 -0.00335014 0.0240265
213.64 173.128 0.00124865 -0.000248649 0.010595
565.743 199.473 0.0349 -0.00957926 0.0125094
422.789 253.895 0.0302675 -0.020836 0.0201896
40.7976 320.714 0.00139906 0.00218425 0.0406065
525.551 497.534 0.04583 -0.00219759 0.00267176
524.458 496.424 0.0125939 0.00107595 0.00123673
480.917 568.854 0.0503176 -0.00257839 0.00398332
551.66 602.327 0.00332023 -0.00486558 0.0214177
552.865 594.201 0.00237484 0.000108068 0.000716659
355.784 614.081 0.025502 -0.00821094 0.00528025
309.255 634.519 0.0117693 -0.0134478 0.0272216
68.662 636.458 0.0205962 0.00220437 0.00112614
68.0983 648.586 0.00861252 0.000164202 0.00023672
804.921 51.0322 0.00245451 -0.00142001 0.00190689
810.5 48.9573 0.000180556 0.000239063 0.000654378
191.929 174.69 0.00350607 -0.00179396 0.0534429
138.167 203.676 0.00502814 0.0015849 0.018441
244.317 212.414 0.0313635 -0.00494601 0.00171672
241.723 210.672 0.00166693 -0.000787585 0.000807981
428.75 322.295 0.00679181 -0.00809476 0.0399254
816.326 333.891 0.0144703 -0.015039 0.0310216
491.519 648.346 0.0075002 -0.011192 0.0335316
497.296 658.545 0.00224134 -0.000325031 0.000515896
499.478 656.229 0.000537369 8.61385e-005 0.000595467
451.075 64.5417 0.00101124 0.00483439 0.038331
465.075 67.1851 0.000202468 -0.000193439 0.00223179
621.974 72.4825 0.00665198 -0.00241021 0.00848983
605.173 71.7664 0.000290597 -2.37529e-005 0.00988263
280.402 191.814 0.00424517 0.00337294 0.0341675
278 191.32 0.0019721 0.00168423 0.00644758
193.237 200.479 0.000588438 -0.000381867 0.0433123
405.679 275.038 0.025272 -0.0180629 0.0215252
561.253 284.242 0.00165347 -0.000194408 0.00171048
562.329 282.987 0.00120841 -0.00013086 0.001257
467.414 324.862 0.00485041 -0.00657095 0.0333571
573.527 329.608 0.0111852 -0.00165446 0.00977487
576.565 329.766 0.00202765 -0.00191549 0.00712302
573.843 330.131 0.000842927 -0.000417282 0.00397068
531.628 382.245 0.0258724 -0.00989648 0.00695484
94.5152 409.439 0.00617529 -0.0120382 0.0316642
444.987 410.618 0.00190827 -0.00394529 0.037073
66.6395 571.779 0.0432735 -0.0016012 0.00579889
374.141 579.115 0.0229271 -0.00588341 0.0177078
324.081 601.686 0.0703547 -0.00584967 0.00366273
531.035 617.261 0.0141523 3.63134e-005 0.00115005
292.156 89.6771 0.00253343 0.00428369 0.0177328
293.536 93.9773 0.00157313 0.000258717 0.00163523
290.166 96.2813 0.000906798 0.000449664 0.00122871
289.204 96.7794 0.000824241 0.000419048 0.00125373
441.009 178.974 0.00682047 -0.00743784 0.0175118
434.345 166.861 0.00092067 -0.000479871 0.000655815
551.929 203.5 0.00687986 0.00315964 0.04034
549.135 203.559 0.00237151 0.000124581 0.0229261
522.115 206.173 0.0063512 -0.00807362 0.0409886
527.181 206.791 0.00137495 -0.000425321 0.00772313
495.266 250.431 0.00301405 -0.00229307 0.00844069
490.581 248.287 0.00115358 -0.00044429 0.00120446
375.417 274.667 0.0352837 -0.00346842 0.00580211
380.64 272.465 0.00227836 0.00194931 0.00624283
569.543 424.777 0.0205178 0.00546754 0.00991457
341.582 465.975 0.00664644 -0.00368042 0.0236635
510.085 608.89 0.0135514 -0.000557799 0.015922
58.4487 620.397 0.0086193 0.0143379 0.063915
512.604 620.487 0.00814492 -0.014617 0.0330157
499.037 673.744 0.0336678 -0.00159683 0.00391769
179 22.2045 0.00444812 0.0033915 0.0273996
177.929 22.8497 0.00156299 0.00502879 0.0230048
453.171 138.987 0.0069291 -0.000978546 0.000728085
352.79 163.323 0.0029949 4.55223e-005 0.012255
816.719 189.473 0.00550377 0.000308212 0.00896284
147.052 296.007 0.00121328 0.000379597 0.0322488
162.984 296.181 0.000199605 0.000288048 0.0220958
378.237 324.026 0.00624293 -0.00984792 0.0712331
374.78 323.553 0.00292143 -0.00489509 0.0311759
384.563 381.256 0.00388698 0.00204031 0.00249295
378.394 391.074 0.00330265 0.00202305 0.0016379
582.929 394.214 0.0190776 -0.0153495 0.0204501
544.329 477.829 0.00870832 -0.00328271 0.00410548
145.389 514 0.0354884 -0.00808886 0.00455236
60.9043 562.724 0.00126451 -0.00013406 0.000114547
590.402 608.451 0.0190795 -0.0050125 0.0178152
588.739 615.413 0.010043 -0.011683 0.0354563
582.925 615.344 0.00160458 -0.00114134 0.0112091
591.657 72.1143 0.00271732 0.00803132 0.0536174
797.269 109.679 0.00322939 -0.000866927 0.0521015
803.207 109.284 0.000891089 0.000863348 0.0333071
800.621 110.67 0.000296461 0.000470995 0.0102377
267 142.75 0.00400231 0.0021115 0.0502943
481.143 146.548 0.00626815 0.00361085 0.0378407
485.526 146.506 0.000579479 0.000464251 0.0228014
498.517 145.319 0.00024517 0.000833763 0.0104591
96.1579 236.316 0.0718551 -0.00232477 0.00380435
98.3467 243.391 0.00436257 -5.72524e-005 0.000596247
144.957 385.402 0.00411986 -0.00110538 0.0041718
307.368 517.613 0.075119 -0.000964701 0.0013939
552.581 583.176 0.047573 0.00637599 0.00879605
243.64 594.523 0.010121 -0.0182775 0.0456507
334.292 614.425 0.00855305 -0.0184011 0.0605383
328.567 608.496 0.00103102 -0.000621866 0.0011872
46.1 643.2 0.011833 0.00488224 0.0261147
45.9462 642.485 0.00625983 -0.000273059 0.0154939
876.075 184.8 0.00956953 0.00128229 0.0242721
875.437 182.222 0.00925918 -0.0014361 0.00446291
582.864 331.591 0.035411 -0.0151069 0.0133782
875.929 397.167 0.0188052 -0.000617127 0.0143776
458.422 641.422 0.00524947 -0.000302798 0.0145103
27.2241 48.1552 0.00186056 -0.0057449 0.0394101
557.353 62.0147 0.0634893 -0.00137103 0.00160798
605.353 166.294 0.00516945 0.000146226 0.0583958
606.719 166.203 0.000591691 0.00291802 0.0360483
437.236 227.986 0.0271782 -0.000337305 0.00168455
398.243 238.871 0.0162178 -0.0209511 0.047493
175.997 253.462 0.000397961 -0.000306611 0.00185992
256.141 348.064 0.0105033 -0.00608515 0.013994
253.532 347.737 0.00232792 -0.00286255 0.0176093
238.553 458.263 0.0142167 -3.92313e-005 0.00444738
240.214 458.203 0.00367512 -0.00127374 0.00325958
276.667 489.681 0.0139955 -0.00280428 0.00387888
474.619 516.262 0.0793455 -0.00223324 0.00259391
474.682 518.854 0.0380186 0.000231774 0.00101098
217.744 539.549 0.00960354 -0.00625356 0.0158636
423.782 579.449 0.0126369 -0.00433556 0.0216076
428.884 580.52 0.00202142 -0.00235678 0.0164306
399.009 600.613 0.0151833 -0.0110362 0.017772
24.8636 615.977 0.021803 -0.0127302 0.0170266
629.071 652.833 0.0552012 -0.00546089 0.00466219
869.242 64.0758 0.00253818 0.00648753 0.0417926
280.481 130.123 0.0498286 -0.00461087 0.00262202
276.336 136.25 0.000480222 6.20088e-005 0.000776729
264.458 134.549 0.000143416 -5.53217e-005 0.000678962
177.885 134.705 0.0138791 -0.0082665 0.0107326
132.692 142.41 0.00609837 -0.00271162 0.00365685
567.991 315.3 0.030247 -0.00693765 0.00489852
202.59 324.017 0.00243916 -0.00221821 0.00525195
169.462 307.203 9.45351e-005 -6.87449e-005 0.000175733
187.081 326.71 0.00468259 -0.00148337 0.00784467
493.883 325.926 0.00367804 -0.0120979 0.0750118
499.491 327.336 0.00133578 -0.00303464 0.014269
402.636 477.909 0.0182293 0.00867398 0.0182805
375.089 515.411 0.00151247 2.12965e-005 0.00554332
393.343 518.254 0.000192679 -0.000371403 0.00297105
248.813 533.1 0.00539987 0.000413586 0.00754069
444.9 569.736 0.0367514 0.00060293 0.00372005
216.074 578.975 0.023359 -0.00580993 0.00545697
253.704 633.429 0.00892658 -0.00558125 0.00908492
163.444 666.778 0.00922256 -0.0093536 0.0231874
166.827 668.545 0.00229992 -0.00089533 0.00483632
565.888 78.7118 0.00296228 0.00919082 0.0449492
581.465 95.4649 0.0177069 -0.00325002 0.00225221
588.352 100.062 0.000801055 -0.00052363 0.00174495
2.39362 112.33 0.0363876 -0.00487513 0.00753973
466.322 118.878 0.00799518 -0.00644701 0.0206241
114.159 150.568 0.0616041 -0.0019382 0.00304213
116.592 153.673 0.00588995 -0.00272367 0.00281794
115.299 148.345 0.000253704 -0.000113855 0.000893866
170.25 163.656 0.083052 -0.0120018 0.00568005
174.288 158.399 0.00224648 0.00116912 0.0028063
177.122 157.926 0.000402592 0.000315991 0.00149704
866.23 239.986 0.00698968 -0.00505356 0.0134389
527.095 268.584 0.00184145 -0.000550281 0.0004669
529.263 288.684 0.0169641 -0.000213815 0.0112652
577.091 356.5 0.0107573 -0.0013636 0.0167724
583.238 357.466 0.000426859 -0.00108331 0.0127684
348.712 390.924 0.0404775 -0.00277275 0.00201224
40.7698 400.548 0.00887014 -0.000896165 0.0107872
35 421.971 0.00705084 0.00161011 0.0124775
477.507 587.842 0.00114098 -0.00146609 0.00900372
150.346 600.115 0.0247885 0.00181197 0.00158034
269.342 3.37719 0.00577727 0.00891318 0.0311386
142 30.1389 0.0053634 -0.000584312 0.0545357
96.5882 46.6176 0.0908047 -0.00175125 0.00477324
417.202 82.4231 0.0112879 -0.00401542 0.00266979
416.796 85.6343 0.00395584 -0.000961561 0.000991684
493.593 211.709 0.0191874 -0.0115693 0.0176959
231.659 226.841 0.030896 -0.00107786 0.00618213
234.074 226.543 0.00501201 -0.000276186 0.00680192
602.548 233.103 0.00468267 0.000888991 0.00840055
604.462 235.443 0.00185528 3.34603e-005 0.00169663
621.442 273.269 0.0111544 0.0029854 0.00664893
287.793 289.646 0.0226219 -0.0065426 0.0113641
440.141 294.141 0.0221115 -0.00609778 0.0132764
425.051 313.459 0.015839 -0.00187073 0.00902119
875.453 326.64 0.056669 -0.0101432 0.00571756
871.353 325.269 0.00223888 0.000510683 0.000872478
871.154 323.292 0.00215444 0.000384791 0.00064128
871.02 320.614 0.00178551 5.83636e-005 0.000307186
275.764 400.311 0.00471494 -0.00354575 0.0301493
123.567 401.7 0.0213964 0.00155823 0.00492158
408.943 406.457 0.00933851 0.000684435 0.00903919
871.424 410.606 0.00413988 -0.00137356 0.0168405
871.565 410.266 0.0033249 0.000445666 0.00856719
872.215 408.131 0.00310106 0.000895363 0.0013758
101.87 429.796 0.00653327 -0.000625403 0.00692298
536.917 444.7 0.00244772 -0.0025536 0.050374
226 456.775 0.104336 0.00529119 0.00217482
118.72 480.939 0.0115112 0.00421412 0.0123316
121.817 480.383 0.00441614 0.00083849 0.00339145
304.18 541.86 0.00761596 -0.00608021 0.0147116
305.914 543.99 0.00436239 -0.00198572 0.00379341
403.606 557.413 0.00200244 -0.00106965 0.00117354
405.087 570.799 0.000291665 -5.49503e-005 0.000162387
650.211 585.367 0.0147214 -0.00144246 0.00698524
653.281 585.648 0.00405875 -0.00220232 0.00438881
660.481 11.9074 0.0202467 -0.00265032 0.00570801
658.594 17.9529 0.00505655 0.000897826 0.00135578
124.95 40.9056 0.00218038 0.000653888 0.0015382
396.45 55.5667 0.0453657 0.00299732 0.00247527
102.314 124.965 0.0142354 -0.00135377 0.0187556
101.055 123.335 0.0026828 -0.00135109 0.00395832
386.918 148.209 0.0324967 -0.00281233 0.00277109
390.167 144.085 0.00232538 -0.000325279 0.000518094
382.44 136.489 0.000740693 -0.00035256 0.000452628
225.909 197.409 0.00468748 0.0154385 0.0838596
159.685 200.963 0.00648533 0.00483119 0.0165834
160.363 199.605 0.00493495 0.00155836 0.00607842
130.31 253.345 0.00612538 0.0037755 0.0195532
116.585 250.657 0.000220246 -0.000163913 0.000727106
860.443 251.129 0.011443 -0.00404607 0.0298073
208.16 287.819 0.0333489 -0.00966795 0.00836485
181.842 348.449 0.00254917 0.00165733 0.00237648
204.128 345.035 0.00499134 0.00280235 0.0327216
794.127 369.755 0.00373672 -0.000486402 0.0469823
271.011 374.322 0.00144899 -0.00150225 0.0290427
234.095 422.024 0.00653754 -0.0068804 0.0351738
531.3 436.011 0.0185414 -0.0109501 0.0185379
343.594 459.063 0.00194406 0.000706764 0.0183497
281.444 554.331 0.00435543 -0.00125143 0.0115122
413.979 613.725 0.0200435 -0.00204279 0.00116367
239.186 12.7143 0.00881951 -0.00198012 0.0051508
843.18 34.5533 0.00144916 0.00413665 0.0627389
834.278 35.8069 0.000692239 0.00261265 0.0254867
368.33 119.053 0.0610766 -0.00701858 0.00391983
657.756 326.91 0.00953651 -0.00116736 0.0336776
157.071 396.929 0.0370945 0.00509496 0.00462365
615.033 493.389 0.0069201 -0.00768938 0.0336123
204.584 516.184 0.00754318 -0.000558627 0.00166079
206.847 514.136 0.00293333 -0.00046653 0.000712045
159.3 580.3 0.0568351 0.00389979 0.00340934
240.395 580.474 0.0797222 -0.00347611 0.00488132
239.12 577.462 0.010615 -0.00063358 0.00222306
552.868 647.026 0.0453206 -0.00135784 0.00231419
337.364 654.393 0.00240728 -0.000195791 0.00380207
338.346 653.842 0.0026011 -0.000485652 0.00230177
498.05 37.175 0.0467363 0.00549463 0.00510941
497.541 40.7432 0.0350915 0.00199401 0.0017283
497.338 40.536 0.0213875 0.000621119 0.00149564
385.381 99.4286 0.00705505 -0.00628789 0.0429517
400.103 109.246 0.0285178 0.000328669 0.00203428
603.804 133.357 0.00504564 -0.00454297 0.0271891
605.536 133.191 0.00192729 -0.00194214 0.0167529
69.9554 147.787 0.00161911 -3.22832e-005 0.00351718
216.853 154.598 0.0293274 -0.00375282 0.00443121
490.981 190.76 0.0483001 -7.37039e-006 0.00188487
417.833 219.479 0.015181 0.00293136 0.00643711
418.158 220.804 0.0108543 0.00156266 0.00395056
385.805 240.951 0.0017791 -0.00276655 0.0208804
212.033 257.7 0.00954492 0.00295228 0.0124658
121.208 292.438 0.0123485 -0.00746055 0.00794098
284.87 307 0.0230661 -0.00187345 0.0100888
281.179 310.84 0.00505257 0.00379044 0.00552079
281.079 308.754 0.00252992 0.00147661 0.00216406
285.303 307.018 0.000866129 0.000520773 0.00183446
110.365 320.608 0.00519898 -0.00417936 0.0441799
105.333 320.633 0.00177353 0.000182185 0.0251415
224.333 323.722 0.0147551 -0.01442 0.0317782
590.461 389.382 0.00523248 -0.00481855 0.0241688
256.77 398.878 0.00495537 0.00174167 0.0137673
357.447 421.632 0.00649069 -0.00563609 0.00924243
781.211 443.474 0.0101486 -0.0115037 0.038268
780.567 443.647 0.00402374 -0.000636765 0.0148582
783.486 444.114 0.00128906 0.000678955 0.00922431
190.975 527.884 0.00470072 -0.00092191 0.000741028
236.4 560.35 0.0173084 -0.0118682 0.0140004
241.419 559.956 0.00167866 -0.000910823 0.00572776
13.8857 570.814 0.0038022 -0.00282651 0.0154023
251.8 79.32 0.0637398 0.00247007 0.00295863
192.684 116.553 0.0328537 -0.00433181 0.0034017
197.344 123.903 0.0102448 -0.0038883 0.00193214
201.64 132.851 0.0232106 -0.00477544 0.00319562
392.119 213.143 0.00555607 0.00406958 0.0432768
131.296 274.778 0.00193987 -0.00250985 0.0468895
806.011 296.211 0.00440938 -0.00058646 0.0433509
325.459 322.897 0.00135329 -0.000963944 0.0439073
326.215 326.37 0.00141296 0.000206045 0.000862924
547.878 342.716 0.0231885 -0.00785072 0.0128293
524.667 333.119 0.000205091 -0.00031404 0.00104802
551.186 355.986 0.00889443 0.000816047 0.035552
509.726 397.392 0.0189005 -0.000957562 0.00124433
512.314 393.922 0.00250897 0.000726884 0.00108235
513.615 391.526 0.00065788 0.000366493 0.000973098
323.854 466.209 0.0112012 -0.00518723 0.00588693
323.616 466.037 0.0106546 -0.00439942 0.00445512
13.8182 471.568 0.0178221 0.000902742 0.00780396
822.516 486.024 0.0122102 0.00112062 0.00437826
138.539 568.304 0.00295439 -0.00477607 0.0325672
141.779 568.672 0.00201665 -0.00247986 0.0120037
140.295 567.286 0.00195565 -0.00190644 0.00337658
173.89 580.613 0.00461982 -0.00539757 0.00986552
607.149 620.932 0.0606157 -0.00844055 0.00512046
590.404 659.527 0.047592 -0.00334453 0.00102439
281.875 676.714 0.00704004 -0.0128492 0.0447809
659.115 24.7692 0.0125928 -0.001719 0.0135236
91.0893 105.946 0.040884 0.0042233 0.0039556
90.9432 105.625 0.0216129 0.00129275 0.0030714
510.541 117.337 0.000671745 -0.0014149 0.0223905
527.768 114.492 0.000179941 0.000586988 0.0049883
197.053 152.245 0.00325705 0.00417395 0.04567
200.955 226.773 0.00193279 -0.00141519 0.0227936
192.95 226.794 0.000542044 7.86121e-005 0.00868799
345.563 231.132 0.00684276 -0.00110219 0.00140175
381.673 297.488 0.00109454 -0.00374944 0.055124
303.805 385.26 0.00157089 0.000913257 0.00225675
300.302 384.782 0.000146301 -7.45442e-005 0.00105796
7.7 380.433 0.0112164 0.00339816 0.00326069
285.881 429.286 0.00832968 -0.0153249 0.0519349
283.149 428.911 0.00148296 -0.00290567 0.0120309
859.45 529.067 0.00278255 -0.00215983 0.0305819
852.452 526.476 0.00133375 -0.00244559 0.00764042
10.0526 609.026 0.0123334 -0.0102857 0.0146733
15.6027 611.562 0.00100378 -0.000938518 0.00424763
518.012 647.453 0.0224486 -0.0154783 0.0214442
866.409 11.7273 0.00816236 -0.0033935 0.0160858
866.812 12.3312 0.00630562 -0.00168066 0.00905366
236.731 122.5 0.00744412 -0.000682556 0.0279995
519.276 143.429 0.00233323 0.00282261 0.0172256
854.236 184.321 0.000751177 0.00218788 0.0364277
860.883 183.455 0.000308701 0.000513212 0.00609343
227.827 241.602 0.0122596 -0.00796401 0.0109674
430.406 268.198 0.00620728 -0.00847968 0.0363806
176.849 296.64 0.00414582 -0.00343184 0.0419339
118.108 333.5 0.0300644 -0.0105146 0.00819058
113.404 333.596 0.00252479 -0.00104188 0.00577613
318.69 339.548 0.0740086 -0.0125416 0.00520123
230.014 372.73 0.00268949 -0.00254938 0.00972003
81.1552 384.586 0.00337661 -0.00168851 0.0104495
80.8291 384.386 0.00260815 -0.000926488 0.00718144
10.0102 414.745 0.015444 -0.00016761 0.0115521
456.377 471.465 0.00261497 -0.00291207 0.0300933
458.233 475.007 0.000688125 0.000150117 0.000272388
561.061 482.114 0.00478663 -0.00375789 0.0192726
37.3723 535.202 0.026476 -0.00548254 0.00680893
291.803 540.163 0.0248713 -0.00420233 0.00209606
165.694 620.139 0.0102308 -0.00527728 0.0434052
164.472 624.509 0.00755929 0.00111479 0.00342844
616.608 15.9324 0.0257424 -0.00409765 0.0128128
616.048 20.4167 0.0197207 0.00126182 0.00193493
615.222 21.5903 0.00912587 0.000728749 0.00154192
467.039 99.5132 0.027187 -0.00380333 0.00206863
433.052 101.201 0.0221311 0.000519046 0.00247018
639.241 98.2069 0.00574247 -0.00179761 0.00974341
266.91 235.808 0.0291625 -0.0110976 0.00964515
114.478 276.5 0.00680172 -0.0106866 0.0381375
112.259 432.207 0.000649882 -0.00101063 0.00333127
582.935 480.468 0.0183407 0.00349916 0.00468271
583.51 481.05 0.00148247 -0.000478307 0.00262167
263.352 497.566 0.00476565 -0.000599119 0.00567518
318.935 545.371 0.0389804 -0.00334402 0.00169877
390.336 565.291 0.00557736 -0.00527867 0.0147648
572.947 635.011 0.00492489 -0.00517335 0.0464258
312.664 654.306 0.023586 -0.0070596 0.00631709
427.671 661.186 0.0168504 -0.000403666 0.0181693
533.618 83.2255 0.00238933 -0.00378755 0.0177918
539.242 88.0563 0.00231176 -0.00161832 0.00284634
519.902 91.1673 0.000116053 5.77562e-005 0.00113869
780.123 112.481 0.00393047 0.000615699 0.0388855
437.329 121.3 0.00499266 0.000946735 0.0452671
472.385 167.664 0.0303881 0.00190463 0.00269288
472.52 171.32 0.00956307 -0.000201314 0.00134187
263.679 222.244 0.00343827 -0.00134387 0.0137952
441.009 330.887 0.0162224 -0.00103624 0.0012446
243.736 355.482 0.0106875 -0.00790507 0.0204396
234.55 507.25 0.00261397 -0.000165335 0.0120201
257.667 667.524 0.0107922 -0.0141613 0.0383972
260.983 672.029 0.00226744 -0.000836442 0.00281832
201.654 86.1923 0.0570692 -0.00264603 0.00336595
177.947 105.368 0.00454637 0.0150018 0.0907998
405.524 124.768 0.00653063 -0.00659551 0.0267645
241.329 172.037 0.0124654 -0.0135496 0.0257918
371.761 229.399 0.00478093 -0.00225452 0.00593032
263.256 250.848 0.00113679 -0.000854768 0.00216722
272.407 255.607 0.000411221 -0.000198566 0.000506249
365.423 262.379 0.00341712 0.00149641 0.0143518
197.043 307.784 0.0172318 -0.00247443 0.0023227
838.786 334.643 0.00864762 -0.00535543 0.011645
820.854 363.728 0.00845122 -0.00262052 0.00606252
820.038 357.508 0.00372203 -0.00147687 0.00134935
534.038 398.731 0.0175813 -0.00642201 0.0073646
530.938 399.094 0.00262818 0.000398032 0.00402944
529.915 400.003 0.00181326 7.31257e-005 0.00315952
263.571 561.125 0.0063528 -0.00430203 0.0253792
852.993 70.1966 0.000163789 4.46318e-006 0.00165408
180.189 88.3033 0.00876789 0.0028629 0.00538489
187.779 86.9708 0.000976324 0.000747156 0.00273947
154.725 92.85 0.0692795 0.00138327 0.00450443
151.228 97.3924 0.00451621 0.00267868 0.00363486
619.183 93.0167 0.0066656 0.00431866 0.00802104
621.547 95.6208 0.00269345 -0.000657396 0.00191811
113.889 97.8056 0.01685 0.00291321 0.017215
95.0814 118.802 0.00612503 -0.000682705 0.0262565
334.122 188.135 0.00308397 0.00122702 0.0198142
855.313 223.26 0.00147898 -0.000572121 0.029169
859.629 231.496 0.000695928 -0.000288385 0.00131845
858.347 246.991 0.000326363 -3.30243e-005 0.000182504
411.819 236.357 0.00240005 -0.00214612 0.00588877
116.553 250.868 0.00697095 0.00118754 0.00645216
302.095 322.5 0.00949953 -0.00228404 0.0292377
275.9 365.725 0.0228291 0.00126964 0.00550175
171.07 395.355 0.000487336 0.000567187 0.00257149
877.19 481.69 0.0186074 -0.00291628 0.0123902
876.404 478.83 0.011671 -0.00195784 0.00207678
871.93 467.897 0.00389971 -0.00118774 0.000829128
548.157 532.243 0.0485385 -0.00754102 0.0103781
162.89 543.939 0.0157763 0.00259389 0.0106964
157.908 542.316 0.00179043 -0.00151278 0.00602308
347.801 561.898 0.00555334 -0.000254479 0.00256608
869.278 564.929 0.00647481 -0.00237939 0.0156394
858.688 565.395 0.000498937 -0.000573073 0.0100708
855.418 565.141 0.000410715 -0.000789969 0.00800591
854.359 566.248 0.000362693 -0.000358244 0.00377665
818.595 595.548 0.0153749 0.00278796 0.0201825
260.522 677.056 0.0121083 -0.00795824 0.0199664
4.81818 51.75 0.018534 -0.00311954 0.00934152
482.813 69.55 0.015787 0.000303453 0.00162791
143.211 114.553 0.00643671 -5.72769e-005 0.0365045
63.1667 134.589 0.0262908 0.00462141 0.00761578
62.8704 133.204 0.0147336 -6.9283e-005 0.00301796
310.455 166.114 0.00562036 0.000234827 0.0169748
311.417 168.124 0.00367286 -0.00128976 0.00391691
265.279 170.443 0.00140614 0.000713102 0.00345656
298.955 200.833 0.0196444 -0.00200579 0.0112885
629.337 199.031 0.00794523 0.0147844 0.0446879
629.761 202.993 0.00175361 0.00132825 0.00250659
327.231 257.212 0.0193471 -0.000942638 0.00303579
203.525 270.095 0.00183533 -0.00150783 0.0140428
827.095 304.554 0.0167844 -0.00429188 0.0134654
625.087 334.739 0.0321334 0.00583791 0.00427577
626.429 330.506 0.00127372 0.000552987 0.00203915
583.519 348.575 0.0297275 -0.00561384 0.00598861
349.915 360.707 0.00527653 -0.00138838 0.00754008
396.25 436.15 0.0109588 -0.000909367 0.0244816
503.622 440.847 0.00625395 -0.00524121 0.0158545
638.799 553.397 0.00242058 -0.00349073 0.0140616
849.574 566.741 0.00324798 -0.0104297 0.0692548
209.369 101.91 0.00180072 0.000153775 0.0335039
213.729 124.929 0.00584899 -0.00660729 0.0330523
217 124.983 0.00141141 -0.00183324 0.0107876
193.127 132.958 0.0105946 -0.00785234 0.0107526
148.458 218.542 0.0289396 -0.00197935 0.00237991
356.118 231.118 0.0369452 -0.00440918 0.00957405
178.929 274.139 0.00106131 -0.00116759 0.0109514
337.373 281.849 0.0111707 -0.0066887 0.0128421
236.818 290.53 0.00658008 -0.00136576 0.00642699
376.656 288.094 0.0576895 -0.012809 0.0097792
600.473 357.905 0.0052172 -0.00214753 0.0453532
157.716 358.48 0.0127527 -0.0041297 0.00992363
438.24 446.92 0.0424905 0.00351041 0.00370776
415.567 451.887 0.0144304 0.00411453 0.00540363
416.376 452.588 0.00735388 0.00061924 0.00332404
318.57 673.453 0.0176443 0.000266605 0.010523
162.965 25.8721 0.00720308 0.0160372 0.0589479
163.205 137.245 0.000346583 8.60786e-005 0.00366075
95.9746 188.212 0.00951269 0.00705128 0.012676
591.351 191.037 0.00371214 -0.00174966 0.0163202
313.008 243.381 0.00765664 7.61439e-005 0.00674101
480.255 253.311 0.0184193 -0.00488673 0.00412639
102.153 397.727 0.00426701 -0.00360004 0.0110447
103.08 397.653 0.00173075 -0.000628272 0.00605699
101.163 398.462 0.000831058 -0.000775275 0.00304817
624.646 406.396 0.0292825 -0.00336503 0.00331501
251.952 424.774 0.00270253 -0.000613495 0.00317966
838.028 484.16 0.00942271 -0.0123096 0.0321374
161.323 502.222 0.00907161 -0.00251024 0.00189934
588.194 542.081 0.00994952 -0.000622058 0.00530195
588.721 544.111 0.00700705 -0.0015136 0.00329653
588.361 544.234 0.00472686 -0.00100905 0.00258855
528.087 53.9348 0.00471698 0.00434203 0.0198688
238.602 92.8129 0.000854886 -0.000694097 0.00217317
371.966 172.948 0.0516023 -0.00475665 0.00248976
371.428 171.554 0.0236839 -0.00211557 0.00151471
66.4429 188.986 0.00852628 -0.00278869 0.0560691
112.565 232.37 0.00841003 0.00231183 0.0110881
325.389 271.981 0.00351335 -0.000907518 0.0150383
279.685 281.889 0.009617 -0.0032401 0.013174
4.475 297.975 0.0101653 0.00433006 0.0221188
7.58046 299.132 0.00330212 -0.00231065 0.00686806
192.986 502.23 0.00592267 -0.00857804 0.0565719
183.164 501.447 0.000705472 -0.000440887 0.00604324
103.854 627.771 0.0111245 -0.0188084 0.0501505
462.525 43.975 0.0549057 -0.00406131 0.00522838
425.124 47.5588 0.00434933 -0.00183774 0.00281368
5.36111 67.2222 0.0422986 -0.0151213 0.0129504
647.345 131.833 0.00179046 0.00068561 0.0206377
646.041 131.803 0.00133981 0.00152818 0.0179683
658.714 143.62 0.000489514 -0.000148224 0.000415069
421.05 151.713 0.00228167 0.00121889 0.0240097
520.802 172.872 0.000903654 -0.000358506 0.0142649
534.684 172.375 0.000154238 0.000549567 0.0144534
296.965 212.802 0.0208293 -0.0207581 0.0338191
300.474 287.184 0.00861438 -0.00772458 0.0172808
606.122 340.041 0.00287746 -0.003314 0.00827872
166.676 378.588 0.0682803 -0.00270621 0.00522073
174.875 379.781 0.0122231 0.0052336 0.0093549
326.912 428.441 0.0162957 -0.0182998 0.0390744
866.387 453.67 0.00529395 -6.21787e-005 0.019272
541.437 495.032 0.00571337 -0.0015618 0.00380302
546.12 496.486 0.00131841 -0.000179774 0.00235654
272.709 512.733 0.0260443 0.00177999 0.00843545
291.395 589.895 0.00753458 -0.0108486 0.0402968
279.442 76.8077 0.0338156 -0.00570049 0.00359594
796.452 255.19 0.00846477 -0.0108475 0.0435699
799.667 255.287 0.00314029 0.000694244 0.00918839
471.413 388.435 0.00495503 -0.00539876 0.015382
170.684 429.845 0.005617 -0.0027929 0.00647567
4.02381 533.095 0.0126686 -0.00817223 0.0252157
461.11 539.476 0.0287636 -0.0259904 0.0307978
86.6642 553.515 0.0295041 0.000519277 0.00153934
158.089 605.432 0.00407551 9.65287e-005 0.00977752
155.038 602.693 0.00242419 -0.000450025 0.0022472
137.903 658.47 0.00728062 -0.013151 0.0318462
139.437 662.104 0.00402661 -0.00366549 0.00515838
336.042 116.125 0.029403 -0.00177061 0.00195477
338.075 133.45 0.0164818 -0.0171461 0.0291375
667.72 155.256 0.0345793 0.00334643 0.00585868
230.395 277.058 0.00571234 -0.000472839 0.00448726
256.787 279.883 0.00396547 -0.00325696 0.008872
195.893 286.786 0.0142177 -0.00112419 0.00576983
264.472 293.056 0.00678324 -0.00937719 0.0493186
307.716 351.539 0.00342975 -0.00837761 0.0346824
145.338 358.5 0.0174673 -0.00619041 0.0185849
230.6 398.35 0.00267631 -0.00632583 0.0455268
492.285 418.208 0.00273562 -0.00521872 0.0392112
574.184 451.803 0.00369661 -0.00389959 0.0128393
627.105 461.079 0.00304428 0.000229216 0.00644608
603.797 507.156 0.0706611 -0.000384294 0.00140276
603.567 508.748 0.0282764 0.000813473 0.001068
545.283 517.761 0.0278871 -0.0148589 0.0128174
847.761 522.217 0.00578124 -0.00923288 0.0469909
352.128 539.919 0.0104768 -0.00250818 0.0222654
262.103 547.231 0.00248851 3.09405e-005 0.00422538
349.444 583.611 0.0122744 -0.0104778 0.0185367
205.366 660.159 0.00688845 -0.000720001 0.00460555
199.033 657.932 0.00141628 -0.00169071 0.00360327
635.895 49.1512 0.0140588 0.000941454 0.00186148
627.87 46.3163 0.000655524 -0.00030997 0.00223926
628.12 46.8672 0.000524104 -0.000245689 0.00207107
662.798 86.1491 0.0226981 -0.00533169 0.00354526
664.75 99.4375 0.00480358 0.0141533 0.0726894
157.091 109.045 0.00945566 0.000916835 0.0176523
325.614 153.7 0.0645044 -0.00984606 0.005565
318.206 204.691 0.0114311 -0.00399152 0.00444215
471.932 251.473 0.0324893 -0.016752 0.0168363
521.315 253.869 0.00468882 -0.00314478 0.0115887
582.625 283.661 0.0175341 -0.00629809 0.0081129
347.083 331.75 0.0443868 -0.0046064 0.00526783
347.225 338.137 0.0320261 -0.000630715 0.00105017
804.824 379.235 0.0409146 -0.0128993 0.0102182
802.602 380.511 0.00698756 0.00035638 0.00623763
639.567 390.267 0.0063401 -0.0078417 0.0769836
199.986 442.5 0.00560655 -0.00616606 0.0602437
482.874 442.301 0.00192246 -0.00271093 0.00856543
178.456 458.397 0.0286755 -0.00167553 0.00150335
490.631 490.582 0.0244429 0.000213589 0.00500729
489.705 490.239 0.0136473 -0.00103333 0.00482649
230.071 526.238 0.0178313 -0.0110653 0.0188192
876.3 631.989 0.0232406 -0.00337511 0.00646156
876.362 629.02 0.0162218 -0.00106546 0.00202065
875.544 630.223 0.00842613 0.000432333 0.000969264
480.237 41.8609 0.00274342 -0.000813543 0.00528598
481.181 40.7952 0.0020824 -0.000301011 0.00363822
480.925 41.3979 0.000374486 2.76171e-005 0.00177301
598.908 326.31 0.0011536 -0.000658295 0.0139522
453.043 331.826 0.0136913 0.00406333 0.0158786
391.63 338.688 0.0200894 -0.00522705 0.0029738
606.694 377.028 0.0381461 -0.0040644 0.00742124
605.491 379.717 0.0145143 0.001629 0.00180706
290.439 380.197 0.018015 -0.00561195 0.0159021
830.444 407.556 0.0181294 -0.022454 0.0450003
626.167 477.639 0.0505186 -0.00184248 0.00654564
119.621 508.379 0.000654697 -0.000330669 0.00153017
796.326 520.022 0.0141256 0.000867871 0.0119674
329.5 557.11 0.0227372 -0.017028 0.0201334
585.98 157.44 0.0371983 -0.00872403 0.00531149
421.384 203.413 0.0149431 -0.00260421 0.0020089
170.7 212.967 0.0138949 0.00103093 0.00617802
219.604 299.5 0.0032061 -0.00564884 0.045667
219.702 299.067 0.00105715 -0.00234494 0.0285664
816.553 400.132 0.00258956 -0.00471384 0.0277326
550.418 417.925 0.00384899 -0.00523562 0.0156992
161.034 449.651 0.00122248 0.000124165 0.00467571
157.103 446.368 0.000984957 -0.000563566 0.00188396
192.793 450.11 0.0205469 0.00159616 0.0131202
259.917 457.028 0.0222848 -0.00247365 0.0102316
626.549 488.183 0.0138802 -0.00584703 0.0163674
623.572 469.488 0.00165833 -0.000295804 0.000464728
342.794 526.225 0.022432 -0.00352364 0.00672595
179.618 554.559 0.0298378 0.0083539 0.0120547
666.939 603.921 0.0141316 -0.000342553 0.00304114
670.765 614.951 0.0034689 -0.00094512 0.000669901
786.868 628.947 0.0162705 -0.00510579 0.0182617
622.092 676.704 0.0095475 -0.0142596 0.0414397
614.811 675.944 0.00121026 -0.00206226 0.0160663
535.857 28.1667 0.0259413 -0.0136059 0.0169006
645.858 67.7569 0.00062178 -4.98146e-005 0.0260168
220.407 214.849 0.005648 0.00938501 0.0293519
623.797 211.608 0.061751 -0.0101983 0.00723448
460.198 267.593 0.00659867 -0.00233018 0.0302874
92.225 291.288 0.00357324 0.000229392 0.0155401
542.806 297.139 0.0125513 0.00667886 0.0170025
667.98 351.88 0.0318018 -0.00482046 0.00572312
224.245 382.736 0.0122795 -0.00504595 0.0134367
224.449 382.551 0.00406677 -0.00137185 0.00822978
651.706 429.382 0.0103951 -0.00423569 0.0164458
642.245 508.225 0.00971406 0.000776302 0.0113489
201.553 561.632 0.0109636 -0.014845 0.0439677
280.651 576.721 0.00647332 -0.0026468 0.00619169
243.233 668.433 0.018995 -0.00415624 0.0102054
47.7769 57.9 0.0268156 0.00264167 0.00234249
370.288 77.8654 0.00225565 0.00174632 0.0373069
375.217 77.6513 0.000934463 0.00186566 0.0213767
307.929 123.153 0.0696882 -0.000780332 0.00279997
553.424 171.788 0.00121516 0.00511998 0.0751229
151.909 181.455 0.00849897 -0.00604198 0.019958
543.097 231.507 0.00260738 0.00162667 0.00416314
611.779 280.746 0.000857778 -0.000255273 0.000738363
170.992 286.085 0.00870693 -0.00135111 0.00768847
371.001 291.81 0.000231156 6.68873e-005 0.000390566
491.551 310.295 0.106379 -0.0075815 0.00346436
614.175 390.825 0.0129637 -0.00306127 0.0157733
613.578 553.539 0.00575145 -0.000590068 0.0194762
169.542 562.083 0.0224675 -0.000683794 0.00713544
259.188 605.063 0.0161516 0.00073566 0.0109105
254.65 22.475 0.11521 -0.00271403 0.00195457
253.77 15.6478 0.0118856 -0.00118313 0.00108669
625.864 102.106 0.0085242 0.00085439 0.0484684
874.427 166.939 0.020251 -0.00264608 0.00807543
595.447 216.053 0.0173592 0.00217468 0.00905048
622.761 228.565 0.00813193 -0.000839663 0.0265508
70.4639 265.837 0.00442071 0.00536608 0.0164614
310.786 297.586 0.00951364 -0.00361832 0.0237754
140.8 402.95 0.00472706 -0.0093603 0.0340403
29.9815 495.037 0.00927268 -0.01235 0.0257736
241.309 494.755 0.012763 -0.00679625 0.0105007
629.31 495.286 0.00245884 -0.00272301 0.0789453
172.228 535.241 0.00482962 -0.0057112 0.0143288
606.968 562.628 0.0112336 -0.00490299 0.0185368
607.401 565.093 0.00730468 -0.00358353 0.00574772
860.833 601.422 0.00797257 -0.0104787 0.0246168
617.887 651.629 0.00316122 -0.00268304 0.0102812
621.098 652.441 0.00185913 -0.00052684 0.00362055
617.894 650.567 0.000885437 -0.000776869 0.00241631
823.81 670.738 0.01497 -0.0116656 0.0242535
828.185 672.032 0.00315888 -0.00544735 0.0164953
207.922 36.2333 0.0138344 0.00875031 0.0212865
210.042 34.925 0.00587631 0.00277229 0.00634373
625.966 141.172 0.0274456 -0.00376872 0.0034656
818.461 143.11 0.00381655 -0.00287939 0.0188403
818.044 143.921 0.00249129 -0.000335499 0.0132082
816.725 140.623 0.00230079 -0.00103481 0.00242366
583.871 246.814 0.0291255 -0.0104087 0.017701
583.19 249.08 0.00728861 -7.6815e-005 0.00314042
4.1383 261.16 0.0110589 -0.000890677 0.0167176
299.389 305.074 0.00773818 -0.00310895 0.00906694
210.197 370.167 0.00822348 -0.00579715 0.0530966
440.712 544.231 0.00945839 -0.00456346 0.0153829
118.906 611.713 0.00121772 -0.00106248 0.00367996
572.595 652.119 0.0220709 -0.0111783 0.0149897
486.571 678.024 0.00716602 -0.00340269 0.0439707
129.422 101.716 0.00876689 -0.000348616 0.0143154
129.521 99.4653 0.0052347 0.00208136 0.00397791
814.604 228.271 0.00909133 0.001744 0.0173337
818.702 228.728 0.00186222 -0.000458888 0.0156845
563.071 232.1 0.00774774 0.0203822 0.0962474
813.619 247.31 0.0248113 -0.00771536 0.0121223
129.417 289.028 0.0267754 -0.00596654 0.0108646
165.427 343.598 0.00742603 -0.00521875 0.0443251
602.127 349.343 0.0160261 -0.00335312 0.00983493
526.286 426.071 0.0112255 0.00964774 0.0268056
139.442 638.587 0.00596186 -0.0106062 0.0295635
195.657 675.363 0.0139208 0.00251323 0.00564265
531.579 676.526 0.0247808 -0.00600117 0.0129746
402.791 182.694 0.00249938 0.00235371 0.00893136
402.109 182.975 0.00101951 0.000790723 0.00367202
788.173 221.439 0.00514297 -0.00120731 0.0128915
265.425 301.525 0.0170994 -0.0168466 0.0253293
200.239 477.217 0.0183469 2.88138e-005 0.0115388
198.318 476.445 0.00596464 -0.00121127 0.00490119
643.043 493.986 0.0380514 -0.00883759 0.0104127
111.909 505.773 0.0185576 -0.000421022 0.0122648
496 525.441 0.00652982 -0.00739587 0.0187066
498.87 521.584 0.000816457 -0.000127144 0.00223409
820.286 520.157 0.0156637 -0.00342913 0.0065255
816.958 508.784 0.00656472 -0.00187547 0.0011601
85.4091 529.432 0.00597943 -0.00120649 0.0210041
485.093 543.975 0.0114724 -0.00506763 0.012269
264.789 588.605 0.04621 -0.0201701 0.0154989
550.542 621.271 0.0109624 -0.00676559 0.0117804
768.432 126.864 0.0425549 0.0105824 0.00921293
468.243 201.014 0.00402177 -0.00229087 0.0237042
576.99 235.622 0.0109607 -0.00577228 0.0140819
623.348 289.304 0.0500646 -0.0132866 0.0055047
819.814 352.414 0.030961 -0.0106909 0.0146477
540.847 457.745 0.0219796 -0.00886104 0.00899128
234.266 475.926 0.00699327 -0.00547948 0.0117984
467.494 487.172 0.00324241 0.00114657 0.00364705
676.52 562.78 0.0131472 -0.0097951 0.0135949
682.906 566.283 0.00570921 -0.00752268 0.011925
681.604 560.558 0.000790377 -0.000299763 0.000883782
137.192 585.004 0.00253032 -0.000860569 0.00590474
637.688 20.5625 0.00601077 0.000482182 0.00136351
845.473 101.041 0.00447118 0.00271557 0.0590706
678.159 197.121 0.00135811 0.00244248 0.0131874
667.586 293.329 0.00389922 -0.00178434 0.0118152
350.84 316.04 0.0169322 -0.0116514 0.0146582
289.915 334.689 0.0324163 -0.00266067 0.00267112
454.988 393.524 0.0237651 -0.0040909 0.0103962
453.22 392.7 0.00932107 -0.00305904 0.00427219
614.38 424.113 0.00201976 0.00209578 0.0175922
619.566 425.632 0.00110824 0.000142041 0.00387937
423.22 467.34 0.00539589 -0.0113347 0.0434779
76.8778 489.256 0.035124 -0.000630915 0.00358022
338.623 552.608 0.0111184 -0.00585307 0.0118053
447.867 634.847 0.0683562 -0.00886707 0.00342348
444.418 19.5984 0.0279735 0.00484454 0.00347468
214.385 183.308 0.0119365 -0.0023237 0.0171696
107.35 210.175 0.00825161 -0.00142492 0.0217777
284.814 298.471 0.00742285 -0.00808604 0.0259133
446.527 401.635 0.0279838 -0.00870385 0.0131517
459.225 425.875 0.0219631 0.00512766 0.00899239
20.2073 640.061 0.0169161 -0.00197561 0.0146662
639.55 676.65 0.0211908 -0.00291255 0.0148987
819.414 1.27143 0.00409547 0.00500924 0.0933196
816.895 2.22093 0.00166731 0.00455519 0.0349847
458.286 287.482 0.00753057 -0.00226354 0.00765737
500.687 283.855 0.00375328 0.00151457 0.00303281
243.244 333.5 0.0141223 -0.0112724 0.0162693
109.869 374.228 0.00742929 -0.00732907 0.010372
113.25 373.843 0.00118051 -0.000753056 0.00202817
484.833 388.192 0.0177714 -0.0171848 0.0250355
424.894 425.433 0.0138468 0.0004843 0.000805659
428.986 424.676 0.00134283 -0.000221404 0.000910183
296.257 460.5 0.0274761 -0.0137995 0.0182065
308.237 490.421 0.0348884 0.00617678 0.00989215
309.253 490.24 0.00967498 0.000685755 0.00460063
496.348 499.985 0.0193678 -0.00770475 0.0291752
573.911 25.1712 0.0101157 0.00110476 0.00337449
791.919 331.314 0.0041459 -0.00475593 0.0533656
788.309 331.579 0.00124584 0.00103896 0.0324956
413.181 351.929 0.00311747 -0.0011671 0.00118556
623.409 358.1 0.00226404 -0.000367987 0.00545804
373.793 365.397 0.0150567 -0.00328515 0.00502091
449.587 518.239 0.00921639 0.006885 0.0200627
317.786 6.75 0.0237933 -0.00472521 0.00569923
222.643 12.8333 0.00357151 0.00065823 0.0538756
352.261 91.7817 0.0441701 -0.00501137 0.00244864
351.851 90.3919 0.0169584 -0.00292617 0.00198603
570.271 144.186 0.0261355 -0.00281371 0.00778259
803.808 638.106 0.000956143 -0.000884117 0.00144482
538.641 656.528 0.0022414 -0.00178761 0.00838254
649.344 303.656 0.0424513 -0.00118067 0.00203507
520.613 338.125 0.00974008 0.000901306 0.00468146
525.852 342.124 0.00152611 -0.000386327 0.00201339
416.528 400.222 0.0159713 -0.0043994 0.0165994
780.151 555.035 0.00706794 -0.000784703 0.0298553
559.13 661.352 0.00464822 -0.0072452 0.0439602
344.292 123.271 0.0114603 0.0031739 0.0151322
555.702 149.524 0.00975096 -0.00129839 0.00218983
419.961 563.444 0.0106134 0.00312357 0.00376289
630.426 591.167 0.0454965 0.000188905 0.00262827
774.523 603.174 0.0543736 -0.0077348 0.00524112
873.591 604.573 0.02248 -0.00732741 0.0065285
630.543 610.065 0.0384008 -0.0107235 0.00777718
350.18 674.96 0.0171993 -0.00819561 0.0162773
685.655 5.89779 0.00272489 0.000881797 0.00416689
689.457 9.99655 0.000669194 0.000127245 0.0014959
555.959 22.7432 0.0210831 0.00737523 0.0178044
378.333 33.9259 0.0199141 -0.00388082 0.00598314
96.3367 162.051 0.00337502 -0.00241204 0.011791
563.809 252.391 0.027491 -0.00757098 0.00574222
559.842 255.19 0.00227568 0.00047675 0.00325331
392.543 285.486 0.0108941 -0.00751919 0.0117166
175.848 614.264 0.00720298 0.000498506 0.00794183
653.689 261.905 0.00375342 -0.00744098 0.0629262
129.095 311.167 0.034224 -0.00913243 0.00659809
303.227 573.795 0.0201346 -0.0162639 0.0189289
389.929 618 0.0311906 -0.00784325 0.00964772
378.833 57.4815 0.00670737 -0.00132176 0.00164509
393.805 55.823 0.000248385 0.000264086 0.00144304
864.982 144.589 0.00711223 -0.00134835 0.012192
456.987 200.449 0.0172245 0.00455036 0.013822
226.705 256.409 0.00644255 0.00698458 0.0288401
445.833 272.821 0.0023621 0.00145219 0.00793966
88.7679 308.411 0.00758457 -0.000710289 0.0141103
404.14 312.956 0.00415986 0.00189511 0.0036844
698.145 495.864 0.00211778 -0.00563247 0.0245278
648.625 37.6607 0.00805935 0.00536304 0.0156286
615.285 216.685 0.0122192 0.000666583 0.00629405
875.662 373.426 0.0145672 -0.00759812 0.00888037
330.232 417.964 0.00157053 -0.000269068 0.00628414
414.5 478.391 0.00834434 -0.0112368 0.0347848
420.635 510.473 0.0266915 -0.0061819 0.0111458
450.611 538.694 0.00931586 0.00661968 0.0202598
592.077 581.519 0.0108433 0.00171213 0.00743976
617.219 609.844 0.0136924 -0.00901082 0.0404809
615.824 60.9054 0.0213574 -0.013856 0.0196952
514.105 227.184 0.0302253 -0.0111508 0.0137145
874.987 299.192 0.00686633 1.51868e-005 0.0350429
579.895 310.477 0.0233663 -0.0144693 0.019601
675.672 620.207 0.0224606 -0.0107744 0.00817223
590.674 2.08696 0.00422618 -0.00354287 0.0326136
582.212 1.98649 0.000653685 -0.000850623 0.031142
774.62 89.9 0.0151281 0.00297021 0.0116582
682.926 94.7553 0.00307646 0.00404571 0.0369564
667.995 96.8945 0.00038819 0.000613337 0.0096021
596.361 251.264 0.011831 -0.000807287 0.00340583
452.078 323.278 0.00822596 -0.00537915 0.0262857
621.3 519.586 0.00314379 -0.00254208 0.0711501
628.26 523.204 0.00107337 -0.00105756 0.0056266
808.221 612.324 0.00633581 0.00123188 0.0154426
808.28 612.683 0.00608757 0.000513612 0.00726445
259.074 107.309 0.00777682 0.00836389 0.0173584
651.583 231.767 0.00180471 -0.00231858 0.0304044
655.027 230.051 0.00095649 0.000137859 0.0102204
631.235 233.214 0.00530455 0.00625579 0.0272532
769.88 231.92 0.0170362 -0.00152828 0.010142
772.167 234.856 0.0066062 -0.00123157 0.00289668
775.162 235.998 0.00251172 -0.000739144 0.00232246
269.517 407.672 0.0055454 -0.00402922 0.018346
383.392 474.392 0.0382297 0.000958149 0.00903431
329.898 497.898 0.00586327 0.000894516 0.00317408
605.989 535.947 0.019808 0.00646914 0.0109731
605.403 533.98 0.00369585 -0.000288908 0.00244007
16.8509 663.693 0.00808428 0.00142975 0.00878319
773.802 151.058 0.0160872 0.0106563 0.0202207
785.894 431.486 0.00184725 -0.00233956 0.00893627
356.75 473.139 0.0237077 -0.0103383 0.0144947
468.25 577.625 0.012878 -0.00136346 0.00545711
417.316 1.31579 0.00278415 0.00535956 0.0825558
330.722 36.3148 0.0108771 -0.0117219 0.0242443
812.696 24.4286 0.0208575 -0.0105117 0.0106626
814.333 23.5439 0.00521504 -0.0013947 0.00349761
576.991 499.518 0.0254939 -0.00572306 0.00508381
844.594 603.328 0.00360298 -0.0105355 0.0405055
773.944 81.1944 0.0161727 0.00403594 0.021718
687.857 116.238 0.0154443 -0.00114092 0.0122585
691.56 162.02 0.00811726 0.0165793 0.0499174
693.846 162.663 0.00098589 0.000956789 0.0201089
195.833 380.917 0.00795445 -0.000777322 0.0124284
196.964 380.603 0.0056425 0.000280445 0.00846869
512.904 573.202 0.0124795 -0.00406724 0.00461601
346.325 600.132 0.00856274 -0.00749407 0.0193729
523.289 63.5 0.0457163 0.00637628 0.00702364
267.239 360.391 0.0218349 0.00123246 0.00893509
615.442 447.036 0.00394445 -0.00316202 0.0139765
506.125 542.625 0.00900736 -0.00874806 0.0141593
284.963 630.763 0.00408006 -0.00663383 0.0147435
522.952 40.4516 0.0122299 -0.00362526 0.0106184
525.982 38.3468 0.0026392 3.18158e-005 0.00312026
876 355.742 0.0114444 -0.00550309 0.00953463
288.871 410.1 0.0105952 -0.00826611 0.0362854
668.051 421.974 0.00949468 0.00113384 0.00258768
825.922 424.233 0.0860171 -0.00664496 0.00329647
4.11538 589.474 0.0235137 -0.00996289 0.0154943
703.397 659.397 0.0107841 -0.00240425 0.0257065
76.1724 81.3448 0.0040368 -0.00497975 0.0260129
75.5984 85.6038 0.0032345 -0.000467292 0.00341154
690.649 125.5 0.00434034 -0.00181865 0.0349521
662.988 361.709 0.00695758 0.00145572 0.0292961
555.589 379.839 0.0056328 0.00453729 0.0208775
284.794 463.341 0.00236528 -0.00140083 0.00226854
129.146 532.625 0.0115848 -0.00011027 0.0134389
570.722 43.9938 0.0022682 -0.000335411 0.00752748
652.069 348.715 0.00701754 -0.000184892 0.00628967
648.313 342.843 0.00132709 -0.000430165 0.00191031
546.212 389.481 0.00718774 -0.00283806 0.0114936
181.923 37.5962 0.0275012 -0.0039643 0.00457958
142.175 127.075 0.0115304 0.00866652 0.0275033
830.147 350.118 0.0253924 -0.0154221 0.0236415
820.08 437.06 0.0176222 -0.00699614 0.0103535
721.138 127.161 0.000621243 0.00106524 0.0150332
697.159 228.016 0.0029113 -0.00227357 0.0181045
697.181 227.673 0.00135362 0.00123869 0.0032475
770.1 281.573 0.0349532 -0.0035192 0.00340096
781.948 519.345 0.00589475 -0.000218988 0.0223245
846.752 398.821 0.00430396 -0.00126929 0.00520913
685.675 62.9742 0.00218052 0.0036981 0.0215708
839.534 409.384 0.000945068 -0.00189552 0.0161465
709.923 330.538 0.00391202 -0.000754523 0.0119384
711.33 340.406 0.00433565 -0.000158078 0.000565029
218.425 615.625 0.019916 -0.00219895 0.0120515
864.679 395.5 0.0232238 0.000281785 0.00986186
861.924 395.782 0.00461424 -0.000893933 0.0076947
846.014 599.851 0.0104391 -0.00626527 0.030802
300.172 670.418 0.0142974 -0.011553 0.0149947
469.821 406.519 0.00833581 -0.000838133 0.0130542
267.08 54.8333 0.00537093 -0.00158784 0.00867777
270.75 52.6067 0.0012189 -4.69329e-005 0.00323926
277.587 50.5406 0.00034399 0.000174195 0.00236569
846.453 279.756 0.0113271 -0.00670168 0.0234723
476.553 545.105 0.043344 -0.000982233 0.00458741
835.245 85.1909 0.0104514 -0.0189329 0.0456672
662.296 185.745 0.0156266 -0.000219213 0.00965955
640.992 410.328 0.00287077 -0.00127931 0.00672923
684.463 358.111 0.00320973 -0.00422077 0.0297728
684.822 356.958 0.00339978 -0.00103003 0.0052055
587.603 177.91 0.00741271 -6.77514e-005 0.0163942
632.806 397.602 0.0186975 -0.00469493 0.0115052
853.22 8.1129 0.00911714 -0.00352527 0.00389708
798.853 10.6961 0.00877379 0.00461816 0.0180337
453.178 20.0478 0.00843967 0.00288206 0.00488182
507.056 196.347 0.0121135 -0.00601156 0.00956886
775.043 392.63 0.0220135 -0.00707867 0.010857
779.386 482.727 0.0103886 -0.00708852 0.0198318
689.247 644.76 0.0148386 -0.00414443 0.00202525
782.297 156.107 0.00120571 -0.000903941 0.00333331
373.543 4.98936 0.0119863 -0.00441831 0.015507
365.462 3.87736 0.0165626 -0.0042654 0.0109317
678.013 319.679 0.0163924 -0.0128849 0.023304
629.98 635.98 0.0152049 -0.00633998 0.00712935
6.66327 677.459 0.00492272 -0.00931659 0.0435853
854.427 489.845 0.0104962 -0.00567192 0.00787255
486.641 635.124 0.0162139 -0.0094555 0.00886163
214.061 62.8241 0.0011126 0.00143666 0.00648608
816.107 418.161 0.0111271 -0.00161433 0.0100873
647.087 473.947 0.00549716 -0.000490956 0.00193948
463.456 674.278 0.00402716 -0.00962112 0.0295181
841.315 162.796 0.00449731 0.00283127 0.00505606
839.196 163.193 0.000900126 0.000626365 0.00272918
497.074 13.3085 0.0345877 -0.00922876 0.00630133
678.563 31.9375 0.00270082 0.00628512 0.0466049
332.875 6.275 0.0254283 0.000858543 0.00728992
857.806 162.847 0.0284075 0.00744872 0.00484997
778.161 301.268 0.0103474 -0.0068076 0.01413
831.696 511.174 0.0170063 0.000145166 0.0118843
878.843 656.214 0.116537 0.000804674 0.00330964
852.368 438.255 0.0125381 -0.00674191 0.0118606
784.744 670.846 0.00277653 -0.00198906 0.00571573
710.578 272.161 0.0140018 0.00122185 0.0016907
728.824 465.941 0.000891084 0.000909548 0.0193721
826.902 535.44 0.00143653 -0.000775378 0.00314469
707.163 76.1633 0.0280898 0.000653742 0.0016706
674.711 173.781 0.0100616 0.00619434 0.010768
727.88 374.75 0.00647537 0.000176423 0.00248164
776.071 199.196 0.0101755 0.00377456 0.00380317
774.108 200.732 0.00310244 0.000814585 0.0026396
712.023 350.1 0.0317871 -0.00248749 0.00272578
349.208 6 0.026953 0.00243724 0.00553954
721.953 90.9531 0.00156981 0.0060202 0.0321128
804.462 657.308 0.0140276 -0.0038293 0.0070151
535.566 4.18306 0.00109831 -0.000725386 0.00707181
550.941 5.01923 0.000168326 0.000384944 0.00620478
423.486 22.0915 0.0133591 0.000435698 0.00647278
711.676 635.206 0.0120594 -0.00523444 0.017535
821.364 472.517 0.0134518 -0.0073888 0.0126361
740.361 322.222 0.022736 -0.00487069 0.0173216
723.291 396.547 0.00456474 0.000840165 0.0469016
722.164 581.224 0.00552878 -0.000756858 0.00296242
688.785 599.305 0.00203577 -0.00135229 0.016104
747.971 257.029 0.0046664 -0.00778124 0.0908029
738.342 309.079 0.073673 -0.00389707 0.00355863
723.185 600.778 0.0063455 0.000210668 0.0135431
394.858 2.96316 0.00209241 -0.0011876 0.0223804
746.117 6.8 0.0197417 0.00974334 0.00996266
79.8556 27.9 0.03464 -0.00676619 0.00700862
85.3629 24.6976 0.00119188 0.000354624 0.00412524
733.659 517.076 0.00259859 -0.00145303 0.00452996
745.729 628.208 0.0081346 0.000926165 0.0231972
719.056 316.667 0.00455794 0.00108864 0.0179766
758.062 431.605 0.00239033 -0.00163385 0.0174986
759.957 340.791 0.01312 0.0027141 0.00155728
757.643 283.643 0.0431496 0.00165066 0.00410294
14 21.5 0.0258925 -0.00693186 0.0195723
3.93023 13.9651 0.00910285 -0.000627362 0.00332756
4.13248 13.9872 0.00853092 -0.000232512 0.00307497
6.84783 15.8237 0.00395297 -0.00180669 0.00284958
