1.0
788
495.978112 126.594009 0.011841 0.000000 0.011841
226.802096 314.924601 0.145880 0.000000 0.145880
284.229788 415.897633 0.011051 0.000000 0.011051
829.139492 219.451313 0.008316 0.000000 0.008316
378.312548 381.873427 0.078364 0.000000 0.078364
491.703609 329.890659 0.167863 0.000000 0.167863
114.526056 82.441433 0.031926 0.000000 0.031926
698.693061 239.441752 0.034705 0.000000 0.034705
625.620576 260.241876 0.018246 0.000000 0.018246
776.336706 380.090125 0.152940 0.000000 0.152940
378.206614 415.400688 0.013808 0.000000 0.013808
598.975788 179.095571 0.009886 0.000000 0.009886
832.015562 285.862398 0.005912 0.000000 0.005912
277.514435 209.825795 0.026306 0.000000 0.026306
450.538161 306.382375 0.037168 0.000000 0.037168
658.403987 324.731608 0.035383 0.000000 0.035383
574.700351 349.536865 0.019682 0.000000 0.019682
696.196957 354.575434 0.052938 0.000000 0.052938
372.083407 410.432716 0.076848 0.000000 0.076848
255.729409 318.270064 0.166766 0.000000 0.166766
116.747206 472.500997 0.117612 0.000000 0.117612
673.649772 210.613213 0.085579 0.000000 0.085579
477.172000 262.082673 0.136517 0.000000 0.136517
279.405161 439.643070 0.077282 0.000000 0.077282
421.973260 373.424889 0.009319 0.000000 0.009319
270.873549 321.964441 0.033112 0.000000 0.033112
733.143804 310.694604 0.122446 0.000000 0.122446
291.979550 454.741401 0.035408 0.000000 0.035408
506.369912 235.983090 0.055838 0.000000 0.055838
401.962310 15.276189 0.039695 0.000000 0.039695
465.711895 373.033928 0.011049 0.000000 0.011049
808.885618 363.972493 0.122344 0.000000 0.122344
310.696576 143.191570 0.017433 0.000000 0.017433
59.370826 397.850294 0.085893 0.000000 0.085893
314.922024 175.832844 0.126540 0.000000 0.126540
671.556177 353.702306 0.137104 0.000000 0.137104
846.538732 238.606021 0.152955 0.000000 0.152955
580.992163 355.991368 0.047844 0.000000 0.047844
312.736593 80.830193 0.025039 0.000000 0.025039
306.761082 441.405331 0.110478 0.000000 0.110478
709.944891 338.992610 0.048018 0.000000 0.048018
540.800188 112.796290 0.032260 0.000000 0.032260
420.794509 546.395891 0.024416 0.000000 0.024416
205.632257 302.333793 0.020817 0.000000 0.020817
619.515136 211.713340 0.040276 0.000000 0.040276
828.877118 87.679157 0.150391 0.000000 0.150391
583.996082 212.540691 0.065509 0.000000 0.065509
147.934320 84.219173 0.114978 0.000000 0.114978
111.915134 46.658509 0.030502 0.000000 0.030502
774.875076 204.449201 0.132902 0.000000 0.132902
434.019492 125.199241 0.013320 0.000000 0.013320
828.822184 76.518595 0.171801 0.000000 0.171801
735.679438 200.133042 0.014982 0.000000 0.014982
865.783731 35.675980 0.151806 0.000000 0.151806
179.456941 327.955606 0.041988 0.000000 0.041988
847.236244 264.977881 0.143892 0.000000 0.143892
660.962830 305.789660 0.081817 0.000000 0.081817
597.201949 468.856042 0.040901 0.000000 0.040901
208.450950 326.009085 0.066231 0.000000 0.066231
693.361496 244.480282 0.105770 0.000000 0.105770
538.305603 377.545769 0.039813 0.000000 0.039813
317.962656 319.850771 0.027487 0.000000 0.027487
315.903331 421.864958 0.042598 0.000000 0.042598
122.850902 186.928356 0.082606 0.000000 0.082606
685.553462 272.486569 0.016694 0.000000 0.016694
290.291969 368.252025 0.083572 0.000000 0.083572
736.164867 123.793516 0.062884 0.000000 0.062884
649.605402 305.893395 0.102684 0.000000 0.102684
751.656696 424.239232 0.038276 0.000000 0.038276
489.440254 322.190543 0.038418 0.000000 0.038418
650.381584 113.392633 0.103778 0.000000 0.103778
216.560139 455.514508 0.045667 0.000000 0.045667
89.894590 428.585861 0.070440 0.000000 0.070440
130.079328 462.429040 0.128678 0.000000 0.128678
650.279300 176.404583 0.077477 0.000000 0.077477
867.770192 91.625798 0.109090 0.000000 0.109090
244.773864 186.900123 0.099269 0.000000 0.099269
784.143439 56.557460 0.112594 0.000000 0.112594
729.215300 419.334518 0.029367 0.000000 0.029367
398.835781 146.945739 0.005136 0.000000 0.005136
320.547603 189.627023 0.005610 0.000000 0.005610
730.127745 493.113820 0.033507 0.000000 0.033507
201.176298 306.202402 0.061976 0.000000 0.061976
798.670014 36.571050 0.079073 0.000000 0.079073
578.546520 384.757523 0.026482 0.000000 0.026482
647.940725 126.991589 0.099514 0.000000 0.099514
107.018409 207.024195 0.076144 0.000000 0.076144
865.672879 19.722331 0.060591 0.000000 0.060591
480.279011 185.815514 0.041745 0.000000 0.041745
488.716785 345.641295 0.065984 0.000000 0.065984
150.306452 164.926731 0.153731 0.000000 0.153731
837.379033 20.226909 0.164431 0.000000 0.164431
594.067739 399.599476 0.081025 0.000000 0.081025
665.122138 327.411968 0.090682 0.000000 0.090682
334.139890 482.757476 0.040814 0.000000 0.040814
232.206337 375.648265 0.161794 0.000000 0.161794
112.503231 24.273899 0.044101 0.000000 0.044101
147.770115 51.351017 0.050671 0.000000 0.050671
533.932230 359.666744 0.043494 0.000000 0.043494
604.987074 417.392063 0.032089 0.000000 0.032089
800.990682 103.270836 0.122225 0.000000 0.122225
368.830475 282.352433 0.023829 0.000000 0.023829
783.005194 75.189749 0.115672 0.000000 0.115672
191.619548 358.333258 0.091457 0.000000 0.091457
646.322705 116.304030 0.011502 0.000000 0.011502
661.216181 260.938904 0.054681 0.000000 0.054681
773.785886 345.882653 0.046457 0.000000 0.046457
650.045521 280.886760 0.034775 0.000000 0.034775
63.837759 102.363873 0.153822 0.000000 0.153822
143.512250 124.221877 0.162226 0.000000 0.162226
167.610063 302.629880 0.131849 0.000000 0.131849
235.358316 414.788710 0.146889 0.000000 0.146889
866.485761 81.155790 0.084756 0.000000 0.084756
800.184916 93.317893 0.098318 0.000000 0.098318
691.594421 351.449824 0.152571 0.000000 0.152571
327.285749 461.579980 0.143613 0.000000 0.143613
575.737669 341.425185 0.102392 0.000000 0.102392
692.811788 359.251376 0.153138 0.000000 0.153138
470.846517 375.645287 0.127903 0.000000 0.127903
17.797093 252.087672 0.135505 0.000000 0.135505
302.506794 472.078013 0.023744 0.000000 0.023744
287.946925 173.761653 0.047574 0.000000 0.047574
485.721370 344.314831 0.031721 0.000000 0.031721
118.085072 120.604816 0.021780 0.000000 0.021780
151.383254 186.100524 0.052709 0.000000 0.052709
826.624746 31.527914 0.131832 0.000000 0.131832
774.831912 213.642952 0.114146 0.000000 0.114146
770.622952 209.467759 0.043800 0.000000 0.043800
196.497095 193.942081 0.052715 0.000000 0.052715
28.751621 18.214100 0.071749 0.000000 0.071749
595.297259 195.489679 0.042406 0.000000 0.042406
239.502425 59.070522 0.136287 0.000000 0.136287
141.780622 165.829612 0.176008 0.000000 0.176008
601.661862 512.533519 0.020294 0.000000 0.020294
643.307335 277.723725 0.061739 0.000000 0.061739
529.307296 132.380177 0.099845 0.000000 0.099845
663.603831 169.452753 0.072345 0.000000 0.072345
244.662720 85.712935 0.100287 0.000000 0.100287
634.709644 174.865981 0.172431 0.000000 0.172431
839.712583 28.679354 0.120610 0.000000 0.120610
649.705293 120.271450 0.030293 0.000000 0.030293
342.449045 335.802202 0.030426 0.000000 0.030426
711.950036 124.730178 0.040140 0.000000 0.040140
371.346946 65.081112 0.030272 0.000000 0.030272
703.160500 234.408737 0.135475 0.000000 0.135475
826.841697 284.514420 0.146907 0.000000 0.146907
189.615883 117.111089 0.047646 0.000000 0.047646
729.501240 409.480854 0.018032 0.000000 0.018032
199.960116 384.625634 0.152888 0.000000 0.152888
322.523303 135.095932 0.115878 0.000000 0.115878
246.354462 130.340923 0.118851 0.000000 0.118851
803.447946 379.539723 0.138585 0.000000 0.138585
840.424872 96.892797 0.127616 0.000000 0.127616
648.362283 170.345067 0.005517 0.000000 0.005517
117.736942 105.543487 0.065281 0.000000 0.065281
584.337606 114.101151 0.016019 0.000000 0.016019
142.108651 25.369714 0.059524 0.000000 0.059524
58.370261 490.892477 0.090641 0.000000 0.090641
686.937820 319.191836 0.068075 0.000000 0.068075
525.795566 322.005091 0.028492 0.000000 0.028492
487.078027 222.918902 0.034530 0.000000 0.034530
871.619554 369.241294 0.104804 0.000000 0.104804
134.844002 218.324796 0.035562 0.000000 0.035562
26.610696 23.499339 0.109389 0.000000 0.109389
311.569904 444.027067 0.024475 0.000000 0.024475
664.771333 160.454594 0.070091 0.000000 0.070091
751.491891 402.711890 0.107466 0.000000 0.107466
14.861719 195.777469 0.091646 0.000000 0.091646
141.727001 111.238896 0.167103 0.000000 0.167103
340.175612 32.567893 0.084654 0.000000 0.084654
533.892815 374.636188 0.061711 0.000000 0.061711
477.463081 371.929179 0.099451 0.000000 0.099451
243.175518 30.563502 0.144155 0.000000 0.144155
327.553794 283.129651 0.012037 0.000000 0.012037
530.038765 296.959821 0.139130 0.000000 0.139130
872.625086 198.315026 0.114880 0.000000 0.114880
8.658640 266.834011 0.133035 0.000000 0.133035
853.580914 345.661957 0.166444 0.000000 0.166444
155.254638 474.914772 0.133181 0.000000 0.133181
591.235352 393.207810 0.027290 0.000000 0.027290
466.481626 30.936799 0.013402 0.000000 0.013402
47.507031 126.255556 0.045875 0.000000 0.045875
674.353101 222.464019 0.052122 0.000000 0.052122
322.341595 157.312933 0.141835 0.000000 0.141835
706.493187 356.805625 0.029400 0.000000 0.029400
342.437967 340.915250 0.063084 0.000000 0.063084
131.738806 110.317747 0.009145 0.000000 0.009145
130.033637 220.818088 0.123292 0.000000 0.123292
580.162027 378.313205 0.057523 0.000000 0.057523
14.587604 41.564644 0.077109 0.000000 0.077109
745.092348 116.732526 0.108432 0.000000 0.108432
860.725747 310.885503 0.073518 0.000000 0.073518
730.510805 13.140028 0.057428 0.000000 0.057428
481.023715 386.157102 0.069173 0.000000 0.069173
837.890616 384.932911 0.082960 0.000000 0.082960
632.867842 152.876157 0.040896 0.000000 0.040896
36.478098 145.206070 0.006319 0.000000 0.006319
131.867636 166.362077 0.155317 0.000000 0.155317
147.677940 180.856299 0.115387 0.000000 0.115387
599.336417 281.967952 0.027190 0.000000 0.027190
827.658539 22.267279 0.117498 0.000000 0.117498
116.182790 422.343866 0.088094 0.000000 0.088094
15.357031 142.298968 0.166010 0.000000 0.166010
740.501560 265.722976 0.061244 0.000000 0.061244
152.313512 54.427758 0.004948 0.000000 0.004948
216.459862 186.339037 0.079993 0.000000 0.079993
827.700654 24.820088 0.037528 0.000000 0.037528
399.482715 20.809926 0.056635 0.000000 0.056635
287.784200 186.945078 0.006823 0.000000 0.006823
276.066141 290.719330 0.096691 0.000000 0.096691
839.599420 64.039801 0.154542 0.000000 0.154542
512.971535 344.643153 0.079996 0.000000 0.079996
833.470720 23.362864 0.065881 0.000000 0.065881
274.145272 386.203196 0.014354 0.000000 0.014354
241.589470 340.838836 0.084831 0.000000 0.084831
596.938167 313.474505 0.068053 0.000000 0.068053
454.352085 279.184940 0.067651 0.000000 0.067651
413.874582 197.560854 0.034923 0.000000 0.034923
300.476434 79.261485 0.065709 0.000000 0.065709
767.621706 115.973079 0.017499 0.000000 0.017499
455.242243 227.889849 0.018214 0.000000 0.018214
590.098327 411.566884 0.004652 0.000000 0.004652
279.523363 125.191087 0.070605 0.000000 0.070605
325.230126 18.908577 0.031257 0.000000 0.031257
67.913113 478.296813 0.015560 0.000000 0.015560
41.635238 225.527401 0.013842 0.000000 0.013842
223.665707 317.419193 0.036348 0.000000 0.036348
439.913234 127.401914 0.077108 0.000000 0.077108
299.116869 42.059063 0.098442 0.000000 0.098442
27.427168 257.271851 0.161258 0.000000 0.161258
846.230358 63.478780 0.169062 0.000000 0.169062
691.303556 312.002354 0.123797 0.000000 0.123797
578.942584 318.010456 0.103738 0.000000 0.103738
180.292659 182.576907 0.060923 0.000000 0.060923
404.706385 19.410419 0.109153 0.000000 0.109153
282.315148 140.388879 0.078668 0.000000 0.078668
430.509218 211.009463 0.028133 0.000000 0.028133
279.925215 110.421076 0.151922 0.000000 0.151922
420.299294 193.419716 0.022202 0.000000 0.022202
693.152501 234.366372 0.098090 0.000000 0.098090
874.872990 210.056578 0.079098 0.000000 0.079098
31.336385 270.377838 0.160237 0.000000 0.160237
438.853417 229.986824 0.003927 0.000000 0.003927
48.463821 232.751930 0.141267 0.000000 0.141267
878.292824 202.692943 0.074808 0.000000 0.074808
608.834830 312.870537 0.148623 0.000000 0.148623
150.138319 129.883075 0.078369 0.000000 0.078369
206.173011 382.173945 0.046924 0.000000 0.046924
425.011944 158.082839 0.062365 0.000000 0.062365
763.856795 397.265546 0.051860 0.000000 0.051860
11.941581 103.058443 0.135578 0.000000 0.135578
239.927439 26.100331 0.024873 0.000000 0.024873
29.207781 276.619516 0.031687 0.000000 0.031687
144.256010 463.608014 0.016398 0.000000 0.016398
711.482939 353.856195 0.141427 0.000000 0.141427
56.535016 466.710170 0.071007 0.000000 0.071007
153.301334 452.418411 0.074602 0.000000 0.074602
839.514924 24.297691 0.017022 0.000000 0.017022
832.507560 351.859489 0.059802 0.000000 0.059802
755.643294 310.085498 0.123752 0.000000 0.123752
626.789782 231.644555 0.020778 0.000000 0.020778
286.655294 158.232675 0.100219 0.000000 0.100219
347.820488 235.295097 0.018238 0.000000 0.018238
22.410096 278.012484 0.046299 0.000000 0.046299
285.973889 154.357329 0.064157 0.000000 0.064157
698.182923 184.522375 0.015450 0.000000 0.015450
14.437019 281.198458 0.158250 0.000000 0.158250
220.464031 328.359805 0.116679 0.000000 0.116679
16.865707 113.062824 0.066391 0.000000 0.066391
147.635540 192.417892 0.128623 0.000000 0.128623
838.649280 279.958007 0.088822 0.000000 0.088822
875.621197 36.005221 0.058680 0.000000 0.058680
659.690821 289.237907 0.153305 0.000000 0.153305
174.532883 100.091664 0.043247 0.000000 0.043247
305.117088 65.907239 0.102659 0.000000 0.102659
477.879828 248.667022 0.111496 0.000000 0.111496
781.405240 43.050329 0.052215 0.000000 0.052215
177.555572 95.637477 0.169053 0.000000 0.169053
27.854312 198.248706 0.066824 0.000000 0.066824
332.639926 61.576604 0.115956 0.000000 0.115956
32.288832 181.758852 0.058802 0.000000 0.058802
763.886975 401.269743 0.136925 0.000000 0.136925
392.227332 373.171610 0.115313 0.000000 0.115313
870.815189 334.234182 0.016420 0.000000 0.016420
214.041202 297.843332 0.064724 0.000000 0.064724
608.922084 173.406966 0.097693 0.000000 0.097693
783.335860 90.103977 0.056314 0.000000 0.056314
841.319678 144.413444 0.051583 0.000000 0.051583
175.693226 293.867677 0.074411 0.000000 0.074411
857.917121 374.045900 0.175783 0.000000 0.175783
135.759549 186.188715 0.006728 0.000000 0.006728
439.245720 220.172173 0.011951 0.000000 0.011951
142.173064 219.956059 0.117690 0.000000 0.117690
671.611990 161.178614 0.100421 0.000000 0.100421
102.549488 212.656071 0.007438 0.000000 0.007438
487.447967 166.029936 0.044797 0.000000 0.044797
193.632355 153.159284 0.051704 0.000000 0.051704
25.009990 12.883032 0.141805 0.000000 0.141805
698.959480 134.075333 0.013578 0.000000 0.013578
777.459467 358.316023 0.012188 0.000000 0.012188
504.899831 401.291786 0.040900 0.000000 0.040900
507.697746 248.304048 0.087792 0.000000 0.087792
765.067583 308.703647 0.056451 0.000000 0.056451
541.627048 206.025244 0.005281 0.000000 0.005281
759.726232 116.945039 0.038748 0.000000 0.038748
546.071466 297.596805 0.030949 0.000000 0.030949
510.412194 231.938306 0.093556 0.000000 0.093556
687.425130 194.133420 0.027112 0.000000 0.027112
115.770608 428.640138 0.064102 0.000000 0.064102
440.778090 258.832870 0.050771 0.000000 0.050771
336.090756 289.601752 0.079216 0.000000 0.079216
136.701191 169.272931 0.141699 0.000000 0.141699
20.155491 24.476322 0.135757 0.000000 0.135757
215.713103 144.484071 0.047909 0.000000 0.047909
21.623425 85.005135 0.013019 0.000000 0.013019
739.966209 205.137734 0.174612 0.000000 0.174612
221.416096 357.050193 0.074803 0.000000 0.074803
315.834995 53.004082 0.094511 0.000000 0.094511
42.801862 145.874152 0.034249 0.000000 0.034249
40.741231 96.808800 0.145639 0.000000 0.145639
731.537348 305.865045 0.041082 0.000000 0.041082
846.877361 77.946368 0.011783 0.000000 0.011783
870.283011 13.057837 0.049754 0.000000 0.049754
573.471876 317.708275 0.007435 0.000000 0.007435
621.961532 157.147969 0.110403 0.000000 0.110403
691.229895 295.800829 0.027439 0.000000 0.027439
294.799698 273.303124 0.007233 0.000000 0.007233
890.103316 333.524280 0.142073 0.000000 0.142073
130.811379 174.340669 0.169383 0.000000 0.169383
83.128652 236.548942 0.054055 0.000000 0.054055
38.108619 161.813613 0.078448 0.000000 0.078448
872.197317 344.812665 0.162693 0.000000 0.162693
11.626919 74.644360 0.073659 0.000000 0.073659
763.387313 285.153727 0.017109 0.000000 0.017109
321.267706 51.984442 0.058734 0.000000 0.058734
666.906851 221.814418 0.017342 0.000000 0.017342
494.888554 291.259211 0.083255 0.000000 0.083255
27.213884 182.000447 0.115115 0.000000 0.115115
204.069658 152.005024 0.131414 0.000000 0.131414
350.131208 165.457045 0.087324 0.000000 0.087324
309.502840 326.867832 0.099012 0.000000 0.099012
217.477434 322.208870 0.083153 0.000000 0.083153
773.281461 358.833904 0.054466 0.000000 0.054466
228.538416 142.427971 0.118878 0.000000 0.118878
623.588211 216.260392 0.071607 0.000000 0.071607
279.509155 89.720344 0.053878 0.000000 0.053878
683.391575 214.842232 0.069368 0.000000 0.069368
760.451559 421.521407 0.004635 0.000000 0.004635
808.363191 51.721050 0.053716 0.000000 0.053716
561.979858 311.057941 0.109801 0.000000 0.109801
430.156153 264.803581 0.023991 0.000000 0.023991
753.375406 126.509538 0.117753 0.000000 0.117753
275.751611 87.037370 0.027068 0.000000 0.027068
877.772180 68.700413 0.136495 0.000000 0.136495
535.631993 136.332212 0.005428 0.000000 0.005428
520.328164 318.443681 0.125653 0.000000 0.125653
78.847026 229.833209 0.010098 0.000000 0.010098
278.998426 155.159547 0.066609 0.000000 0.066609
470.012850 388.864561 0.061531 0.000000 0.061531
295.643266 470.863972 0.096849 0.000000 0.096849
280.571080 84.187351 0.162091 0.000000 0.162091
348.097071 159.536067 0.145001 0.000000 0.145001
116.527795 462.338956 0.139023 0.000000 0.139023
387.802628 245.210648 0.047049 0.000000 0.047049
884.796247 63.165168 0.056439 0.000000 0.056439
238.275721 360.355894 0.111148 0.000000 0.111148
248.608289 348.142316 0.034351 0.000000 0.034351
823.010948 279.825223 0.085091 0.000000 0.085091
285.370862 54.919406 0.022573 0.000000 0.022573
136.889588 30.485583 0.154434 0.000000 0.154434
207.685544 188.151259 0.008610 0.000000 0.008610
773.789985 327.311738 0.158804 0.000000 0.158804
357.714193 145.518838 0.010528 0.000000 0.010528
210.379858 76.597130 0.071698 0.000000 0.071698
201.085845 155.489540 0.058533 0.000000 0.058533
795.071062 378.869264 0.062165 0.000000 0.062165
660.243675 347.135591 0.051710 0.000000 0.051710
627.752990 159.209831 0.088773 0.000000 0.088773
746.869336 260.504941 0.080054 0.000000 0.080054
245.039277 333.254659 0.112977 0.000000 0.112977
281.147792 69.191897 0.098253 0.000000 0.098253
46.215435 194.902589 0.155281 0.000000 0.155281
567.474931 444.877885 0.010801 0.000000 0.010801
851.770870 244.911980 0.046114 0.000000 0.046114
694.651150 318.312215 0.026824 0.000000 0.026824
121.596129 103.382259 0.104442 0.000000 0.104442
837.741118 323.337223 0.032693 0.000000 0.032693
770.160430 520.108380 0.009571 0.000000 0.009571
793.018831 322.429212 0.141195 0.000000 0.141195
429.106630 252.699519 0.019832 0.000000 0.019832
211.940125 105.227379 0.055541 0.000000 0.055541
533.585484 324.382579 0.110160 0.000000 0.110160
135.120703 18.753821 0.118738 0.000000 0.118738
9.937814 280.530917 0.138016 0.000000 0.138016
834.626045 318.501070 0.072962 0.000000 0.072962
846.787420 329.430643 0.078705 0.000000 0.078705
628.953268 312.560582 0.100095 0.000000 0.100095
262.083968 56.723314 0.083330 0.000000 0.083330
21.681199 78.336135 0.120406 0.000000 0.120406
88.361762 396.535625 0.066349 0.000000 0.066349
257.030731 20.869134 0.085582 0.000000 0.085582
188.745856 381.097530 0.042742 0.000000 0.042742
825.408666 336.349907 0.020610 0.000000 0.020610
590.463236 286.082814 0.036195 0.000000 0.036195
881.289272 25.970133 0.082688 0.000000 0.082688
117.302503 128.944936 0.094255 0.000000 0.094255
260.335577 183.385083 0.070461 0.000000 0.070461
261.951773 168.165548 0.129395 0.000000 0.129395
34.533035 225.420917 0.042162 0.000000 0.042162
444.176162 243.315274 0.025631 0.000000 0.025631
690.210712 132.163257 0.050404 0.000000 0.050404
145.976511 456.298991 0.075765 0.000000 0.075765
327.382132 173.804145 0.010676 0.000000 0.010676
803.264779 30.147892 0.056173 0.000000 0.056173
803.400750 322.276851 0.058519 0.000000 0.058519
110.583425 233.205171 0.089891 0.000000 0.089891
859.253808 356.235432 0.107989 0.000000 0.107989
546.098408 311.433346 0.008428 0.000000 0.008428
861.783965 86.297125 0.097401 0.000000 0.097401
504.578149 117.988928 0.089448 0.000000 0.089448
775.582947 86.820730 0.004368 0.000000 0.004368
274.936801 144.021657 0.156973 0.000000 0.156973
693.317025 297.264541 0.143489 0.000000 0.143489
633.111781 219.631114 0.004761 0.000000 0.004761
27.314810 261.609212 0.120719 0.000000 0.120719
815.206016 374.114461 0.099082 0.000000 0.099082
775.925431 34.121531 0.053399 0.000000 0.053399
494.887423 378.188104 0.098871 0.000000 0.098871
649.048187 341.823646 0.005937 0.000000 0.005937
801.595719 342.218910 0.103825 0.000000 0.103825
341.281003 288.867916 0.021789 0.000000 0.021789
142.267782 90.495289 0.120040 0.000000 0.120040
795.566955 98.228677 0.106179 0.000000 0.106179
13.512520 91.372138 0.097436 0.000000 0.097436
43.037466 180.775031 0.022188 0.000000 0.022188
848.394248 32.972750 0.110329 0.000000 0.110329
177.247580 203.181111 0.120861 0.000000 0.120861
310.526741 291.675531 0.012004 0.000000 0.012004
171.968700 103.802686 0.130036 0.000000 0.130036
428.073173 127.099142 0.170585 0.000000 0.170585
196.791704 361.581551 0.164830 0.000000 0.164830
16.987253 98.516066 0.144842 0.000000 0.144842
632.735320 163.072089 0.022555 0.000000 0.022555
98.043866 201.619362 0.172475 0.000000 0.172475
28.633616 213.391643 0.020004 0.000000 0.020004
867.152465 333.922277 0.073563 0.000000 0.073563
224.434788 146.814039 0.041671 0.000000 0.041671
835.510949 379.021430 0.100911 0.000000 0.100911
370.087573 363.966490 0.084780 0.000000 0.084780
810.842988 80.251433 0.124242 0.000000 0.124242
313.233719 182.422298 0.064149 0.000000 0.064149
789.539302 82.619988 0.042455 0.000000 0.042455
307.849376 68.767536 0.162282 0.000000 0.162282
54.311589 274.616103 0.133852 0.000000 0.133852
810.351923 160.833273 0.044243 0.000000 0.044243
520.590822 369.095696 0.145606 0.000000 0.145606
276.968072 255.135536 0.046326 0.000000 0.046326
801.915218 435.316007 0.045825 0.000000 0.045825
264.498446 39.584791 0.155234 0.000000 0.155234
575.172234 199.885194 0.025267 0.000000 0.025267
418.932264 276.306646 0.050780 0.000000 0.050780
757.861917 336.485033 0.082372 0.000000 0.082372
29.967409 266.467004 0.008156 0.000000 0.008156
127.673537 169.935057 0.150013 0.000000 0.150013
468.138420 193.540091 0.008256 0.000000 0.008256
573.199294 139.827851 0.022830 0.000000 0.022830
850.527969 68.108925 0.106927 0.000000 0.106927
705.663223 196.151481 0.020761 0.000000 0.020761
37.622465 185.545172 0.069039 0.000000 0.069039
872.746588 85.871285 0.098386 0.000000 0.098386
851.704382 256.921351 0.133612 0.000000 0.133612
804.548321 54.548181 0.137398 0.000000 0.137398
18.940763 141.724183 0.050507 0.000000 0.050507
788.889129 339.643295 0.102713 0.000000 0.102713
47.384793 145.603322 0.144980 0.000000 0.144980
778.319485 325.689131 0.038377 0.000000 0.038377
221.645570 45.029195 0.029634 0.000000 0.029634
395.570755 48.927515 0.174882 0.000000 0.174882
754.242719 331.334916 0.137788 0.000000 0.137788
502.582779 378.173256 0.138311 0.000000 0.138311
460.687702 297.507896 0.005865 0.000000 0.005865
223.102907 175.285292 0.032705 0.000000 0.032705
45.484293 177.813068 0.063170 0.000000 0.063170
654.802220 223.401364 0.097758 0.000000 0.097758
760.735903 228.914021 0.158054 0.000000 0.158054
64.258473 315.146851 0.047297 0.000000 0.047297
263.261763 290.296985 0.076588 0.000000 0.076588
389.407627 381.033852 0.156506 0.000000 0.156506
777.413514 48.331939 0.099951 0.000000 0.099951
292.997972 232.341494 0.058103 0.000000 0.058103
820.546389 368.054789 0.033682 0.000000 0.033682
183.374146 193.852551 0.105040 0.000000 0.105040
13.377304 262.908271 0.069940 0.000000 0.069940
81.297915 464.986497 0.140090 0.000000 0.140090
281.713382 42.351907 0.136667 0.000000 0.136667
222.582647 67.477781 0.081272 0.000000 0.081272
844.237200 91.674838 0.051105 0.000000 0.051105
477.232002 298.726732 0.023661 0.000000 0.023661
183.646181 261.794817 0.027163 0.000000 0.027163
269.906247 172.788493 0.162255 0.000000 0.162255
786.116432 380.035366 0.045269 0.000000 0.045269
819.521965 347.839199 0.167039 0.000000 0.167039
53.150719 281.073226 0.130774 0.000000 0.130774
877.293424 317.790031 0.103454 0.000000 0.103454
261.219731 408.305864 0.136395 0.000000 0.136395
217.882906 54.768178 0.011968 0.000000 0.011968
869.380744 153.491014 0.030270 0.000000 0.030270
744.326238 340.326644 0.017811 0.000000 0.017811
160.037708 57.581519 0.162190 0.000000 0.162190
610.688334 317.615817 0.066791 0.000000 0.066791
378.403847 289.985396 0.031032 0.000000 0.031032
264.437592 125.678939 0.058672 0.000000 0.058672
787.533280 323.425016 0.068271 0.000000 0.068271
583.877151 295.820367 0.005812 0.000000 0.005812
175.281150 114.183931 0.156962 0.000000 0.156962
373.324266 43.958272 0.023738 0.000000 0.023738
771.489662 172.162037 0.057176 0.000000 0.057176
425.424707 200.669100 0.053364 0.000000 0.053364
814.696382 75.419709 0.097663 0.000000 0.097663
656.634540 139.429686 0.055749 0.000000 0.055749
526.767184 378.965294 0.173504 0.000000 0.173504
25.460283 169.576410 0.017577 0.000000 0.017577
856.703578 209.651564 0.108716 0.000000 0.108716
389.212845 279.096391 0.005116 0.000000 0.005116
271.965563 169.378776 0.175362 0.000000 0.175362
181.441009 362.554090 0.113385 0.000000 0.113385
15.049391 146.590089 0.077232 0.000000 0.077232
385.902786 54.488987 0.014630 0.000000 0.014630
851.136785 158.715117 0.046103 0.000000 0.046103
52.779286 185.336937 0.089562 0.000000 0.089562
169.981732 204.757186 0.065523 0.000000 0.065523
25.507184 107.974305 0.016143 0.000000 0.016143
746.112808 139.130315 0.091349 0.000000 0.091349
320.963312 162.108343 0.088978 0.000000 0.088978
273.379934 416.891614 0.127124 0.000000 0.127124
291.415399 68.119105 0.154075 0.000000 0.154075
591.179341 315.151826 0.024773 0.000000 0.024773
788.261063 48.808198 0.047987 0.000000 0.047987
71.312703 273.997456 0.032148 0.000000 0.032148
866.060741 212.532495 0.063742 0.000000 0.063742
811.650217 172.849747 0.051385 0.000000 0.051385
63.922735 271.428401 0.066850 0.000000 0.066850
607.333354 325.844884 0.041136 0.000000 0.041136
313.172385 36.727261 0.067578 0.000000 0.067578
253.378337 99.224435 0.147081 0.000000 0.147081
838.333781 308.290098 0.157153 0.000000 0.157153
749.042442 19.100471 0.099685 0.000000 0.099685
72.622112 274.991457 0.081278 0.000000 0.081278
748.130668 274.243249 0.148784 0.000000 0.148784
317.347625 118.303566 0.041560 0.000000 0.041560
742.079679 293.899324 0.065520 0.000000 0.065520
645.720764 341.328611 0.102308 0.000000 0.102308
757.588682 139.156386 0.167437 0.000000 0.167437
749.968318 144.902415 0.045879 0.000000 0.045879
137.782684 43.223749 0.112749 0.000000 0.112749
653.979274 228.708363 0.017009 0.000000 0.017009
406.856026 75.935221 0.129578 0.000000 0.129578
238.663221 35.564336 0.041426 0.000000 0.041426
532.933292 57.715623 0.165555 0.000000 0.165555
260.742292 134.159005 0.100174 0.000000 0.100174
783.964112 164.387787 0.043252 0.000000 0.043252
708.765731 257.631523 0.036215 0.000000 0.036215
803.702078 330.862320 0.087217 0.000000 0.087217
676.576902 498.678352 0.057532 0.000000 0.057532
753.069007 31.130667 0.139946 0.000000 0.139946
280.634724 60.709397 0.056401 0.000000 0.056401
93.866200 230.356619 0.060623 0.000000 0.060623
267.393962 11.916168 0.118092 0.000000 0.118092
775.030081 333.144954 0.078163 0.000000 0.078163
330.163926 42.755592 0.136237 0.000000 0.136237
208.656949 50.795076 0.047722 0.000000 0.047722
847.117458 171.272596 0.067193 0.000000 0.067193
50.761702 272.741038 0.055317 0.000000 0.055317
109.336129 223.827093 0.106672 0.000000 0.106672
825.072304 154.388910 0.051507 0.000000 0.051507
752.643444 174.209315 0.068272 0.000000 0.068272
854.879638 449.406643 0.028176 0.000000 0.028176
695.075851 281.084928 0.013071 0.000000 0.013071
794.370385 170.405878 0.048012 0.000000 0.048012
746.999151 45.732626 0.070636 0.000000 0.070636
869.403729 141.421885 0.038722 0.000000 0.038722
797.293824 21.056323 0.038953 0.000000 0.038953
797.119660 214.005627 0.127172 0.000000 0.127172
772.366225 315.489599 0.129856 0.000000 0.129856
788.480310 377.705997 0.145456 0.000000 0.145456
310.395492 61.936474 0.053695 0.000000 0.053695
341.059640 9.917156 0.173613 0.000000 0.173613
318.508149 14.817315 0.107295 0.000000 0.107295
754.343767 178.893893 0.085098 0.000000 0.085098
507.838204 18.447251 0.078216 0.000000 0.078216
866.297071 204.836614 0.084208 0.000000 0.084208
751.463881 323.607912 0.127017 0.000000 0.127017
663.314482 281.795627 0.037206 0.000000 0.037206
408.273064 38.541812 0.091891 0.000000 0.091891
394.924139 330.474961 0.022787 0.000000 0.022787
84.377528 481.891439 0.113167 0.000000 0.113167
693.700586 122.077334 0.041197 0.000000 0.041197
530.268411 89.783026 0.091969 0.000000 0.091969
512.966867 27.569743 0.062227 0.000000 0.062227
298.895792 545.233064 0.030611 0.000000 0.030611
294.481232 537.369937 0.006415 0.000000 0.006415
755.301675 149.612083 0.022412 0.000000 0.022412
26.804462 147.182686 0.083992 0.000000 0.083992
563.707339 130.064630 0.015606 0.000000 0.015606
390.489432 31.649240 0.094802 0.000000 0.094802
400.196270 60.332421 0.132182 0.000000 0.132182
266.927113 178.873246 0.176528 0.000000 0.176528
404.642081 97.991396 0.135004 0.000000 0.135004
201.066623 185.143147 0.027717 0.000000 0.027717
305.186925 30.171152 0.086974 0.000000 0.086974
237.878061 133.567150 0.133105 0.000000 0.133105
406.397604 51.392548 0.078071 0.000000 0.078071
388.922217 422.635555 0.058752 0.000000 0.058752
511.351555 70.505816 0.093429 0.000000 0.093429
382.197525 26.267891 0.078917 0.000000 0.078917
268.416521 396.290718 0.076417 0.000000 0.076417
215.971432 409.605519 0.063098 0.000000 0.063098
343.290845 178.211874 0.027329 0.000000 0.027329
746.245157 158.191861 0.092246 0.000000 0.092246
778.692592 145.015732 0.068157 0.000000 0.068157
884.541760 132.129212 0.041290 0.000000 0.041290
405.630514 61.552453 0.110210 0.000000 0.110210
657.330934 341.512735 0.098033 0.000000 0.098033
44.486476 99.138583 0.085963 0.000000 0.085963
647.734144 162.139742 0.147904 0.000000 0.147904
861.601806 142.327710 0.036998 0.000000 0.036998
848.102882 308.583462 0.127559 0.000000 0.127559
310.795218 238.695675 0.018084 0.000000 0.018084
258.737530 129.639086 0.120167 0.000000 0.120167
521.145061 99.383246 0.038994 0.000000 0.038994
311.566228 337.161115 0.059074 0.000000 0.059074
730.300281 297.054323 0.112972 0.000000 0.112972
364.961926 341.415021 0.035776 0.000000 0.035776
209.628469 383.961460 0.117567 0.000000 0.117567
58.732846 223.392215 0.022729 0.000000 0.022729
291.073647 319.030242 0.072758 0.000000 0.072758
29.974712 89.917771 0.166400 0.000000 0.166400
524.064904 364.318962 0.171322 0.000000 0.171322
740.839609 27.452742 0.086976 0.000000 0.086976
792.159699 178.548441 0.060441 0.000000 0.060441
801.748619 354.092065 0.154822 0.000000 0.154822
825.629107 345.880725 0.025227 0.000000 0.025227
850.226264 380.607047 0.020244 0.000000 0.020244
147.869887 106.114867 0.082750 0.000000 0.082750
765.774090 161.888658 0.073290 0.000000 0.073290
120.221444 38.003232 0.046329 0.000000 0.046329
269.810564 25.578947 0.072584 0.000000 0.072584
385.617027 135.874152 0.031492 0.000000 0.031492
840.554450 164.790986 0.040791 0.000000 0.040791
744.034391 315.862245 0.097034 0.000000 0.097034
173.383822 82.182988 0.129670 0.000000 0.129670
619.668737 314.532035 0.012570 0.000000 0.012570
814.391966 264.358017 0.042966 0.000000 0.042966
549.316888 57.652376 0.096250 0.000000 0.096250
230.109441 335.959343 0.007953 0.000000 0.007953
468.243031 109.715192 0.013843 0.000000 0.013843
186.874912 66.136060 0.047085 0.000000 0.047085
8.446346 65.556685 0.167245 0.000000 0.167245
756.512068 155.576723 0.079245 0.000000 0.079245
879.599197 169.330216 0.052764 0.000000 0.052764
809.410578 329.888643 0.159154 0.000000 0.159154
165.722745 129.004558 0.124436 0.000000 0.124436
748.653115 87.138716 0.162424 0.000000 0.162424
130.274360 35.172939 0.166767 0.000000 0.166767
799.430343 61.661588 0.030813 0.000000 0.030813
810.659470 89.901618 0.174346 0.000000 0.174346
750.726332 138.317101 0.145151 0.000000 0.145151
400.935100 35.590185 0.077706 0.000000 0.077706
526.944695 78.178264 0.063849 0.000000 0.063849
756.144992 204.008803 0.007196 0.000000 0.007196
233.635726 293.484485 0.028681 0.000000 0.028681
330.165760 325.350167 0.129403 0.000000 0.129403
514.806551 39.683872 0.061329 0.000000 0.061329
566.117948 229.476902 0.011180 0.000000 0.011180
740.195906 37.635197 0.089171 0.000000 0.089171
518.923527 81.722963 0.056302 0.000000 0.056302
685.228312 359.137897 0.105329 0.000000 0.105329
526.640314 67.157951 0.066887 0.000000 0.066887
854.440297 441.484261 0.017007 0.000000 0.017007
188.238788 198.388423 0.099209 0.000000 0.099209
599.603848 239.413325 0.010785 0.000000 0.010785
416.633657 276.590824 0.006660 0.000000 0.006660
47.494109 193.374975 0.025624 0.000000 0.025624
530.779026 232.709587 0.033679 0.000000 0.033679
223.152915 383.505920 0.085826 0.000000 0.085826
779.638452 179.625827 0.068996 0.000000 0.068996
407.962910 134.404890 0.111480 0.000000 0.111480
634.997496 337.029734 0.131300 0.000000 0.131300
177.894263 290.545863 0.154403 0.000000 0.154403
747.876376 72.053567 0.094469 0.000000 0.094469
748.514301 186.249617 0.094731 0.000000 0.094731
13.880704 20.058808 0.037989 0.000000 0.037989
531.324613 102.128473 0.091112 0.000000 0.091112
521.890660 12.378466 0.048158 0.000000 0.048158
677.243899 103.054736 0.015657 0.000000 0.015657
38.631405 258.025188 0.070924 0.000000 0.070924
786.634969 157.959230 0.060727 0.000000 0.060727
855.475307 169.926538 0.049751 0.000000 0.049751
521.838819 60.741893 0.054857 0.000000 0.054857
288.320440 270.786208 0.087066 0.000000 0.087066
532.234164 48.473799 0.163115 0.000000 0.163115
169.817757 457.299038 0.014882 0.000000 0.014882
386.074845 363.634335 0.063339 0.000000 0.063339
501.761706 196.592987 0.013894 0.000000 0.013894
527.908958 33.086838 0.086714 0.000000 0.086714
771.802676 161.008500 0.006580 0.000000 0.006580
307.934474 402.076951 0.025731 0.000000 0.025731
835.600816 300.977245 0.119447 0.000000 0.119447
313.445150 24.366415 0.072745 0.000000 0.072745
764.848772 170.491064 0.011777 0.000000 0.011777
333.886424 52.027791 0.098359 0.000000 0.098359
571.016515 316.031328 0.167852 0.000000 0.167852
167.699862 158.263583 0.037123 0.000000 0.037123
174.873221 123.633609 0.056420 0.000000 0.056420
270.127267 41.997369 0.041351 0.000000 0.041351
105.349025 221.446633 0.108558 0.000000 0.108558
540.343552 285.481560 0.014060 0.000000 0.014060
173.585777 353.884917 0.032604 0.000000 0.032604
176.081809 154.122686 0.042277 0.000000 0.042277
123.114143 158.601905 0.008166 0.000000 0.008166
46.447450 109.699273 0.149300 0.000000 0.149300
564.043960 326.544116 0.125508 0.000000 0.125508
758.256832 223.486588 0.078808 0.000000 0.078808
232.387585 367.452714 0.024780 0.000000 0.024780
323.383171 513.791729 0.004221 0.000000 0.004221
522.955140 350.134464 0.072622 0.000000 0.072622
828.531033 171.190935 0.049358 0.000000 0.049358
174.239304 160.300575 0.113291 0.000000 0.113291
409.763065 90.165106 0.130941 0.000000 0.130941
681.534846 121.261606 0.031412 0.000000 0.031412
506.844625 382.450785 0.083376 0.000000 0.083376
516.206060 284.272988 0.075831 0.000000 0.075831
713.646356 272.812276 0.023657 0.000000 0.023657
758.650898 205.818865 0.095003 0.000000 0.095003
561.853191 330.794885 0.066495 0.000000 0.066495
203.660149 349.559511 0.038910 0.000000 0.038910
235.046498 423.462427 0.035854 0.000000 0.035854
220.701361 86.091681 0.108841 0.000000 0.108841
229.730527 31.501532 0.169134 0.000000 0.169134
612.024259 277.556286 0.037038 0.000000 0.037038
331.989982 9.222416 0.074895 0.000000 0.074895
196.499609 212.379141 0.060036 0.000000 0.060036
658.385632 519.226328 0.007291 0.000000 0.007291
422.854534 9.985288 0.075977 0.000000 0.075977
438.061381 371.020901 0.031275 0.000000 0.031275
517.258318 300.793883 0.072360 0.000000 0.072360
345.756756 35.383713 0.088637 0.000000 0.088637
757.235948 259.431271 0.019862 0.000000 0.019862
174.794361 134.801962 0.098200 0.000000 0.098200
546.568787 260.280865 0.009946 0.000000 0.009946
733.658205 286.004582 0.069242 0.000000 0.069242
691.927926 485.373413 0.018104 0.000000 0.018104
762.332438 241.514314 0.020672 0.000000 0.020672
220.403175 395.136191 0.027086 0.000000 0.027086
161.865301 76.083635 0.039883 0.000000 0.039883
516.796029 117.008441 0.101831 0.000000 0.101831
207.047926 396.776093 0.019265 0.000000 0.019265
361.917238 28.879277 0.114779 0.000000 0.114779
722.705550 280.191028 0.047611 0.000000 0.047611
63.368780 73.078322 0.129514 0.000000 0.129514
544.656324 277.606233 0.049754 0.000000 0.049754
54.267186 456.177716 0.007592 0.000000 0.007592
643.429999 200.528542 0.023539 0.000000 0.023539
506.933566 294.429425 0.127848 0.000000 0.127848
528.459423 262.445861 0.042125 0.000000 0.042125
244.785118 11.277882 0.073172 0.000000 0.073172
794.195348 193.103033 0.027522 0.000000 0.027522
868.576738 225.637927 0.066039 0.000000 0.066039
277.242183 352.740219 0.016238 0.000000 0.016238
61.550513 412.777278 0.014989 0.000000 0.014989
58.693640 499.269519 0.004944 0.000000 0.004944
886.603518 196.855474 0.095221 0.000000 0.095221
150.760255 439.987486 0.007190 0.000000 0.007190
290.019307 355.574168 0.039586 0.000000 0.039586
116.394248 440.979378 0.012617 0.000000 0.012617
157.905667 481.752800 0.006749 0.000000 0.006749
828.220738 190.196896 0.029129 0.000000 0.029129
210.821474 426.827637 0.030782 0.000000 0.030782
361.893966 22.688987 0.054113 0.000000 0.054113
143.831589 368.088915 0.010930 0.000000 0.010930
737.565227 248.533602 0.055245 0.000000 0.055245
778.383677 284.016730 0.171498 0.000000 0.171498
77.440510 76.277908 0.018055 0.000000 0.018055
373.321163 15.012994 0.079077 0.000000 0.079077
57.498361 377.209608 0.008473 0.000000 0.008473
228.396005 471.105875 0.007455 0.000000 0.007455
85.286023 374.093622 0.009518 0.000000 0.009518
25.395861 417.002141 0.011548 0.000000 0.011548
