1.0
1036
81.333560 10.156114 0.073355 0.000000 0.073355
72.699742 210.621209 0.065834 0.000000 0.065834
279.786555 458.203212 0.025539 0.000000 0.025539
588.878637 278.918918 0.029771 0.000000 0.029771
610.675583 13.730684 0.087458 0.000000 0.087458
766.460403 334.589300 0.099965 0.000000 0.099965
16.102754 168.065459 0.110281 0.000000 0.110281
597.849224 379.405877 0.056046 0.000000 0.056046
38.753210 439.185560 0.071530 0.000000 0.071530
180.225473 211.696074 0.046647 0.000000 0.046647
535.692119 149.785288 0.127534 0.000000 0.127534
140.258431 162.359091 0.139008 0.000000 0.139008
753.092712 434.677382 0.027140 0.000000 0.027140
753.087176 426.010210 0.123553 0.000000 0.123553
783.245301 332.113454 0.054385 0.000000 0.054385
422.914267 32.352950 0.087630 0.000000 0.087630
30.319198 83.129772 0.111974 0.000000 0.111974
564.231083 58.003776 0.038158 0.000000 0.038158
785.843977 405.144843 0.044181 0.000000 0.044181
466.230089 221.620712 0.065686 0.000000 0.065686
548.015288 59.974189 0.120634 0.000000 0.120634
86.259872 373.938968 0.099355 0.000000 0.099355
582.906186 157.981345 0.094998 0.000000 0.094998
735.139365 441.017326 0.120657 0.000000 0.120657
733.155843 370.169508 0.163200 0.000000 0.163200
332.065743 469.285846 0.055787 0.000000 0.055787
730.794673 345.444575 0.047644 0.000000 0.047644
630.103355 75.881387 0.085624 0.000000 0.085624
412.061618 359.331819 0.032106 0.000000 0.032106
144.583000 200.126105 0.122060 0.000000 0.122060
260.133676 461.105382 0.052415 0.000000 0.052415
706.389820 403.591371 0.032160 0.000000 0.032160
512.270016 99.293966 0.150665 0.000000 0.150665
530.235709 226.201114 0.056724 0.000000 0.056724
344.153599 485.229177 0.037647 0.000000 0.037647
134.817725 360.128767 0.037281 0.000000 0.037281
738.791210 418.560360 0.139873 0.000000 0.139873
771.148378 148.199132 0.139738 0.000000 0.139738
118.813937 166.366018 0.084882 0.000000 0.084882
376.212586 10.538241 0.099614 0.000000 0.099614
376.085012 301.104755 0.015388 0.000000 0.015388
59.919554 92.104949 0.063035 0.000000 0.063035
128.583350 346.307469 0.014258 0.000000 0.014258
603.116051 108.622963 0.131629 0.000000 0.131629
643.021083 202.806642 0.023352 0.000000 0.023352
748.564096 440.962660 0.137728 0.000000 0.137728
382.351879 386.132413 0.091815 0.000000 0.091815
745.877422 360.298644 0.099628 0.000000 0.099628
116.445090 215.410572 0.122411 0.000000 0.122411
278.021939 97.267725 0.020187 0.000000 0.020187
214.166235 310.279725 0.027964 0.000000 0.027964
231.107433 538.219572 0.153903 0.000000 0.153903
687.507015 486.322150 0.050265 0.000000 0.050265
709.460928 356.835504 0.021400 0.000000 0.021400
422.882950 606.834857 0.038838 0.000000 0.038838
123.296722 387.958884 0.056553 0.000000 0.056553
196.420529 517.824145 0.092151 0.000000 0.092151
219.874869 261.990264 0.076967 0.000000 0.076967
264.661753 364.162016 0.106589 0.000000 0.106589
357.769585 607.102138 0.090151 0.000000 0.090151
264.317250 347.628956 0.007546 0.000000 0.007546
34.017376 107.136958 0.172522 0.000000 0.172522
26.256969 202.523605 0.068038 0.000000 0.068038
342.984632 587.133709 0.149657 0.000000 0.149657
407.816078 557.628969 0.165226 0.000000 0.165226
742.749312 458.006774 0.066996 0.000000 0.066996
21.961320 448.080836 0.112393 0.000000 0.112393
44.537252 200.995304 0.069470 0.000000 0.069470
119.083787 412.250684 0.036644 0.000000 0.036644
324.467963 315.325138 0.070700 0.000000 0.070700
511.661344 390.571145 0.040092 0.000000 0.040092
725.669295 273.012982 0.053763 0.000000 0.053763
607.222372 428.353985 0.085669 0.000000 0.085669
185.846320 70.300573 0.029982 0.000000 0.029982
739.686144 471.016374 0.168825 0.000000 0.168825
304.626210 109.908898 0.014228 0.000000 0.014228
206.756456 423.964556 0.051031 0.000000 0.051031
329.955817 509.053654 0.087769 0.000000 0.087769
477.613252 351.874716 0.019113 0.000000 0.019113
559.842988 585.648724 0.168917 0.000000 0.168917
675.157004 535.994046 0.071242 0.000000 0.071242
557.187442 370.159581 0.093424 0.000000 0.093424
127.774979 375.990418 0.057879 0.000000 0.057879
663.150432 298.599001 0.127439 0.000000 0.127439
432.933195 196.453630 0.131877 0.000000 0.131877
591.327573 622.995439 0.126832 0.000000 0.126832
90.915837 618.544444 0.137783 0.000000 0.137783
402.058275 361.155393 0.156423 0.000000 0.156423
766.554376 299.317336 0.100143 0.000000 0.100143
762.218901 410.208246 0.051120 0.000000 0.051120
224.762758 243.442693 0.156099 0.000000 0.156099
712.907365 363.881315 0.036642 0.000000 0.036642
9.213384 379.728633 0.139614 0.000000 0.139614
559.028178 581.068580 0.041971 0.000000 0.041971
448.058443 382.581686 0.030861 0.000000 0.030861
104.878911 199.679475 0.135737 0.000000 0.135737
713.510120 318.489493 0.132758 0.000000 0.132758
304.572691 149.797138 0.076428 0.000000 0.076428
433.543069 315.779788 0.068780 0.000000 0.068780
103.170209 543.710335 0.059062 0.000000 0.059062
714.044832 455.349629 0.079067 0.000000 0.079067
731.920954 335.800305 0.020448 0.000000 0.020448
685.901838 605.449169 0.068261 0.000000 0.068261
274.219879 172.972966 0.047344 0.000000 0.047344
703.567142 230.183898 0.064707 0.000000 0.064707
780.776601 232.849538 0.140027 0.000000 0.140027
437.515345 378.141503 0.024394 0.000000 0.024394
775.712776 530.898738 0.173698 0.000000 0.173698
732.902227 455.533424 0.105480 0.000000 0.105480
730.446888 221.498027 0.085279 0.000000 0.085279
512.614264 587.325447 0.117686 0.000000 0.117686
452.100745 602.436630 0.168108 0.000000 0.168108
748.373266 611.974253 0.055628 0.000000 0.055628
78.645875 474.996511 0.095378 0.000000 0.095378
713.343603 411.413753 0.004574 0.000000 0.004574
652.371778 292.876227 0.078220 0.000000 0.078220
37.352362 387.684068 0.071903 0.000000 0.071903
732.610915 113.063679 0.034629 0.000000 0.034629
403.389782 242.493239 0.063868 0.000000 0.063868
115.844458 240.605451 0.164249 0.000000 0.164249
263.357012 359.141395 0.015033 0.000000 0.015033
199.344282 291.702601 0.072314 0.000000 0.072314
398.567242 152.292681 0.027572 0.000000 0.027572
308.011120 208.741156 0.004019 0.000000 0.004019
745.548108 278.309523 0.065725 0.000000 0.065725
465.559038 527.855024 0.053873 0.000000 0.053873
452.221960 43.497257 0.021525 0.000000 0.021525
605.752693 626.892924 0.072885 0.000000 0.072885
243.233457 64.746797 0.132962 0.000000 0.132962
346.153174 197.692764 0.088421 0.000000 0.088421
215.046944 567.125396 0.110198 0.000000 0.110198
611.471611 536.143342 0.170775 0.000000 0.170775
675.080882 541.026318 0.030864 0.000000 0.030864
530.636795 316.881024 0.166874 0.000000 0.166874
347.629720 613.759978 0.017997 0.000000 0.017997
300.388054 403.604402 0.169204 0.000000 0.169204
674.115003 312.703627 0.119646 0.000000 0.119646
140.471942 12.893526 0.069111 0.000000 0.069111
435.631883 303.954163 0.142297 0.000000 0.142297
96.054717 600.482353 0.083450 0.000000 0.083450
531.805561 34.957133 0.034482 0.000000 0.034482
94.530775 168.920062 0.085719 0.000000 0.085719
83.503147 304.128734 0.163779 0.000000 0.163779
515.692363 358.453708 0.112261 0.000000 0.112261
492.952536 389.544454 0.012334 0.000000 0.012334
42.972551 91.348763 0.080947 0.000000 0.080947
681.704757 240.310658 0.059927 0.000000 0.059927
689.667678 280.572607 0.146010 0.000000 0.146010
207.863638 290.019973 0.027673 0.000000 0.027673
97.463164 156.800116 0.009389 0.000000 0.009389
26.071227 529.436267 0.059506 0.000000 0.059506
177.402599 27.666649 0.037294 0.000000 0.037294
106.380460 189.376568 0.085285 0.000000 0.085285
313.250302 140.556292 0.078456 0.000000 0.078456
332.695311 578.404194 0.123313 0.000000 0.123313
50.164010 606.504864 0.014788 0.000000 0.014788
475.731369 365.855724 0.077126 0.000000 0.077126
114.282603 351.809237 0.026353 0.000000 0.026353
58.452395 430.395827 0.159714 0.000000 0.159714
74.674799 35.398667 0.038030 0.000000 0.038030
146.752663 179.302565 0.009082 0.000000 0.009082
115.251199 377.108670 0.016503 0.000000 0.016503
371.250335 371.225510 0.071861 0.000000 0.071861
526.363001 555.488762 0.159932 0.000000 0.159932
650.660166 560.824617 0.171294 0.000000 0.171294
61.253323 218.688427 0.089889 0.000000 0.089889
693.543821 281.449878 0.114928 0.000000 0.114928
222.106503 252.248293 0.110048 0.000000 0.110048
106.929325 627.981754 0.070217 0.000000 0.070217
572.423550 569.020241 0.024955 0.000000 0.024955
618.647249 215.102482 0.068303 0.000000 0.068303
603.073694 393.025917 0.109540 0.000000 0.109540
742.088599 316.932886 0.073223 0.000000 0.073223
318.459439 164.297731 0.031406 0.000000 0.031406
109.175818 219.913888 0.014631 0.000000 0.014631
428.607231 536.603325 0.170002 0.000000 0.170002
711.885540 296.600693 0.151805 0.000000 0.151805
597.535555 129.053900 0.041399 0.000000 0.041399
573.758851 215.001011 0.165902 0.000000 0.165902
371.376249 490.787922 0.141421 0.000000 0.141421
236.282559 577.712498 0.045052 0.000000 0.045052
435.931545 346.321072 0.053611 0.000000 0.053611
676.822145 433.432395 0.058473 0.000000 0.058473
195.133091 272.172193 0.046423 0.000000 0.046423
434.494184 299.316136 0.061748 0.000000 0.061748
213.807107 498.460899 0.169389 0.000000 0.169389
631.662569 223.610887 0.012097 0.000000 0.012097
790.665730 34.895282 0.172785 0.000000 0.172785
179.249304 515.611331 0.066276 0.000000 0.066276
736.336392 328.319191 0.093191 0.000000 0.093191
41.178046 88.873754 0.152895 0.000000 0.152895
293.231925 161.245323 0.093053 0.000000 0.093053
592.181494 108.892509 0.029407 0.000000 0.029407
484.086837 241.290068 0.025786 0.000000 0.025786
487.083939 312.216538 0.005716 0.000000 0.005716
333.805103 625.171875 0.153785 0.000000 0.153785
213.579447 513.243675 0.092850 0.000000 0.092850
326.456122 189.197599 0.060369 0.000000 0.060369
659.803200 290.300185 0.044136 0.000000 0.044136
342.170208 480.690286 0.100869 0.000000 0.100869
361.934287 142.910994 0.128266 0.000000 0.128266
609.950834 594.582635 0.038312 0.000000 0.038312
50.233334 230.292393 0.151787 0.000000 0.151787
404.487162 497.976302 0.066002 0.000000 0.066002
563.683598 343.652370 0.078096 0.000000 0.078096
620.273008 583.327365 0.142816 0.000000 0.142816
647.190879 563.716282 0.092266 0.000000 0.092266
217.897973 514.319404 0.010464 0.000000 0.010464
597.938635 608.273147 0.053157 0.000000 0.053157
255.382240 80.690947 0.068144 0.000000 0.068144
253.309595 231.417519 0.045739 0.000000 0.045739
683.442301 237.974176 0.006332 0.000000 0.006332
98.393026 479.786893 0.100157 0.000000 0.100157
124.553860 324.881271 0.038025 0.000000 0.038025
262.356197 521.869670 0.047346 0.000000 0.047346
403.079848 391.073231 0.060656 0.000000 0.060656
572.585512 367.210114 0.029953 0.000000 0.029953
722.349694 269.127106 0.155060 0.000000 0.155060
159.669798 582.774566 0.026701 0.000000 0.026701
729.214884 113.384210 0.120115 0.000000 0.120115
50.244809 617.507043 0.029621 0.000000 0.029621
358.039400 583.174719 0.089651 0.000000 0.089651
474.701700 350.321173 0.139568 0.000000 0.139568
273.367615 588.258109 0.105413 0.000000 0.105413
216.257755 279.998601 0.042070 0.000000 0.042070
579.150640 23.262878 0.032954 0.000000 0.032954
203.416316 231.510923 0.022729 0.000000 0.022729
594.498299 610.152656 0.146284 0.000000 0.146284
378.172872 202.661110 0.005319 0.000000 0.005319
567.565454 346.270884 0.041756 0.000000 0.041756
228.880051 502.694528 0.113747 0.000000 0.113747
180.665762 75.258809 0.085673 0.000000 0.085673
619.221739 184.293609 0.072390 0.000000 0.072390
40.591527 124.388788 0.108974 0.000000 0.108974
442.058242 524.293003 0.056087 0.000000 0.056087
694.893447 275.713630 0.025729 0.000000 0.025729
268.877643 546.252693 0.023749 0.000000 0.023749
422.459440 283.684472 0.152281 0.000000 0.152281
183.138819 112.325364 0.025051 0.000000 0.025051
469.667155 318.393367 0.139832 0.000000 0.139832
554.859846 92.929253 0.037256 0.000000 0.037256
139.050541 474.566473 0.113024 0.000000 0.113024
70.736722 40.409534 0.067975 0.000000 0.067975
618.096393 590.019423 0.030923 0.000000 0.030923
597.254637 497.249860 0.016489 0.000000 0.016489
492.106452 92.034522 0.006912 0.000000 0.006912
375.646702 618.601858 0.057123 0.000000 0.057123
737.015779 254.843442 0.120164 0.000000 0.120164
82.871995 58.415300 0.028532 0.000000 0.028532
661.946426 165.589023 0.024736 0.000000 0.024736
185.728498 322.273571 0.107812 0.000000 0.107812
307.693918 602.443015 0.096828 0.000000 0.096828
672.423394 221.890286 0.027162 0.000000 0.027162
725.372435 246.198617 0.099535 0.000000 0.099535
105.997729 259.928767 0.012873 0.000000 0.012873
602.870357 402.826645 0.102581 0.000000 0.102581
699.736908 39.362307 0.095726 0.000000 0.095726
356.962232 505.755222 0.091372 0.000000 0.091372
134.751240 247.377405 0.087565 0.000000 0.087565
361.736252 495.254454 0.085263 0.000000 0.085263
597.149991 612.445591 0.100028 0.000000 0.100028
641.437395 388.777042 0.089730 0.000000 0.089730
199.350867 257.393023 0.037605 0.000000 0.037605
542.979560 151.561076 0.025555 0.000000 0.025555
249.479466 443.252065 0.140274 0.000000 0.140274
709.841512 322.405406 0.026951 0.000000 0.026951
702.306130 265.919395 0.093405 0.000000 0.093405
107.131849 593.318710 0.009656 0.000000 0.009656
64.351995 500.581298 0.058913 0.000000 0.058913
434.464419 445.684782 0.132126 0.000000 0.132126
765.178015 478.500269 0.044446 0.000000 0.044446
151.347575 150.789718 0.134725 0.000000 0.134725
267.435455 449.230813 0.007978 0.000000 0.007978
391.486848 496.023802 0.015572 0.000000 0.015572
239.745464 62.764416 0.065296 0.000000 0.065296
110.544555 209.242509 0.004284 0.000000 0.004284
276.134269 366.979369 0.169840 0.000000 0.169840
725.753229 469.684833 0.145484 0.000000 0.145484
783.426293 202.896041 0.158115 0.000000 0.158115
672.393760 433.398382 0.146285 0.000000 0.146285
720.696017 428.737271 0.052085 0.000000 0.052085
12.126118 353.015797 0.155168 0.000000 0.155168
757.301290 27.900397 0.041515 0.000000 0.041515
69.417842 259.419195 0.024858 0.000000 0.024858
402.350442 363.560334 0.025586 0.000000 0.025586
241.601113 279.259098 0.051180 0.000000 0.051180
85.279621 426.562108 0.137678 0.000000 0.137678
772.433217 495.720710 0.079601 0.000000 0.079601
314.569334 479.835735 0.043915 0.000000 0.043915
764.410984 285.844767 0.027198 0.000000 0.027198
173.702012 480.253817 0.080163 0.000000 0.080163
413.490724 294.689454 0.050200 0.000000 0.050200
320.515957 602.676821 0.090477 0.000000 0.090477
135.800778 185.253436 0.106096 0.000000 0.106096
419.279147 513.240222 0.012475 0.000000 0.012475
390.678475 624.228699 0.126061 0.000000 0.126061
634.338243 172.716166 0.044282 0.000000 0.044282
594.510827 97.615197 0.048581 0.000000 0.048581
425.674794 176.398160 0.010637 0.000000 0.010637
227.321282 568.268159 0.138525 0.000000 0.138525
314.773030 149.982789 0.010172 0.000000 0.010172
354.148633 248.805403 0.134319 0.000000 0.134319
147.497920 334.983885 0.092413 0.000000 0.092413
449.590480 244.229993 0.074256 0.000000 0.074256
572.493663 556.277890 0.008472 0.000000 0.008472
256.970488 545.548997 0.019196 0.000000 0.019196
214.180490 454.318232 0.035036 0.000000 0.035036
325.146730 607.212823 0.060018 0.000000 0.060018
413.465320 164.431484 0.077157 0.000000 0.077157
707.577228 270.204771 0.091715 0.000000 0.091715
681.403263 227.226684 0.119983 0.000000 0.119983
317.129927 572.594000 0.068579 0.000000 0.068579
87.663154 292.193453 0.020759 0.000000 0.020759
252.951025 436.652639 0.068163 0.000000 0.068163
360.906098 405.322246 0.006769 0.000000 0.006769
695.495832 271.633809 0.120233 0.000000 0.120233
687.732137 566.070113 0.144550 0.000000 0.144550
126.674871 185.660513 0.094064 0.000000 0.094064
527.589057 500.527796 0.040541 0.000000 0.040541
601.503134 406.379797 0.057490 0.000000 0.057490
646.810995 120.122447 0.160674 0.000000 0.160674
776.763590 189.189335 0.094752 0.000000 0.094752
405.338956 23.378318 0.029784 0.000000 0.029784
168.904535 421.569135 0.021176 0.000000 0.021176
390.877268 488.550110 0.008626 0.000000 0.008626
768.464258 280.771089 0.088651 0.000000 0.088651
232.026730 235.948934 0.012342 0.000000 0.012342
356.772499 507.858744 0.024132 0.000000 0.024132
287.962985 607.701794 0.131771 0.000000 0.131771
199.198031 280.872674 0.004112 0.000000 0.004112
298.594116 509.808729 0.010688 0.000000 0.010688
629.133519 535.632478 0.005918 0.000000 0.005918
302.125640 569.272445 0.080325 0.000000 0.080325
392.644277 623.544118 0.028562 0.000000 0.028562
410.078329 527.380313 0.008157 0.000000 0.008157
92.881124 560.008238 0.026945 0.000000 0.026945
476.666601 310.055577 0.091875 0.000000 0.091875
670.005177 294.923798 0.071779 0.000000 0.071779
58.172620 47.908218 0.045748 0.000000 0.045748
629.262155 540.791030 0.018313 0.000000 0.018313
754.798269 136.628377 0.057730 0.000000 0.057730
414.276169 255.666488 0.048508 0.000000 0.048508
604.989446 574.717594 0.030132 0.000000 0.030132
728.722965 227.705754 0.040897 0.000000 0.040897
99.132129 183.952418 0.004478 0.000000 0.004478
604.705984 484.450013 0.149385 0.000000 0.149385
789.334798 205.161412 0.075913 0.000000 0.075913
88.301538 567.621590 0.103483 0.000000 0.103483
180.405587 161.646160 0.090704 0.000000 0.090704
351.276386 480.161469 0.158396 0.000000 0.158396
110.658792 588.473901 0.098150 0.000000 0.098150
563.866304 51.865935 0.063066 0.000000 0.063066
53.124339 549.638145 0.019313 0.000000 0.019313
730.483096 434.486298 0.019143 0.000000 0.019143
124.964437 200.115821 0.123030 0.000000 0.123030
595.391545 71.558924 0.169239 0.000000 0.169239
143.690226 339.618688 0.041026 0.000000 0.041026
644.679568 477.747185 0.051820 0.000000 0.051820
191.167233 67.342806 0.098203 0.000000 0.098203
18.340410 120.861060 0.154662 0.000000 0.154662
12.268886 332.291836 0.036097 0.000000 0.036097
100.487796 402.428126 0.110344 0.000000 0.110344
93.192528 405.899534 0.016107 0.000000 0.016107
693.493776 334.522449 0.109312 0.000000 0.109312
428.106288 22.890224 0.061088 0.000000 0.061088
382.597334 248.927396 0.041476 0.000000 0.041476
92.790723 464.191285 0.163885 0.000000 0.163885
416.748425 214.941468 0.046946 0.000000 0.046946
634.179403 26.725809 0.045262 0.000000 0.045262
48.145389 600.149358 0.080886 0.000000 0.080886
403.811959 338.030364 0.109929 0.000000 0.109929
363.840064 372.870688 0.145135 0.000000 0.145135
97.994054 56.433955 0.037221 0.000000 0.037221
734.720247 217.545877 0.004763 0.000000 0.004763
201.297213 244.698052 0.031176 0.000000 0.031176
311.353636 426.534747 0.156447 0.000000 0.156447
120.429077 380.095200 0.049960 0.000000 0.049960
301.155298 82.595783 0.049364 0.000000 0.049364
584.495333 513.977720 0.124066 0.000000 0.124066
629.319715 551.202654 0.027846 0.000000 0.027846
751.246425 570.904900 0.163594 0.000000 0.163594
70.102114 621.802575 0.042631 0.000000 0.042631
610.544858 579.550019 0.132154 0.000000 0.132154
101.085068 220.010883 0.112497 0.000000 0.112497
296.008326 174.080771 0.004490 0.000000 0.004490
85.353073 450.045572 0.110508 0.000000 0.110508
676.543310 242.390503 0.078243 0.000000 0.078243
748.470460 244.174046 0.031233 0.000000 0.031233
655.951025 509.477144 0.025222 0.000000 0.025222
640.898133 393.058505 0.123737 0.000000 0.123737
283.272880 71.430615 0.095297 0.000000 0.095297
630.332224 513.756201 0.052359 0.000000 0.052359
196.579524 71.326790 0.024629 0.000000 0.024629
214.479813 334.293916 0.032864 0.000000 0.032864
702.662693 319.694705 0.004215 0.000000 0.004215
259.704723 84.682796 0.119366 0.000000 0.119366
88.287855 569.448807 0.013755 0.000000 0.013755
219.415228 434.932909 0.013890 0.000000 0.013890
544.124476 242.999190 0.033803 0.000000 0.033803
781.256244 220.232732 0.074103 0.000000 0.074103
572.333053 213.520518 0.016539 0.000000 0.016539
524.820636 141.001181 0.023707 0.000000 0.023707
474.194650 294.216902 0.056574 0.000000 0.056574
44.749679 111.489021 0.006464 0.000000 0.006464
567.431912 199.095163 0.032441 0.000000 0.032441
497.295856 339.935134 0.007527 0.000000 0.007527
444.994988 450.404580 0.075250 0.000000 0.075250
436.454458 338.508619 0.043097 0.000000 0.043097
376.890853 214.763244 0.082757 0.000000 0.082757
99.420419 589.519647 0.155741 0.000000 0.155741
166.264857 214.643352 0.065340 0.000000 0.065340
382.415193 345.474136 0.034411 0.000000 0.034411
521.354856 619.276408 0.031068 0.000000 0.031068
227.283183 235.820705 0.095168 0.000000 0.095168
655.872874 501.817079 0.045710 0.000000 0.045710
557.867492 401.010914 0.087034 0.000000 0.087034
659.812633 485.819129 0.009983 0.000000 0.009983
344.159346 374.471516 0.056950 0.000000 0.056950
549.888513 93.750949 0.152599 0.000000 0.152599
420.911646 293.267015 0.049669 0.000000 0.049669
524.172058 105.414249 0.014509 0.000000 0.014509
398.012189 19.093862 0.065873 0.000000 0.065873
720.991618 455.443328 0.014633 0.000000 0.014633
153.828216 304.854261 0.046956 0.000000 0.046956
297.181291 457.815204 0.105299 0.000000 0.105299
54.343550 550.084947 0.149473 0.000000 0.149473
206.113323 252.203132 0.089693 0.000000 0.089693
611.678537 365.583795 0.067791 0.000000 0.067791
56.882342 507.469471 0.087159 0.000000 0.087159
482.223729 114.514106 0.046468 0.000000 0.046468
201.688671 511.349719 0.004396 0.000000 0.004396
477.509440 208.098548 0.057394 0.000000 0.057394
399.554153 339.775768 0.164012 0.000000 0.164012
563.212235 223.816361 0.008791 0.000000 0.008791
336.616308 318.190182 0.063300 0.000000 0.063300
12.533481 437.303897 0.066481 0.000000 0.066481
483.871190 428.720093 0.004797 0.000000 0.004797
429.267761 164.872299 0.015137 0.000000 0.015137
143.561181 564.396800 0.006904 0.000000 0.006904
641.130899 590.044448 0.168514 0.000000 0.168514
190.634416 309.977976 0.024586 0.000000 0.024586
375.131874 374.368498 0.049455 0.000000 0.049455
102.975550 379.849985 0.026220 0.000000 0.026220
403.460803 229.837784 0.024365 0.000000 0.024365
602.117449 67.562301 0.068213 0.000000 0.068213
560.088959 623.731235 0.105707 0.000000 0.105707
170.584687 455.830863 0.035464 0.000000 0.035464
606.195410 413.869907 0.104281 0.000000 0.104281
104.965838 381.272609 0.149525 0.000000 0.149525
632.500323 158.426012 0.118001 0.000000 0.118001
12.400991 361.644207 0.046067 0.000000 0.046067
111.801993 253.645398 0.117870 0.000000 0.117870
547.280811 152.349582 0.078769 0.000000 0.078769
436.426196 407.564661 0.140552 0.000000 0.140552
609.414022 69.936313 0.031080 0.000000 0.031080
139.685171 147.936044 0.080617 0.000000 0.080617
654.539157 402.312899 0.026794 0.000000 0.026794
444.314639 311.863946 0.137677 0.000000 0.137677
114.861492 408.577600 0.136792 0.000000 0.136792
364.652145 489.418858 0.035767 0.000000 0.035767
273.973769 427.112221 0.048620 0.000000 0.048620
426.052355 377.095672 0.018821 0.000000 0.018821
419.821311 19.287053 0.041084 0.000000 0.041084
414.892185 399.493152 0.009135 0.000000 0.009135
100.465805 262.536969 0.143724 0.000000 0.143724
701.093374 242.731369 0.066174 0.000000 0.066174
742.425230 281.717838 0.122225 0.000000 0.122225
216.801407 255.976949 0.104035 0.000000 0.104035
408.919709 408.686066 0.058062 0.000000 0.058062
229.533531 67.255134 0.116949 0.000000 0.116949
777.411565 626.552156 0.035459 0.000000 0.035459
769.254072 316.784286 0.058014 0.000000 0.058014
320.453530 425.479786 0.015239 0.000000 0.015239
762.011181 155.054438 0.014104 0.000000 0.014104
105.061658 212.598598 0.127693 0.000000 0.127693
388.518502 618.751524 0.102843 0.000000 0.102843
519.576637 546.416075 0.017649 0.000000 0.017649
172.206336 116.387059 0.079767 0.000000 0.079767
412.615227 548.980406 0.013247 0.000000 0.013247
661.452389 489.122739 0.079117 0.000000 0.079117
680.009355 258.628998 0.006860 0.000000 0.006860
715.833098 240.711017 0.010577 0.000000 0.010577
437.467302 450.593310 0.066967 0.000000 0.066967
604.612376 587.427519 0.037120 0.000000 0.037120
750.127586 218.898764 0.009172 0.000000 0.009172
729.424453 241.299469 0.039741 0.000000 0.039741
473.161216 312.057610 0.031066 0.000000 0.031066
55.797819 583.179638 0.011799 0.000000 0.011799
197.291586 70.697152 0.114890 0.000000 0.114890
533.119777 116.190371 0.035487 0.000000 0.035487
611.783608 609.920918 0.038606 0.000000 0.038606
437.914677 550.399226 0.020526 0.000000 0.020526
745.908861 251.439990 0.054254 0.000000 0.054254
97.155875 291.624254 0.063369 0.000000 0.063369
120.561650 398.648730 0.104157 0.000000 0.104157
527.035296 579.217045 0.149005 0.000000 0.149005
543.398990 197.421466 0.005310 0.000000 0.005310
16.919947 480.031029 0.148714 0.000000 0.148714
406.269823 435.063988 0.075280 0.000000 0.075280
353.397335 341.071504 0.065507 0.000000 0.065507
754.065760 570.432955 0.086706 0.000000 0.086706
136.736303 470.056922 0.072689 0.000000 0.072689
624.425450 573.216474 0.148519 0.000000 0.148519
411.448386 43.865293 0.080579 0.000000 0.080579
215.241017 56.499579 0.059904 0.000000 0.059904
55.341793 336.446791 0.054772 0.000000 0.054772
220.779657 221.132205 0.015131 0.000000 0.015131
456.178009 376.275471 0.048101 0.000000 0.048101
325.850862 22.512017 0.121782 0.000000 0.121782
116.433305 535.905232 0.006887 0.000000 0.006887
421.968243 525.147268 0.164441 0.000000 0.164441
182.042796 137.183552 0.151206 0.000000 0.151206
169.118283 154.468239 0.115091 0.000000 0.115091
146.547704 211.485221 0.094450 0.000000 0.094450
63.461949 616.593651 0.096628 0.000000 0.096628
229.890156 512.450870 0.107962 0.000000 0.107962
137.537076 143.547079 0.087879 0.000000 0.087879
520.437759 315.052559 0.077447 0.000000 0.077447
72.259573 324.796956 0.012392 0.000000 0.012392
65.712206 278.832243 0.063545 0.000000 0.063545
374.713330 231.731635 0.036592 0.000000 0.036592
229.927389 428.849482 0.016285 0.000000 0.016285
585.185626 115.152259 0.011907 0.000000 0.011907
343.457440 182.928662 0.069997 0.000000 0.069997
243.249226 491.750891 0.083684 0.000000 0.083684
75.521001 596.369539 0.090385 0.000000 0.090385
745.552383 567.223709 0.070209 0.000000 0.070209
376.291335 351.647228 0.049481 0.000000 0.049481
142.473634 145.309663 0.025214 0.000000 0.025214
210.089185 434.389142 0.079224 0.000000 0.079224
368.883593 267.365324 0.004051 0.000000 0.004051
438.229052 540.848166 0.172722 0.000000 0.172722
610.473397 196.966651 0.014997 0.000000 0.014997
236.234392 80.388361 0.079141 0.000000 0.079141
65.347863 61.373480 0.015897 0.000000 0.015897
161.460820 137.604215 0.132551 0.000000 0.132551
407.319315 300.789077 0.109098 0.000000 0.109098
129.789571 201.743677 0.054261 0.000000 0.054261
314.523654 321.751461 0.026077 0.000000 0.026077
45.750272 593.745438 0.016545 0.000000 0.016545
599.834307 132.279365 0.175071 0.000000 0.175071
109.433212 265.320874 0.119453 0.000000 0.119453
425.911432 351.641489 0.028986 0.000000 0.028986
319.401376 355.758578 0.037306 0.000000 0.037306
229.000568 77.359242 0.025546 0.000000 0.025546
634.338656 18.387189 0.048677 0.000000 0.048677
656.911912 392.104816 0.005676 0.000000 0.005676
705.159842 257.565784 0.095603 0.000000 0.095603
324.998694 590.993494 0.009345 0.000000 0.009345
605.125874 470.843630 0.012803 0.000000 0.012803
89.425988 466.127996 0.156785 0.000000 0.156785
716.100546 290.813211 0.091169 0.000000 0.091169
384.955060 596.628665 0.036701 0.000000 0.036701
783.380291 225.798716 0.116581 0.000000 0.116581
154.638786 567.173440 0.027862 0.000000 0.027862
471.248681 446.671300 0.164225 0.000000 0.164225
427.115426 603.627235 0.164085 0.000000 0.164085
523.029055 330.194674 0.142759 0.000000 0.142759
66.522680 422.689483 0.047491 0.000000 0.047491
72.003519 551.991054 0.022649 0.000000 0.022649
71.098171 287.368303 0.005386 0.000000 0.005386
564.374339 535.990065 0.015655 0.000000 0.015655
721.098625 468.168916 0.012547 0.000000 0.012547
79.140586 544.833507 0.030302 0.000000 0.030302
613.018982 202.062587 0.091828 0.000000 0.091828
361.884686 408.175530 0.109437 0.000000 0.109437
80.608800 605.250550 0.102359 0.000000 0.102359
728.754598 311.659858 0.035247 0.000000 0.035247
53.719419 585.238326 0.117464 0.000000 0.117464
594.518525 540.520558 0.063020 0.000000 0.063020
383.822721 181.960915 0.026804 0.000000 0.026804
433.528259 11.309657 0.042919 0.000000 0.042919
105.857756 404.138508 0.011155 0.000000 0.011155
338.375349 163.248130 0.076871 0.000000 0.076871
273.475537 465.588832 0.045459 0.000000 0.045459
219.016863 468.464273 0.046518 0.000000 0.046518
99.987737 248.749701 0.120102 0.000000 0.120102
405.395442 342.721924 0.045039 0.000000 0.045039
380.030605 261.096395 0.011195 0.000000 0.011195
416.701019 495.441929 0.044091 0.000000 0.044091
480.221766 56.071571 0.080089 0.000000 0.080089
711.451493 433.543591 0.084869 0.000000 0.084869
74.051794 446.868495 0.065127 0.000000 0.065127
193.976991 49.315644 0.075376 0.000000 0.075376
458.951487 509.124666 0.130801 0.000000 0.130801
479.593285 250.700937 0.039993 0.000000 0.039993
421.141880 370.939675 0.062067 0.000000 0.062067
367.064636 250.304810 0.165291 0.000000 0.165291
653.544228 473.989748 0.103447 0.000000 0.103447
220.483098 52.277303 0.079048 0.000000 0.079048
239.214226 516.883049 0.025241 0.000000 0.025241
638.072989 452.594963 0.133717 0.000000 0.133717
413.292163 26.665975 0.147428 0.000000 0.147428
348.589456 581.077215 0.059785 0.000000 0.059785
394.133657 591.972318 0.096183 0.000000 0.096183
392.973582 367.641880 0.130133 0.000000 0.130133
109.336947 288.076663 0.035237 0.000000 0.035237
371.034669 586.336518 0.125431 0.000000 0.125431
74.690794 398.880761 0.052690 0.000000 0.052690
338.512759 591.542012 0.148296 0.000000 0.148296
422.875271 314.613164 0.066750 0.000000 0.066750
362.321239 597.721009 0.009457 0.000000 0.009457
420.400451 614.846658 0.065581 0.000000 0.065581
503.215377 76.868048 0.034079 0.000000 0.034079
754.958825 575.357942 0.029310 0.000000 0.029310
69.879546 559.145830 0.149761 0.000000 0.149761
521.177027 570.595419 0.053289 0.000000 0.053289
707.577756 164.956285 0.078313 0.000000 0.078313
380.131785 486.112382 0.109186 0.000000 0.109186
705.080985 546.756823 0.160029 0.000000 0.160029
244.712661 544.917582 0.026874 0.000000 0.026874
772.845432 272.016932 0.066613 0.000000 0.066613
648.012066 472.450806 0.095785 0.000000 0.095785
506.182151 68.024536 0.094383 0.000000 0.094383
321.662963 211.173198 0.020518 0.000000 0.020518
253.702907 222.052968 0.051724 0.000000 0.051724
106.687661 616.118382 0.104017 0.000000 0.104017
651.165015 68.843588 0.043187 0.000000 0.043187
392.203055 497.183690 0.140300 0.000000 0.140300
787.913485 156.180651 0.069019 0.000000 0.069019
624.670557 271.837287 0.007839 0.000000 0.007839
72.292493 49.629368 0.019896 0.000000 0.019896
176.118723 124.636351 0.064643 0.000000 0.064643
19.454343 108.320317 0.018904 0.000000 0.018904
92.482789 148.022465 0.070370 0.000000 0.070370
113.912721 17.703503 0.040893 0.000000 0.040893
165.470769 30.630991 0.025809 0.000000 0.025809
63.001704 603.042855 0.098661 0.000000 0.098661
757.525802 580.014247 0.060782 0.000000 0.060782
158.139333 141.088778 0.059136 0.000000 0.059136
480.489466 394.251343 0.031244 0.000000 0.031244
176.168585 136.611195 0.096428 0.000000 0.096428
606.523063 568.920544 0.109631 0.000000 0.109631
149.337972 550.528540 0.039188 0.000000 0.039188
281.007380 212.969670 0.009992 0.000000 0.009992
148.324605 582.574685 0.014147 0.000000 0.014147
481.215973 87.334383 0.052114 0.000000 0.052114
51.072448 381.389763 0.127784 0.000000 0.127784
305.115473 60.237622 0.091237 0.000000 0.091237
448.157089 218.473958 0.020588 0.000000 0.020588
290.776595 520.320632 0.078397 0.000000 0.078397
649.169454 276.336619 0.010291 0.000000 0.010291
470.030973 450.772248 0.020637 0.000000 0.020637
791.200754 230.732442 0.122083 0.000000 0.122083
364.490549 589.626590 0.035313 0.000000 0.035313
428.328535 334.223304 0.025484 0.000000 0.025484
47.578607 330.136859 0.007077 0.000000 0.007077
610.486965 527.555229 0.147653 0.000000 0.147653
707.915274 557.518209 0.065906 0.000000 0.065906
741.202141 602.983098 0.097620 0.000000 0.097620
408.110149 538.827796 0.018905 0.000000 0.018905
602.452352 99.275148 0.137132 0.000000 0.137132
225.338530 456.346710 0.009832 0.000000 0.009832
746.856367 559.793208 0.006577 0.000000 0.006577
254.358187 506.396148 0.063965 0.000000 0.063965
317.932603 378.458188 0.146412 0.000000 0.146412
511.761781 414.133302 0.037721 0.000000 0.037721
170.503125 461.105351 0.006278 0.000000 0.006278
309.228784 580.100390 0.042621 0.000000 0.042621
718.556925 566.120597 0.015438 0.000000 0.015438
634.146059 532.707422 0.040285 0.000000 0.040285
747.722679 573.712319 0.045568 0.000000 0.045568
369.536921 463.184381 0.075286 0.000000 0.075286
597.418009 461.385391 0.013895 0.000000 0.013895
381.018857 186.018833 0.159370 0.000000 0.159370
343.632882 367.586500 0.009447 0.000000 0.009447
493.202860 131.916951 0.025638 0.000000 0.025638
548.218822 137.396669 0.013243 0.000000 0.013243
166.010762 142.529179 0.013147 0.000000 0.013147
690.113957 264.604891 0.051072 0.000000 0.051072
429.968959 446.744438 0.015103 0.000000 0.015103
730.714393 237.169048 0.159616 0.000000 0.159616
87.108949 62.797779 0.148926 0.000000 0.148926
304.745976 54.980427 0.121816 0.000000 0.121816
709.288714 278.907496 0.051094 0.000000 0.051094
720.632158 248.746524 0.020356 0.000000 0.020356
20.270602 15.438617 0.120990 0.000000 0.120990
54.985183 320.413135 0.027596 0.000000 0.027596
403.268494 38.138290 0.152922 0.000000 0.152922
736.466573 242.731470 0.074413 0.000000 0.074413
703.079381 565.542894 0.137540 0.000000 0.137540
722.365258 127.400769 0.085259 0.000000 0.085259
117.176027 252.682666 0.017230 0.000000 0.017230
620.556492 555.110223 0.031570 0.000000 0.031570
394.824390 226.781939 0.007183 0.000000 0.007183
61.966871 271.275005 0.023247 0.000000 0.023247
704.621145 560.597031 0.036200 0.000000 0.036200
667.752497 563.575241 0.112916 0.000000 0.112916
755.868185 569.155491 0.014458 0.000000 0.014458
209.567579 262.572158 0.007369 0.000000 0.007369
419.621295 344.443157 0.047902 0.000000 0.047902
370.455827 352.878655 0.071211 0.000000 0.071211
418.408147 361.702878 0.101994 0.000000 0.101994
675.660708 308.517628 0.015426 0.000000 0.015426
574.342856 40.874930 0.048156 0.000000 0.048156
114.682379 268.982256 0.018297 0.000000 0.018297
682.917822 295.504209 0.159803 0.000000 0.159803
391.991265 242.555754 0.017926 0.000000 0.017926
572.723606 9.997699 0.109509 0.000000 0.109509
721.108515 560.145774 0.007736 0.000000 0.007736
362.779678 464.557390 0.070857 0.000000 0.070857
708.783663 284.916735 0.082574 0.000000 0.082574
235.236203 453.113687 0.034868 0.000000 0.034868
695.699673 353.143181 0.017184 0.000000 0.017184
419.126171 263.819117 0.043866 0.000000 0.043866
324.896637 332.257152 0.092096 0.000000 0.092096
392.056039 449.268538 0.043768 0.000000 0.043768
296.240660 178.990460 0.040296 0.000000 0.040296
265.858972 429.464545 0.021207 0.000000 0.021207
222.664189 477.849339 0.065008 0.000000 0.065008
212.239623 444.861845 0.100681 0.000000 0.100681
382.618514 605.360997 0.083714 0.000000 0.083714
344.451304 247.704894 0.009359 0.000000 0.009359
509.900659 49.413373 0.021742 0.000000 0.021742
332.988862 371.204071 0.082804 0.000000 0.082804
136.305059 320.438867 0.018065 0.000000 0.018065
703.853743 552.945893 0.048073 0.000000 0.048073
541.426515 557.680260 0.153251 0.000000 0.153251
142.408685 522.626528 0.032625 0.000000 0.032625
369.937137 247.216888 0.022753 0.000000 0.022753
398.563212 224.524159 0.120224 0.000000 0.120224
96.246221 223.851918 0.018669 0.000000 0.018669
692.476997 149.450353 0.073197 0.000000 0.073197
447.776508 298.249868 0.082342 0.000000 0.082342
201.083920 630.745744 0.105893 0.000000 0.105893
382.436026 522.992444 0.029918 0.000000 0.029918
663.520422 557.948968 0.056434 0.000000 0.056434
199.567822 53.358422 0.021488 0.000000 0.021488
185.414273 22.379457 0.144332 0.000000 0.144332
65.542564 185.910659 0.045095 0.000000 0.045095
69.301544 600.230380 0.105720 0.000000 0.105720
360.204004 361.415155 0.092310 0.000000 0.092310
315.832273 381.755549 0.029509 0.000000 0.029509
490.339178 542.668802 0.022924 0.000000 0.022924
698.027282 527.611232 0.029071 0.000000 0.029071
404.814829 42.392835 0.104793 0.000000 0.104793
348.398310 181.451933 0.113687 0.000000 0.113687
367.538730 605.506169 0.135600 0.000000 0.135600
534.984220 541.895933 0.115446 0.000000 0.115446
577.269205 520.199619 0.048085 0.000000 0.048085
380.189176 265.591522 0.067237 0.000000 0.067237
64.684175 182.625983 0.093297 0.000000 0.093297
704.853790 303.734515 0.045407 0.000000 0.045407
253.388873 414.500482 0.057223 0.000000 0.057223
71.200891 68.351562 0.070825 0.000000 0.070825
209.964691 79.278379 0.018219 0.000000 0.018219
413.371827 369.293724 0.135128 0.000000 0.135128
398.707844 436.927394 0.094556 0.000000 0.094556
441.719328 532.333604 0.012554 0.000000 0.012554
495.564282 276.365064 0.006140 0.000000 0.006140
436.408514 155.621556 0.094164 0.000000 0.094164
215.451306 43.666762 0.125999 0.000000 0.125999
716.415541 77.489158 0.079849 0.000000 0.079849
377.614029 167.899608 0.006696 0.000000 0.006696
241.941686 475.503474 0.023723 0.000000 0.023723
504.623731 146.401485 0.007249 0.000000 0.007249
40.656663 150.213803 0.023645 0.000000 0.023645
718.668524 598.500926 0.067011 0.000000 0.067011
409.701860 394.652743 0.104588 0.000000 0.104588
95.957433 586.376753 0.085286 0.000000 0.085286
318.700171 204.457204 0.054502 0.000000 0.054502
468.861173 500.061923 0.037399 0.000000 0.037399
734.579254 578.553803 0.117459 0.000000 0.117459
390.118793 232.610357 0.132466 0.000000 0.132466
581.137816 473.819808 0.127466 0.000000 0.127466
273.411348 612.236234 0.033027 0.000000 0.033027
147.447536 144.088067 0.077567 0.000000 0.077567
558.306756 209.387258 0.043218 0.000000 0.043218
159.669603 192.452235 0.020000 0.000000 0.020000
299.568739 361.168225 0.061609 0.000000 0.061609
201.620277 265.198466 0.031693 0.000000 0.031693
422.680518 434.950034 0.120651 0.000000 0.120651
640.203137 186.478132 0.039218 0.000000 0.039218
264.380400 603.757630 0.084704 0.000000 0.084704
139.618508 496.505823 0.052872 0.000000 0.052872
200.002172 202.485240 0.144507 0.000000 0.144507
363.408271 331.339666 0.011210 0.000000 0.011210
529.217427 322.524876 0.077456 0.000000 0.077456
457.596946 529.624760 0.068078 0.000000 0.068078
524.340542 580.023812 0.024226 0.000000 0.024226
58.731738 297.953432 0.022297 0.000000 0.022297
608.093240 355.327708 0.056381 0.000000 0.056381
316.863047 62.518617 0.004064 0.000000 0.004064
587.090600 138.833728 0.005020 0.000000 0.005020
667.186470 551.008371 0.020101 0.000000 0.020101
378.510883 588.120868 0.151163 0.000000 0.151163
304.624146 235.636650 0.123971 0.000000 0.123971
210.774948 106.617513 0.030644 0.000000 0.030644
692.117373 351.766739 0.119955 0.000000 0.119955
765.877284 523.908520 0.038557 0.000000 0.038557
612.731415 376.748367 0.006110 0.000000 0.006110
362.403709 241.539147 0.014403 0.000000 0.014403
297.356836 320.518465 0.051907 0.000000 0.051907
702.726987 296.058309 0.076893 0.000000 0.076893
695.707889 262.463037 0.092026 0.000000 0.092026
97.991565 257.871254 0.055773 0.000000 0.055773
33.886291 372.977808 0.043700 0.000000 0.043700
401.623263 597.952172 0.040181 0.000000 0.040181
470.826772 483.393209 0.091596 0.000000 0.091596
323.014820 36.017201 0.015386 0.000000 0.015386
161.571038 61.821283 0.118322 0.000000 0.118322
129.564966 524.254453 0.010370 0.000000 0.010370
441.290430 563.235137 0.056289 0.000000 0.056289
104.065547 283.131177 0.066184 0.000000 0.066184
494.823252 326.327255 0.134225 0.000000 0.134225
463.887775 366.805051 0.098904 0.000000 0.098904
371.751438 165.500207 0.091982 0.000000 0.091982
622.037426 553.927223 0.121447 0.000000 0.121447
74.655088 253.697099 0.138661 0.000000 0.138661
398.354908 431.225323 0.025657 0.000000 0.025657
249.565353 572.224113 0.029331 0.000000 0.029331
679.291713 566.467526 0.149305 0.000000 0.149305
271.581278 490.900296 0.051490 0.000000 0.051490
313.924680 628.315931 0.084275 0.000000 0.084275
71.143733 494.852227 0.045382 0.000000 0.045382
755.766009 262.757701 0.173198 0.000000 0.173198
458.694654 325.128687 0.059682 0.000000 0.059682
164.025208 140.683584 0.158608 0.000000 0.158608
641.949195 372.119569 0.061318 0.000000 0.061318
497.185092 137.488311 0.060305 0.000000 0.060305
416.654472 424.806266 0.027683 0.000000 0.027683
65.776278 83.609835 0.160052 0.000000 0.160052
374.000223 158.243886 0.032559 0.000000 0.032559
684.408113 549.499704 0.044930 0.000000 0.044930
67.088638 349.455839 0.013611 0.000000 0.013611
302.428557 399.534457 0.005471 0.000000 0.005471
769.099806 162.390527 0.055798 0.000000 0.055798
60.250892 310.240963 0.131109 0.000000 0.131109
405.199977 56.909135 0.089111 0.000000 0.089111
25.010943 620.980650 0.047170 0.000000 0.047170
514.803256 129.824766 0.098187 0.000000 0.098187
496.500686 489.541817 0.035567 0.000000 0.035567
162.074681 131.621913 0.126561 0.000000 0.126561
152.931351 195.121617 0.080247 0.000000 0.080247
21.042306 41.053875 0.034351 0.000000 0.034351
650.193282 534.473723 0.136746 0.000000 0.136746
613.756860 602.139871 0.114833 0.000000 0.114833
146.723634 280.359549 0.055586 0.000000 0.055586
413.691507 374.479607 0.149258 0.000000 0.149258
484.551348 64.242941 0.016287 0.000000 0.016287
82.361301 584.689025 0.157335 0.000000 0.157335
267.789385 182.887966 0.081411 0.000000 0.081411
264.548316 398.927182 0.010516 0.000000 0.010516
666.565419 375.137761 0.118876 0.000000 0.118876
175.997505 286.271181 0.080833 0.000000 0.080833
235.772803 548.151716 0.124731 0.000000 0.124731
672.038770 365.020747 0.119863 0.000000 0.119863
265.656827 615.244690 0.106111 0.000000 0.106111
717.953461 59.402625 0.067621 0.000000 0.067621
736.852734 234.909392 0.046702 0.000000 0.046702
540.845081 320.001254 0.016331 0.000000 0.016331
453.368361 48.218602 0.115760 0.000000 0.115760
638.951708 539.637785 0.028077 0.000000 0.028077
329.871776 487.008211 0.049515 0.000000 0.049515
537.217582 348.131639 0.018671 0.000000 0.018671
336.007309 440.342226 0.165757 0.000000 0.165757
63.562564 342.837327 0.073911 0.000000 0.073911
593.724599 115.879019 0.150415 0.000000 0.150415
196.040066 108.578945 0.016195 0.000000 0.016195
124.554757 210.150628 0.023833 0.000000 0.023833
590.519687 476.060866 0.059551 0.000000 0.059551
668.209557 490.298045 0.060805 0.000000 0.060805
320.770526 48.765192 0.091037 0.000000 0.091037
125.887832 429.439790 0.014226 0.000000 0.014226
538.498657 439.407011 0.043348 0.000000 0.043348
68.783334 361.066274 0.040631 0.000000 0.040631
117.357214 109.401181 0.025826 0.000000 0.025826
259.405290 488.270572 0.123405 0.000000 0.123405
118.574202 576.004543 0.133754 0.000000 0.133754
485.872434 269.424990 0.127422 0.000000 0.127422
101.466530 458.600071 0.089648 0.000000 0.089648
243.806655 560.233762 0.006335 0.000000 0.006335
674.315248 556.565020 0.096062 0.000000 0.096062
419.431780 279.235027 0.092168 0.000000 0.092168
154.731746 313.296636 0.134698 0.000000 0.134698
378.133047 58.318051 0.028851 0.000000 0.028851
67.535377 592.697203 0.066321 0.000000 0.066321
163.777532 294.863463 0.031594 0.000000 0.031594
458.838906 428.851374 0.051107 0.000000 0.051107
277.808906 491.069667 0.005472 0.000000 0.005472
668.953384 191.250837 0.033566 0.000000 0.033566
204.961336 476.138183 0.069848 0.000000 0.069848
523.594486 296.470108 0.015792 0.000000 0.015792
292.385870 282.671074 0.071928 0.000000 0.071928
519.044047 243.155495 0.062865 0.000000 0.062865
488.161628 432.954584 0.064113 0.000000 0.064113
453.530606 291.256772 0.026047 0.000000 0.026047
504.159842 18.106161 0.078007 0.000000 0.078007
402.085722 164.460599 0.136214 0.000000 0.136214
384.838297 271.128885 0.056119 0.000000 0.056119
565.556615 479.576738 0.101190 0.000000 0.101190
481.220915 267.065451 0.092598 0.000000 0.092598
737.881668 266.999004 0.152573 0.000000 0.152573
547.968199 306.680471 0.028436 0.000000 0.028436
108.277002 119.538472 0.036240 0.000000 0.036240
305.969279 410.196568 0.072409 0.000000 0.072409
254.162035 394.399643 0.020970 0.000000 0.020970
467.236899 624.004939 0.070155 0.000000 0.070155
633.037855 547.129494 0.100887 0.000000 0.100887
167.173645 305.693642 0.023610 0.000000 0.023610
24.045387 342.138670 0.102962 0.000000 0.102962
171.204324 96.633475 0.060304 0.000000 0.060304
468.642848 514.132152 0.126815 0.000000 0.126815
422.991464 418.906430 0.086897 0.000000 0.086897
168.959350 103.209891 0.082125 0.000000 0.082125
193.774000 90.524924 0.079195 0.000000 0.079195
335.108924 141.375228 0.022841 0.000000 0.022841
287.572028 500.502439 0.134535 0.000000 0.134535
701.210887 210.442884 0.057231 0.000000 0.057231
385.131434 237.573802 0.146599 0.000000 0.146599
686.078148 372.670139 0.018084 0.000000 0.018084
702.987936 624.741659 0.060411 0.000000 0.060411
71.419369 380.612386 0.064372 0.000000 0.064372
322.754347 269.133031 0.058216 0.000000 0.058216
454.825005 274.050825 0.081394 0.000000 0.081394
444.619730 520.389821 0.163155 0.000000 0.163155
626.694614 473.162934 0.102570 0.000000 0.102570
553.609267 499.452894 0.021177 0.000000 0.021177
69.407445 564.294099 0.114330 0.000000 0.114330
723.547003 58.009665 0.020426 0.000000 0.020426
327.213226 83.147142 0.010109 0.000000 0.010109
465.100958 280.765077 0.050222 0.000000 0.050222
272.795808 335.182227 0.044748 0.000000 0.044748
273.901977 254.409456 0.054674 0.000000 0.054674
699.722221 144.316527 0.041546 0.000000 0.041546
194.015204 610.525387 0.040873 0.000000 0.040873
574.112825 242.441663 0.125872 0.000000 0.125872
535.916798 190.393003 0.085410 0.000000 0.085410
385.988127 421.036216 0.025258 0.000000 0.025258
411.653726 278.280456 0.117851 0.000000 0.117851
639.202838 63.705364 0.030281 0.000000 0.030281
102.111978 445.362912 0.052096 0.000000 0.052096
343.802691 413.372760 0.068955 0.000000 0.068955
430.185720 228.681262 0.019783 0.000000 0.019783
41.505168 558.646640 0.057807 0.000000 0.057807
308.933006 240.297854 0.015373 0.000000 0.015373
324.464172 220.670567 0.098273 0.000000 0.098273
586.175455 307.069432 0.007321 0.000000 0.007321
261.662244 532.713808 0.073740 0.000000 0.073740
575.314244 492.488590 0.060577 0.000000 0.060577
42.990247 537.948484 0.069443 0.000000 0.069443
267.396904 307.556591 0.018355 0.000000 0.018355
287.205804 349.962801 0.050746 0.000000 0.050746
268.528113 11.308854 0.047932 0.000000 0.047932
282.151562 31.859797 0.037979 0.000000 0.037979
489.487144 485.266608 0.011665 0.000000 0.011665
473.573083 473.496958 0.158100 0.000000 0.158100
701.279521 340.359611 0.158193 0.000000 0.158193
329.096048 431.800815 0.157346 0.000000 0.157346
415.153987 61.556911 0.016156 0.000000 0.016156
592.776652 523.470188 0.103164 0.000000 0.103164
747.960858 291.473811 0.080075 0.000000 0.080075
236.806455 145.853100 0.067509 0.000000 0.067509
330.679447 229.942721 0.068509 0.000000 0.068509
259.828575 404.015868 0.055002 0.000000 0.055002
29.869668 600.388155 0.058817 0.000000 0.058817
277.079824 141.557277 0.026685 0.000000 0.026685
682.556102 48.827876 0.007444 0.000000 0.007444
331.846744 173.654002 0.104806 0.000000 0.104806
559.881669 239.138844 0.089621 0.000000 0.089621
138.097496 445.334827 0.069970 0.000000 0.069970
58.760982 462.272992 0.163181 0.000000 0.163181
455.558622 348.572090 0.039091 0.000000 0.039091
77.871721 411.530930 0.095049 0.000000 0.095049
239.223543 114.204284 0.052968 0.000000 0.052968
708.354306 153.785099 0.016145 0.000000 0.016145
139.573352 229.924377 0.092052 0.000000 0.092052
84.775429 522.793384 0.041677 0.000000 0.041677
697.130972 172.904234 0.034064 0.000000 0.034064
495.401566 254.073487 0.164119 0.000000 0.164119
222.469227 131.498892 0.030913 0.000000 0.030913
647.874527 352.130011 0.139400 0.000000 0.139400
251.728882 49.191051 0.050414 0.000000 0.050414
373.055071 392.019609 0.135837 0.000000 0.135837
466.282863 70.999141 0.033829 0.000000 0.033829
252.286160 125.166890 0.066462 0.000000 0.066462
636.064028 102.253514 0.091675 0.000000 0.091675
484.479260 100.854868 0.125488 0.000000 0.125488
300.429308 439.654028 0.040971 0.000000 0.040971
561.087273 443.822506 0.147376 0.000000 0.147376
125.440050 73.042219 0.056216 0.000000 0.056216
644.949110 164.971856 0.139934 0.000000 0.139934
474.603769 612.168838 0.043910 0.000000 0.043910
476.894557 606.275314 0.054327 0.000000 0.054327
644.759466 128.633451 0.015399 0.000000 0.015399
699.582364 58.076559 0.052913 0.000000 0.052913
716.464707 561.958591 0.101874 0.000000 0.101874
285.192094 387.616803 0.041951 0.000000 0.041951
660.418249 431.148944 0.147196 0.000000 0.147196
661.331762 351.563973 0.109706 0.000000 0.109706
245.528675 119.787813 0.087076 0.000000 0.087076
741.621408 384.257955 0.060302 0.000000 0.060302
356.267592 27.454820 0.082082 0.000000 0.082082
19.995296 283.385820 0.013817 0.000000 0.013817
317.687183 518.332720 0.136585 0.000000 0.136585
658.677113 383.891533 0.143829 0.000000 0.143829
473.023565 382.082868 0.078680 0.000000 0.078680
642.651907 92.956783 0.061828 0.000000 0.061828
387.074759 156.019840 0.167057 0.000000 0.167057
577.232241 140.826158 0.076126 0.000000 0.076126
260.100352 163.294268 0.059215 0.000000 0.059215
613.393628 168.060382 0.091883 0.000000 0.091883
740.619374 8.316482 0.111970 0.000000 0.111970
129.030634 82.989445 0.120320 0.000000 0.120320
237.797702 203.899627 0.108424 0.000000 0.108424
73.437817 464.659821 0.136684 0.000000 0.136684
525.882347 165.539994 0.113748 0.000000 0.113748
626.967420 136.566510 0.086184 0.000000 0.086184
561.392788 446.448398 0.023941 0.000000 0.023941
510.387379 179.041130 0.163255 0.000000 0.163255
727.289518 181.021735 0.106272 0.000000 0.106272
617.567068 152.444176 0.072407 0.000000 0.072407
620.511557 146.044881 0.073454 0.000000 0.073454
526.651800 176.009762 0.140014 0.000000 0.140014
704.221186 19.835346 0.016860 0.000000 0.016860
665.953665 118.714673 0.063523 0.000000 0.063523
686.998300 192.598772 0.040994 0.000000 0.040994
122.492714 483.863586 0.152577 0.000000 0.152577
285.702455 48.880571 0.051478 0.000000 0.051478
362.475516 106.031639 0.013595 0.000000 0.013595
220.124613 365.630324 0.034221 0.000000 0.034221
225.445147 38.727560 0.023527 0.000000 0.023527
672.323286 333.883434 0.090029 0.000000 0.090029
418.981776 580.922063 0.092656 0.000000 0.092656
687.522397 90.111975 0.058320 0.000000 0.058320
453.890811 579.525229 0.036131 0.000000 0.036131
604.203058 230.589701 0.042596 0.000000 0.042596
137.863730 597.192025 0.118917 0.000000 0.118917
599.554445 307.742436 0.099309 0.000000 0.099309
438.001194 93.785345 0.029299 0.000000 0.029299
433.036445 579.589448 0.100088 0.000000 0.100088
530.800307 467.150201 0.028536 0.000000 0.028536
422.686060 111.571599 0.021788 0.000000 0.021788
535.616384 412.677745 0.043046 0.000000 0.043046
19.623146 407.489465 0.107958 0.000000 0.107958
191.998208 357.218853 0.029614 0.000000 0.029614
