1.0
1726
90.934461 166.229917 0.012258 0.000000 0.012258
757.018451 261.980991 0.134794 0.000000 0.134794
248.989574 349.210688 0.070784 0.000000 0.070784
268.990376 48.081444 0.046550 0.000000 0.046550
259.093437 428.037317 0.018530 0.000000 0.018530
570.533223 270.598317 0.125869 0.000000 0.125869
308.874894 52.704927 0.016104 0.000000 0.016104
405.806483 270.403468 0.065964 0.000000 0.065964
614.427003 321.978604 0.143096 0.000000 0.143096
547.520168 70.337113 0.117231 0.000000 0.117231
450.922064 319.055874 0.062923 0.000000 0.062923
124.305382 460.112555 0.081585 0.000000 0.081585
576.176695 137.885212 0.039125 0.000000 0.039125
625.556562 309.612768 0.126195 0.000000 0.126195
308.049038 329.956384 0.016413 0.000000 0.016413
447.871237 99.008491 0.158919 0.000000 0.158919
316.636188 48.309678 0.086753 0.000000 0.086753
651.190435 469.627722 0.153115 0.000000 0.153115
716.722854 469.067574 0.051333 0.000000 0.051333
108.199811 151.243875 0.091656 0.000000 0.091656
506.269523 148.523714 0.086290 0.000000 0.086290
87.481178 239.807024 0.007449 0.000000 0.007449
162.597430 455.066049 0.172965 0.000000 0.172965
490.689525 411.225242 0.051444 0.000000 0.051444
40.365441 168.799724 0.075459 0.000000 0.075459
722.519882 420.806369 0.129129 0.000000 0.129129
342.037663 121.959626 0.119969 0.000000 0.119969
129.772332 88.256253 0.008879 0.000000 0.008879
393.970189 188.966401 0.169797 0.000000 0.169797
657.284591 415.286598 0.133680 0.000000 0.133680
544.402730 97.352513 0.123506 0.000000 0.123506
365.995608 258.641896 0.092756 0.000000 0.092756
697.611426 36.086017 0.024471 0.000000 0.024471
49.069135 215.393187 0.040251 0.000000 0.040251
700.623879 291.324436 0.033311 0.000000 0.033311
648.689660 490.626294 0.063506 0.000000 0.063506
594.393644 490.026935 0.097624 0.000000 0.097624
644.257789 282.847856 0.125321 0.000000 0.125321
470.103954 409.134307 0.075276 0.000000 0.075276
257.511669 348.873137 0.031657 0.000000 0.031657
359.522313 317.175476 0.130281 0.000000 0.130281
658.130606 206.491371 0.167230 0.000000 0.167230
730.747094 188.955192 0.046710 0.000000 0.046710
226.407179 356.369936 0.064239 0.000000 0.064239
445.719251 122.009775 0.095403 0.000000 0.095403
435.344702 488.700662 0.089630 0.000000 0.089630
692.349897 180.535284 0.140946 0.000000 0.140946
89.107958 348.284034 0.139149 0.000000 0.139149
423.314501 502.084843 0.110309 0.000000 0.110309
237.955015 274.381022 0.101891 0.000000 0.101891
550.702390 354.047947 0.143163 0.000000 0.143163
337.731962 450.713970 0.034493 0.000000 0.034493
680.410340 367.002669 0.164572 0.000000 0.164572
732.633474 8.333649 0.111624 0.000000 0.111624
456.634485 283.219905 0.086958 0.000000 0.086958
107.103990 37.458081 0.111577 0.000000 0.111577
218.361817 151.601943 0.013262 0.000000 0.013262
316.974140 101.690163 0.092523 0.000000 0.092523
582.871392 72.774814 0.102088 0.000000 0.102088
637.244642 186.396049 0.152692 0.000000 0.152692
100.859749 347.525056 0.095329 0.000000 0.095329
255.306336 27.454583 0.054398 0.000000 0.054398
24.377572 145.499579 0.076419 0.000000 0.076419
353.523315 500.127923 0.163176 0.000000 0.163176
110.751524 34.411925 0.031755 0.000000 0.031755
374.973253 131.813268 0.131332 0.000000 0.131332
337.195326 151.052394 0.077846 0.000000 0.077846
167.213737 329.191680 0.122336 0.000000 0.122336
387.161489 19.113640 0.114158 0.000000 0.114158
411.468449 96.643050 0.110854 0.000000 0.110854
677.419008 92.744469 0.041968 0.000000 0.041968
632.111263 117.183873 0.040374 0.000000 0.040374
349.833171 479.708928 0.029783 0.000000 0.029783
612.526314 386.357483 0.154732 0.000000 0.154732
444.668402 105.729783 0.060020 0.000000 0.060020
361.594753 380.696338 0.078467 0.000000 0.078467
683.299120 79.104867 0.105367 0.000000 0.105367
209.836015 398.630556 0.155197 0.000000 0.155197
396.177499 249.328722 0.134715 0.000000 0.134715
625.997106 114.946604 0.060824 0.000000 0.060824
434.181285 461.562030 0.064841 0.000000 0.064841
628.175299 427.061208 0.161527 0.000000 0.161527
456.611386 87.149793 0.032234 0.000000 0.032234
190.795920 134.482652 0.035111 0.000000 0.035111
307.155166 291.498690 0.149000 0.000000 0.149000
12.073523 175.755413 0.056974 0.000000 0.056974
238.060769 459.214802 0.080998 0.000000 0.080998
243.871485 324.241966 0.042665 0.000000 0.042665
261.612600 51.722133 0.012350 0.000000 0.012350
618.152727 337.020480 0.173497 0.000000 0.173497
553.418734 339.720506 0.082677 0.000000 0.082677
185.406938 129.395846 0.153601 0.000000 0.153601
729.951253 35.799437 0.115207 0.000000 0.115207
459.535323 94.233761 0.109722 0.000000 0.109722
386.390169 380.600447 0.163062 0.000000 0.163062
466.091112 46.502310 0.080371 0.000000 0.080371
353.759487 225.892652 0.034183 0.000000 0.034183
288.976765 330.379218 0.036337 0.000000 0.036337
589.601956 93.080492 0.064954 0.000000 0.064954
707.522433 263.845756 0.110143 0.000000 0.110143
101.095645 55.615766 0.040551 0.000000 0.040551
646.628843 235.592424 0.104282 0.000000 0.104282
439.258464 108.749714 0.048238 0.000000 0.048238
72.412927 280.163549 0.136159 0.000000 0.136159
731.312234 96.365465 0.051088 0.000000 0.051088
628.652266 327.494862 0.060403 0.000000 0.060403
639.517632 14.275520 0.106836 0.000000 0.106836
129.752780 186.845808 0.058845 0.000000 0.058845
105.503125 411.592535 0.091493 0.000000 0.091493
38.760177 45.984151 0.074331 0.000000 0.074331
256.199459 91.538783 0.133340 0.000000 0.133340
155.428229 242.972830 0.096793 0.000000 0.096793
266.686728 353.869969 0.047255 0.000000 0.047255
606.880056 366.834606 0.139135 0.000000 0.139135
405.473156 199.587692 0.108260 0.000000 0.108260
435.704959 198.159530 0.123019 0.000000 0.123019
670.370844 120.691549 0.012514 0.000000 0.012514
693.459164 353.736944 0.070848 0.000000 0.070848
85.760988 453.087257 0.055069 0.000000 0.055069
592.373516 233.281870 0.037470 0.000000 0.037470
400.091155 22.948735 0.034713 0.000000 0.034713
511.150402 412.492009 0.070174 0.000000 0.070174
285.415710 238.307060 0.123681 0.000000 0.123681
729.342993 378.613100 0.147998 0.000000 0.147998
68.122510 153.347609 0.037080 0.000000 0.037080
581.150911 168.771589 0.089149 0.000000 0.089149
111.851161 88.420519 0.012474 0.000000 0.012474
239.238657 339.268614 0.141975 0.000000 0.141975
127.806653 189.618968 0.020281 0.000000 0.020281
264.379985 499.678359 0.082976 0.000000 0.082976
190.779754 243.441751 0.116489 0.000000 0.116489
578.797630 233.974649 0.077559 0.000000 0.077559
364.307796 120.382840 0.095860 0.000000 0.095860
96.590453 234.609531 0.038571 0.000000 0.038571
152.696278 220.614309 0.053225 0.000000 0.053225
10.824585 29.974235 0.084176 0.000000 0.084176
375.549766 349.926311 0.114476 0.000000 0.114476
479.740628 155.000452 0.068721 0.000000 0.068721
250.069537 397.151878 0.111624 0.000000 0.111624
565.009850 36.577836 0.151832 0.000000 0.151832
128.436597 53.213661 0.060414 0.000000 0.060414
269.978039 309.248568 0.123221 0.000000 0.123221
678.037269 272.026569 0.134406 0.000000 0.134406
173.011927 496.789814 0.135864 0.000000 0.135864
623.278795 453.110297 0.149795 0.000000 0.149795
346.380082 40.495850 0.131588 0.000000 0.131588
467.756416 58.421210 0.135398 0.000000 0.135398
497.144927 134.794972 0.080989 0.000000 0.080989
589.268143 236.607283 0.011129 0.000000 0.011129
666.758589 458.543312 0.158226 0.000000 0.158226
494.182122 264.636722 0.044586 0.000000 0.044586
392.473741 92.548930 0.063476 0.000000 0.063476
317.917923 303.615873 0.142600 0.000000 0.142600
36.420099 373.505705 0.145870 0.000000 0.145870
172.368851 378.143733 0.025759 0.000000 0.025759
516.011615 239.024182 0.031852 0.000000 0.031852
306.384654 141.169591 0.113497 0.000000 0.113497
152.830851 219.726060 0.017731 0.000000 0.017731
305.796062 72.869778 0.133168 0.000000 0.133168
374.531335 396.698802 0.145327 0.000000 0.145327
390.384279 188.713611 0.025308 0.000000 0.025308
240.468367 274.678935 0.009257 0.000000 0.009257
255.143210 13.652437 0.095219 0.000000 0.095219
387.871021 157.014568 0.071798 0.000000 0.071798
287.714236 75.425589 0.033485 0.000000 0.033485
585.629507 6.992802 0.115889 0.000000 0.115889
543.801795 218.072637 0.134824 0.000000 0.134824
735.355813 355.628845 0.034842 0.000000 0.034842
615.486738 97.458083 0.026013 0.000000 0.026013
359.877940 173.602488 0.103873 0.000000 0.103873
407.784302 158.585540 0.086742 0.000000 0.086742
183.470267 300.529638 0.159026 0.000000 0.159026
439.235946 69.052176 0.133080 0.000000 0.133080
248.908107 330.128764 0.081734 0.000000 0.081734
439.922492 486.826042 0.097830 0.000000 0.097830
698.632689 77.907889 0.091629 0.000000 0.091629
23.702527 29.288736 0.061900 0.000000 0.061900
423.274022 299.040306 0.042506 0.000000 0.042506
390.513378 200.657006 0.064761 0.000000 0.064761
362.836932 413.062315 0.175009 0.000000 0.175009
112.767958 447.215171 0.137338 0.000000 0.137338
363.980130 76.532667 0.053848 0.000000 0.053848
283.289691 449.163727 0.023062 0.000000 0.023062
619.787237 67.893327 0.045843 0.000000 0.045843
204.467033 112.322188 0.084421 0.000000 0.084421
147.565684 49.664158 0.074099 0.000000 0.074099
516.106281 410.780698 0.135335 0.000000 0.135335
641.117996 310.631330 0.109063 0.000000 0.109063
748.613063 384.732866 0.028830 0.000000 0.028830
515.431983 160.713039 0.067644 0.000000 0.067644
451.989521 210.940465 0.038491 0.000000 0.038491
383.631197 262.459278 0.129360 0.000000 0.129360
514.985756 443.195342 0.110395 0.000000 0.110395
280.625180 287.138649 0.082954 0.000000 0.082954
679.770341 121.740255 0.170433 0.000000 0.170433
132.029764 260.383390 0.055776 0.000000 0.055776
187.804030 420.057593 0.136480 0.000000 0.136480
626.697874 171.371686 0.009390 0.000000 0.009390
169.348686 218.415535 0.042123 0.000000 0.042123
283.250579 289.911553 0.012051 0.000000 0.012051
308.793607 121.029548 0.027698 0.000000 0.027698
667.692321 295.120100 0.156612 0.000000 0.156612
561.839076 279.698539 0.110315 0.000000 0.110315
218.109727 340.229711 0.070926 0.000000 0.070926
482.627210 270.993274 0.120891 0.000000 0.120891
216.455051 410.991415 0.116781 0.000000 0.116781
505.095056 410.997436 0.129969 0.000000 0.129969
694.624957 451.129751 0.142270 0.000000 0.142270
449.315478 216.255079 0.114150 0.000000 0.114150
492.979190 271.369136 0.019621 0.000000 0.019621
318.576133 109.934739 0.031897 0.000000 0.031897
15.249703 228.330206 0.098798 0.000000 0.098798
477.473059 39.201819 0.151461 0.000000 0.151461
738.056997 348.550524 0.087446 0.000000 0.087446
295.286656 252.605425 0.093432 0.000000 0.093432
178.855524 166.373093 0.065865 0.000000 0.065865
462.427237 201.333586 0.065539 0.000000 0.065539
220.245205 73.550323 0.108665 0.000000 0.108665
371.450188 357.701754 0.014688 0.000000 0.014688
119.321441 370.009258 0.013906 0.000000 0.013906
150.659446 111.771462 0.086291 0.000000 0.086291
243.780060 397.439888 0.083885 0.000000 0.083885
241.834547 147.511625 0.046493 0.000000 0.046493
101.509708 375.113307 0.166704 0.000000 0.166704
166.772736 165.772517 0.061434 0.000000 0.061434
288.736618 452.819509 0.105261 0.000000 0.105261
215.363021 130.110231 0.104350 0.000000 0.104350
221.448164 409.334588 0.134081 0.000000 0.134081
539.014085 10.328521 0.154952 0.000000 0.154952
131.149814 257.342190 0.142632 0.000000 0.142632
592.819220 208.751853 0.096499 0.000000 0.096499
577.528919 167.861551 0.166076 0.000000 0.166076
228.998613 372.699002 0.158489 0.000000 0.158489
506.496124 32.210717 0.139234 0.000000 0.139234
335.018076 311.176716 0.083151 0.000000 0.083151
619.938186 158.103335 0.085204 0.000000 0.085204
454.378598 93.950891 0.088300 0.000000 0.088300
732.061777 302.765469 0.091016 0.000000 0.091016
740.891003 78.759213 0.057229 0.000000 0.057229
92.494682 347.690720 0.041538 0.000000 0.041538
50.807177 358.091047 0.152591 0.000000 0.152591
194.422405 433.215873 0.046599 0.000000 0.046599
71.730737 474.433973 0.090187 0.000000 0.090187
657.158136 131.312411 0.150782 0.000000 0.150782
388.529811 97.036908 0.014779 0.000000 0.014779
107.963202 456.556979 0.057191 0.000000 0.057191
168.864644 389.009228 0.019635 0.000000 0.019635
233.244218 280.510861 0.004496 0.000000 0.004496
477.309787 96.731143 0.155553 0.000000 0.155553
397.507122 66.394458 0.032282 0.000000 0.032282
584.846605 232.395321 0.074896 0.000000 0.074896
674.291373 297.449648 0.058750 0.000000 0.058750
91.897326 137.791997 0.064306 0.000000 0.064306
294.258173 430.496335 0.130591 0.000000 0.130591
706.302570 472.725367 0.169671 0.000000 0.169671
716.657582 410.723642 0.148071 0.000000 0.148071
347.601014 354.329533 0.087285 0.000000 0.087285
730.547063 170.891962 0.024685 0.000000 0.024685
499.053509 85.721340 0.097012 0.000000 0.097012
18.853374 258.191399 0.113469 0.000000 0.113469
393.359907 43.926540 0.125783 0.000000 0.125783
293.358581 423.788201 0.022319 0.000000 0.022319
217.402124 447.552062 0.014548 0.000000 0.014548
419.848620 294.515031 0.128500 0.000000 0.128500
223.663615 437.305811 0.027953 0.000000 0.027953
729.324711 247.138754 0.102658 0.000000 0.102658
734.954178 235.501894 0.023164 0.000000 0.023164
212.617756 342.022126 0.105727 0.000000 0.105727
259.325105 345.096229 0.160426 0.000000 0.160426
47.314154 301.432967 0.036636 0.000000 0.036636
39.742829 149.921524 0.102213 0.000000 0.102213
96.328286 348.993493 0.098766 0.000000 0.098766
282.320112 366.557934 0.075884 0.000000 0.075884
35.969674 193.854175 0.042661 0.000000 0.042661
212.194909 322.059474 0.152440 0.000000 0.152440
425.386689 200.404887 0.050976 0.000000 0.050976
463.774466 50.882011 0.024605 0.000000 0.024605
36.291209 242.265573 0.033519 0.000000 0.033519
547.677088 31.074869 0.043831 0.000000 0.043831
746.570177 383.442718 0.119067 0.000000 0.119067
563.726660 155.989047 0.035845 0.000000 0.035845
266.924822 122.874885 0.070137 0.000000 0.070137
740.048769 184.877041 0.159675 0.000000 0.159675
274.447376 318.650778 0.023670 0.000000 0.023670
479.523375 42.841214 0.066893 0.000000 0.066893
731.212312 140.459390 0.097195 0.000000 0.097195
349.330026 243.646030 0.055179 0.000000 0.055179
297.353703 180.662076 0.138209 0.000000 0.138209
680.562048 231.614109 0.076559 0.000000 0.076559
484.950489 30.150332 0.159866 0.000000 0.159866
266.881983 473.601865 0.144637 0.000000 0.144637
279.115109 444.565343 0.092541 0.000000 0.092541
652.575003 41.063212 0.055814 0.000000 0.055814
296.763767 115.933445 0.132695 0.000000 0.132695
206.496277 316.353887 0.018925 0.000000 0.018925
151.522618 342.847387 0.166147 0.000000 0.166147
484.022711 215.956428 0.119119 0.000000 0.119119
525.666698 140.394862 0.081845 0.000000 0.081845
135.233670 31.407202 0.031612 0.000000 0.031612
36.247819 246.439094 0.075900 0.000000 0.075900
533.254328 487.955580 0.133862 0.000000 0.133862
116.034954 497.831139 0.064614 0.000000 0.064614
133.411392 192.087308 0.115330 0.000000 0.115330
217.928997 369.463961 0.143640 0.000000 0.143640
263.127090 416.109639 0.040542 0.000000 0.040542
95.790715 180.915800 0.005546 0.000000 0.005546
77.276329 165.489180 0.035862 0.000000 0.035862
728.654605 449.518362 0.084299 0.000000 0.084299
215.856230 325.786837 0.064961 0.000000 0.064961
152.718502 113.975102 0.004140 0.000000 0.004140
234.801485 16.875393 0.131926 0.000000 0.131926
560.429658 485.373567 0.011798 0.000000 0.011798
566.199401 163.891817 0.173527 0.000000 0.173527
555.969267 105.922404 0.009976 0.000000 0.009976
309.192358 490.355721 0.018188 0.000000 0.018188
320.234280 445.671062 0.146946 0.000000 0.146946
91.074642 195.475579 0.018329 0.000000 0.018329
329.120852 413.896419 0.133086 0.000000 0.133086
590.608902 173.025458 0.157390 0.000000 0.157390
276.281766 319.188115 0.097582 0.000000 0.097582
636.189712 122.726198 0.106632 0.000000 0.106632
434.597004 381.604401 0.115797 0.000000 0.115797
48.631899 224.401198 0.031268 0.000000 0.031268
238.101615 86.001577 0.062501 0.000000 0.062501
74.943346 356.155373 0.146242 0.000000 0.146242
602.511266 378.509855 0.063671 0.000000 0.063671
296.329935 327.934457 0.055266 0.000000 0.055266
107.346539 261.233534 0.086438 0.000000 0.086438
538.647101 202.072738 0.121375 0.000000 0.121375
390.794411 41.035300 0.151410 0.000000 0.151410
739.662029 372.584546 0.113701 0.000000 0.113701
324.893011 282.989560 0.014978 0.000000 0.014978
280.440124 147.609915 0.056831 0.000000 0.056831
77.720287 465.115181 0.106186 0.000000 0.106186
131.909480 374.373700 0.142420 0.000000 0.142420
248.701246 208.167711 0.016578 0.000000 0.016578
604.924668 499.977176 0.076563 0.000000 0.076563
454.858012 315.250429 0.142251 0.000000 0.142251
727.493480 208.559402 0.043233 0.000000 0.043233
235.527402 426.579012 0.067933 0.000000 0.067933
527.824859 75.650500 0.123429 0.000000 0.123429
309.210207 161.151681 0.116830 0.000000 0.116830
445.107639 427.879814 0.139295 0.000000 0.139295
417.200032 385.359452 0.095913 0.000000 0.095913
319.837543 288.297356 0.109729 0.000000 0.109729
600.123798 72.599393 0.082099 0.000000 0.082099
320.372034 138.863954 0.129251 0.000000 0.129251
699.409168 271.249521 0.077493 0.000000 0.077493
160.135557 245.072947 0.170588 0.000000 0.170588
165.743212 436.214035 0.043316 0.000000 0.043316
733.847345 85.203624 0.011248 0.000000 0.011248
483.065431 67.564759 0.104276 0.000000 0.104276
635.961847 64.579558 0.051791 0.000000 0.051791
458.580187 242.576712 0.143154 0.000000 0.143154
264.343507 81.122701 0.021202 0.000000 0.021202
537.234428 214.324029 0.141211 0.000000 0.141211
32.362740 410.173077 0.064525 0.000000 0.064525
624.284474 266.691678 0.012720 0.000000 0.012720
160.764757 291.877094 0.079852 0.000000 0.079852
480.535636 325.000690 0.019867 0.000000 0.019867
382.492532 52.203693 0.094263 0.000000 0.094263
511.388090 241.867074 0.141582 0.000000 0.141582
408.665546 14.756228 0.144814 0.000000 0.144814
560.166086 12.733587 0.089203 0.000000 0.089203
129.076317 398.112237 0.106991 0.000000 0.106991
336.999757 134.302865 0.172728 0.000000 0.172728
617.128931 73.791814 0.134035 0.000000 0.134035
528.130268 267.613259 0.169922 0.000000 0.169922
381.052401 99.531369 0.103116 0.000000 0.103116
262.506582 108.087861 0.053629 0.000000 0.053629
136.470534 170.962313 0.016053 0.000000 0.016053
329.468333 375.097859 0.135193 0.000000 0.135193
370.420944 270.357701 0.119158 0.000000 0.119158
467.460740 245.669860 0.144002 0.000000 0.144002
644.899401 388.866607 0.140486 0.000000 0.140486
203.366339 163.979769 0.108200 0.000000 0.108200
286.724902 99.496509 0.065127 0.000000 0.065127
357.334286 21.183955 0.152350 0.000000 0.152350
327.839844 129.665630 0.140759 0.000000 0.140759
470.152283 319.024771 0.017742 0.000000 0.017742
649.941849 213.670107 0.010105 0.000000 0.010105
234.947003 339.212234 0.079826 0.000000 0.079826
192.427482 165.174424 0.047961 0.000000 0.047961
299.531206 44.902854 0.058782 0.000000 0.058782
505.705527 335.267593 0.019127 0.000000 0.019127
208.493687 206.317378 0.129383 0.000000 0.129383
482.142906 102.793871 0.173567 0.000000 0.173567
274.605452 230.365425 0.107995 0.000000 0.107995
157.282170 367.906608 0.104925 0.000000 0.104925
612.739399 478.322017 0.147810 0.000000 0.147810
544.406990 300.061797 0.080650 0.000000 0.080650
95.874525 500.287168 0.082834 0.000000 0.082834
34.948043 39.760355 0.006950 0.000000 0.006950
159.473115 45.955231 0.040560 0.000000 0.040560
386.588917 201.536914 0.103560 0.000000 0.103560
440.543498 157.554850 0.164399 0.000000 0.164399
540.944312 242.641331 0.010804 0.000000 0.010804
744.354693 233.313463 0.107738 0.000000 0.107738
81.959516 255.574280 0.098365 0.000000 0.098365
244.998516 118.656613 0.065705 0.000000 0.065705
443.835283 65.056020 0.124542 0.000000 0.124542
717.050123 288.118984 0.146049 0.000000 0.146049
511.592093 153.352677 0.019862 0.000000 0.019862
517.040026 183.254774 0.143017 0.000000 0.143017
406.854023 472.160931 0.009820 0.000000 0.009820
668.004692 34.324207 0.105910 0.000000 0.105910
571.928230 249.907144 0.149467 0.000000 0.149467
395.958916 448.361097 0.044965 0.000000 0.044965
441.299708 23.524197 0.065365 0.000000 0.065365
606.058788 164.415215 0.118017 0.000000 0.118017
717.506631 437.044904 0.153787 0.000000 0.153787
158.176470 294.233780 0.156339 0.000000 0.156339
344.284524 45.198870 0.155587 0.000000 0.155587
579.559094 221.436182 0.118986 0.000000 0.118986
284.425312 224.767299 0.010620 0.000000 0.010620
247.591676 50.703912 0.129951 0.000000 0.129951
716.443138 347.485208 0.070056 0.000000 0.070056
23.793612 195.322416 0.019060 0.000000 0.019060
724.225557 29.849346 0.018113 0.000000 0.018113
297.564216 206.800193 0.022780 0.000000 0.022780
680.874650 494.831032 0.130197 0.000000 0.130197
492.874987 59.659210 0.085237 0.000000 0.085237
607.442961 52.448021 0.132566 0.000000 0.132566
282.823202 430.826819 0.078968 0.000000 0.078968
304.127472 157.184835 0.164307 0.000000 0.164307
370.372713 244.068022 0.072875 0.000000 0.072875
433.899697 33.687056 0.079112 0.000000 0.079112
137.690059 444.727697 0.079778 0.000000 0.079778
501.097768 340.406280 0.006259 0.000000 0.006259
713.639462 113.586919 0.053128 0.000000 0.053128
206.103314 241.605482 0.114106 0.000000 0.114106
406.522502 477.266559 0.096651 0.000000 0.096651
290.741524 238.873800 0.068753 0.000000 0.068753
14.134765 411.151920 0.108743 0.000000 0.108743
211.415956 405.767669 0.136307 0.000000 0.136307
290.149506 401.709932 0.142730 0.000000 0.142730
420.273141 462.658115 0.171075 0.000000 0.171075
513.763303 117.449230 0.010931 0.000000 0.010931
288.751143 167.510594 0.026711 0.000000 0.026711
234.732945 251.271159 0.098424 0.000000 0.098424
311.297130 140.505100 0.062317 0.000000 0.062317
592.220170 225.915147 0.097288 0.000000 0.097288
440.523924 445.269911 0.102921 0.000000 0.102921
369.173061 118.003801 0.066796 0.000000 0.066796
382.107777 325.358904 0.089106 0.000000 0.089106
587.028689 146.103711 0.060905 0.000000 0.060905
754.365696 489.303585 0.088661 0.000000 0.088661
23.232839 406.035628 0.150587 0.000000 0.150587
152.128627 184.725588 0.019088 0.000000 0.019088
748.885795 31.518314 0.060732 0.000000 0.060732
254.383275 237.089894 0.055069 0.000000 0.055069
543.113471 109.747653 0.137025 0.000000 0.137025
569.950089 497.250522 0.083099 0.000000 0.083099
417.866272 55.244474 0.041932 0.000000 0.041932
175.566590 31.241765 0.039967 0.000000 0.039967
723.680006 17.069770 0.078115 0.000000 0.078115
614.346516 436.473476 0.052992 0.000000 0.052992
546.589610 227.599264 0.013249 0.000000 0.013249
324.137266 295.241279 0.074025 0.000000 0.074025
185.122299 147.682272 0.034665 0.000000 0.034665
215.678105 300.484835 0.108907 0.000000 0.108907
37.120709 318.850656 0.056551 0.000000 0.056551
283.090164 131.013907 0.090946 0.000000 0.090946
448.473426 360.942215 0.166385 0.000000 0.166385
708.856640 196.739976 0.097358 0.000000 0.097358
461.618919 149.250936 0.112696 0.000000 0.112696
357.683083 102.358200 0.092856 0.000000 0.092856
604.739469 160.817216 0.029741 0.000000 0.029741
406.886533 480.365803 0.018272 0.000000 0.018272
729.619320 336.004941 0.055758 0.000000 0.055758
558.006794 118.877874 0.112763 0.000000 0.112763
525.165256 264.923812 0.040472 0.000000 0.040472
750.349474 182.138776 0.096743 0.000000 0.096743
199.177851 437.772196 0.159013 0.000000 0.159013
405.364996 400.003464 0.084814 0.000000 0.084814
76.627944 375.504235 0.039245 0.000000 0.039245
532.717165 486.637885 0.047519 0.000000 0.047519
260.583241 123.641070 0.144161 0.000000 0.144161
221.921096 297.531339 0.111253 0.000000 0.111253
730.788382 107.302600 0.074239 0.000000 0.074239
530.074704 501.402228 0.107941 0.000000 0.107941
79.313264 69.467467 0.059090 0.000000 0.059090
360.884199 472.543844 0.108210 0.000000 0.108210
66.984195 346.227044 0.063609 0.000000 0.063609
567.855669 196.006487 0.042157 0.000000 0.042157
667.155092 262.385352 0.131013 0.000000 0.131013
236.031056 477.070954 0.042757 0.000000 0.042757
339.002512 308.414536 0.047240 0.000000 0.047240
679.700399 418.476309 0.097723 0.000000 0.097723
61.047883 487.284531 0.145696 0.000000 0.145696
715.381628 305.143265 0.114530 0.000000 0.114530
249.104688 335.264745 0.131950 0.000000 0.131950
162.848481 328.336308 0.110757 0.000000 0.110757
214.190730 476.976737 0.024622 0.000000 0.024622
510.764259 315.817690 0.047548 0.000000 0.047548
24.611703 293.684249 0.136648 0.000000 0.136648
683.274719 422.263874 0.119871 0.000000 0.119871
308.326374 405.310917 0.132093 0.000000 0.132093
312.458899 232.068243 0.160143 0.000000 0.160143
357.930146 448.688931 0.096998 0.000000 0.096998
526.126636 10.452562 0.082385 0.000000 0.082385
542.164066 378.255786 0.070950 0.000000 0.070950
409.226792 400.909513 0.143615 0.000000 0.143615
177.124678 401.636864 0.034957 0.000000 0.034957
224.122979 238.977492 0.107942 0.000000 0.107942
318.670792 70.203258 0.146154 0.000000 0.146154
139.529068 131.599215 0.072408 0.000000 0.072408
729.496538 203.241868 0.124200 0.000000 0.124200
587.422096 357.398479 0.073440 0.000000 0.073440
427.909579 394.395735 0.147246 0.000000 0.147246
8.903853 365.572846 0.170224 0.000000 0.170224
645.762347 152.440297 0.032246 0.000000 0.032246
417.039245 432.823308 0.111655 0.000000 0.111655
319.818120 479.575206 0.008808 0.000000 0.008808
544.251724 486.911416 0.115234 0.000000 0.115234
664.875723 276.821541 0.162521 0.000000 0.162521
447.029917 116.945002 0.138590 0.000000 0.138590
414.697306 49.791454 0.099185 0.000000 0.099185
134.926126 39.806378 0.087335 0.000000 0.087335
735.605137 290.779329 0.088116 0.000000 0.088116
653.636669 79.244578 0.116592 0.000000 0.116592
50.735657 135.792951 0.120288 0.000000 0.120288
651.756199 261.830686 0.162523 0.000000 0.162523
722.101745 359.682247 0.153298 0.000000 0.153298
271.706515 436.635861 0.011983 0.000000 0.011983
373.881076 246.170342 0.008760 0.000000 0.008760
635.550098 495.565083 0.064679 0.000000 0.064679
366.604608 268.840306 0.121104 0.000000 0.121104
531.526958 157.073216 0.114780 0.000000 0.114780
239.523844 81.159448 0.038938 0.000000 0.038938
603.499544 211.651185 0.100483 0.000000 0.100483
590.140780 67.131519 0.163919 0.000000 0.163919
345.402644 91.252374 0.068523 0.000000 0.068523
577.724402 284.551478 0.056271 0.000000 0.056271
280.850178 127.206749 0.107977 0.000000 0.107977
349.189123 293.864359 0.105105 0.000000 0.105105
270.898363 289.298265 0.035029 0.000000 0.035029
365.599170 232.419232 0.068128 0.000000 0.068128
568.116976 91.737148 0.112789 0.000000 0.112789
176.335239 190.900091 0.116824 0.000000 0.116824
388.746551 383.662926 0.170612 0.000000 0.170612
562.033024 466.666157 0.163436 0.000000 0.163436
508.740812 277.479476 0.072697 0.000000 0.072697
475.049857 340.125921 0.133265 0.000000 0.133265
730.783647 490.745491 0.030357 0.000000 0.030357
497.778286 379.871060 0.152457 0.000000 0.152457
154.153296 234.562447 0.145000 0.000000 0.145000
278.123880 470.658526 0.132380 0.000000 0.132380
727.300013 401.699847 0.106024 0.000000 0.106024
552.748647 447.679571 0.092316 0.000000 0.092316
645.370140 471.368398 0.143012 0.000000 0.143012
220.269193 232.509151 0.043137 0.000000 0.043137
637.408295 255.742968 0.067119 0.000000 0.067119
150.545804 256.151327 0.093986 0.000000 0.093986
548.779404 211.056119 0.134627 0.000000 0.134627
752.818633 137.101456 0.114266 0.000000 0.114266
361.156557 157.446570 0.039096 0.000000 0.039096
53.660816 97.762676 0.086639 0.000000 0.086639
594.876318 284.828922 0.139210 0.000000 0.139210
434.004394 467.794034 0.155415 0.000000 0.155415
31.195495 246.493710 0.011039 0.000000 0.011039
458.364413 298.720677 0.093954 0.000000 0.093954
93.125630 145.029160 0.090111 0.000000 0.090111
456.383190 256.694594 0.097612 0.000000 0.097612
146.668597 176.757600 0.090755 0.000000 0.090755
565.767650 168.556577 0.080670 0.000000 0.080670
707.840868 360.953842 0.077221 0.000000 0.077221
416.121002 30.934906 0.017463 0.000000 0.017463
624.179013 158.660425 0.111416 0.000000 0.111416
569.163620 165.392486 0.027182 0.000000 0.027182
201.712111 137.160295 0.032893 0.000000 0.032893
558.878222 284.051639 0.062219 0.000000 0.062219
82.620741 160.778663 0.151257 0.000000 0.151257
589.900992 83.640090 0.108807 0.000000 0.108807
610.364590 160.442556 0.007187 0.000000 0.007187
305.914250 73.510640 0.012056 0.000000 0.012056
304.599177 375.616265 0.056631 0.000000 0.056631
252.007408 487.533403 0.057600 0.000000 0.057600
81.377919 297.279015 0.168054 0.000000 0.168054
294.264674 184.610134 0.022279 0.000000 0.022279
671.227371 248.622525 0.050761 0.000000 0.050761
464.922777 326.211603 0.093038 0.000000 0.093038
233.669655 385.212296 0.046143 0.000000 0.046143
221.294262 422.319413 0.160695 0.000000 0.160695
113.125245 148.864036 0.159222 0.000000 0.159222
608.908156 434.746740 0.129108 0.000000 0.129108
486.447067 355.778277 0.045788 0.000000 0.045788
343.391280 95.386447 0.034517 0.000000 0.034517
167.471114 350.552263 0.015682 0.000000 0.015682
507.784344 96.852784 0.131002 0.000000 0.131002
598.554110 216.871727 0.006662 0.000000 0.006662
196.525120 72.771198 0.164241 0.000000 0.164241
544.708202 266.798381 0.040773 0.000000 0.040773
412.435920 144.606600 0.144652 0.000000 0.144652
691.596887 235.346247 0.090146 0.000000 0.090146
243.011978 155.824487 0.100441 0.000000 0.100441
218.469776 334.607194 0.029200 0.000000 0.029200
400.738339 99.490537 0.020395 0.000000 0.020395
540.083855 250.036181 0.145617 0.000000 0.145617
273.625191 446.301806 0.115090 0.000000 0.115090
328.815359 371.697652 0.066393 0.000000 0.066393
566.815935 190.457125 0.155698 0.000000 0.155698
242.636331 72.551918 0.106748 0.000000 0.106748
748.755106 69.235863 0.151408 0.000000 0.151408
162.135908 359.455519 0.169914 0.000000 0.169914
252.551307 493.219905 0.146377 0.000000 0.146377
280.016347 258.409553 0.127220 0.000000 0.127220
281.345854 486.159947 0.045846 0.000000 0.045846
204.525250 233.436495 0.160294 0.000000 0.160294
129.068752 380.745886 0.059754 0.000000 0.059754
472.883389 142.511784 0.163694 0.000000 0.163694
705.892715 224.080686 0.025160 0.000000 0.025160
715.344157 61.522612 0.037965 0.000000 0.037965
266.894705 10.822512 0.114085 0.000000 0.114085
385.067801 190.051100 0.154281 0.000000 0.154281
143.244675 155.060965 0.124782 0.000000 0.124782
599.257802 385.059986 0.134833 0.000000 0.134833
579.592928 245.647066 0.089713 0.000000 0.089713
690.264420 285.560307 0.169659 0.000000 0.169659
345.990455 176.010440 0.155770 0.000000 0.155770
693.705700 402.267768 0.127134 0.000000 0.127134
613.730972 55.978263 0.102248 0.000000 0.102248
654.720177 450.899507 0.105404 0.000000 0.105404
328.806215 199.265864 0.157881 0.000000 0.157881
57.222108 348.740919 0.022999 0.000000 0.022999
709.362220 306.548225 0.076950 0.000000 0.076950
624.089886 385.657712 0.160018 0.000000 0.160018
367.206568 194.162420 0.062229 0.000000 0.062229
517.362827 30.615260 0.129772 0.000000 0.129772
744.779122 344.773366 0.019226 0.000000 0.019226
676.692407 422.637050 0.019468 0.000000 0.019468
204.023789 236.015797 0.079669 0.000000 0.079669
568.141076 202.059385 0.124438 0.000000 0.124438
274.819912 456.949708 0.090002 0.000000 0.090002
698.450666 84.400059 0.024108 0.000000 0.024108
506.976695 57.100317 0.004552 0.000000 0.004552
499.585405 222.901923 0.093232 0.000000 0.093232
702.061565 358.763648 0.034442 0.000000 0.034442
647.323534 329.889984 0.155792 0.000000 0.155792
503.673556 46.195283 0.015015 0.000000 0.015015
280.065752 433.200330 0.138741 0.000000 0.138741
300.999264 282.448139 0.061946 0.000000 0.061946
491.834089 186.809369 0.036902 0.000000 0.036902
202.445841 457.676153 0.164676 0.000000 0.164676
233.188905 243.885071 0.027189 0.000000 0.027189
588.828528 122.430509 0.139567 0.000000 0.139567
599.593392 211.716284 0.026537 0.000000 0.026537
617.338394 20.646627 0.148094 0.000000 0.148094
637.064121 150.909106 0.060740 0.000000 0.060740
81.747285 364.389685 0.007367 0.000000 0.007367
490.987574 66.951015 0.132612 0.000000 0.132612
563.454206 470.784516 0.044011 0.000000 0.044011
159.229868 191.153624 0.044238 0.000000 0.044238
178.808840 261.252473 0.004771 0.000000 0.004771
163.630756 49.239014 0.095267 0.000000 0.095267
328.281858 371.218302 0.029143 0.000000 0.029143
358.083410 24.517016 0.050888 0.000000 0.050888
53.868523 367.664963 0.010609 0.000000 0.010609
274.060912 291.477533 0.116680 0.000000 0.116680
669.568072 429.034010 0.067153 0.000000 0.067153
438.538509 441.218386 0.147003 0.000000 0.147003
458.939387 232.927591 0.093375 0.000000 0.093375
476.781092 318.792738 0.173247 0.000000 0.173247
431.362243 202.161126 0.147924 0.000000 0.147924
148.490128 139.327411 0.014230 0.000000 0.014230
495.836052 299.732071 0.172975 0.000000 0.172975
342.569456 16.046886 0.031078 0.000000 0.031078
687.020493 447.219748 0.064889 0.000000 0.064889
592.995172 164.853991 0.142287 0.000000 0.142287
583.760486 185.093926 0.171712 0.000000 0.171712
75.964588 118.332834 0.103903 0.000000 0.103903
293.973128 200.435436 0.152991 0.000000 0.152991
515.704200 112.763217 0.042580 0.000000 0.042580
629.523618 441.752875 0.161798 0.000000 0.161798
163.879335 457.110889 0.015056 0.000000 0.015056
445.062737 284.352324 0.081623 0.000000 0.081623
547.223349 224.354046 0.093402 0.000000 0.093402
633.930815 276.931891 0.095641 0.000000 0.095641
742.732754 434.487954 0.104075 0.000000 0.104075
190.017493 153.114046 0.163514 0.000000 0.163514
267.355269 283.092605 0.171307 0.000000 0.171307
99.623921 192.583572 0.042285 0.000000 0.042285
67.319448 120.483494 0.065185 0.000000 0.065185
81.471227 43.019739 0.062374 0.000000 0.062374
371.380836 215.184957 0.083401 0.000000 0.083401
72.203756 78.137059 0.085164 0.000000 0.085164
582.975048 217.512152 0.168328 0.000000 0.168328
666.698729 254.905779 0.098660 0.000000 0.098660
580.651736 365.131352 0.109590 0.000000 0.109590
639.736041 269.770968 0.058114 0.000000 0.058114
372.756944 484.360767 0.141598 0.000000 0.141598
359.629137 216.709704 0.153510 0.000000 0.153510
383.409586 89.468796 0.157430 0.000000 0.157430
167.676552 355.370058 0.082306 0.000000 0.082306
37.309294 348.525488 0.033937 0.000000 0.033937
739.009378 49.704733 0.075380 0.000000 0.075380
690.072255 112.645884 0.097971 0.000000 0.097971
588.176070 430.704853 0.157754 0.000000 0.157754
629.403519 267.787058 0.130033 0.000000 0.130033
628.537830 206.415072 0.094042 0.000000 0.094042
673.529127 406.177079 0.089604 0.000000 0.089604
174.171650 406.618584 0.064229 0.000000 0.064229
335.775571 385.825492 0.067722 0.000000 0.067722
463.493496 305.836963 0.103028 0.000000 0.103028
695.072793 457.277529 0.111293 0.000000 0.111293
492.704065 233.353966 0.161258 0.000000 0.161258
289.254166 315.274059 0.157473 0.000000 0.157473
268.286282 86.666109 0.120260 0.000000 0.120260
703.689300 191.253686 0.085917 0.000000 0.085917
666.207676 161.134525 0.036973 0.000000 0.036973
334.143072 107.219376 0.007691 0.000000 0.007691
362.715744 409.465370 0.144494 0.000000 0.144494
237.441316 299.727670 0.040208 0.000000 0.040208
607.509686 467.116632 0.108972 0.000000 0.108972
69.676136 321.256808 0.162928 0.000000 0.162928
636.205851 256.773316 0.022502 0.000000 0.022502
574.136441 190.013926 0.025621 0.000000 0.025621
454.977581 186.535371 0.041425 0.000000 0.041425
330.156427 439.837403 0.154349 0.000000 0.154349
33.518361 289.789746 0.113266 0.000000 0.113266
242.678433 382.751236 0.093562 0.000000 0.093562
28.991735 495.815305 0.173359 0.000000 0.173359
626.636813 186.008450 0.114380 0.000000 0.114380
140.623012 162.378919 0.058016 0.000000 0.058016
375.925217 246.251105 0.166035 0.000000 0.166035
565.661891 417.381271 0.130532 0.000000 0.130532
314.866205 217.254506 0.099105 0.000000 0.099105
312.829540 129.569150 0.080378 0.000000 0.080378
217.000314 455.322949 0.128350 0.000000 0.128350
499.826682 415.166589 0.128336 0.000000 0.128336
332.620025 481.905366 0.137770 0.000000 0.137770
13.862984 151.636848 0.104236 0.000000 0.104236
569.958125 346.836442 0.171186 0.000000 0.171186
114.713617 244.111928 0.033640 0.000000 0.033640
286.837811 132.859521 0.049767 0.000000 0.049767
447.869964 335.579000 0.096332 0.000000 0.096332
711.857442 64.861429 0.077074 0.000000 0.077074
592.282537 441.579276 0.101585 0.000000 0.101585
188.388560 331.387406 0.149766 0.000000 0.149766
521.433387 116.426598 0.119003 0.000000 0.119003
436.260913 205.528462 0.013197 0.000000 0.013197
667.841277 389.302918 0.116307 0.000000 0.116307
457.383651 59.699290 0.137692 0.000000 0.137692
708.901336 446.789425 0.095252 0.000000 0.095252
383.425794 377.405765 0.041315 0.000000 0.041315
530.424642 127.119016 0.167859 0.000000 0.167859
739.570277 420.996855 0.098272 0.000000 0.098272
159.670264 16.186038 0.032072 0.000000 0.032072
578.013133 409.648656 0.025485 0.000000 0.025485
517.806828 388.629392 0.033835 0.000000 0.033835
482.910631 138.222740 0.131120 0.000000 0.131120
624.868377 423.538654 0.080359 0.000000 0.080359
548.103390 158.146981 0.105920 0.000000 0.105920
709.307769 451.527964 0.065428 0.000000 0.065428
696.139747 460.177634 0.170538 0.000000 0.170538
159.997577 256.360173 0.062989 0.000000 0.062989
642.256618 136.442842 0.030957 0.000000 0.030957
558.329400 204.146191 0.065688 0.000000 0.065688
309.745382 109.985523 0.130777 0.000000 0.130777
731.401521 107.069525 0.012944 0.000000 0.012944
660.665686 351.124716 0.111028 0.000000 0.111028
275.652696 135.069692 0.158340 0.000000 0.158340
706.370245 103.135925 0.130780 0.000000 0.130780
592.661062 52.854801 0.039680 0.000000 0.039680
260.500453 156.266727 0.132292 0.000000 0.132292
319.540420 202.252593 0.119660 0.000000 0.119660
129.944581 298.671947 0.059915 0.000000 0.059915
592.932886 127.962200 0.060813 0.000000 0.060813
599.389427 59.679839 0.145702 0.000000 0.145702
198.069976 449.022811 0.113755 0.000000 0.113755
113.565345 485.853006 0.024497 0.000000 0.024497
589.346229 183.048272 0.119398 0.000000 0.119398
658.031933 338.264548 0.147661 0.000000 0.147661
319.708470 275.554506 0.063567 0.000000 0.063567
639.640779 287.514004 0.105559 0.000000 0.105559
699.987039 63.869983 0.168245 0.000000 0.168245
464.712384 103.678508 0.078397 0.000000 0.078397
486.353216 97.340124 0.036719 0.000000 0.036719
134.485257 45.285216 0.007604 0.000000 0.007604
237.745276 444.715352 0.051215 0.000000 0.051215
540.485155 99.426418 0.093062 0.000000 0.093062
656.308466 211.296279 0.056845 0.000000 0.056845
425.469032 131.028725 0.158679 0.000000 0.158679
737.306520 167.336892 0.171599 0.000000 0.171599
499.406007 138.966070 0.146395 0.000000 0.146395
21.420694 174.801873 0.124562 0.000000 0.124562
282.798977 120.782924 0.030480 0.000000 0.030480
452.024362 283.754603 0.011212 0.000000 0.011212
304.319553 404.909357 0.154330 0.000000 0.154330
26.674737 82.892324 0.060835 0.000000 0.060835
324.093434 132.678621 0.081223 0.000000 0.081223
426.702945 384.841828 0.016819 0.000000 0.016819
67.566705 64.478276 0.075154 0.000000 0.075154
597.985353 260.554735 0.065863 0.000000 0.065863
518.175506 466.622420 0.119846 0.000000 0.119846
446.518545 168.177827 0.127682 0.000000 0.127682
421.162964 434.993902 0.065143 0.000000 0.065143
590.878034 155.652993 0.086966 0.000000 0.086966
305.333554 382.175909 0.062553 0.000000 0.062553
187.793286 52.602997 0.019147 0.000000 0.019147
144.832213 181.941928 0.084700 0.000000 0.084700
342.014229 114.026772 0.052095 0.000000 0.052095
143.816129 205.017248 0.112587 0.000000 0.112587
485.797327 203.633262 0.005156 0.000000 0.005156
662.985976 242.157859 0.064212 0.000000 0.064212
602.495476 369.201758 0.050915 0.000000 0.050915
754.441140 297.928677 0.141031 0.000000 0.141031
401.501240 391.490027 0.119175 0.000000 0.119175
211.030403 307.511569 0.044832 0.000000 0.044832
746.054401 335.043125 0.117210 0.000000 0.117210
206.282896 152.358653 0.115857 0.000000 0.115857
185.988729 17.113906 0.086845 0.000000 0.086845
164.840793 81.492192 0.104157 0.000000 0.104157
34.952640 436.307367 0.082093 0.000000 0.082093
568.086993 52.467723 0.155191 0.000000 0.155191
719.515209 433.050586 0.131893 0.000000 0.131893
563.151101 198.269228 0.109327 0.000000 0.109327
573.045220 500.570537 0.162373 0.000000 0.162373
482.530728 435.265866 0.114224 0.000000 0.114224
370.733258 224.476613 0.006754 0.000000 0.006754
479.202746 466.232685 0.167060 0.000000 0.167060
302.181441 182.048484 0.094603 0.000000 0.094603
408.430617 148.350550 0.083778 0.000000 0.083778
650.317056 55.285958 0.085965 0.000000 0.085965
399.884250 378.708583 0.058941 0.000000 0.058941
690.837823 58.940316 0.035907 0.000000 0.035907
605.400288 153.647345 0.104269 0.000000 0.104269
498.968705 198.962030 0.148475 0.000000 0.148475
325.904082 454.786159 0.117161 0.000000 0.117161
539.303291 464.092045 0.134289 0.000000 0.134289
290.887192 367.458457 0.076299 0.000000 0.076299
36.914713 440.674099 0.018840 0.000000 0.018840
495.538067 199.685873 0.009538 0.000000 0.009538
209.017725 140.481750 0.167873 0.000000 0.167873
136.737838 307.500194 0.074117 0.000000 0.074117
611.223038 490.558920 0.128221 0.000000 0.128221
354.646455 287.693893 0.082807 0.000000 0.082807
672.283820 305.198801 0.067130 0.000000 0.067130
478.541573 183.894490 0.068856 0.000000 0.068856
311.385842 307.635459 0.097853 0.000000 0.097853
412.586170 15.653111 0.128054 0.000000 0.128054
755.450923 466.899356 0.077573 0.000000 0.077573
327.913108 278.784211 0.095777 0.000000 0.095777
44.565796 70.492100 0.074829 0.000000 0.074829
407.913042 65.461599 0.018877 0.000000 0.018877
442.776391 194.383863 0.119898 0.000000 0.119898
170.692255 140.936356 0.126295 0.000000 0.126295
244.875228 56.428201 0.042125 0.000000 0.042125
373.045920 236.909534 0.044526 0.000000 0.044526
518.405073 383.761282 0.124839 0.000000 0.124839
345.740182 104.624831 0.105722 0.000000 0.105722
740.838517 256.844318 0.083886 0.000000 0.083886
163.538603 474.048741 0.119546 0.000000 0.119546
738.926898 163.329980 0.036391 0.000000 0.036391
556.605454 363.851710 0.102308 0.000000 0.102308
118.589840 256.584419 0.018495 0.000000 0.018495
372.789890 299.230436 0.117067 0.000000 0.117067
235.818949 440.016870 0.009186 0.000000 0.009186
607.112870 103.452792 0.146615 0.000000 0.146615
514.320009 313.247873 0.105040 0.000000 0.105040
158.448125 351.171079 0.035455 0.000000 0.035455
369.861014 474.580096 0.047730 0.000000 0.047730
203.297051 387.729556 0.155074 0.000000 0.155074
333.330427 173.693276 0.136183 0.000000 0.136183
330.250866 487.185446 0.112521 0.000000 0.112521
255.836044 366.021799 0.121152 0.000000 0.121152
563.866109 89.930243 0.102446 0.000000 0.102446
360.604361 92.396651 0.020284 0.000000 0.020284
301.540534 128.351595 0.149012 0.000000 0.149012
630.146417 296.028437 0.158383 0.000000 0.158383
20.568534 272.133272 0.086720 0.000000 0.086720
129.331967 152.159694 0.064173 0.000000 0.064173
285.144835 269.116191 0.004527 0.000000 0.004527
708.318352 427.744516 0.133439 0.000000 0.133439
708.063984 81.822087 0.160106 0.000000 0.160106
204.225434 412.754354 0.033230 0.000000 0.033230
691.143276 117.249946 0.060358 0.000000 0.060358
202.102884 418.153592 0.111963 0.000000 0.111963
232.748199 117.425347 0.113587 0.000000 0.113587
234.043946 271.355167 0.175288 0.000000 0.175288
617.706418 469.463717 0.161364 0.000000 0.161364
396.921362 379.803565 0.028150 0.000000 0.028150
161.412497 107.832402 0.050209 0.000000 0.050209
419.098475 106.253436 0.019401 0.000000 0.019401
19.118065 304.889716 0.061548 0.000000 0.061548
350.956140 160.192261 0.079187 0.000000 0.079187
714.504110 358.352676 0.019191 0.000000 0.019191
664.180114 415.576330 0.049806 0.000000 0.049806
210.359985 188.754402 0.037737 0.000000 0.037737
392.125039 315.705367 0.121621 0.000000 0.121621
9.067434 323.499284 0.111410 0.000000 0.111410
547.617083 206.600518 0.012417 0.000000 0.012417
127.615090 250.734774 0.155194 0.000000 0.155194
375.980007 449.163365 0.123927 0.000000 0.123927
386.221824 283.154489 0.080152 0.000000 0.080152
504.357947 109.314171 0.075038 0.000000 0.075038
373.452793 197.821223 0.109296 0.000000 0.109296
310.582713 249.394229 0.094316 0.000000 0.094316
296.629889 401.167478 0.155283 0.000000 0.155283
494.123676 404.406509 0.025984 0.000000 0.025984
163.046183 473.730263 0.014182 0.000000 0.014182
582.395317 78.398284 0.063537 0.000000 0.063537
269.063033 434.306672 0.085413 0.000000 0.085413
43.268505 281.105042 0.046608 0.000000 0.046608
371.955647 33.981375 0.091337 0.000000 0.091337
41.853159 90.489178 0.069505 0.000000 0.069505
379.235798 162.935582 0.136200 0.000000 0.136200
253.062230 391.926760 0.019182 0.000000 0.019182
278.572979 140.908179 0.020535 0.000000 0.020535
150.886042 472.426443 0.053722 0.000000 0.053722
283.400583 182.456853 0.086660 0.000000 0.086660
424.079623 44.884589 0.032542 0.000000 0.032542
603.677577 116.425557 0.083345 0.000000 0.083345
183.730160 288.597169 0.133014 0.000000 0.133014
505.349274 69.690105 0.013790 0.000000 0.013790
671.895131 411.133984 0.107943 0.000000 0.107943
198.614031 388.358996 0.038894 0.000000 0.038894
755.641753 280.246391 0.153675 0.000000 0.153675
356.388638 306.318257 0.154794 0.000000 0.154794
744.364308 419.647843 0.154096 0.000000 0.154096
646.677991 74.760202 0.033263 0.000000 0.033263
47.774915 22.865956 0.047036 0.000000 0.047036
384.644919 361.390128 0.101949 0.000000 0.101949
540.667309 331.766762 0.150444 0.000000 0.150444
77.161394 284.779294 0.006491 0.000000 0.006491
539.499243 125.146932 0.064761 0.000000 0.064761
459.444553 226.727953 0.046346 0.000000 0.046346
114.755564 199.988609 0.019920 0.000000 0.019920
440.160134 160.247501 0.058884 0.000000 0.058884
655.223589 67.186039 0.114371 0.000000 0.114371
90.916572 394.413162 0.120912 0.000000 0.120912
374.513760 443.045758 0.071487 0.000000 0.071487
225.503378 481.703541 0.112491 0.000000 0.112491
319.485054 311.120911 0.134136 0.000000 0.134136
507.176881 341.275085 0.070443 0.000000 0.070443
720.766341 108.358700 0.035242 0.000000 0.035242
607.651092 480.230360 0.053799 0.000000 0.053799
336.034186 332.944181 0.071761 0.000000 0.071761
128.952955 347.755721 0.137746 0.000000 0.137746
371.990430 56.373676 0.099095 0.000000 0.099095
125.178104 75.416405 0.030186 0.000000 0.030186
634.661986 50.484829 0.060992 0.000000 0.060992
373.716195 66.288575 0.099802 0.000000 0.099802
552.338747 414.435666 0.047266 0.000000 0.047266
212.269527 233.056786 0.082058 0.000000 0.082058
730.765984 147.372153 0.101832 0.000000 0.101832
196.808037 354.718093 0.086457 0.000000 0.086457
687.296182 190.567572 0.013643 0.000000 0.013643
640.317906 279.520991 0.022877 0.000000 0.022877
414.416902 161.508640 0.160995 0.000000 0.160995
719.546354 206.059618 0.125245 0.000000 0.125245
753.282357 475.921662 0.164453 0.000000 0.164453
617.893223 379.357520 0.016205 0.000000 0.016205
245.132378 36.494746 0.054960 0.000000 0.054960
145.101848 425.267238 0.055073 0.000000 0.055073
34.851674 117.771974 0.111402 0.000000 0.111402
706.713527 65.581955 0.077048 0.000000 0.077048
17.257488 213.450313 0.155683 0.000000 0.155683
23.812680 208.405093 0.041915 0.000000 0.041915
633.839260 376.931178 0.140505 0.000000 0.140505
33.916535 362.075704 0.078127 0.000000 0.078127
217.530010 178.611142 0.109443 0.000000 0.109443
291.481449 347.331218 0.036785 0.000000 0.036785
394.078339 135.918961 0.028435 0.000000 0.028435
351.444262 285.746710 0.037065 0.000000 0.037065
430.846841 253.440341 0.084426 0.000000 0.084426
677.493844 240.100235 0.028832 0.000000 0.028832
175.433375 294.015277 0.167586 0.000000 0.167586
71.289723 67.935738 0.041834 0.000000 0.041834
203.939527 405.516128 0.005966 0.000000 0.005966
690.034901 93.269413 0.088076 0.000000 0.088076
468.053552 441.534640 0.020977 0.000000 0.020977
51.292911 105.082826 0.018923 0.000000 0.018923
537.536164 115.388907 0.101278 0.000000 0.101278
419.813427 467.834492 0.014590 0.000000 0.014590
416.156935 339.303762 0.090644 0.000000 0.090644
749.700233 115.225101 0.146164 0.000000 0.146164
337.440884 489.706547 0.161108 0.000000 0.161108
339.457913 77.558547 0.049122 0.000000 0.049122
637.366898 263.113040 0.071983 0.000000 0.071983
592.097984 43.989889 0.020363 0.000000 0.020363
224.830945 378.803823 0.054221 0.000000 0.054221
285.085069 13.793312 0.103777 0.000000 0.103777
648.068279 134.814319 0.077397 0.000000 0.077397
28.591049 392.114412 0.095340 0.000000 0.095340
425.346723 275.221463 0.141962 0.000000 0.141962
302.968136 500.501407 0.127425 0.000000 0.127425
71.364174 141.409626 0.085944 0.000000 0.085944
34.602206 284.200059 0.129339 0.000000 0.129339
83.147774 470.453667 0.104318 0.000000 0.104318
349.413627 303.873957 0.050913 0.000000 0.050913
713.831533 448.148517 0.127587 0.000000 0.127587
239.652250 140.193377 0.053712 0.000000 0.053712
211.619762 223.432103 0.072407 0.000000 0.072407
710.453972 485.664004 0.133035 0.000000 0.133035
546.745179 415.528859 0.100714 0.000000 0.100714
403.302505 130.815017 0.009951 0.000000 0.009951
697.052033 89.419944 0.127857 0.000000 0.127857
612.805194 137.588884 0.041831 0.000000 0.041831
712.177806 143.716399 0.023333 0.000000 0.023333
10.463440 331.267129 0.127316 0.000000 0.127316
270.992745 293.623828 0.150061 0.000000 0.150061
292.747949 300.803938 0.076350 0.000000 0.076350
478.007637 125.894347 0.068838 0.000000 0.068838
606.948015 126.558987 0.058229 0.000000 0.058229
687.293027 167.488474 0.040448 0.000000 0.040448
210.325956 279.537599 0.165863 0.000000 0.165863
430.140252 239.425457 0.114435 0.000000 0.114435
162.113313 305.148079 0.154805 0.000000 0.154805
369.989879 171.371220 0.032374 0.000000 0.032374
752.743207 214.435839 0.063592 0.000000 0.063592
698.211631 203.183305 0.144278 0.000000 0.144278
463.234814 291.726480 0.067209 0.000000 0.067209
387.425802 221.550441 0.061532 0.000000 0.061532
85.513327 490.430050 0.099291 0.000000 0.099291
288.710899 91.637216 0.026040 0.000000 0.026040
34.412446 404.114804 0.056659 0.000000 0.056659
222.725562 102.241609 0.009327 0.000000 0.009327
369.768869 154.632857 0.045394 0.000000 0.045394
460.919825 332.338858 0.078434 0.000000 0.078434
655.209313 108.814698 0.116387 0.000000 0.116387
107.380722 483.218612 0.042684 0.000000 0.042684
578.625290 52.223461 0.102209 0.000000 0.102209
139.053279 201.617156 0.029880 0.000000 0.029880
38.217109 229.703383 0.078848 0.000000 0.078848
308.634216 304.702138 0.018806 0.000000 0.018806
132.269590 462.752419 0.093952 0.000000 0.093952
287.473802 85.673500 0.096496 0.000000 0.096496
144.300745 379.613267 0.007203 0.000000 0.007203
295.450225 116.621006 0.009302 0.000000 0.009302
528.547625 470.298335 0.092105 0.000000 0.092105
542.190593 158.019794 0.110308 0.000000 0.110308
640.381952 249.936007 0.160343 0.000000 0.160343
470.070212 361.041856 0.070521 0.000000 0.070521
396.748776 136.583126 0.075917 0.000000 0.075917
512.100544 207.765563 0.011116 0.000000 0.011116
336.592843 274.260407 0.014088 0.000000 0.014088
652.726328 303.565646 0.066981 0.000000 0.066981
686.731491 287.399122 0.007120 0.000000 0.007120
743.872195 412.959602 0.131008 0.000000 0.131008
276.587415 172.909598 0.145913 0.000000 0.145913
300.467596 387.320209 0.122895 0.000000 0.122895
487.551392 169.691891 0.144175 0.000000 0.144175
173.705537 396.659536 0.090952 0.000000 0.090952
128.950380 138.019872 0.039907 0.000000 0.039907
381.721110 40.664514 0.015362 0.000000 0.015362
287.080227 489.096860 0.055578 0.000000 0.055578
499.193500 66.660452 0.120577 0.000000 0.120577
281.839603 401.092694 0.021913 0.000000 0.021913
331.965733 64.574410 0.060205 0.000000 0.060205
481.095451 362.256417 0.056524 0.000000 0.056524
525.410528 160.177490 0.172291 0.000000 0.172291
641.597020 465.601802 0.169784 0.000000 0.169784
289.599846 419.677955 0.094711 0.000000 0.094711
225.245119 418.644406 0.140300 0.000000 0.140300
632.621368 220.039914 0.004009 0.000000 0.004009
301.261631 468.592303 0.096666 0.000000 0.096666
492.821797 375.259669 0.125486 0.000000 0.125486
232.441173 26.127926 0.031269 0.000000 0.031269
231.460151 470.324237 0.116229 0.000000 0.116229
530.989783 368.703929 0.129823 0.000000 0.129823
233.778447 446.561002 0.085824 0.000000 0.085824
73.700392 149.749681 0.139513 0.000000 0.139513
400.862244 180.333093 0.096440 0.000000 0.096440
552.844652 441.617895 0.108450 0.000000 0.108450
195.810681 74.619402 0.004942 0.000000 0.004942
561.622149 367.688917 0.104949 0.000000 0.104949
192.889876 30.700640 0.163174 0.000000 0.163174
517.975623 374.694512 0.144243 0.000000 0.144243
544.146440 138.902297 0.173144 0.000000 0.173144
615.569089 143.404256 0.076132 0.000000 0.076132
452.441472 108.111588 0.092848 0.000000 0.092848
716.810363 136.638134 0.082055 0.000000 0.082055
512.619898 95.283796 0.005043 0.000000 0.005043
351.032787 410.355936 0.088247 0.000000 0.088247
648.873250 416.167276 0.163803 0.000000 0.163803
72.270081 444.294955 0.131541 0.000000 0.131541
316.159368 115.803343 0.080025 0.000000 0.080025
198.668833 229.321252 0.079034 0.000000 0.079034
410.431782 453.406127 0.112187 0.000000 0.112187
104.383251 363.326436 0.166248 0.000000 0.166248
738.614535 117.890211 0.048617 0.000000 0.048617
32.856629 397.266918 0.112569 0.000000 0.112569
259.279848 71.024463 0.039162 0.000000 0.039162
108.417135 202.829273 0.005849 0.000000 0.005849
180.287774 354.769902 0.079537 0.000000 0.079537
636.494855 141.345027 0.010089 0.000000 0.010089
623.129194 415.390864 0.098858 0.000000 0.098858
285.098271 300.496262 0.164295 0.000000 0.164295
345.483317 212.868651 0.096382 0.000000 0.096382
249.261656 231.422835 0.067929 0.000000 0.067929
451.897098 147.993899 0.169507 0.000000 0.169507
465.092580 369.129904 0.029109 0.000000 0.029109
505.702265 393.382474 0.114210 0.000000 0.114210
609.563517 401.638758 0.161177 0.000000 0.161177
44.856188 410.987040 0.126507 0.000000 0.126507
511.551378 262.072437 0.110933 0.000000 0.110933
166.717796 193.918015 0.048214 0.000000 0.048214
219.797735 361.104865 0.030284 0.000000 0.030284
475.445411 233.605178 0.150846 0.000000 0.150846
207.792291 195.586169 0.006857 0.000000 0.006857
719.183865 283.994352 0.141654 0.000000 0.141654
325.370753 187.767321 0.161340 0.000000 0.161340
457.136183 178.615618 0.066365 0.000000 0.066365
19.032081 467.173313 0.066888 0.000000 0.066888
670.370977 126.551632 0.153833 0.000000 0.153833
96.186297 407.812408 0.104572 0.000000 0.104572
221.448185 443.714725 0.091922 0.000000 0.091922
155.653153 261.507095 0.027417 0.000000 0.027417
380.663534 461.530085 0.143878 0.000000 0.143878
125.687650 337.045044 0.123469 0.000000 0.123469
291.822607 211.491806 0.079161 0.000000 0.079161
593.726966 188.558625 0.052231 0.000000 0.052231
567.035391 451.292242 0.144924 0.000000 0.144924
442.652849 229.860719 0.030154 0.000000 0.030154
278.960643 54.945525 0.169929 0.000000 0.169929
698.494385 481.600146 0.108682 0.000000 0.108682
189.197976 351.426940 0.059224 0.000000 0.059224
358.426677 353.140880 0.035548 0.000000 0.035548
399.316616 89.777931 0.011379 0.000000 0.011379
164.327219 111.513307 0.075130 0.000000 0.075130
462.042281 375.968369 0.038688 0.000000 0.038688
446.572837 323.868030 0.115452 0.000000 0.115452
195.491687 467.190412 0.026763 0.000000 0.026763
332.507176 146.737146 0.095485 0.000000 0.095485
122.871294 490.597000 0.031475 0.000000 0.031475
669.461763 218.102000 0.148676 0.000000 0.148676
613.078172 271.292833 0.014962 0.000000 0.014962
66.145937 255.335066 0.084827 0.000000 0.084827
194.354795 129.859295 0.159858 0.000000 0.159858
512.534742 385.198500 0.149186 0.000000 0.149186
654.352882 94.436244 0.119298 0.000000 0.119298
727.173821 287.870142 0.032575 0.000000 0.032575
376.659262 169.649769 0.047797 0.000000 0.047797
631.101360 55.810565 0.032725 0.000000 0.032725
474.196543 390.530395 0.047455 0.000000 0.047455
177.559653 269.083777 0.150296 0.000000 0.150296
201.323396 62.705204 0.139702 0.000000 0.139702
527.597634 337.224470 0.160481 0.000000 0.160481
552.999219 262.094903 0.023413 0.000000 0.023413
463.350627 218.397985 0.086950 0.000000 0.086950
112.695355 22.385422 0.145094 0.000000 0.145094
421.434193 340.833337 0.087119 0.000000 0.087119
231.488035 26.654942 0.133115 0.000000 0.133115
162.982835 380.785458 0.168067 0.000000 0.168067
89.248744 317.210598 0.061110 0.000000 0.061110
751.132432 125.556960 0.054723 0.000000 0.054723
64.311619 453.810110 0.091595 0.000000 0.091595
370.358731 221.493712 0.081705 0.000000 0.081705
570.141657 97.555464 0.160034 0.000000 0.160034
711.710797 96.755181 0.092774 0.000000 0.092774
363.809454 183.101246 0.170596 0.000000 0.170596
229.319417 147.993905 0.112941 0.000000 0.112941
460.067130 28.414862 0.077818 0.000000 0.077818
432.182439 232.355650 0.105538 0.000000 0.105538
561.622592 381.691334 0.056371 0.000000 0.056371
409.598013 87.180499 0.030038 0.000000 0.030038
124.088116 430.051088 0.029696 0.000000 0.029696
468.011325 452.828186 0.025571 0.000000 0.025571
445.142026 298.054479 0.033700 0.000000 0.033700
724.306501 221.741470 0.048705 0.000000 0.048705
87.386198 446.070574 0.113785 0.000000 0.113785
593.277653 15.508322 0.045308 0.000000 0.045308
524.110329 182.091828 0.088766 0.000000 0.088766
699.729924 364.145569 0.009904 0.000000 0.009904
541.691181 440.671892 0.153982 0.000000 0.153982
270.008470 204.861100 0.105265 0.000000 0.105265
7.596732 297.203956 0.101786 0.000000 0.101786
220.436951 357.410951 0.135935 0.000000 0.135935
575.517883 216.258371 0.037078 0.000000 0.037078
545.030552 371.713583 0.149753 0.000000 0.149753
572.447286 106.628219 0.059602 0.000000 0.059602
553.013117 372.231261 0.147413 0.000000 0.147413
537.247364 264.892486 0.160541 0.000000 0.160541
431.645909 27.118332 0.115798 0.000000 0.115798
597.659383 123.599660 0.027614 0.000000 0.027614
324.726205 415.412770 0.073869 0.000000 0.073869
352.091506 37.666062 0.047303 0.000000 0.047303
476.568305 364.360048 0.087143 0.000000 0.087143
660.889633 256.906742 0.084345 0.000000 0.084345
378.303922 74.209630 0.052546 0.000000 0.052546
470.811211 453.223148 0.103127 0.000000 0.103127
156.156732 177.756324 0.126670 0.000000 0.126670
287.243735 389.118370 0.130553 0.000000 0.130553
445.766157 175.234772 0.039742 0.000000 0.039742
712.622267 87.283313 0.081524 0.000000 0.081524
385.761934 247.488963 0.111598 0.000000 0.111598
123.585995 103.566557 0.051548 0.000000 0.051548
345.516821 49.069385 0.004662 0.000000 0.004662
673.490579 30.470543 0.014006 0.000000 0.014006
51.732296 459.297590 0.028191 0.000000 0.028191
311.876513 409.026168 0.107590 0.000000 0.107590
131.301062 60.998473 0.123379 0.000000 0.123379
460.642777 159.824469 0.070911 0.000000 0.070911
620.193187 28.559698 0.096558 0.000000 0.096558
538.674094 171.269923 0.023136 0.000000 0.023136
66.173248 38.574571 0.045652 0.000000 0.045652
658.211125 73.139113 0.108367 0.000000 0.108367
491.453008 45.709010 0.152775 0.000000 0.152775
334.297620 139.621098 0.037041 0.000000 0.037041
310.389524 87.873030 0.051792 0.000000 0.051792
309.028070 421.578819 0.126487 0.000000 0.126487
416.378728 170.081029 0.072303 0.000000 0.072303
506.791966 476.019845 0.093454 0.000000 0.093454
163.301024 397.348411 0.125550 0.000000 0.125550
335.268043 42.403927 0.008517 0.000000 0.008517
563.976052 248.761753 0.159065 0.000000 0.159065
336.376501 471.038601 0.150536 0.000000 0.150536
646.876539 27.100249 0.005491 0.000000 0.005491
576.089080 354.668047 0.114298 0.000000 0.114298
287.470806 306.975186 0.020471 0.000000 0.020471
230.058383 202.148762 0.045915 0.000000 0.045915
23.212438 460.917797 0.039410 0.000000 0.039410
396.687152 420.397622 0.107101 0.000000 0.107101
294.169544 192.721698 0.133491 0.000000 0.133491
646.528616 462.820499 0.098765 0.000000 0.098765
695.705108 275.579364 0.162581 0.000000 0.162581
232.335841 226.613481 0.053875 0.000000 0.053875
166.846345 23.191428 0.048690 0.000000 0.048690
540.380949 456.512349 0.129421 0.000000 0.129421
474.943085 66.068875 0.157197 0.000000 0.157197
33.672755 355.216957 0.019324 0.000000 0.019324
498.166744 503.499068 0.175579 0.000000 0.175579
395.437849 391.363213 0.061367 0.000000 0.061367
274.388502 393.770156 0.093206 0.000000 0.093206
623.054327 262.946288 0.126899 0.000000 0.126899
185.734135 496.286168 0.091982 0.000000 0.091982
355.726060 373.969590 0.119271 0.000000 0.119271
219.237028 386.950976 0.043807 0.000000 0.043807
650.523809 190.699294 0.119951 0.000000 0.119951
431.789319 189.374863 0.128744 0.000000 0.128744
504.211149 299.610382 0.132119 0.000000 0.132119
472.499272 136.561320 0.126859 0.000000 0.126859
79.316158 35.743941 0.053563 0.000000 0.053563
531.890717 178.821075 0.068106 0.000000 0.068106
400.198262 466.662378 0.130521 0.000000 0.130521
125.309451 289.416667 0.078942 0.000000 0.078942
151.541105 499.591384 0.072507 0.000000 0.072507
203.427395 381.291048 0.016269 0.000000 0.016269
494.580981 497.197698 0.060165 0.000000 0.060165
254.182324 416.414109 0.144821 0.000000 0.144821
646.823492 76.203002 0.008360 0.000000 0.008360
687.681448 433.292080 0.142523 0.000000 0.142523
471.609507 333.717583 0.158589 0.000000 0.158589
694.658029 445.397270 0.140300 0.000000 0.140300
526.843059 53.426093 0.043710 0.000000 0.043710
90.174518 397.210223 0.009234 0.000000 0.009234
429.353665 46.059192 0.110032 0.000000 0.110032
396.008434 402.777149 0.067089 0.000000 0.067089
89.453698 315.387822 0.028969 0.000000 0.028969
225.881734 232.381044 0.170681 0.000000 0.170681
584.246607 403.622177 0.012599 0.000000 0.012599
213.681413 347.727127 0.007128 0.000000 0.007128
400.218282 322.998711 0.059510 0.000000 0.059510
322.058807 353.094671 0.137118 0.000000 0.137118
409.562087 247.502710 0.040122 0.000000 0.040122
498.798168 109.704585 0.068020 0.000000 0.068020
179.275515 420.931691 0.131699 0.000000 0.131699
315.310130 287.468682 0.134736 0.000000 0.134736
751.953553 451.583911 0.075802 0.000000 0.075802
583.254909 180.015769 0.045125 0.000000 0.045125
506.134078 134.703222 0.116996 0.000000 0.116996
530.300646 313.650970 0.078203 0.000000 0.078203
733.608193 465.116523 0.044507 0.000000 0.044507
657.454079 279.112247 0.124173 0.000000 0.124173
225.609720 95.939072 0.071669 0.000000 0.071669
314.915597 222.071092 0.153289 0.000000 0.153289
679.256085 407.799175 0.098372 0.000000 0.098372
111.860851 381.847656 0.139661 0.000000 0.139661
738.931290 171.630623 0.113529 0.000000 0.113529
485.485171 147.466753 0.099517 0.000000 0.099517
447.638415 345.692743 0.101581 0.000000 0.101581
213.158061 274.322099 0.023341 0.000000 0.023341
392.951903 437.930562 0.032800 0.000000 0.032800
752.965720 419.997115 0.123182 0.000000 0.123182
194.124730 456.177174 0.076432 0.000000 0.076432
543.690990 457.695985 0.041127 0.000000 0.041127
116.787983 197.719143 0.096057 0.000000 0.096057
637.296694 195.313670 0.009263 0.000000 0.009263
755.114556 105.643501 0.102243 0.000000 0.102243
447.882426 199.411560 0.079755 0.000000 0.079755
745.318154 439.436609 0.114229 0.000000 0.114229
79.276735 187.919374 0.071755 0.000000 0.071755
246.586585 296.154417 0.032257 0.000000 0.032257
687.017141 463.732407 0.109381 0.000000 0.109381
683.810026 452.807395 0.172086 0.000000 0.172086
25.607488 130.202001 0.064953 0.000000 0.064953
333.419281 264.018281 0.037458 0.000000 0.037458
48.147196 127.532975 0.073877 0.000000 0.073877
43.042877 199.780964 0.036091 0.000000 0.036091
244.776497 126.356917 0.120796 0.000000 0.120796
311.946866 77.751992 0.036505 0.000000 0.036505
318.763370 461.746259 0.025630 0.000000 0.025630
510.424876 181.089302 0.035759 0.000000 0.035759
377.483733 203.048893 0.093807 0.000000 0.093807
338.145467 399.725065 0.041620 0.000000 0.041620
518.014316 93.738852 0.029701 0.000000 0.029701
747.541638 200.426291 0.052831 0.000000 0.052831
151.604948 279.062436 0.019719 0.000000 0.019719
113.786893 16.026921 0.034598 0.000000 0.034598
677.929930 41.888767 0.062390 0.000000 0.062390
426.503317 211.083414 0.059219 0.000000 0.059219
329.426208 114.747212 0.044813 0.000000 0.044813
518.058484 396.204466 0.150437 0.000000 0.150437
40.283071 422.392850 0.097017 0.000000 0.097017
347.296669 195.446009 0.152511 0.000000 0.152511
688.184183 388.842566 0.093532 0.000000 0.093532
630.791500 140.162483 0.057098 0.000000 0.057098
201.364673 340.651346 0.078994 0.000000 0.078994
483.863497 447.381319 0.022267 0.000000 0.022267
363.144021 399.016433 0.101688 0.000000 0.101688
592.346025 437.470036 0.124298 0.000000 0.124298
485.629785 134.085398 0.085539 0.000000 0.085539
21.312464 498.078524 0.124152 0.000000 0.124152
55.583586 267.348652 0.024572 0.000000 0.024572
584.257200 126.856289 0.171425 0.000000 0.171425
212.896923 276.113223 0.151104 0.000000 0.151104
404.185074 33.782756 0.132334 0.000000 0.132334
304.325674 274.204718 0.103503 0.000000 0.103503
479.559703 83.037673 0.006304 0.000000 0.006304
338.684050 308.479110 0.007249 0.000000 0.007249
217.785364 206.070806 0.009369 0.000000 0.009369
742.970340 313.580715 0.038560 0.000000 0.038560
466.016812 346.454706 0.147757 0.000000 0.147757
591.018964 381.750560 0.164790 0.000000 0.164790
571.530036 340.656319 0.044373 0.000000 0.044373
269.974305 265.739646 0.045868 0.000000 0.045868
473.539925 474.612328 0.099303 0.000000 0.099303
185.743056 39.774973 0.079922 0.000000 0.079922
271.900351 402.584878 0.132517 0.000000 0.132517
323.426513 30.628284 0.052827 0.000000 0.052827
700.659495 54.338967 0.037545 0.000000 0.037545
483.361719 420.072257 0.040209 0.000000 0.040209
482.175202 382.444353 0.033800 0.000000 0.033800
635.933507 163.492916 0.072451 0.000000 0.072451
290.798082 107.715388 0.090195 0.000000 0.090195
351.735688 388.393823 0.121585 0.000000 0.121585
616.412082 51.254743 0.064265 0.000000 0.064265
590.904440 459.271804 0.053209 0.000000 0.053209
483.090889 94.624707 0.118432 0.000000 0.118432
424.056418 89.996223 0.021459 0.000000 0.021459
451.327796 246.821790 0.124153 0.000000 0.124153
671.433653 285.216942 0.123406 0.000000 0.123406
469.064458 125.183974 0.024052 0.000000 0.024052
179.367576 207.302621 0.043931 0.000000 0.043931
565.150886 436.507739 0.065392 0.000000 0.065392
622.352027 286.570615 0.059944 0.000000 0.059944
108.519783 225.159720 0.053699 0.000000 0.053699
614.928657 203.173992 0.103201 0.000000 0.103201
21.115532 366.538262 0.086428 0.000000 0.086428
710.878555 323.747182 0.039749 0.000000 0.039749
522.833559 294.123028 0.025560 0.000000 0.025560
694.986037 446.966622 0.005082 0.000000 0.005082
664.432037 74.192969 0.018764 0.000000 0.018764
284.163030 264.735836 0.029707 0.000000 0.029707
693.954832 323.534437 0.156127 0.000000 0.156127
362.902637 297.961162 0.082543 0.000000 0.082543
642.292971 243.306011 0.008031 0.000000 0.008031
488.519929 286.328574 0.119449 0.000000 0.119449
529.433733 276.217495 0.145693 0.000000 0.145693
492.977552 479.878363 0.107763 0.000000 0.107763
750.956491 505.593357 0.160872 0.000000 0.160872
142.289183 498.039408 0.050047 0.000000 0.050047
691.378719 418.858932 0.152340 0.000000 0.152340
530.707301 107.838218 0.154395 0.000000 0.154395
506.918004 353.627559 0.168108 0.000000 0.168108
728.772613 463.968491 0.101192 0.000000 0.101192
447.549095 159.019179 0.016488 0.000000 0.016488
135.419913 109.811941 0.050555 0.000000 0.050555
172.110793 317.796733 0.143441 0.000000 0.143441
436.743191 417.081050 0.026687 0.000000 0.026687
640.785945 40.783502 0.018402 0.000000 0.018402
287.416886 156.037431 0.028273 0.000000 0.028273
26.430304 334.176214 0.081399 0.000000 0.081399
561.066444 58.297415 0.096296 0.000000 0.096296
153.236475 390.579180 0.133498 0.000000 0.133498
565.845132 327.758646 0.141016 0.000000 0.141016
61.029196 468.356743 0.089592 0.000000 0.089592
241.000734 197.767404 0.070449 0.000000 0.070449
340.398044 240.045831 0.010711 0.000000 0.010711
260.544486 458.124917 0.057751 0.000000 0.057751
173.532546 283.040236 0.091147 0.000000 0.091147
426.642103 171.881429 0.027596 0.000000 0.027596
543.091155 251.514116 0.032355 0.000000 0.032355
82.644467 114.591204 0.033734 0.000000 0.033734
730.627878 270.497822 0.113084 0.000000 0.113084
582.707751 107.029971 0.108741 0.000000 0.108741
597.809245 24.286861 0.078041 0.000000 0.078041
751.301012 51.709837 0.081657 0.000000 0.081657
173.377843 454.103270 0.027496 0.000000 0.027496
440.220116 373.732298 0.072809 0.000000 0.072809
181.073803 185.461209 0.101935 0.000000 0.101935
574.228667 89.130740 0.145119 0.000000 0.145119
340.936719 404.619583 0.149941 0.000000 0.149941
318.534206 87.597777 0.110883 0.000000 0.110883
249.295546 255.890941 0.034491 0.000000 0.034491
204.787387 80.621377 0.073690 0.000000 0.073690
113.281625 403.810686 0.005368 0.000000 0.005368
632.254076 246.255215 0.016047 0.000000 0.016047
27.283963 171.420151 0.076637 0.000000 0.076637
299.667360 296.521582 0.024049 0.000000 0.024049
685.223078 482.316365 0.141230 0.000000 0.141230
514.817055 84.664165 0.117312 0.000000 0.117312
213.018626 366.881853 0.029794 0.000000 0.029794
148.089574 321.750933 0.068044 0.000000 0.068044
636.417785 357.219942 0.135721 0.000000 0.135721
149.095538 333.968216 0.127379 0.000000 0.127379
37.452554 473.593930 0.026666 0.000000 0.026666
117.284991 208.463338 0.053119 0.000000 0.053119
617.327834 109.953369 0.099472 0.000000 0.099472
425.042839 120.821799 0.020308 0.000000 0.020308
473.232966 213.462085 0.107497 0.000000 0.107497
325.758458 435.594058 0.139593 0.000000 0.139593
439.085947 502.505193 0.103790 0.000000 0.103790
380.754734 447.242857 0.101509 0.000000 0.101509
165.193450 299.949225 0.049078 0.000000 0.049078
534.898473 309.217445 0.054037 0.000000 0.054037
438.070951 280.924633 0.142427 0.000000 0.142427
689.855969 248.759890 0.019417 0.000000 0.019417
365.895624 293.903461 0.158340 0.000000 0.158340
513.797412 49.866606 0.057401 0.000000 0.057401
32.323393 336.441255 0.049562 0.000000 0.049562
707.225428 10.758878 0.132222 0.000000 0.132222
114.357538 408.664902 0.159919 0.000000 0.159919
510.012232 76.125268 0.131003 0.000000 0.131003
95.312858 427.740671 0.065099 0.000000 0.065099
696.542846 344.798102 0.049586 0.000000 0.049586
696.963738 321.891299 0.090445 0.000000 0.090445
103.636122 284.598030 0.048940 0.000000 0.048940
223.719607 63.410552 0.037403 0.000000 0.037403
585.821933 211.010461 0.173131 0.000000 0.173131
259.967388 377.356576 0.063990 0.000000 0.063990
320.673166 357.152078 0.139638 0.000000 0.139638
500.202069 479.362140 0.087826 0.000000 0.087826
284.234730 477.202247 0.061370 0.000000 0.061370
195.988108 36.169623 0.021631 0.000000 0.021631
404.240232 202.233388 0.011422 0.000000 0.011422
631.997706 357.053094 0.081412 0.000000 0.081412
532.553429 129.982498 0.017796 0.000000 0.017796
227.000829 138.272994 0.033875 0.000000 0.033875
227.744915 413.624126 0.123432 0.000000 0.123432
200.901771 477.276512 0.027292 0.000000 0.027292
531.628605 66.471451 0.012406 0.000000 0.012406
719.231735 175.932961 0.090581 0.000000 0.090581
529.648375 46.655410 0.063449 0.000000 0.063449
184.522198 407.374543 0.019879 0.000000 0.019879
493.203184 220.043986 0.074885 0.000000 0.074885
191.809600 76.281639 0.064296 0.000000 0.064296
649.888422 118.930672 0.155476 0.000000 0.155476
630.841249 312.730168 0.131130 0.000000 0.131130
90.649780 420.156578 0.029873 0.000000 0.029873
398.072312 75.947098 0.121006 0.000000 0.121006
81.417740 224.016860 0.036964 0.000000 0.036964
359.655006 266.230135 0.035604 0.000000 0.035604
683.049352 204.162814 0.088737 0.000000 0.088737
632.721074 478.355243 0.125425 0.000000 0.125425
696.208535 474.753391 0.124047 0.000000 0.124047
632.815337 289.759268 0.173388 0.000000 0.173388
650.083835 176.397523 0.020063 0.000000 0.020063
642.071756 456.516471 0.010169 0.000000 0.010169
614.427758 87.116992 0.039383 0.000000 0.039383
579.189079 296.874327 0.139829 0.000000 0.139829
233.087651 151.649223 0.080465 0.000000 0.080465
318.492400 164.321118 0.110213 0.000000 0.110213
226.450116 84.556086 0.012330 0.000000 0.012330
726.979964 471.312085 0.065889 0.000000 0.065889
544.139315 272.682716 0.122304 0.000000 0.122304
580.708819 94.516071 0.074840 0.000000 0.074840
487.533815 232.319144 0.100121 0.000000 0.100121
747.088363 306.382030 0.069244 0.000000 0.069244
130.767611 235.903911 0.030078 0.000000 0.030078
373.796744 176.921177 0.058399 0.000000 0.058399
473.437635 109.667843 0.161247 0.000000 0.161247
322.310074 245.134456 0.109169 0.000000 0.109169
747.782414 169.496507 0.147324 0.000000 0.147324
70.656774 462.969993 0.069455 0.000000 0.069455
134.367817 340.218131 0.132067 0.000000 0.132067
536.462574 422.282124 0.068588 0.000000 0.068588
354.404961 65.902440 0.111174 0.000000 0.111174
461.749545 423.799203 0.032150 0.000000 0.032150
82.284408 201.948195 0.068621 0.000000 0.068621
198.306017 372.437546 0.026170 0.000000 0.026170
82.502975 120.382577 0.017997 0.000000 0.017997
285.206676 151.887239 0.121209 0.000000 0.121209
297.758920 132.489829 0.138691 0.000000 0.138691
186.807263 341.934581 0.084147 0.000000 0.084147
238.262396 414.224218 0.014234 0.000000 0.014234
301.159574 413.906810 0.124219 0.000000 0.124219
380.971860 452.799413 0.018397 0.000000 0.018397
543.540878 420.988250 0.069895 0.000000 0.069895
211.177718 415.109448 0.142947 0.000000 0.142947
273.471181 359.558375 0.098780 0.000000 0.098780
244.742567 220.874547 0.132058 0.000000 0.132058
188.759444 231.282481 0.148081 0.000000 0.148081
613.461554 459.575886 0.106744 0.000000 0.106744
190.717053 293.253245 0.150212 0.000000 0.150212
641.438395 357.416947 0.100305 0.000000 0.100305
211.383464 182.160156 0.013679 0.000000 0.013679
82.976712 114.756967 0.006297 0.000000 0.006297
405.734650 118.968232 0.103660 0.000000 0.103660
585.742440 263.442272 0.081220 0.000000 0.081220
677.206461 475.187577 0.079890 0.000000 0.079890
157.867900 27.279148 0.011445 0.000000 0.011445
581.156424 469.816976 0.132714 0.000000 0.132714
492.165209 308.538841 0.014364 0.000000 0.014364
580.480584 207.065499 0.144244 0.000000 0.144244
414.602837 325.551576 0.055636 0.000000 0.055636
202.335242 331.536356 0.051902 0.000000 0.051902
369.473963 329.195502 0.093250 0.000000 0.093250
641.638611 58.767075 0.119644 0.000000 0.119644
38.936184 120.327950 0.093256 0.000000 0.093256
417.092094 252.600648 0.108997 0.000000 0.108997
389.121475 120.517725 0.136028 0.000000 0.136028
417.145025 204.485501 0.016894 0.000000 0.016894
128.624594 237.193241 0.132041 0.000000 0.132041
326.541750 35.109224 0.072338 0.000000 0.072338
590.897413 278.382760 0.088109 0.000000 0.088109
364.004640 339.562311 0.047279 0.000000 0.047279
456.998367 493.169870 0.078726 0.000000 0.078726
441.725267 147.984696 0.073092 0.000000 0.073092
249.068430 169.919662 0.105673 0.000000 0.105673
102.762627 470.243871 0.064493 0.000000 0.064493
54.412039 363.649076 0.100852 0.000000 0.100852
214.508859 247.945495 0.066377 0.000000 0.066377
400.328264 284.415613 0.144834 0.000000 0.144834
588.526441 289.417091 0.071776 0.000000 0.071776
97.778181 414.754659 0.093398 0.000000 0.093398
543.566532 142.601198 0.019238 0.000000 0.019238
413.204452 457.222891 0.017622 0.000000 0.017622
40.004555 488.127607 0.170123 0.000000 0.170123
616.393110 199.208679 0.066057 0.000000 0.066057
554.910007 299.167761 0.136026 0.000000 0.136026
425.569558 263.481472 0.065411 0.000000 0.065411
223.787355 347.227339 0.103805 0.000000 0.103805
746.726409 146.970509 0.096185 0.000000 0.096185
557.894485 70.255333 0.122545 0.000000 0.122545
80.171888 439.815505 0.019403 0.000000 0.019403
75.817573 221.879339 0.019034 0.000000 0.019034
260.650048 199.727574 0.063203 0.000000 0.063203
544.746986 88.589245 0.106813 0.000000 0.106813
651.983948 322.893652 0.122479 0.000000 0.122479
312.368678 441.308151 0.042310 0.000000 0.042310
408.073237 136.080926 0.059542 0.000000 0.059542
741.921082 464.509998 0.016465 0.000000 0.016465
671.282781 208.176747 0.087755 0.000000 0.087755
564.814754 180.736341 0.141430 0.000000 0.141430
309.622006 427.538648 0.031906 0.000000 0.031906
687.555564 380.795351 0.105282 0.000000 0.105282
599.048336 461.290342 0.028219 0.000000 0.028219
78.982084 32.149013 0.009011 0.000000 0.009011
423.031142 244.265818 0.092396 0.000000 0.092396
413.156214 344.146188 0.092879 0.000000 0.092879
206.617081 461.656819 0.076765 0.000000 0.076765
617.787829 393.138880 0.170668 0.000000 0.170668
430.812350 361.856758 0.127122 0.000000 0.127122
46.561156 335.320888 0.010593 0.000000 0.010593
549.437140 324.417184 0.151699 0.000000 0.151699
280.650539 424.941322 0.073772 0.000000 0.073772
561.891737 477.297422 0.089158 0.000000 0.089158
90.123324 487.055551 0.078858 0.000000 0.078858
430.973401 224.104376 0.097113 0.000000 0.097113
556.497424 66.819120 0.034828 0.000000 0.034828
325.342792 107.367446 0.117933 0.000000 0.117933
623.338170 90.015401 0.140307 0.000000 0.140307
446.733938 414.253680 0.012108 0.000000 0.012108
726.560628 369.380208 0.032198 0.000000 0.032198
227.481003 273.913374 0.072611 0.000000 0.072611
427.385208 260.610943 0.116143 0.000000 0.116143
111.196257 17.228761 0.107027 0.000000 0.107027
730.728082 388.942485 0.122538 0.000000 0.122538
453.752256 55.337223 0.091543 0.000000 0.091543
397.274751 493.651193 0.149126 0.000000 0.149126
63.427057 60.243038 0.126684 0.000000 0.126684
105.728477 439.794536 0.093987 0.000000 0.093987
682.726144 473.781198 0.004908 0.000000 0.004908
526.562708 383.689089 0.035927 0.000000 0.035927
703.483029 21.473628 0.089070 0.000000 0.089070
574.777718 155.913477 0.138346 0.000000 0.138346
617.374693 366.056269 0.023081 0.000000 0.023081
299.760319 53.479957 0.093794 0.000000 0.093794
609.911952 413.989225 0.111617 0.000000 0.111617
669.892361 179.391818 0.047854 0.000000 0.047854
453.303077 373.780167 0.077908 0.000000 0.077908
116.028968 351.328808 0.079834 0.000000 0.079834
588.804867 451.598202 0.110215 0.000000 0.110215
248.521801 105.833812 0.061952 0.000000 0.061952
249.711889 299.463801 0.077099 0.000000 0.077099
422.723645 351.010790 0.124189 0.000000 0.124189
689.143662 325.245339 0.100798 0.000000 0.100798
272.872602 187.081921 0.087435 0.000000 0.087435
407.384032 226.819947 0.101658 0.000000 0.101658
323.814546 424.610816 0.102288 0.000000 0.102288
350.694462 373.141283 0.065799 0.000000 0.065799
697.290473 432.275945 0.096017 0.000000 0.096017
293.431024 473.151306 0.008598 0.000000 0.008598
518.353506 475.963084 0.009413 0.000000 0.009413
256.398242 175.559388 0.110255 0.000000 0.110255
216.344825 42.312434 0.033201 0.000000 0.033201
337.248509 92.133093 0.136455 0.000000 0.136455
10.372518 443.439125 0.170462 0.000000 0.170462
545.449983 461.777652 0.098811 0.000000 0.098811
391.253934 166.196662 0.008321 0.000000 0.008321
710.557859 316.577221 0.123503 0.000000 0.123503
448.248097 315.071213 0.140600 0.000000 0.140600
546.284308 451.306493 0.061693 0.000000 0.061693
328.596004 241.785228 0.036226 0.000000 0.036226
399.982167 357.043010 0.110627 0.000000 0.110627
340.707595 460.846360 0.090224 0.000000 0.090224
440.850181 180.140431 0.094763 0.000000 0.094763
29.601405 166.394334 0.103617 0.000000 0.103617
327.554363 14.340921 0.083660 0.000000 0.083660
488.464874 300.525973 0.093750 0.000000 0.093750
270.147347 494.143557 0.115990 0.000000 0.115990
682.153914 168.768176 0.007537 0.000000 0.007537
724.663498 387.406241 0.084848 0.000000 0.084848
619.677963 484.791704 0.135110 0.000000 0.135110
304.331470 272.300276 0.026362 0.000000 0.026362
460.713890 124.352788 0.063789 0.000000 0.063789
494.206337 502.120908 0.111327 0.000000 0.111327
476.253821 302.624300 0.131492 0.000000 0.131492
592.179386 471.032627 0.160739 0.000000 0.160739
285.977502 205.295837 0.037666 0.000000 0.037666
465.115692 13.909725 0.043599 0.000000 0.043599
538.319929 339.813359 0.094278 0.000000 0.094278
481.048557 262.594500 0.103739 0.000000 0.103739
492.577682 203.913021 0.103196 0.000000 0.103196
330.428001 428.949424 0.020763 0.000000 0.020763
101.086172 319.883546 0.139511 0.000000 0.139511
469.306811 205.103919 0.120501 0.000000 0.120501
472.219990 102.799597 0.019908 0.000000 0.019908
68.089337 275.463187 0.113281 0.000000 0.113281
472.073251 278.340078 0.124055 0.000000 0.124055
106.901553 432.799720 0.011061 0.000000 0.011061
387.643977 113.384187 0.107647 0.000000 0.107647
538.485335 316.546535 0.144043 0.000000 0.144043
321.385504 178.545403 0.076629 0.000000 0.076629
705.951099 462.815330 0.170576 0.000000 0.170576
346.190469 393.772166 0.160215 0.000000 0.160215
333.867760 18.228441 0.058796 0.000000 0.058796
625.381987 6.551448 0.137859 0.000000 0.137859
535.482164 414.434292 0.066137 0.000000 0.066137
427.151050 281.746921 0.083492 0.000000 0.083492
519.596149 303.206861 0.019525 0.000000 0.019525
406.490580 129.670223 0.150254 0.000000 0.150254
281.483663 156.745562 0.168986 0.000000 0.168986
742.558963 304.294542 0.142565 0.000000 0.142565
618.589300 254.451107 0.069024 0.000000 0.069024
163.646310 204.563324 0.082857 0.000000 0.082857
389.225497 362.451469 0.128219 0.000000 0.128219
550.154133 355.374697 0.013390 0.000000 0.013390
111.315237 333.593347 0.113483 0.000000 0.113483
604.561993 356.926766 0.128584 0.000000 0.128584
184.854770 120.384496 0.004204 0.000000 0.004204
415.719386 224.906034 0.020575 0.000000 0.020575
261.592145 408.519666 0.098779 0.000000 0.098779
509.012189 425.731208 0.097605 0.000000 0.097605
130.144956 416.297868 0.029050 0.000000 0.029050
547.758366 389.338203 0.165686 0.000000 0.165686
700.731220 423.838702 0.172464 0.000000 0.172464
191.588811 299.176137 0.046320 0.000000 0.046320
742.755483 279.476039 0.132677 0.000000 0.132677
650.878913 297.090373 0.081854 0.000000 0.081854
178.295749 333.442795 0.154917 0.000000 0.154917
367.086432 289.557802 0.029859 0.000000 0.029859
748.120298 276.275817 0.040695 0.000000 0.040695
419.675940 231.055965 0.040036 0.000000 0.040036
128.081047 419.816570 0.054438 0.000000 0.054438
66.465395 17.394108 0.068333 0.000000 0.068333
464.798578 70.480730 0.081949 0.000000 0.081949
328.881239 403.624018 0.023080 0.000000 0.023080
236.876941 263.193481 0.160355 0.000000 0.160355
538.599918 350.056708 0.075928 0.000000 0.075928
541.895193 358.906534 0.095167 0.000000 0.095167
305.035286 61.399791 0.114191 0.000000 0.114191
674.109103 137.112416 0.148812 0.000000 0.148812
403.059010 84.137130 0.153558 0.000000 0.153558
140.505117 222.263951 0.114837 0.000000 0.114837
627.264844 357.310090 0.008627 0.000000 0.008627
556.737408 53.075691 0.086415 0.000000 0.086415
611.918481 278.763980 0.120003 0.000000 0.120003
451.256150 410.339393 0.070266 0.000000 0.070266
83.570365 146.548028 0.060831 0.000000 0.060831
626.402691 10.191776 0.071607 0.000000 0.071607
74.131327 293.136591 0.028694 0.000000 0.028694
368.727722 283.520726 0.102421 0.000000 0.102421
126.938458 475.704281 0.060421 0.000000 0.060421
643.767850 370.197646 0.026715 0.000000 0.026715
138.516150 335.760194 0.139007 0.000000 0.139007
411.104397 416.153031 0.135598 0.000000 0.135598
429.250315 403.632057 0.155034 0.000000 0.155034
432.076235 122.534878 0.165565 0.000000 0.165565
61.583876 276.867090 0.065907 0.000000 0.065907
250.093346 292.533695 0.101391 0.000000 0.101391
111.048700 426.320237 0.065973 0.000000 0.065973
435.938972 403.767862 0.072805 0.000000 0.072805
118.048515 336.756784 0.128497 0.000000 0.128497
431.014406 98.726626 0.087000 0.000000 0.087000
325.758714 334.465277 0.086863 0.000000 0.086863
197.403806 272.083039 0.040858 0.000000 0.040858
419.639248 417.595719 0.124093 0.000000 0.124093
249.609811 184.650636 0.139386 0.000000 0.139386
327.738227 466.163281 0.119698 0.000000 0.119698
110.627836 421.538758 0.089872 0.000000 0.089872
686.742841 476.394996 0.131941 0.000000 0.131941
249.606296 452.632800 0.078973 0.000000 0.078973
101.650554 99.354941 0.028667 0.000000 0.028667
341.863673 453.857029 0.150980 0.000000 0.150980
350.071684 467.686825 0.109383 0.000000 0.109383
357.838273 136.605692 0.034681 0.000000 0.034681
442.701966 351.177749 0.004278 0.000000 0.004278
336.037682 364.420074 0.127085 0.000000 0.127085
523.298959 182.464342 0.007171 0.000000 0.007171
356.270948 436.246656 0.084578 0.000000 0.084578
518.528977 348.001861 0.068487 0.000000 0.068487
61.321750 427.851842 0.157362 0.000000 0.157362
97.181496 379.214423 0.134079 0.000000 0.134079
309.341519 350.839260 0.115705 0.000000 0.115705
274.119880 376.690840 0.096859 0.000000 0.096859
604.907927 317.630482 0.099148 0.000000 0.099148
172.798826 240.389996 0.071924 0.000000 0.071924
497.036106 444.978818 0.091929 0.000000 0.091929
62.732408 307.333237 0.097701 0.000000 0.097701
257.254791 140.995865 0.086952 0.000000 0.086952
54.319109 421.102860 0.090573 0.000000 0.090573
106.218036 305.014401 0.050220 0.000000 0.050220
375.180444 432.055161 0.044311 0.000000 0.044311
