1.0
1628
523.789552 418.791614 0.007679 0.000000 0.007679
154.011340 447.551582 0.033929 0.000000 0.033929
376.759532 388.156365 0.090592 0.000000 0.090592
356.430534 279.549048 0.023524 0.000000 0.023524
397.054017 274.248444 0.027635 0.000000 0.027635
577.679884 99.383765 0.075337 0.000000 0.075337
312.230388 387.720202 0.046934 0.000000 0.046934
512.113011 480.981273 0.139659 0.000000 0.139659
499.890265 299.034659 0.033827 0.000000 0.033827
384.051230 543.037719 0.065929 0.000000 0.065929
958.875574 284.304158 0.010583 0.000000 0.010583
553.780824 292.019216 0.028362 0.000000 0.028362
792.813844 424.131269 0.041814 0.000000 0.041814
261.783684 480.338091 0.050017 0.000000 0.050017
556.312306 315.942559 0.027941 0.000000 0.027941
678.564638 419.459211 0.004689 0.000000 0.004689
338.987987 385.488367 0.027282 0.000000 0.027282
404.214407 339.510184 0.019631 0.000000 0.019631
549.437421 221.701735 0.127950 0.000000 0.127950
348.513540 366.417093 0.140727 0.000000 0.140727
837.645446 409.146936 0.139906 0.000000 0.139906
361.755656 343.053820 0.023744 0.000000 0.023744
734.469786 570.072744 0.114354 0.000000 0.114354
452.206655 470.935597 0.029748 0.000000 0.029748
305.906378 422.294380 0.104461 0.000000 0.104461
657.615230 434.934769 0.112460 0.000000 0.112460
733.093927 376.187344 0.097732 0.000000 0.097732
431.290092 402.654473 0.127349 0.000000 0.127349
875.405098 155.208828 0.057782 0.000000 0.057782
371.722520 473.885983 0.059061 0.000000 0.059061
744.991587 375.556001 0.096222 0.000000 0.096222
309.973112 347.445169 0.027855 0.000000 0.027855
503.333706 321.953999 0.026169 0.000000 0.026169
213.480230 330.600706 0.074130 0.000000 0.074130
363.083019 106.287364 0.137938 0.000000 0.137938
979.849562 390.283167 0.028574 0.000000 0.028574
350.060582 468.349564 0.089732 0.000000 0.089732
140.494320 366.295973 0.021219 0.000000 0.021219
598.502780 400.623002 0.012681 0.000000 0.012681
603.233654 510.752965 0.090218 0.000000 0.090218
188.109288 469.810688 0.059106 0.000000 0.059106
403.742567 526.289901 0.043637 0.000000 0.043637
440.776631 380.757068 0.032894 0.000000 0.032894
720.364071 231.379781 0.091943 0.000000 0.091943
482.961142 543.250530 0.115709 0.000000 0.115709
651.520721 383.827557 0.086847 0.000000 0.086847
400.365362 391.037352 0.108825 0.000000 0.108825
104.742938 315.809437 0.035380 0.000000 0.035380
890.578082 366.349556 0.094427 0.000000 0.094427
333.657317 516.207429 0.121084 0.000000 0.121084
699.631202 654.812867 0.053246 0.000000 0.053246
728.309983 319.342832 0.105530 0.000000 0.105530
875.978379 168.987721 0.099811 0.000000 0.099811
477.085221 439.789018 0.129492 0.000000 0.129492
366.006986 384.707871 0.128505 0.000000 0.128505
937.519047 477.475555 0.077598 0.000000 0.077598
950.295935 277.742882 0.058716 0.000000 0.058716
542.161095 507.283877 0.139797 0.000000 0.139797
214.370641 65.747643 0.083693 0.000000 0.083693
97.518856 442.217246 0.004596 0.000000 0.004596
823.380845 217.922026 0.061505 0.000000 0.061505
161.798653 21.351654 0.015772 0.000000 0.015772
155.936116 396.619116 0.050378 0.000000 0.050378
774.269651 586.948765 0.077883 0.000000 0.077883
158.692139 288.202744 0.032813 0.000000 0.032813
649.754602 292.131999 0.083872 0.000000 0.083872
405.223930 536.746135 0.129435 0.000000 0.129435
14.659555 391.686404 0.034183 0.000000 0.034183
101.348933 431.495263 0.067384 0.000000 0.067384
411.600026 206.553532 0.112569 0.000000 0.112569
280.135729 222.876664 0.087007 0.000000 0.087007
504.580089 235.600156 0.083661 0.000000 0.083661
38.425430 263.626919 0.014482 0.000000 0.014482
678.496378 506.788058 0.128955 0.000000 0.128955
530.770421 411.625652 0.061852 0.000000 0.061852
219.482646 131.934827 0.134673 0.000000 0.134673
464.384273 333.913839 0.015265 0.000000 0.015265
806.700200 494.808051 0.115388 0.000000 0.115388
221.484095 451.247884 0.033956 0.000000 0.033956
758.893825 189.207788 0.053020 0.000000 0.053020
926.610239 52.764809 0.127833 0.000000 0.127833
761.758920 151.702031 0.145829 0.000000 0.145829
131.630073 424.157870 0.033024 0.000000 0.033024
524.422884 518.719946 0.096115 0.000000 0.096115
366.203321 383.479881 0.011975 0.000000 0.011975
956.114352 56.811311 0.066616 0.000000 0.066616
86.018554 267.977751 0.026667 0.000000 0.026667
952.019095 595.616570 0.037309 0.000000 0.037309
433.102710 226.961291 0.071411 0.000000 0.071411
292.961809 555.258384 0.034043 0.000000 0.034043
427.075974 485.875951 0.034014 0.000000 0.034014
16.856793 541.797323 0.043128 0.000000 0.043128
110.628019 410.751752 0.028756 0.000000 0.028756
893.117124 587.910269 0.021169 0.000000 0.021169
485.259358 445.127455 0.011313 0.000000 0.011313
731.094659 230.062786 0.098944 0.000000 0.098944
578.951497 509.973985 0.046867 0.000000 0.046867
240.007389 389.950765 0.024622 0.000000 0.024622
623.825617 210.018795 0.078560 0.000000 0.078560
596.870477 535.845127 0.040008 0.000000 0.040008
858.661865 678.590269 0.126070 0.000000 0.126070
727.484323 182.369466 0.060792 0.000000 0.060792
517.648985 482.505166 0.021344 0.000000 0.021344
198.583088 435.222260 0.023956 0.000000 0.023956
589.092341 476.894434 0.050371 0.000000 0.050371
138.860512 373.023794 0.114604 0.000000 0.114604
648.831778 366.520958 0.075531 0.000000 0.075531
219.334620 522.928454 0.134159 0.000000 0.134159
232.593325 77.405889 0.028879 0.000000 0.028879
309.598237 445.189263 0.034235 0.000000 0.034235
197.973503 213.447254 0.109936 0.000000 0.109936
295.531136 404.246012 0.020496 0.000000 0.020496
715.936809 185.452146 0.137582 0.000000 0.137582
968.500809 568.739473 0.085009 0.000000 0.085009
987.354670 554.172857 0.053591 0.000000 0.053591
738.377231 318.441549 0.109571 0.000000 0.109571
398.649139 452.364369 0.112873 0.000000 0.112873
485.223853 563.919654 0.006040 0.000000 0.006040
204.228520 230.628448 0.073471 0.000000 0.073471
588.275180 385.559938 0.117199 0.000000 0.117199
328.611259 477.432132 0.055492 0.000000 0.055492
238.092542 221.454560 0.024887 0.000000 0.024887
647.403756 265.613215 0.097276 0.000000 0.097276
974.105880 513.773024 0.092291 0.000000 0.092291
766.996831 689.746743 0.111357 0.000000 0.111357
211.795811 659.594260 0.157666 0.000000 0.157666
637.175503 376.103986 0.111390 0.000000 0.111390
190.965132 475.549398 0.148092 0.000000 0.148092
315.961914 496.280450 0.068454 0.000000 0.068454
397.825139 424.021903 0.072091 0.000000 0.072091
601.648950 490.013093 0.106589 0.000000 0.106589
404.656218 105.089956 0.116963 0.000000 0.116963
601.027704 435.190048 0.176148 0.000000 0.176148
675.020994 201.289649 0.080683 0.000000 0.080683
854.720521 246.417900 0.022346 0.000000 0.022346
23.397318 362.575921 0.098026 0.000000 0.098026
413.889467 233.496422 0.072150 0.000000 0.072150
313.009323 520.374471 0.102487 0.000000 0.102487
17.110254 145.108028 0.069131 0.000000 0.069131
47.707212 468.146953 0.028214 0.000000 0.028214
530.471547 231.485634 0.068887 0.000000 0.068887
642.868807 420.706994 0.091170 0.000000 0.091170
855.912407 557.247790 0.107051 0.000000 0.107051
218.901358 520.760092 0.049685 0.000000 0.049685
507.974144 238.519233 0.041206 0.000000 0.041206
618.806552 392.603666 0.096668 0.000000 0.096668
767.153324 478.926303 0.165504 0.000000 0.165504
273.154991 334.448442 0.115855 0.000000 0.115855
350.977669 555.441205 0.066731 0.000000 0.066731
366.678266 374.294809 0.137372 0.000000 0.137372
230.948989 451.902605 0.013485 0.000000 0.013485
870.923813 537.982699 0.049817 0.000000 0.049817
983.596341 424.691544 0.160711 0.000000 0.160711
469.531783 485.955535 0.121359 0.000000 0.121359
490.239225 365.888291 0.085187 0.000000 0.085187
766.937220 316.295890 0.120456 0.000000 0.120456
177.737114 211.505239 0.041314 0.000000 0.041314
885.962740 110.125508 0.014469 0.000000 0.014469
83.731001 380.944900 0.042256 0.000000 0.042256
284.166379 476.538497 0.105307 0.000000 0.105307
144.988843 358.719032 0.049111 0.000000 0.049111
522.929937 427.416307 0.069697 0.000000 0.069697
517.091878 541.361465 0.151517 0.000000 0.151517
50.959308 337.569849 0.022518 0.000000 0.022518
21.594500 583.575123 0.085775 0.000000 0.085775
831.681014 424.748542 0.070607 0.000000 0.070607
577.706176 341.965340 0.121852 0.000000 0.121852
697.260608 551.837642 0.005069 0.000000 0.005069
257.383580 414.248040 0.041195 0.000000 0.041195
127.254715 317.942036 0.039928 0.000000 0.039928
181.084522 509.178776 0.044172 0.000000 0.044172
516.302203 563.927865 0.116390 0.000000 0.116390
328.398686 527.064670 0.094744 0.000000 0.094744
653.808571 240.484224 0.138754 0.000000 0.138754
849.375424 174.706126 0.060308 0.000000 0.060308
245.306731 164.427681 0.091532 0.000000 0.091532
634.034209 492.541874 0.061558 0.000000 0.061558
475.244111 394.541498 0.145569 0.000000 0.145569
555.590977 346.850457 0.044394 0.000000 0.044394
916.854993 93.008129 0.052948 0.000000 0.052948
225.656178 192.680571 0.043441 0.000000 0.043441
404.842506 462.588339 0.134779 0.000000 0.134779
641.263849 539.212556 0.008123 0.000000 0.008123
291.144322 469.025328 0.175628 0.000000 0.175628
194.145916 295.497623 0.126551 0.000000 0.126551
960.761200 369.908169 0.051932 0.000000 0.051932
810.135196 378.945899 0.056806 0.000000 0.056806
766.346333 360.368772 0.118469 0.000000 0.118469
881.186374 495.565701 0.109081 0.000000 0.109081
414.279817 405.578055 0.036470 0.000000 0.036470
826.457056 403.920327 0.126001 0.000000 0.126001
224.788194 220.764517 0.122618 0.000000 0.122618
12.196946 151.840833 0.091475 0.000000 0.091475
418.409725 381.553095 0.085789 0.000000 0.085789
812.926075 558.399699 0.110873 0.000000 0.110873
207.825480 467.919216 0.087815 0.000000 0.087815
218.922917 507.259995 0.063329 0.000000 0.063329
231.440242 59.983891 0.126649 0.000000 0.126649
598.249322 511.283341 0.053361 0.000000 0.053361
836.228474 531.011698 0.130226 0.000000 0.130226
375.865061 373.772031 0.133068 0.000000 0.133068
231.093693 358.455218 0.055707 0.000000 0.055707
536.886218 516.228932 0.159173 0.000000 0.159173
604.520517 438.670544 0.047056 0.000000 0.047056
605.085720 154.931819 0.009364 0.000000 0.009364
710.219334 594.668824 0.083666 0.000000 0.083666
483.414834 249.012416 0.059001 0.000000 0.059001
897.317664 484.192830 0.142311 0.000000 0.142311
951.165603 623.995179 0.040958 0.000000 0.040958
331.171786 296.318480 0.030343 0.000000 0.030343
966.128977 275.147414 0.052575 0.000000 0.052575
501.278024 373.960981 0.046541 0.000000 0.046541
434.179046 337.223424 0.017094 0.000000 0.017094
653.441871 544.266789 0.042340 0.000000 0.042340
877.288066 184.097486 0.050373 0.000000 0.050373
397.657182 488.859367 0.115697 0.000000 0.115697
951.689361 293.567244 0.056772 0.000000 0.056772
427.844735 184.807509 0.161186 0.000000 0.161186
844.225019 179.221343 0.117504 0.000000 0.117504
651.691757 203.988625 0.111036 0.000000 0.111036
157.821135 263.643624 0.046079 0.000000 0.046079
815.476302 397.302487 0.086220 0.000000 0.086220
255.050375 229.186268 0.004677 0.000000 0.004677
666.848562 430.341529 0.036514 0.000000 0.036514
226.441359 83.829033 0.073224 0.000000 0.073224
623.629263 492.844323 0.075303 0.000000 0.075303
137.376260 464.600363 0.056634 0.000000 0.056634
779.601811 583.143856 0.026581 0.000000 0.026581
659.989779 391.782553 0.108667 0.000000 0.108667
160.910750 420.561296 0.122675 0.000000 0.122675
97.710396 468.185901 0.123815 0.000000 0.123815
928.892748 522.204722 0.060520 0.000000 0.060520
109.329363 534.691593 0.153488 0.000000 0.153488
248.989093 469.913911 0.113222 0.000000 0.113222
361.680688 503.138331 0.023472 0.000000 0.023472
601.287085 213.305578 0.063970 0.000000 0.063970
135.172276 292.376056 0.023411 0.000000 0.023411
788.895950 222.002627 0.077689 0.000000 0.077689
487.205231 548.777923 0.036081 0.000000 0.036081
767.062366 202.944292 0.005557 0.000000 0.005557
943.576874 391.608472 0.073678 0.000000 0.073678
552.243331 497.325482 0.082777 0.000000 0.082777
636.264596 70.201964 0.163199 0.000000 0.163199
222.101111 153.327796 0.141663 0.000000 0.141663
586.795058 200.720729 0.027569 0.000000 0.027569
190.939866 148.200719 0.116550 0.000000 0.116550
331.002559 458.402706 0.042501 0.000000 0.042501
112.062666 293.858955 0.096917 0.000000 0.096917
280.984655 304.028079 0.092805 0.000000 0.092805
615.699666 382.732091 0.159941 0.000000 0.159941
110.505813 545.468470 0.101851 0.000000 0.101851
193.952791 171.989439 0.128025 0.000000 0.128025
39.258337 524.859113 0.054917 0.000000 0.054917
936.843096 182.253161 0.034328 0.000000 0.034328
425.309040 542.628986 0.078581 0.000000 0.078581
335.544955 346.164806 0.024120 0.000000 0.024120
260.161003 539.620527 0.030512 0.000000 0.030512
625.778742 244.299688 0.105075 0.000000 0.105075
101.703904 369.322734 0.045998 0.000000 0.045998
225.353845 253.770840 0.069481 0.000000 0.069481
224.195268 156.244604 0.029247 0.000000 0.029247
88.392781 409.440940 0.075315 0.000000 0.075315
848.263072 590.814071 0.156373 0.000000 0.156373
884.328027 109.543511 0.135876 0.000000 0.135876
459.794337 396.184147 0.039675 0.000000 0.039675
365.440222 556.470806 0.093212 0.000000 0.093212
44.159266 488.629632 0.024882 0.000000 0.024882
480.726385 276.434182 0.062626 0.000000 0.062626
69.175059 417.787714 0.022725 0.000000 0.022725
859.514189 564.760456 0.073112 0.000000 0.073112
662.237300 326.438239 0.081176 0.000000 0.081176
569.551562 234.488819 0.085514 0.000000 0.085514
213.886707 541.461160 0.045993 0.000000 0.045993
278.375644 223.160791 0.014787 0.000000 0.014787
95.581729 297.349441 0.157776 0.000000 0.157776
98.749548 446.695400 0.066268 0.000000 0.066268
293.992212 637.560912 0.155055 0.000000 0.155055
540.457209 591.689384 0.062737 0.000000 0.062737
810.788791 693.340743 0.118680 0.000000 0.118680
353.357852 523.488228 0.092578 0.000000 0.092578
152.729571 451.938730 0.106536 0.000000 0.106536
175.544686 160.183265 0.072263 0.000000 0.072263
181.615870 312.847973 0.112628 0.000000 0.112628
213.873425 230.389779 0.037946 0.000000 0.037946
741.128190 380.611032 0.010619 0.000000 0.010619
366.636134 588.473985 0.067586 0.000000 0.067586
673.276387 325.234086 0.019320 0.000000 0.019320
969.070803 294.036274 0.022162 0.000000 0.022162
759.998995 226.573303 0.113972 0.000000 0.113972
21.612224 299.297133 0.030404 0.000000 0.030404
661.196129 322.358045 0.160325 0.000000 0.160325
498.821409 137.175603 0.136596 0.000000 0.136596
271.603606 379.163588 0.111912 0.000000 0.111912
339.999525 497.784218 0.159735 0.000000 0.159735
585.225499 249.563203 0.020331 0.000000 0.020331
484.636381 484.638443 0.056642 0.000000 0.056642
770.332673 362.590332 0.145831 0.000000 0.145831
308.386452 674.268730 0.165808 0.000000 0.165808
818.928235 179.095162 0.051866 0.000000 0.051866
177.067286 193.242691 0.077170 0.000000 0.077170
156.628488 508.574291 0.124133 0.000000 0.124133
943.104940 340.823445 0.100588 0.000000 0.100588
345.948665 441.775621 0.092300 0.000000 0.092300
867.153571 611.995060 0.130443 0.000000 0.130443
620.616749 149.952435 0.115202 0.000000 0.115202
498.244247 412.818162 0.049407 0.000000 0.049407
894.097987 640.311236 0.141681 0.000000 0.141681
929.825394 279.161007 0.058338 0.000000 0.058338
653.129219 357.097023 0.029361 0.000000 0.029361
167.545093 365.354115 0.058680 0.000000 0.058680
903.700429 184.248714 0.036019 0.000000 0.036019
920.251916 223.755931 0.027972 0.000000 0.027972
461.826846 530.278948 0.056500 0.000000 0.056500
31.706927 570.864017 0.105649 0.000000 0.105649
427.665491 283.274653 0.050080 0.000000 0.050080
935.078332 371.840769 0.150776 0.000000 0.150776
223.486962 133.606582 0.096375 0.000000 0.096375
588.637680 335.807820 0.037235 0.000000 0.037235
897.014366 427.241119 0.105977 0.000000 0.105977
805.201302 383.799088 0.173737 0.000000 0.173737
872.299672 210.620247 0.070419 0.000000 0.070419
937.072356 406.197763 0.138187 0.000000 0.138187
763.694579 77.483852 0.099567 0.000000 0.099567
634.043231 129.373716 0.039173 0.000000 0.039173
592.423574 505.694780 0.168834 0.000000 0.168834
73.275301 409.378773 0.049945 0.000000 0.049945
109.976543 262.693045 0.028490 0.000000 0.028490
854.848363 213.253315 0.059871 0.000000 0.059871
757.900837 121.571868 0.048856 0.000000 0.048856
562.482560 549.633811 0.014181 0.000000 0.014181
884.265083 530.782657 0.029912 0.000000 0.029912
609.804294 223.988091 0.008013 0.000000 0.008013
445.004385 471.823939 0.087737 0.000000 0.087737
535.825554 589.508149 0.112017 0.000000 0.112017
900.702409 377.971064 0.085536 0.000000 0.085536
105.374148 451.991089 0.031885 0.000000 0.031885
357.673166 514.090007 0.024426 0.000000 0.024426
209.097948 297.304780 0.057800 0.000000 0.057800
274.555795 571.182729 0.156382 0.000000 0.156382
95.600571 273.495597 0.020994 0.000000 0.020994
551.521335 527.092551 0.033621 0.000000 0.033621
931.653263 348.635878 0.076365 0.000000 0.076365
140.695403 412.268047 0.152811 0.000000 0.152811
554.379757 263.022576 0.041988 0.000000 0.041988
931.019223 273.602422 0.153561 0.000000 0.153561
932.643354 77.349679 0.091817 0.000000 0.091817
488.103079 17.730702 0.138762 0.000000 0.138762
824.829828 503.134528 0.079396 0.000000 0.079396
772.997004 627.060195 0.126032 0.000000 0.126032
522.318216 206.040541 0.029580 0.000000 0.029580
630.912573 543.019588 0.053611 0.000000 0.053611
212.585207 100.034107 0.158590 0.000000 0.158590
926.226931 63.181823 0.148566 0.000000 0.148566
188.408257 129.706356 0.103462 0.000000 0.103462
567.050320 533.140112 0.128140 0.000000 0.128140
512.115609 11.760458 0.104178 0.000000 0.104178
23.510653 344.855992 0.063607 0.000000 0.063607
407.900098 87.266832 0.037130 0.000000 0.037130
405.804498 377.035343 0.122236 0.000000 0.122236
73.605531 307.511352 0.081507 0.000000 0.081507
886.308269 549.502336 0.103669 0.000000 0.103669
274.917584 498.720012 0.080685 0.000000 0.080685
250.918148 367.046620 0.011184 0.000000 0.011184
370.751708 556.166467 0.039915 0.000000 0.039915
493.239744 452.195373 0.058085 0.000000 0.058085
406.635324 101.705063 0.022945 0.000000 0.022945
565.862102 523.615126 0.150618 0.000000 0.150618
782.652269 35.817791 0.063884 0.000000 0.063884
905.523587 550.126896 0.110901 0.000000 0.110901
430.475866 195.176401 0.035518 0.000000 0.035518
754.966401 273.949285 0.142458 0.000000 0.142458
959.307755 583.970556 0.008323 0.000000 0.008323
466.867282 375.238549 0.019956 0.000000 0.019956
833.665747 105.653583 0.057708 0.000000 0.057708
957.001378 139.132326 0.037121 0.000000 0.037121
409.786659 107.219962 0.099204 0.000000 0.099204
620.071706 439.460477 0.020862 0.000000 0.020862
528.316780 228.471394 0.030824 0.000000 0.030824
156.772575 443.632149 0.106586 0.000000 0.106586
175.689289 170.288510 0.101457 0.000000 0.101457
109.983610 538.774948 0.049491 0.000000 0.049491
927.364838 435.987752 0.175648 0.000000 0.175648
576.003379 313.989618 0.106167 0.000000 0.106167
281.227660 447.440357 0.033658 0.000000 0.033658
182.509533 26.516947 0.026337 0.000000 0.026337
457.445356 466.097900 0.074049 0.000000 0.074049
232.057478 507.596042 0.134786 0.000000 0.134786
797.967259 632.656908 0.019913 0.000000 0.019913
238.425676 448.283891 0.166774 0.000000 0.166774
622.044324 470.899114 0.100358 0.000000 0.100358
895.010842 425.370265 0.029281 0.000000 0.029281
133.697258 458.851161 0.123117 0.000000 0.123117
296.971557 15.792950 0.097896 0.000000 0.097896
60.096224 373.316278 0.006016 0.000000 0.006016
143.476181 667.690956 0.134965 0.000000 0.134965
262.526306 405.513219 0.040649 0.000000 0.040649
881.312949 250.433420 0.139316 0.000000 0.139316
269.608391 429.998070 0.088152 0.000000 0.088152
464.694157 380.132177 0.102768 0.000000 0.102768
332.353530 558.971668 0.149945 0.000000 0.149945
664.277572 414.360494 0.018549 0.000000 0.018549
885.327103 258.498721 0.082581 0.000000 0.082581
603.740130 292.668783 0.098130 0.000000 0.098130
837.869352 445.751396 0.077185 0.000000 0.077185
927.122564 410.819175 0.080627 0.000000 0.080627
659.924103 477.796073 0.008761 0.000000 0.008761
464.309405 401.034135 0.092492 0.000000 0.092492
114.412860 341.080423 0.129286 0.000000 0.129286
970.475964 531.145033 0.049620 0.000000 0.049620
980.805008 585.804910 0.041377 0.000000 0.041377
932.187618 144.076623 0.019158 0.000000 0.019158
89.608504 434.968666 0.055837 0.000000 0.055837
524.900713 545.246259 0.030307 0.000000 0.030307
412.330795 396.580156 0.007447 0.000000 0.007447
688.330827 133.623153 0.053957 0.000000 0.053957
151.386640 410.492931 0.015132 0.000000 0.015132
212.863938 563.990900 0.171644 0.000000 0.171644
496.360836 261.346888 0.109562 0.000000 0.109562
288.096101 492.833842 0.125494 0.000000 0.125494
82.821207 26.946540 0.092219 0.000000 0.092219
27.722699 411.920955 0.128291 0.000000 0.128291
758.949368 276.818077 0.035574 0.000000 0.035574
506.492147 215.889024 0.059192 0.000000 0.059192
241.033044 450.668819 0.020316 0.000000 0.020316
677.612940 237.083585 0.103066 0.000000 0.103066
565.468889 528.818359 0.071874 0.000000 0.071874
609.470188 113.426299 0.165707 0.000000 0.165707
273.690262 35.929861 0.112300 0.000000 0.112300
259.926368 669.302207 0.116784 0.000000 0.116784
607.342917 58.452600 0.075472 0.000000 0.075472
218.188924 326.371145 0.054360 0.000000 0.054360
73.551341 337.747024 0.045700 0.000000 0.045700
819.783909 431.546445 0.093490 0.000000 0.093490
493.318061 396.572283 0.124893 0.000000 0.124893
880.029530 402.155960 0.023434 0.000000 0.023434
640.675883 272.058464 0.029321 0.000000 0.029321
186.648170 166.901557 0.023591 0.000000 0.023591
567.133989 202.804734 0.053221 0.000000 0.053221
890.113762 444.895892 0.088964 0.000000 0.088964
783.603001 580.676020 0.091218 0.000000 0.091218
10.537090 417.298771 0.090930 0.000000 0.090930
566.247145 543.571193 0.039686 0.000000 0.039686
381.418288 592.417836 0.132104 0.000000 0.132104
654.300732 348.523625 0.080674 0.000000 0.080674
579.966981 456.771881 0.016146 0.000000 0.016146
496.242658 276.591799 0.053210 0.000000 0.053210
182.213069 480.532637 0.110884 0.000000 0.110884
39.692351 478.237882 0.013778 0.000000 0.013778
420.725088 159.742997 0.144778 0.000000 0.144778
494.457163 208.056583 0.038526 0.000000 0.038526
809.208065 272.509192 0.028485 0.000000 0.028485
942.645333 84.055371 0.136339 0.000000 0.136339
871.186163 353.346786 0.111284 0.000000 0.111284
769.734361 480.397412 0.049064 0.000000 0.049064
860.977598 583.730469 0.087748 0.000000 0.087748
933.182619 365.726588 0.110980 0.000000 0.110980
956.271832 153.566252 0.073031 0.000000 0.073031
267.954533 547.648898 0.010454 0.000000 0.010454
657.773208 261.573003 0.109970 0.000000 0.109970
297.574222 636.523248 0.073005 0.000000 0.073005
29.955987 193.018456 0.132243 0.000000 0.132243
950.430721 463.077355 0.111692 0.000000 0.111692
752.604559 192.777029 0.092083 0.000000 0.092083
86.375172 289.049653 0.140028 0.000000 0.140028
915.808074 480.730402 0.125397 0.000000 0.125397
517.718359 272.689318 0.094545 0.000000 0.094545
856.511426 553.155379 0.033285 0.000000 0.033285
551.726220 549.299075 0.128333 0.000000 0.128333
958.383767 297.380222 0.048740 0.000000 0.048740
660.246057 289.873644 0.110439 0.000000 0.110439
663.990664 356.501373 0.027522 0.000000 0.027522
218.956911 398.066364 0.077570 0.000000 0.077570
111.536211 192.980436 0.111075 0.000000 0.111075
204.153407 401.137311 0.012429 0.000000 0.012429
156.043356 266.148189 0.124258 0.000000 0.124258
59.123684 295.595904 0.027431 0.000000 0.027431
409.731197 392.050075 0.157093 0.000000 0.157093
347.837503 535.417339 0.102183 0.000000 0.102183
798.034121 276.159931 0.105254 0.000000 0.105254
567.756811 264.321647 0.060376 0.000000 0.060376
408.740631 489.615073 0.035951 0.000000 0.035951
235.109938 574.824436 0.018010 0.000000 0.018010
966.002043 66.518298 0.139630 0.000000 0.139630
233.926708 572.582333 0.008164 0.000000 0.008164
354.172787 490.606645 0.016876 0.000000 0.016876
807.010708 267.267726 0.159434 0.000000 0.159434
976.766902 86.905316 0.036798 0.000000 0.036798
564.634220 404.687822 0.036201 0.000000 0.036201
259.611220 485.810521 0.090307 0.000000 0.090307
53.629237 249.408836 0.008691 0.000000 0.008691
790.704987 493.987749 0.121801 0.000000 0.121801
593.899613 327.025431 0.100816 0.000000 0.100816
240.314143 162.895808 0.168299 0.000000 0.168299
98.042841 307.162098 0.018812 0.000000 0.018812
65.502521 358.788689 0.152026 0.000000 0.152026
173.430307 234.726124 0.007764 0.000000 0.007764
545.764347 301.884508 0.069870 0.000000 0.069870
234.283333 348.434064 0.096101 0.000000 0.096101
834.742551 533.718210 0.058585 0.000000 0.058585
784.345870 63.323792 0.143427 0.000000 0.143427
78.146375 322.421067 0.065746 0.000000 0.065746
355.171780 584.021669 0.022633 0.000000 0.022633
76.180661 394.503377 0.063657 0.000000 0.063657
751.071059 227.396363 0.102789 0.000000 0.102789
950.241614 71.571042 0.088291 0.000000 0.088291
369.316524 579.130641 0.119598 0.000000 0.119598
806.638189 569.704078 0.085229 0.000000 0.085229
300.649980 690.139209 0.147767 0.000000 0.147767
508.239397 553.166909 0.073788 0.000000 0.073788
522.207332 267.985841 0.045183 0.000000 0.045183
226.588562 130.928098 0.021577 0.000000 0.021577
616.307253 85.963466 0.158124 0.000000 0.158124
623.817389 417.585256 0.086270 0.000000 0.086270
915.571195 526.766722 0.152618 0.000000 0.152618
406.570547 415.262235 0.162080 0.000000 0.162080
768.166807 364.545935 0.024526 0.000000 0.024526
565.282374 541.533110 0.133371 0.000000 0.133371
692.560203 266.525213 0.016597 0.000000 0.016597
410.373606 194.230228 0.095427 0.000000 0.095427
562.806733 67.855050 0.103576 0.000000 0.103576
67.743521 279.654914 0.015560 0.000000 0.015560
234.669315 354.765755 0.132059 0.000000 0.132059
281.259009 441.820853 0.100436 0.000000 0.100436
280.606483 252.892155 0.033203 0.000000 0.033203
202.330576 161.927693 0.162556 0.000000 0.162556
926.873827 248.987717 0.013117 0.000000 0.013117
738.314809 372.143845 0.062873 0.000000 0.062873
391.141103 571.430827 0.044590 0.000000 0.044590
852.442950 129.636592 0.023427 0.000000 0.023427
586.805570 327.657502 0.036978 0.000000 0.036978
623.877660 269.375434 0.067003 0.000000 0.067003
182.755339 471.933004 0.165492 0.000000 0.165492
287.835775 518.733731 0.024272 0.000000 0.024272
218.914496 482.728947 0.017554 0.000000 0.017554
330.649504 457.642278 0.004378 0.000000 0.004378
219.609068 404.701979 0.064889 0.000000 0.064889
354.372525 445.890310 0.127470 0.000000 0.127470
882.705111 583.154754 0.063923 0.000000 0.063923
848.201868 580.728197 0.111664 0.000000 0.111664
119.899893 404.281612 0.172612 0.000000 0.172612
894.707510 453.319780 0.014813 0.000000 0.014813
232.464383 469.906032 0.130609 0.000000 0.130609
393.970591 88.189639 0.078799 0.000000 0.078799
509.277948 309.650354 0.017927 0.000000 0.017927
547.383747 309.330309 0.077786 0.000000 0.077786
145.660991 518.506195 0.056738 0.000000 0.056738
295.868974 155.886977 0.008297 0.000000 0.008297
472.064868 557.585784 0.017572 0.000000 0.017572
357.424043 539.669693 0.095087 0.000000 0.095087
35.566969 36.426512 0.151290 0.000000 0.151290
973.189449 24.614483 0.083800 0.000000 0.083800
188.942506 140.047421 0.068844 0.000000 0.068844
885.603940 562.389572 0.056570 0.000000 0.056570
485.837562 510.621274 0.030659 0.000000 0.030659
519.493389 568.547256 0.042408 0.000000 0.042408
181.121117 24.626981 0.119714 0.000000 0.119714
711.080048 525.374334 0.005571 0.000000 0.005571
235.670907 458.997109 0.135323 0.000000 0.135323
157.136933 325.058277 0.091857 0.000000 0.091857
568.015390 481.507021 0.051516 0.000000 0.051516
572.078549 267.553406 0.079227 0.000000 0.079227
792.343781 372.345262 0.129855 0.000000 0.129855
535.378892 273.696184 0.085574 0.000000 0.085574
580.864005 332.804474 0.043950 0.000000 0.043950
225.203160 138.373344 0.008186 0.000000 0.008186
204.799439 212.202057 0.016908 0.000000 0.016908
759.405311 316.568995 0.095371 0.000000 0.095371
563.376053 367.764635 0.071101 0.000000 0.071101
432.826392 412.906260 0.166633 0.000000 0.166633
919.417432 97.460168 0.136091 0.000000 0.136091
677.946746 559.024281 0.032982 0.000000 0.032982
356.769327 587.222943 0.155232 0.000000 0.155232
579.176211 366.656910 0.115512 0.000000 0.115512
296.919094 412.889017 0.054287 0.000000 0.054287
233.095976 390.446995 0.058290 0.000000 0.058290
193.627734 303.805735 0.084107 0.000000 0.084107
871.018040 161.926593 0.045426 0.000000 0.045426
286.868700 443.033780 0.085202 0.000000 0.085202
639.243070 325.962821 0.084785 0.000000 0.084785
833.211817 621.068201 0.007832 0.000000 0.007832
584.716576 530.691333 0.113610 0.000000 0.113610
600.770645 247.125593 0.170147 0.000000 0.170147
141.156593 353.239680 0.006029 0.000000 0.006029
900.878835 149.891853 0.095738 0.000000 0.095738
978.996537 549.415023 0.040739 0.000000 0.040739
973.195067 370.912428 0.060768 0.000000 0.060768
885.495431 437.187739 0.004893 0.000000 0.004893
117.063124 230.584301 0.161720 0.000000 0.161720
886.989540 557.528399 0.029077 0.000000 0.029077
884.826650 483.941168 0.047418 0.000000 0.047418
404.991427 413.554572 0.066276 0.000000 0.066276
610.071825 440.930358 0.017196 0.000000 0.017196
874.313562 332.662357 0.171818 0.000000 0.171818
458.705421 387.382270 0.074345 0.000000 0.074345
498.953918 343.599023 0.040722 0.000000 0.040722
297.079418 548.104459 0.076222 0.000000 0.076222
513.263117 546.347578 0.017528 0.000000 0.017528
840.972263 582.080451 0.057201 0.000000 0.057201
241.299333 478.982935 0.077948 0.000000 0.077948
578.945943 186.493090 0.055683 0.000000 0.055683
827.941808 388.292821 0.083593 0.000000 0.083593
552.655079 505.503598 0.024012 0.000000 0.024012
784.915337 393.111276 0.148225 0.000000 0.148225
525.094238 68.954076 0.090950 0.000000 0.090950
507.818900 351.372629 0.061464 0.000000 0.061464
760.075394 281.928649 0.129157 0.000000 0.129157
182.721635 159.865057 0.010413 0.000000 0.010413
907.940868 516.808370 0.075991 0.000000 0.075991
907.058943 529.258114 0.041543 0.000000 0.041543
525.090110 583.323014 0.010256 0.000000 0.010256
209.555472 401.313989 0.033808 0.000000 0.033808
125.402188 300.283158 0.014243 0.000000 0.014243
243.088332 153.587101 0.098243 0.000000 0.098243
514.265554 354.506584 0.054715 0.000000 0.054715
605.272532 246.436560 0.088134 0.000000 0.088134
295.360666 560.208102 0.089964 0.000000 0.089964
58.022245 56.066122 0.160655 0.000000 0.160655
184.463346 146.494234 0.029711 0.000000 0.029711
183.540401 417.629527 0.040613 0.000000 0.040613
44.674055 410.677880 0.081774 0.000000 0.081774
421.005494 521.849250 0.045201 0.000000 0.045201
44.523815 183.088675 0.122401 0.000000 0.122401
758.137823 271.595508 0.101394 0.000000 0.101394
835.349793 619.184961 0.147086 0.000000 0.147086
847.018866 183.335854 0.154817 0.000000 0.154817
202.637884 398.756059 0.078626 0.000000 0.078626
873.793682 461.351823 0.005758 0.000000 0.005758
204.634715 565.918032 0.083027 0.000000 0.083027
761.274276 126.485299 0.105725 0.000000 0.105725
777.157066 475.424686 0.020756 0.000000 0.020756
715.962775 365.289595 0.121221 0.000000 0.121221
343.138980 568.281530 0.126912 0.000000 0.126912
447.871249 529.798542 0.147398 0.000000 0.147398
515.325122 584.973032 0.039207 0.000000 0.039207
92.868157 552.975906 0.119183 0.000000 0.119183
785.735274 237.194357 0.168525 0.000000 0.168525
616.850895 491.186792 0.147455 0.000000 0.147455
838.549078 565.775947 0.091408 0.000000 0.091408
687.075604 367.748635 0.038218 0.000000 0.038218
282.968715 583.471832 0.049104 0.000000 0.049104
38.376952 442.852850 0.061377 0.000000 0.061377
694.257476 204.950630 0.031775 0.000000 0.031775
185.257343 316.125977 0.079570 0.000000 0.079570
938.970837 450.562676 0.016025 0.000000 0.016025
51.213667 96.715103 0.172795 0.000000 0.172795
56.944616 436.479523 0.046352 0.000000 0.046352
497.651418 477.926590 0.076180 0.000000 0.076180
542.715493 636.965241 0.050844 0.000000 0.050844
67.386770 531.306340 0.168938 0.000000 0.168938
732.651536 86.494763 0.126834 0.000000 0.126834
989.225014 48.987447 0.129442 0.000000 0.129442
850.550376 214.128712 0.143792 0.000000 0.143792
813.784159 565.237592 0.040526 0.000000 0.040526
153.380903 251.475665 0.053534 0.000000 0.053534
435.133861 461.366097 0.121175 0.000000 0.121175
276.165997 515.013944 0.063537 0.000000 0.063537
210.440728 62.821939 0.120750 0.000000 0.120750
346.089568 308.815810 0.110539 0.000000 0.110539
125.938066 336.655758 0.050562 0.000000 0.050562
620.763179 296.559157 0.110536 0.000000 0.110536
970.799422 59.922425 0.104147 0.000000 0.104147
862.243366 480.151559 0.154611 0.000000 0.154611
41.195489 293.934555 0.081014 0.000000 0.081014
977.312996 105.201384 0.034324 0.000000 0.034324
644.151312 480.971274 0.138686 0.000000 0.138686
389.400455 586.004984 0.034659 0.000000 0.034659
896.815544 180.570731 0.044127 0.000000 0.044127
33.456331 520.330011 0.063462 0.000000 0.063462
881.006594 397.047799 0.110851 0.000000 0.110851
974.083377 335.622716 0.011100 0.000000 0.011100
648.328665 65.827708 0.126245 0.000000 0.126245
679.157675 357.989297 0.025007 0.000000 0.025007
664.440445 276.711444 0.042335 0.000000 0.042335
629.492822 373.840113 0.029759 0.000000 0.029759
488.232683 206.160986 0.073342 0.000000 0.073342
254.551092 369.512536 0.111324 0.000000 0.111324
539.346145 517.745754 0.029587 0.000000 0.029587
97.465493 438.283689 0.063694 0.000000 0.063694
281.307019 181.137112 0.065071 0.000000 0.065071
747.251185 570.450284 0.004463 0.000000 0.004463
98.598845 339.217711 0.070393 0.000000 0.070393
350.319899 576.195247 0.007436 0.000000 0.007436
66.734225 354.094004 0.050431 0.000000 0.050431
323.069257 377.946835 0.015456 0.000000 0.015456
824.036691 562.280798 0.133593 0.000000 0.133593
626.218385 369.518907 0.108663 0.000000 0.108663
792.220135 234.313525 0.046099 0.000000 0.046099
227.365677 163.516069 0.117056 0.000000 0.117056
113.065540 345.999077 0.030264 0.000000 0.030264
89.709907 57.218386 0.122837 0.000000 0.122837
462.530776 207.756062 0.125371 0.000000 0.125371
595.374769 333.987861 0.087012 0.000000 0.087012
454.630729 363.343252 0.005271 0.000000 0.005271
221.700386 548.632601 0.067725 0.000000 0.067725
920.591290 310.816322 0.072651 0.000000 0.072651
809.412177 440.771160 0.121392 0.000000 0.121392
721.846625 187.659291 0.069719 0.000000 0.069719
48.676480 244.309757 0.034818 0.000000 0.034818
918.186862 292.225571 0.017403 0.000000 0.017403
467.485288 530.332085 0.138663 0.000000 0.138663
477.517823 230.419144 0.080327 0.000000 0.080327
828.616735 481.077632 0.121422 0.000000 0.121422
474.928839 197.333548 0.145602 0.000000 0.145602
842.732455 556.193428 0.072995 0.000000 0.072995
697.363510 255.596882 0.101306 0.000000 0.101306
554.804439 503.147392 0.057416 0.000000 0.057416
932.425183 442.720071 0.010010 0.000000 0.010010
784.365713 356.988512 0.080330 0.000000 0.080330
833.028666 464.371614 0.138294 0.000000 0.138294
497.489263 562.615092 0.054318 0.000000 0.054318
850.586062 360.633567 0.018918 0.000000 0.018918
790.330781 352.549871 0.088048 0.000000 0.088048
933.178355 109.313608 0.068569 0.000000 0.068569
681.059918 194.683272 0.153729 0.000000 0.153729
34.842958 52.384751 0.112686 0.000000 0.112686
319.406033 525.943183 0.015196 0.000000 0.015196
690.661738 322.925233 0.068791 0.000000 0.068791
526.706467 575.754873 0.018799 0.000000 0.018799
671.359065 291.156832 0.137366 0.000000 0.137366
642.234327 107.086244 0.004060 0.000000 0.004060
845.571639 241.248372 0.036952 0.000000 0.036952
509.618255 548.340456 0.169905 0.000000 0.169905
278.116172 493.341963 0.077961 0.000000 0.077961
706.973617 365.178071 0.037047 0.000000 0.037047
238.265745 473.942050 0.016584 0.000000 0.016584
331.904957 588.075782 0.129939 0.000000 0.129939
895.870256 549.763178 0.039168 0.000000 0.039168
38.390129 495.867791 0.067558 0.000000 0.067558
938.185746 159.821319 0.038551 0.000000 0.038551
142.911019 663.847418 0.022382 0.000000 0.022382
353.705937 333.620636 0.035920 0.000000 0.035920
622.174982 337.705472 0.093645 0.000000 0.093645
946.636644 229.784624 0.056908 0.000000 0.056908
599.021526 497.719907 0.073992 0.000000 0.073992
838.768710 110.422405 0.091688 0.000000 0.091688
835.781415 356.661809 0.139709 0.000000 0.139709
454.046132 350.148016 0.014321 0.000000 0.014321
813.633048 551.083225 0.076058 0.000000 0.076058
787.128123 564.412700 0.093381 0.000000 0.093381
289.947210 560.343459 0.098699 0.000000 0.098699
124.463888 407.587089 0.093740 0.000000 0.093740
637.071574 163.718728 0.063823 0.000000 0.063823
270.784926 647.510837 0.063161 0.000000 0.063161
617.771798 408.412622 0.087727 0.000000 0.087727
384.477048 442.303908 0.072586 0.000000 0.072586
573.999606 289.097252 0.083605 0.000000 0.083605
640.981875 126.017495 0.041640 0.000000 0.041640
798.717990 228.381476 0.060483 0.000000 0.060483
453.452443 28.420244 0.166690 0.000000 0.166690
182.324116 47.923810 0.155014 0.000000 0.155014
274.344533 35.073149 0.019089 0.000000 0.019089
617.230609 41.253565 0.105508 0.000000 0.105508
187.528924 231.406822 0.076994 0.000000 0.076994
457.822316 569.670763 0.153705 0.000000 0.153705
973.377362 123.090996 0.057941 0.000000 0.057941
846.828504 585.150377 0.119262 0.000000 0.119262
633.269539 22.328865 0.038019 0.000000 0.038019
22.236543 464.537106 0.015856 0.000000 0.015856
179.530905 359.205494 0.060568 0.000000 0.060568
65.523789 266.283396 0.029915 0.000000 0.029915
696.391340 290.608356 0.060273 0.000000 0.060273
548.507685 59.082913 0.090229 0.000000 0.090229
733.554795 324.081244 0.120400 0.000000 0.120400
788.311759 336.004663 0.086956 0.000000 0.086956
189.725284 431.403808 0.051898 0.000000 0.051898
912.163966 317.164404 0.054309 0.000000 0.054309
61.744090 395.620461 0.055329 0.000000 0.055329
430.649768 593.436931 0.130564 0.000000 0.130564
508.899422 478.618751 0.013068 0.000000 0.013068
195.328288 167.680713 0.105812 0.000000 0.105812
413.913953 175.862780 0.049171 0.000000 0.049171
975.305451 384.872865 0.079634 0.000000 0.079634
530.564740 236.233170 0.167356 0.000000 0.167356
700.368003 197.734466 0.081144 0.000000 0.081144
136.691960 323.722163 0.032996 0.000000 0.032996
683.561840 257.624317 0.170778 0.000000 0.170778
346.615887 570.830361 0.016105 0.000000 0.016105
411.213321 188.474027 0.131068 0.000000 0.131068
50.688357 489.423896 0.129314 0.000000 0.129314
22.564121 446.484907 0.076973 0.000000 0.076973
663.199253 335.374539 0.128966 0.000000 0.128966
703.989283 233.107015 0.159534 0.000000 0.159534
849.912320 191.246693 0.045639 0.000000 0.045639
172.950442 235.598424 0.058870 0.000000 0.058870
172.207118 325.631952 0.010438 0.000000 0.010438
864.929906 391.986886 0.072510 0.000000 0.072510
588.761670 454.976353 0.047814 0.000000 0.047814
825.205521 542.778442 0.079185 0.000000 0.079185
404.463674 403.366836 0.015938 0.000000 0.015938
212.470828 467.231123 0.022506 0.000000 0.022506
872.706623 576.205206 0.069772 0.000000 0.069772
534.747889 350.561705 0.029354 0.000000 0.029354
552.316877 204.145010 0.048401 0.000000 0.048401
669.280696 566.519734 0.036515 0.000000 0.036515
586.592952 503.706121 0.013844 0.000000 0.013844
918.609101 142.636301 0.007868 0.000000 0.007868
665.318327 331.476766 0.004463 0.000000 0.004463
780.443842 339.880793 0.130975 0.000000 0.130975
534.188300 335.401418 0.065167 0.000000 0.065167
70.992154 553.169586 0.004462 0.000000 0.004462
498.411190 581.014463 0.052793 0.000000 0.052793
450.009381 490.007553 0.096660 0.000000 0.096660
291.003424 427.307963 0.006586 0.000000 0.006586
670.956349 205.463679 0.092955 0.000000 0.092955
18.903272 429.243450 0.055123 0.000000 0.055123
321.020345 358.683574 0.025516 0.000000 0.025516
7.578014 33.484673 0.164103 0.000000 0.164103
787.491294 383.251929 0.150598 0.000000 0.150598
146.341253 415.110623 0.175275 0.000000 0.175275
617.250131 261.654627 0.080442 0.000000 0.080442
27.380699 314.754232 0.032404 0.000000 0.032404
265.085199 378.913634 0.044416 0.000000 0.044416
572.582670 46.530501 0.058657 0.000000 0.058657
168.741006 64.820757 0.012889 0.000000 0.012889
553.671254 174.021223 0.132939 0.000000 0.132939
971.156407 623.305931 0.015566 0.000000 0.015566
805.119706 439.318476 0.044818 0.000000 0.044818
423.273141 413.620467 0.106634 0.000000 0.106634
947.344634 162.198709 0.047986 0.000000 0.047986
76.491321 82.845641 0.169445 0.000000 0.169445
623.787534 362.772153 0.054943 0.000000 0.054943
979.872718 612.941721 0.027431 0.000000 0.027431
701.530871 358.200520 0.012822 0.000000 0.012822
944.428130 428.493169 0.122240 0.000000 0.122240
88.996358 76.637517 0.171993 0.000000 0.171993
41.996813 433.342611 0.049523 0.000000 0.049523
662.771429 292.507724 0.148369 0.000000 0.148369
806.775963 279.388288 0.058339 0.000000 0.058339
64.215948 55.406433 0.165777 0.000000 0.165777
984.421265 641.064578 0.065428 0.000000 0.065428
516.044671 578.605474 0.154229 0.000000 0.154229
932.326186 312.886381 0.028695 0.000000 0.028695
189.693220 160.576681 0.148228 0.000000 0.148228
779.028805 280.459878 0.174123 0.000000 0.174123
49.730688 44.176219 0.151150 0.000000 0.151150
593.797231 500.565361 0.083910 0.000000 0.083910
43.112724 322.923397 0.031655 0.000000 0.031655
100.083435 346.563155 0.052313 0.000000 0.052313
870.730912 186.908545 0.107302 0.000000 0.107302
974.345279 463.247654 0.014587 0.000000 0.014587
462.795895 253.222360 0.033292 0.000000 0.033292
533.561937 373.160506 0.054335 0.000000 0.054335
59.812741 384.881082 0.015632 0.000000 0.015632
928.129277 457.578199 0.086102 0.000000 0.086102
27.797782 442.187093 0.026354 0.000000 0.026354
248.433214 391.206716 0.040234 0.000000 0.040234
755.298307 545.112782 0.007178 0.000000 0.007178
470.973724 87.564268 0.140395 0.000000 0.140395
719.431360 149.006549 0.062915 0.000000 0.062915
168.275586 111.841419 0.142938 0.000000 0.142938
29.460345 291.808188 0.057914 0.000000 0.057914
870.287853 216.518690 0.095987 0.000000 0.095987
169.077792 165.441114 0.086074 0.000000 0.086074
522.962399 240.637253 0.116326 0.000000 0.116326
20.052751 502.673468 0.034976 0.000000 0.034976
699.657337 361.597985 0.051246 0.000000 0.051246
825.520348 44.180855 0.146270 0.000000 0.146270
750.980236 571.974638 0.015601 0.000000 0.015601
250.805660 183.153415 0.024522 0.000000 0.024522
785.741633 338.494150 0.024747 0.000000 0.024747
536.785955 576.473247 0.055812 0.000000 0.055812
726.252426 236.075045 0.107421 0.000000 0.107421
92.463867 450.613846 0.054922 0.000000 0.054922
784.199008 552.130110 0.125805 0.000000 0.125805
787.976501 552.675392 0.049040 0.000000 0.049040
245.716568 179.610794 0.054694 0.000000 0.054694
18.133507 8.488029 0.143109 0.000000 0.143109
59.862582 549.294451 0.109706 0.000000 0.109706
324.916635 546.875138 0.082100 0.000000 0.082100
461.702212 381.898263 0.004609 0.000000 0.004609
671.365373 259.329593 0.145813 0.000000 0.145813
798.810860 551.689670 0.065768 0.000000 0.065768
639.431626 280.321787 0.059008 0.000000 0.059008
350.233740 356.175239 0.021639 0.000000 0.021639
17.500385 305.446511 0.068734 0.000000 0.068734
732.795406 314.164357 0.117255 0.000000 0.117255
172.950825 151.145080 0.161866 0.000000 0.161866
672.364542 287.295901 0.025095 0.000000 0.025095
956.150798 345.839310 0.076404 0.000000 0.076404
70.453095 50.858457 0.005772 0.000000 0.005772
419.856043 352.238778 0.018099 0.000000 0.018099
39.572805 324.285121 0.074298 0.000000 0.074298
76.358725 523.089804 0.173680 0.000000 0.173680
803.452544 433.198202 0.120443 0.000000 0.120443
794.087075 549.614175 0.139051 0.000000 0.139051
442.503292 548.134353 0.152217 0.000000 0.152217
369.287868 428.042512 0.028527 0.000000 0.028527
906.885477 240.850431 0.028413 0.000000 0.028413
110.404413 379.033798 0.032921 0.000000 0.032921
857.310793 586.745716 0.144633 0.000000 0.144633
609.184262 240.815249 0.096783 0.000000 0.096783
572.995375 206.152314 0.124551 0.000000 0.124551
175.477379 150.164317 0.081100 0.000000 0.081100
816.328862 540.784042 0.114348 0.000000 0.114348
816.855607 569.779136 0.162140 0.000000 0.162140
911.668586 175.503421 0.030648 0.000000 0.030648
792.877442 71.711631 0.131843 0.000000 0.131843
472.050227 221.115068 0.051879 0.000000 0.051879
661.418266 299.610413 0.160420 0.000000 0.160420
691.984306 366.426277 0.136235 0.000000 0.136235
815.316965 424.665496 0.145395 0.000000 0.145395
936.990826 84.941957 0.049268 0.000000 0.049268
416.237434 324.405617 0.018487 0.000000 0.018487
494.338061 250.900008 0.167530 0.000000 0.167530
394.980675 416.659505 0.016065 0.000000 0.016065
922.810912 193.210976 0.027099 0.000000 0.027099
200.607002 506.451930 0.040018 0.000000 0.040018
61.717151 250.602890 0.019724 0.000000 0.019724
763.247642 320.710888 0.160740 0.000000 0.160740
638.648762 214.666147 0.028324 0.000000 0.028324
822.325586 499.486754 0.034066 0.000000 0.034066
522.931847 375.257363 0.064808 0.000000 0.064808
398.902880 85.875586 0.133447 0.000000 0.133447
427.100358 378.570878 0.027698 0.000000 0.027698
554.189503 371.017499 0.062198 0.000000 0.062198
919.609244 453.404230 0.081409 0.000000 0.081409
928.324509 192.802978 0.014895 0.000000 0.014895
373.659948 245.918358 0.015011 0.000000 0.015011
443.939213 541.077885 0.146504 0.000000 0.146504
91.086755 72.742143 0.137995 0.000000 0.137995
98.499752 556.090237 0.019246 0.000000 0.019246
153.719894 421.162583 0.032051 0.000000 0.032051
199.114464 501.846695 0.125931 0.000000 0.125931
775.592775 278.784196 0.136436 0.000000 0.136436
114.361256 242.318992 0.025518 0.000000 0.025518
803.326280 548.523460 0.132711 0.000000 0.132711
507.009188 535.504288 0.078523 0.000000 0.078523
967.945468 136.424065 0.070239 0.000000 0.070239
542.417946 367.642440 0.013714 0.000000 0.013714
246.643687 30.042759 0.167298 0.000000 0.167298
228.646717 522.389979 0.168530 0.000000 0.168530
936.727519 133.141748 0.075328 0.000000 0.075328
144.468532 341.866163 0.110175 0.000000 0.110175
864.712136 275.974863 0.100855 0.000000 0.100855
978.610279 96.345989 0.048909 0.000000 0.048909
120.371521 267.090593 0.067533 0.000000 0.067533
262.887862 247.037451 0.084406 0.000000 0.084406
854.720689 191.034573 0.145453 0.000000 0.145453
829.426753 503.734897 0.096633 0.000000 0.096633
127.765398 264.255008 0.051921 0.000000 0.051921
885.898924 376.013242 0.061658 0.000000 0.061658
226.590814 464.202294 0.027759 0.000000 0.027759
810.627993 356.337226 0.068401 0.000000 0.068401
209.784990 494.234902 0.034255 0.000000 0.034255
458.754718 216.951792 0.039162 0.000000 0.039162
966.528566 61.582883 0.112095 0.000000 0.112095
55.812482 324.214704 0.092635 0.000000 0.092635
50.913277 322.862592 0.113350 0.000000 0.113350
938.975954 411.110053 0.043877 0.000000 0.043877
454.527807 514.896357 0.059814 0.000000 0.059814
492.432788 283.210553 0.082408 0.000000 0.082408
724.612060 225.499748 0.103727 0.000000 0.103727
107.032235 192.827522 0.098643 0.000000 0.098643
885.243202 36.730203 0.063594 0.000000 0.063594
321.505518 503.023872 0.015758 0.000000 0.015758
264.530364 325.976269 0.030202 0.000000 0.030202
796.479224 354.865854 0.006173 0.000000 0.006173
228.329277 568.046491 0.061281 0.000000 0.061281
567.650134 174.742068 0.078735 0.000000 0.078735
722.778886 76.541821 0.129023 0.000000 0.129023
86.433049 498.501359 0.008335 0.000000 0.008335
352.756999 440.820754 0.093434 0.000000 0.093434
150.305622 336.367170 0.055404 0.000000 0.055404
375.332451 531.589817 0.117388 0.000000 0.117388
60.633169 317.875348 0.094612 0.000000 0.094612
462.403153 451.040318 0.045546 0.000000 0.045546
540.908644 574.220242 0.116185 0.000000 0.116185
165.650950 506.339581 0.042039 0.000000 0.042039
668.216070 253.584656 0.116307 0.000000 0.116307
441.894051 207.992231 0.007916 0.000000 0.007916
770.701256 233.161669 0.052056 0.000000 0.052056
807.304464 605.463452 0.043827 0.000000 0.043827
839.786264 544.498962 0.008308 0.000000 0.008308
810.907805 310.172327 0.152026 0.000000 0.152026
382.941758 416.435785 0.013922 0.000000 0.013922
886.874997 284.273502 0.140002 0.000000 0.140002
200.659894 515.835306 0.048334 0.000000 0.048334
493.800243 240.039871 0.007389 0.000000 0.007389
907.063680 132.901681 0.013922 0.000000 0.013922
718.992058 151.388928 0.023170 0.000000 0.023170
136.302987 243.700593 0.024582 0.000000 0.024582
259.253299 255.970564 0.055725 0.000000 0.055725
462.987249 556.435104 0.162556 0.000000 0.162556
509.699184 560.728640 0.102732 0.000000 0.102732
573.198386 310.720341 0.172749 0.000000 0.172749
64.180091 535.495218 0.084684 0.000000 0.084684
279.418938 362.107724 0.091340 0.000000 0.091340
857.371926 208.667501 0.127636 0.000000 0.127636
666.520478 214.389980 0.017281 0.000000 0.017281
550.743854 242.206818 0.045914 0.000000 0.045914
65.993175 569.815947 0.175132 0.000000 0.175132
891.198903 354.184457 0.017192 0.000000 0.017192
66.912309 536.668741 0.142320 0.000000 0.142320
924.698588 201.946269 0.044880 0.000000 0.044880
822.452600 461.211991 0.022401 0.000000 0.022401
616.852268 283.073167 0.128478 0.000000 0.128478
29.076796 459.764548 0.047461 0.000000 0.047461
958.526398 383.278760 0.046630 0.000000 0.046630
501.774672 86.128230 0.082850 0.000000 0.082850
958.272273 618.242698 0.053271 0.000000 0.053271
927.713697 200.617414 0.084119 0.000000 0.084119
240.044929 359.124946 0.028151 0.000000 0.028151
842.203770 432.634101 0.030407 0.000000 0.030407
648.286302 103.209687 0.050775 0.000000 0.050775
72.588769 504.262975 0.013078 0.000000 0.013078
616.858956 34.054356 0.025556 0.000000 0.025556
969.731128 19.406938 0.059890 0.000000 0.059890
854.283316 177.784881 0.124338 0.000000 0.124338
813.006842 217.055215 0.154152 0.000000 0.154152
21.922747 136.389077 0.160025 0.000000 0.160025
686.945826 538.868575 0.081471 0.000000 0.081471
76.934541 238.167246 0.050895 0.000000 0.050895
467.095311 408.286447 0.130012 0.000000 0.130012
609.925203 251.280416 0.097270 0.000000 0.097270
164.939743 497.795948 0.069097 0.000000 0.069097
819.012069 510.355514 0.010310 0.000000 0.010310
718.486820 74.056851 0.090644 0.000000 0.090644
218.475552 161.695434 0.131322 0.000000 0.131322
150.536843 316.025068 0.107521 0.000000 0.107521
294.672168 511.296068 0.030610 0.000000 0.030610
927.177702 359.444820 0.076534 0.000000 0.076534
686.781250 276.739720 0.126002 0.000000 0.126002
63.423101 441.031745 0.024681 0.000000 0.024681
587.216020 81.949005 0.072544 0.000000 0.072544
628.484750 255.831956 0.027245 0.000000 0.027245
826.420218 620.955648 0.056731 0.000000 0.056731
533.006690 526.918260 0.006810 0.000000 0.006810
640.686922 462.636322 0.022737 0.000000 0.022737
268.752345 445.611236 0.160959 0.000000 0.160959
93.456673 41.534069 0.009116 0.000000 0.009116
630.062371 202.113127 0.168551 0.000000 0.168551
926.225960 68.443579 0.035614 0.000000 0.035614
326.268963 503.540437 0.154433 0.000000 0.154433
68.712435 324.191105 0.089166 0.000000 0.089166
861.842352 206.151461 0.039157 0.000000 0.039157
178.516261 330.216475 0.050612 0.000000 0.050612
609.697427 180.094830 0.033135 0.000000 0.033135
798.774333 243.008612 0.163236 0.000000 0.163236
689.322710 226.788839 0.030316 0.000000 0.030316
756.109867 230.700139 0.115944 0.000000 0.115944
407.532680 284.329633 0.009182 0.000000 0.009182
576.132873 549.734654 0.142942 0.000000 0.142942
568.903269 73.734664 0.068881 0.000000 0.068881
244.529217 465.598383 0.093887 0.000000 0.093887
497.370600 545.873790 0.133951 0.000000 0.133951
673.434994 242.366576 0.146454 0.000000 0.146454
646.127103 253.312014 0.067190 0.000000 0.067190
984.289195 36.056887 0.096182 0.000000 0.096182
754.900890 222.160104 0.105769 0.000000 0.105769
342.085116 335.953819 0.055045 0.000000 0.055045
407.520991 156.899920 0.058514 0.000000 0.058514
915.877856 265.140434 0.082614 0.000000 0.082614
303.209309 221.612928 0.077956 0.000000 0.077956
814.933753 606.103436 0.061230 0.000000 0.061230
241.987191 141.180980 0.081887 0.000000 0.081887
197.768910 510.995731 0.168799 0.000000 0.168799
369.561790 532.856434 0.074820 0.000000 0.074820
818.057662 163.740142 0.087599 0.000000 0.087599
68.972008 389.669057 0.035113 0.000000 0.035113
14.782029 280.077685 0.027304 0.000000 0.027304
983.587742 352.036921 0.040154 0.000000 0.040154
916.961749 449.180725 0.020229 0.000000 0.020229
845.215967 410.009754 0.008748 0.000000 0.008748
205.145204 560.759930 0.016429 0.000000 0.016429
641.369293 46.432951 0.037861 0.000000 0.037861
174.608368 127.903836 0.125097 0.000000 0.125097
834.142869 224.673318 0.034574 0.000000 0.034574
109.545411 39.157008 0.009453 0.000000 0.009453
217.254259 211.018497 0.081464 0.000000 0.081464
94.454763 285.758695 0.029202 0.000000 0.029202
445.291736 534.946404 0.154916 0.000000 0.154916
939.790014 59.140717 0.092273 0.000000 0.092273
543.725497 190.786864 0.010252 0.000000 0.010252
33.516460 410.465009 0.033418 0.000000 0.033418
913.195472 250.424235 0.042465 0.000000 0.042465
490.194965 340.893688 0.040352 0.000000 0.040352
913.026337 114.976011 0.051484 0.000000 0.051484
170.316260 178.835907 0.066363 0.000000 0.066363
695.722391 166.036139 0.052585 0.000000 0.052585
912.565875 403.539121 0.004555 0.000000 0.004555
92.651512 252.335806 0.065614 0.000000 0.065614
164.077514 42.594619 0.076342 0.000000 0.076342
843.316348 196.491672 0.052864 0.000000 0.052864
453.803533 575.946197 0.045362 0.000000 0.045362
430.215295 141.134626 0.015942 0.000000 0.015942
418.096510 580.526473 0.113174 0.000000 0.113174
129.266979 402.399684 0.077614 0.000000 0.077614
914.945080 214.935545 0.031660 0.000000 0.031660
877.670495 501.796985 0.038755 0.000000 0.038755
278.678233 474.670121 0.009392 0.000000 0.009392
57.237287 495.995801 0.068334 0.000000 0.068334
553.232844 372.342941 0.023985 0.000000 0.023985
259.412264 364.070442 0.046419 0.000000 0.046419
516.551878 376.625721 0.065075 0.000000 0.065075
514.261793 195.367163 0.022542 0.000000 0.022542
501.236874 273.467713 0.089343 0.000000 0.089343
442.418746 554.834800 0.137849 0.000000 0.137849
133.136100 395.641176 0.158530 0.000000 0.158530
436.488393 417.379858 0.056421 0.000000 0.056421
956.933085 411.066176 0.091562 0.000000 0.091562
636.306167 271.238382 0.112566 0.000000 0.112566
940.768613 615.772615 0.058139 0.000000 0.058139
862.746730 14.284709 0.105910 0.000000 0.105910
823.551593 449.344214 0.028271 0.000000 0.028271
284.581997 414.521756 0.046686 0.000000 0.046686
829.333880 223.344747 0.077885 0.000000 0.077885
796.931493 640.266369 0.072422 0.000000 0.072422
824.951166 446.223437 0.009814 0.000000 0.009814
517.209102 91.787930 0.171017 0.000000 0.171017
253.868886 508.862638 0.139669 0.000000 0.139669
404.838193 204.899479 0.022034 0.000000 0.022034
792.525711 527.107649 0.053576 0.000000 0.053576
174.543315 505.233971 0.086241 0.000000 0.086241
804.406054 537.288009 0.118078 0.000000 0.118078
646.961698 110.472243 0.061738 0.000000 0.061738
636.206734 428.115173 0.041192 0.000000 0.041192
694.121377 252.196573 0.138013 0.000000 0.138013
875.520700 422.888846 0.019089 0.000000 0.019089
250.952634 377.202863 0.154556 0.000000 0.154556
483.648452 81.668642 0.048452 0.000000 0.048452
823.846477 587.327287 0.118120 0.000000 0.118120
173.288289 268.788497 0.052773 0.000000 0.052773
667.324925 229.968998 0.046377 0.000000 0.046377
235.006939 55.403093 0.113353 0.000000 0.113353
913.725532 559.866970 0.071577 0.000000 0.071577
547.654516 465.097976 0.036733 0.000000 0.036733
771.849987 240.522228 0.010323 0.000000 0.010323
654.960100 207.590738 0.102635 0.000000 0.102635
541.561066 121.728301 0.061944 0.000000 0.061944
982.587889 173.828113 0.093564 0.000000 0.093564
973.914732 564.670373 0.110448 0.000000 0.110448
456.684975 229.887486 0.077488 0.000000 0.077488
647.692301 333.835686 0.150954 0.000000 0.150954
796.760801 374.464829 0.084739 0.000000 0.084739
344.163535 353.431284 0.052636 0.000000 0.052636
894.270412 535.856812 0.080212 0.000000 0.080212
143.663559 433.762766 0.150550 0.000000 0.150550
460.428845 539.400526 0.014037 0.000000 0.014037
329.087884 352.487262 0.101873 0.000000 0.101873
597.678600 382.330061 0.089776 0.000000 0.089776
833.574598 273.678535 0.033596 0.000000 0.033596
85.046201 367.314646 0.027582 0.000000 0.027582
642.540996 260.122265 0.120245 0.000000 0.120245
310.203587 221.957623 0.056110 0.000000 0.056110
844.791674 164.524887 0.146628 0.000000 0.146628
460.645817 113.487165 0.079758 0.000000 0.079758
805.742722 12.139513 0.081844 0.000000 0.081844
168.961898 148.575538 0.074227 0.000000 0.074227
192.400245 501.074044 0.063311 0.000000 0.063311
64.947180 382.507803 0.091814 0.000000 0.091814
828.410365 273.557415 0.088667 0.000000 0.088667
340.443465 635.056716 0.115453 0.000000 0.115453
832.779496 506.608817 0.160952 0.000000 0.160952
899.827966 270.960147 0.031352 0.000000 0.031352
685.784321 564.307078 0.017189 0.000000 0.017189
771.119274 270.932449 0.150201 0.000000 0.150201
855.544592 257.558994 0.106010 0.000000 0.106010
12.769251 133.368960 0.081021 0.000000 0.081021
931.269168 217.900971 0.034061 0.000000 0.034061
163.408133 505.542264 0.010011 0.000000 0.010011
651.298015 247.387301 0.025049 0.000000 0.025049
816.426245 128.951158 0.063829 0.000000 0.063829
893.043037 277.661836 0.097892 0.000000 0.097892
389.003089 213.099473 0.007616 0.000000 0.007616
478.192312 504.762667 0.055096 0.000000 0.055096
773.636060 231.001855 0.153080 0.000000 0.153080
890.311443 249.748065 0.047195 0.000000 0.047195
834.156351 587.305228 0.014675 0.000000 0.014675
346.198159 380.152944 0.054614 0.000000 0.054614
805.018643 304.150969 0.138336 0.000000 0.138336
922.308501 247.790043 0.068981 0.000000 0.068981
24.905355 377.833866 0.039849 0.000000 0.039849
616.535858 57.242745 0.105341 0.000000 0.105341
609.123945 270.002026 0.116697 0.000000 0.116697
423.647917 254.016251 0.070483 0.000000 0.070483
468.890131 243.031891 0.112503 0.000000 0.112503
331.965965 559.515933 0.010950 0.000000 0.010950
251.293622 502.566767 0.145429 0.000000 0.145429
734.270136 145.802785 0.056188 0.000000 0.056188
71.420620 432.666267 0.057261 0.000000 0.057261
472.993045 245.870390 0.113282 0.000000 0.113282
636.073205 33.509239 0.113682 0.000000 0.113682
32.996810 546.113624 0.054689 0.000000 0.054689
970.239554 150.137770 0.094043 0.000000 0.094043
281.646716 574.998781 0.051624 0.000000 0.051624
246.915508 371.619630 0.094153 0.000000 0.094153
175.927084 143.364326 0.148670 0.000000 0.148670
682.673958 285.798531 0.021152 0.000000 0.021152
699.039854 189.160741 0.156940 0.000000 0.156940
378.682335 253.565693 0.095757 0.000000 0.095757
277.556565 397.008296 0.038631 0.000000 0.038631
312.196170 230.601141 0.007975 0.000000 0.007975
618.274752 275.128628 0.033027 0.000000 0.033027
633.246376 237.774399 0.109066 0.000000 0.109066
854.914627 573.123112 0.029331 0.000000 0.029331
346.023023 229.907204 0.026359 0.000000 0.026359
883.497610 191.379283 0.127708 0.000000 0.127708
932.717533 261.643632 0.055670 0.000000 0.055670
953.348272 412.280991 0.048037 0.000000 0.048037
702.368767 68.829979 0.164449 0.000000 0.164449
907.287860 461.402590 0.082547 0.000000 0.082547
34.501385 528.336237 0.115255 0.000000 0.115255
824.364005 133.840657 0.048720 0.000000 0.048720
155.810912 302.734624 0.021864 0.000000 0.021864
852.601118 162.935076 0.128081 0.000000 0.128081
564.782759 394.060621 0.060579 0.000000 0.060579
134.445614 490.519859 0.057905 0.000000 0.057905
541.534722 529.465976 0.109924 0.000000 0.109924
248.994262 132.166906 0.035218 0.000000 0.035218
907.284780 157.695328 0.046063 0.000000 0.046063
911.919529 450.104895 0.045186 0.000000 0.045186
503.455519 406.557586 0.087134 0.000000 0.087134
423.717535 198.479753 0.114494 0.000000 0.114494
552.521502 77.275824 0.102100 0.000000 0.102100
31.801724 422.418166 0.017339 0.000000 0.017339
514.195032 218.915059 0.006338 0.000000 0.006338
696.101223 329.534292 0.113658 0.000000 0.113658
67.097551 430.616797 0.034601 0.000000 0.034601
853.270048 351.042234 0.004583 0.000000 0.004583
442.700918 561.970107 0.129641 0.000000 0.129641
933.012760 94.054838 0.128032 0.000000 0.128032
300.046436 527.371829 0.088051 0.000000 0.088051
893.154353 235.830448 0.045266 0.000000 0.045266
396.261577 135.056421 0.021478 0.000000 0.021478
769.662561 247.301978 0.085016 0.000000 0.085016
557.051379 576.057730 0.070677 0.000000 0.070677
633.645941 369.312594 0.115994 0.000000 0.115994
846.854198 219.133108 0.160644 0.000000 0.160644
234.033894 27.257030 0.104646 0.000000 0.104646
325.563226 226.106099 0.018108 0.000000 0.018108
244.585370 199.859174 0.043001 0.000000 0.043001
655.310836 70.974069 0.017476 0.000000 0.017476
292.268464 549.069901 0.004770 0.000000 0.004770
409.438793 520.471300 0.028386 0.000000 0.028386
867.545220 584.843531 0.076572 0.000000 0.076572
367.230024 260.785792 0.049062 0.000000 0.049062
977.129164 496.431669 0.097751 0.000000 0.097751
635.349262 293.068118 0.150315 0.000000 0.150315
127.429994 453.246379 0.149727 0.000000 0.149727
841.350467 206.395984 0.045086 0.000000 0.045086
58.719876 411.129477 0.033258 0.000000 0.033258
628.124216 410.879144 0.083503 0.000000 0.083503
487.142747 271.037857 0.080490 0.000000 0.080490
751.757071 574.720423 0.071904 0.000000 0.071904
643.019697 436.807932 0.025165 0.000000 0.025165
837.533778 245.793784 0.073170 0.000000 0.073170
740.383541 182.015342 0.092477 0.000000 0.092477
847.925397 158.477880 0.086523 0.000000 0.086523
839.017450 223.298426 0.126951 0.000000 0.126951
865.973138 559.377931 0.162337 0.000000 0.162337
72.303291 475.905799 0.042560 0.000000 0.042560
249.592141 442.213793 0.114279 0.000000 0.114279
753.903656 628.234508 0.096398 0.000000 0.096398
671.908162 172.720772 0.074171 0.000000 0.074171
904.362207 397.271676 0.078667 0.000000 0.078667
476.622489 480.330376 0.037279 0.000000 0.037279
526.342214 190.977177 0.029539 0.000000 0.029539
790.772550 182.179053 0.156609 0.000000 0.156609
808.577358 528.577991 0.028209 0.000000 0.028209
463.789735 434.279492 0.056651 0.000000 0.056651
637.139696 435.796550 0.066427 0.000000 0.066427
783.326503 175.048563 0.167176 0.000000 0.167176
893.242618 223.714856 0.032925 0.000000 0.032925
86.248828 428.496305 0.166838 0.000000 0.166838
583.624043 121.968732 0.111204 0.000000 0.111204
973.518788 423.653488 0.149512 0.000000 0.149512
581.876404 125.464108 0.159707 0.000000 0.159707
914.499273 345.251022 0.057457 0.000000 0.057457
638.695838 266.707203 0.147726 0.000000 0.147726
829.684811 570.956817 0.005454 0.000000 0.005454
913.901958 7.175876 0.163516 0.000000 0.163516
831.365225 569.218131 0.076392 0.000000 0.076392
140.978817 347.152974 0.051375 0.000000 0.051375
286.885074 550.815135 0.103915 0.000000 0.103915
296.901184 227.413809 0.062487 0.000000 0.062487
800.023493 213.282638 0.051980 0.000000 0.051980
564.486476 493.520991 0.092570 0.000000 0.092570
685.559426 161.704454 0.016640 0.000000 0.016640
412.925448 575.587867 0.005821 0.000000 0.005821
247.031688 676.978433 0.066006 0.000000 0.066006
912.898920 561.872676 0.019756 0.000000 0.019756
691.138477 540.975321 0.113314 0.000000 0.113314
164.650067 489.973553 0.044346 0.000000 0.044346
170.347658 260.144069 0.057937 0.000000 0.057937
77.262059 62.210291 0.175067 0.000000 0.175067
784.573496 229.242549 0.071606 0.000000 0.071606
972.427746 74.247753 0.037280 0.000000 0.037280
543.001852 257.553652 0.024427 0.000000 0.024427
641.343729 234.644782 0.062937 0.000000 0.062937
865.943101 20.582397 0.093413 0.000000 0.093413
424.421770 262.441390 0.077592 0.000000 0.077592
241.244240 28.493927 0.032756 0.000000 0.032756
83.272756 61.856691 0.011951 0.000000 0.011951
463.313090 498.170392 0.026752 0.000000 0.026752
908.380052 120.448387 0.019568 0.000000 0.019568
278.412700 537.961970 0.063008 0.000000 0.063008
234.474635 42.634920 0.114676 0.000000 0.114676
809.445997 583.675063 0.048074 0.000000 0.048074
563.821102 568.275638 0.069334 0.000000 0.069334
232.692362 13.844306 0.098571 0.000000 0.098571
677.483309 516.321412 0.140674 0.000000 0.140674
167.474957 293.665350 0.085045 0.000000 0.085045
597.242658 407.492167 0.133216 0.000000 0.133216
415.552993 586.905825 0.022145 0.000000 0.022145
368.790767 211.592184 0.040357 0.000000 0.040357
275.816075 561.278833 0.039157 0.000000 0.039157
210.720582 283.571471 0.108117 0.000000 0.108117
955.894902 422.195697 0.064124 0.000000 0.064124
776.202066 511.619950 0.004989 0.000000 0.004989
48.539466 655.920902 0.063932 0.000000 0.063932
422.158236 112.126578 0.027349 0.000000 0.027349
378.495041 119.384917 0.004110 0.000000 0.004110
66.196990 344.381477 0.017999 0.000000 0.017999
591.845162 374.796351 0.153349 0.000000 0.153349
367.540546 569.214650 0.160840 0.000000 0.160840
55.571624 487.781119 0.091674 0.000000 0.091674
671.049675 71.451952 0.004502 0.000000 0.004502
956.723052 510.091981 0.104061 0.000000 0.104061
685.115645 281.475148 0.078083 0.000000 0.078083
453.674668 254.968286 0.095225 0.000000 0.095225
417.766475 165.132485 0.011018 0.000000 0.011018
332.891805 218.062365 0.068941 0.000000 0.068941
273.001015 80.013742 0.078876 0.000000 0.078876
234.194869 201.500667 0.038036 0.000000 0.038036
911.614804 417.542099 0.017529 0.000000 0.017529
936.318974 465.682007 0.106409 0.000000 0.106409
781.802522 591.280567 0.106093 0.000000 0.106093
805.971574 465.807956 0.034107 0.000000 0.034107
145.359273 277.647217 0.048316 0.000000 0.048316
912.940198 11.528574 0.151538 0.000000 0.151538
907.414726 24.052400 0.044706 0.000000 0.044706
298.904714 124.700359 0.016264 0.000000 0.016264
568.471363 412.721523 0.025836 0.000000 0.025836
634.224798 260.168451 0.147793 0.000000 0.147793
442.235180 518.257100 0.061183 0.000000 0.061183
957.146434 569.593827 0.085070 0.000000 0.085070
644.542258 356.912490 0.076038 0.000000 0.076038
917.520440 553.604742 0.154051 0.000000 0.154051
327.452407 512.724348 0.099541 0.000000 0.099541
946.289256 442.456190 0.132138 0.000000 0.132138
271.431962 291.827488 0.034084 0.000000 0.034084
913.217996 466.084992 0.153414 0.000000 0.153414
655.425375 491.423479 0.050241 0.000000 0.050241
296.754476 260.852582 0.034398 0.000000 0.034398
568.081795 89.084990 0.124327 0.000000 0.124327
229.632357 39.675688 0.082470 0.000000 0.082470
805.266708 243.800649 0.068026 0.000000 0.068026
972.122541 418.716245 0.016485 0.000000 0.016485
646.637875 245.238319 0.144443 0.000000 0.144443
135.714611 166.250686 0.016214 0.000000 0.016214
274.771983 98.573491 0.136202 0.000000 0.136202
877.884755 477.006024 0.018254 0.000000 0.018254
150.253981 403.308445 0.110768 0.000000 0.110768
784.453013 217.691632 0.101835 0.000000 0.101835
815.229873 595.930353 0.040034 0.000000 0.040034
288.243154 276.151078 0.036225 0.000000 0.036225
444.173158 133.404140 0.016414 0.000000 0.016414
935.390011 305.628977 0.034803 0.000000 0.034803
126.234242 394.848389 0.029116 0.000000 0.029116
648.388465 84.660741 0.043486 0.000000 0.043486
625.491493 293.265065 0.050730 0.000000 0.050730
898.732944 341.981612 0.152264 0.000000 0.152264
473.244592 604.148466 0.072604 0.000000 0.072604
270.581523 146.430191 0.022633 0.000000 0.022633
309.129900 128.457857 0.004999 0.000000 0.004999
384.524199 231.104767 0.029872 0.000000 0.029872
938.734073 500.606646 0.102091 0.000000 0.102091
658.783200 272.536505 0.145380 0.000000 0.145380
286.557587 546.166725 0.119822 0.000000 0.119822
907.536230 266.974894 0.010929 0.000000 0.010929
144.135456 40.603074 0.016004 0.000000 0.016004
342.119364 479.968051 0.079733 0.000000 0.079733
212.174425 310.854982 0.100655 0.000000 0.100655
160.268672 62.936719 0.057594 0.000000 0.057594
524.488267 306.371609 0.082010 0.000000 0.082010
463.442225 389.359205 0.131969 0.000000 0.131969
66.498942 651.435096 0.014365 0.000000 0.014365
251.331235 597.011060 0.044072 0.000000 0.044072
297.597652 447.469967 0.065061 0.000000 0.065061
441.634955 569.915176 0.112466 0.000000 0.112466
979.874950 410.233008 0.021912 0.000000 0.021912
356.598986 218.769347 0.018431 0.000000 0.018431
669.119271 161.392197 0.023400 0.000000 0.023400
35.082084 242.069369 0.030628 0.000000 0.030628
544.800598 280.810932 0.092318 0.000000 0.092318
284.125608 533.698185 0.055331 0.000000 0.055331
912.901716 459.779540 0.144753 0.000000 0.144753
500.898291 396.877205 0.053480 0.000000 0.053480
635.974118 535.493597 0.167240 0.000000 0.167240
273.135973 366.728063 0.120813 0.000000 0.120813
926.585853 538.709914 0.074228 0.000000 0.074228
576.756481 533.417277 0.115551 0.000000 0.115551
233.826787 127.458908 0.080201 0.000000 0.080201
672.469361 659.580655 0.093965 0.000000 0.093965
670.455583 674.793837 0.013592 0.000000 0.013592
156.205521 38.163497 0.045425 0.000000 0.045425
291.716505 524.840388 0.048960 0.000000 0.048960
898.846031 43.433890 0.045894 0.000000 0.045894
895.210818 400.176429 0.052441 0.000000 0.052441
291.756470 675.212685 0.066381 0.000000 0.066381
902.963182 356.264529 0.114425 0.000000 0.114425
578.020088 131.420549 0.026793 0.000000 0.026793
188.629726 199.514641 0.025871 0.000000 0.025871
193.436938 421.561151 0.092349 0.000000 0.092349
131.561285 50.885807 0.008145 0.000000 0.008145
194.664858 338.493279 0.029927 0.000000 0.029927
157.991044 535.006244 0.015185 0.000000 0.015185
946.237840 494.957651 0.049292 0.000000 0.049292
478.145579 223.628047 0.098869 0.000000 0.098869
877.855817 570.717543 0.094524 0.000000 0.094524
981.324600 515.520247 0.025759 0.000000 0.025759
832.509689 197.707786 0.123051 0.000000 0.123051
575.613211 64.424024 0.038362 0.000000 0.038362
935.438320 538.109145 0.068405 0.000000 0.068405
792.108517 53.576767 0.011506 0.000000 0.011506
918.238777 418.835391 0.078169 0.000000 0.078169
266.567420 496.552288 0.037630 0.000000 0.037630
675.698572 187.160768 0.084161 0.000000 0.084161
99.257919 459.863562 0.156958 0.000000 0.156958
912.129097 335.090634 0.059980 0.000000 0.059980
604.342483 161.281824 0.085363 0.000000 0.085363
150.858883 46.699478 0.023477 0.000000 0.023477
938.879294 625.789988 0.028864 0.000000 0.028864
908.609804 404.185205 0.104262 0.000000 0.104262
615.061655 373.598781 0.050738 0.000000 0.050738
600.768818 60.918463 0.004637 0.000000 0.004637
61.996373 502.533006 0.112738 0.000000 0.112738
328.132191 122.682587 0.015653 0.000000 0.015653
33.255720 278.592742 0.020404 0.000000 0.020404
928.097791 235.333895 0.049883 0.000000 0.049883
587.903990 540.546126 0.114222 0.000000 0.114222
227.834247 17.689709 0.084058 0.000000 0.084058
176.880761 659.378766 0.073934 0.000000 0.073934
702.095592 183.416602 0.115526 0.000000 0.115526
56.828049 646.265029 0.018533 0.000000 0.018533
964.554007 488.066864 0.093313 0.000000 0.093313
965.535549 301.873285 0.103192 0.000000 0.103192
871.170787 556.811118 0.167263 0.000000 0.167263
30.458756 650.186936 0.032812 0.000000 0.032812
184.421449 75.482451 0.067194 0.000000 0.067194
165.768407 344.712610 0.028974 0.000000 0.028974
973.214493 606.530182 0.074822 0.000000 0.074822
926.708359 562.048079 0.078596 0.000000 0.078596
599.294835 199.476150 0.166537 0.000000 0.166537
745.923114 545.354045 0.021380 0.000000 0.021380
512.814406 529.211141 0.008759 0.000000 0.008759
160.904754 82.626448 0.165233 0.000000 0.165233
263.314345 28.996502 0.066180 0.000000 0.066180
946.093237 505.722314 0.124583 0.000000 0.124583
762.259860 531.252090 0.027090 0.000000 0.027090
466.549068 120.112565 0.007198 0.000000 0.007198
119.426802 461.886573 0.033061 0.000000 0.033061
637.542190 477.087845 0.011701 0.000000 0.011701
592.492180 101.386348 0.149999 0.000000 0.149999
796.459952 262.852705 0.167113 0.000000 0.167113
935.005083 650.344158 0.075533 0.000000 0.075533
74.214974 539.292710 0.167989 0.000000 0.167989
832.088769 194.841461 0.006284 0.000000 0.006284
627.856238 46.143995 0.014597 0.000000 0.014597
444.402349 232.926544 0.037291 0.000000 0.037291
508.437022 45.663424 0.151123 0.000000 0.151123
274.235217 136.187282 0.024247 0.000000 0.024247
557.284253 507.662057 0.142693 0.000000 0.142693
609.476811 169.642189 0.097412 0.000000 0.097412
920.393647 328.770959 0.036560 0.000000 0.036560
771.768000 256.678268 0.035153 0.000000 0.035153
914.943680 406.756783 0.135958 0.000000 0.135958
950.739332 263.042741 0.020978 0.000000 0.020978
261.227051 287.388573 0.056358 0.000000 0.056358
329.857197 108.586682 0.024858 0.000000 0.024858
128.494567 233.019592 0.095019 0.000000 0.095019
787.238720 168.437264 0.077040 0.000000 0.077040
758.364346 173.247907 0.091496 0.000000 0.091496
92.484485 576.591478 0.152583 0.000000 0.152583
515.747946 526.495427 0.033659 0.000000 0.033659
630.830242 358.854291 0.069581 0.000000 0.069581
688.797724 198.599133 0.106671 0.000000 0.106671
914.386770 421.761095 0.150844 0.000000 0.150844
631.585458 399.108702 0.046690 0.000000 0.046690
960.018076 456.705480 0.042653 0.000000 0.042653
573.837974 278.591080 0.098531 0.000000 0.098531
775.008590 223.430199 0.049028 0.000000 0.049028
450.315336 113.987260 0.007545 0.000000 0.007545
661.414824 203.105105 0.117107 0.000000 0.117107
958.886646 392.700771 0.119911 0.000000 0.119911
791.399501 476.525375 0.066895 0.000000 0.066895
975.150241 488.055304 0.042829 0.000000 0.042829
479.440650 300.273514 0.042441 0.000000 0.042441
660.544106 94.684749 0.010075 0.000000 0.010075
575.421467 395.190012 0.020686 0.000000 0.020686
825.719348 360.223088 0.028429 0.000000 0.028429
427.701950 595.285912 0.008272 0.000000 0.008272
916.615809 588.201882 0.016084 0.000000 0.016084
227.313721 9.902938 0.079603 0.000000 0.079603
887.078850 276.385247 0.005018 0.000000 0.005018
776.104785 46.434580 0.009148 0.000000 0.009148
879.499295 626.703528 0.009533 0.000000 0.009533
774.791269 531.744370 0.022067 0.000000 0.022067
984.104000 524.515835 0.142373 0.000000 0.142373
334.171197 87.269379 0.069520 0.000000 0.069520
958.573674 683.741679 0.101141 0.000000 0.101141
733.024210 576.925827 0.030772 0.000000 0.030772
325.210682 547.429921 0.011888 0.000000 0.011888
483.960431 593.417517 0.046675 0.000000 0.046675
370.348124 486.181716 0.067086 0.000000 0.067086
306.503880 178.882969 0.024491 0.000000 0.024491
828.857511 360.663358 0.081952 0.000000 0.081952
914.366851 658.711118 0.072375 0.000000 0.072375
113.291918 213.153188 0.034254 0.000000 0.034254
915.863610 547.967219 0.120798 0.000000 0.120798
724.319097 47.695278 0.051187 0.000000 0.051187
492.193699 65.370691 0.017399 0.000000 0.017399
86.636038 682.968904 0.026247 0.000000 0.026247
934.895404 277.785915 0.010164 0.000000 0.010164
27.919807 71.941245 0.008733 0.000000 0.008733
614.664447 269.949602 0.140567 0.000000 0.140567
476.684162 496.657356 0.046073 0.000000 0.046073
413.521102 257.145310 0.168743 0.000000 0.168743
841.808784 350.245530 0.168165 0.000000 0.168165
235.822128 591.875701 0.020464 0.000000 0.020464
245.079259 596.927882 0.099977 0.000000 0.099977
19.168182 560.380712 0.025745 0.000000 0.025745
883.319040 627.490184 0.045901 0.000000 0.045901
916.401182 146.393997 0.037438 0.000000 0.037438
959.391019 363.402329 0.083873 0.000000 0.083873
478.478562 104.830187 0.005291 0.000000 0.005291
624.270349 195.694408 0.086504 0.000000 0.086504
503.121193 439.636989 0.047986 0.000000 0.047986
960.711663 686.990195 0.160051 0.000000 0.160051
944.439859 577.772403 0.084199 0.000000 0.084199
647.902681 534.049315 0.140168 0.000000 0.140168
946.015701 562.438434 0.124483 0.000000 0.124483
650.538480 308.386748 0.133605 0.000000 0.133605
886.191467 305.990551 0.120315 0.000000 0.120315
912.714727 598.333152 0.008455 0.000000 0.008455
168.077564 80.554092 0.050316 0.000000 0.050316
482.540626 376.609954 0.124078 0.000000 0.124078
140.089099 687.396367 0.104997 0.000000 0.104997
649.606645 191.641891 0.150498 0.000000 0.150498
385.132082 154.289514 0.029396 0.000000 0.029396
476.122488 55.972923 0.078277 0.000000 0.078277
320.360058 414.034450 0.031502 0.000000 0.031502
762.992722 640.751054 0.128217 0.000000 0.128217
840.165629 663.656426 0.141342 0.000000 0.141342
182.575118 609.051760 0.028613 0.000000 0.028613
45.498734 74.173666 0.011533 0.000000 0.011533
287.606312 364.689524 0.034830 0.000000 0.034830
626.890352 72.914680 0.110721 0.000000 0.110721
536.507709 50.841263 0.063086 0.000000 0.063086
156.166297 162.582343 0.032194 0.000000 0.032194
475.224577 598.476452 0.052536 0.000000 0.052536
699.675599 411.756543 0.023849 0.000000 0.023849
268.610591 271.436539 0.047410 0.000000 0.047410
821.983892 54.857618 0.020230 0.000000 0.020230
80.537519 560.637922 0.130747 0.000000 0.130747
333.324244 82.509577 0.102091 0.000000 0.102091
769.422696 435.375203 0.009888 0.000000 0.009888
707.333409 411.035254 0.011328 0.000000 0.011328
51.441761 679.609336 0.023268 0.000000 0.023268
712.406096 52.632364 0.022266 0.000000 0.022266
469.850990 632.289166 0.012722 0.000000 0.012722
523.594857 295.547681 0.029744 0.000000 0.029744
63.151166 681.060970 0.043923 0.000000 0.043923
424.392885 46.046209 0.116532 0.000000 0.116532
136.185799 211.864894 0.083354 0.000000 0.083354
538.955924 110.555651 0.013726 0.000000 0.013726
555.584649 426.858067 0.040802 0.000000 0.040802
490.262086 591.730647 0.098021 0.000000 0.098021
25.812883 680.791071 0.025524 0.000000 0.025524
277.050338 590.101285 0.038052 0.000000 0.038052
373.302469 79.745886 0.061451 0.000000 0.061451
925.105000 495.048850 0.053559 0.000000 0.053559
799.559974 301.590771 0.125267 0.000000 0.125267
397.814627 250.021882 0.038484 0.000000 0.038484
288.156085 338.980664 0.038189 0.000000 0.038189
468.475517 359.580035 0.030053 0.000000 0.030053
950.566004 525.450455 0.083095 0.000000 0.083095
739.498977 45.298052 0.032977 0.000000 0.032977
25.785355 127.639092 0.175347 0.000000 0.175347
209.799613 14.722448 0.128110 0.000000 0.128110
108.957304 660.167355 0.014734 0.000000 0.014734
274.370483 607.609644 0.143369 0.000000 0.143369
160.509000 211.509691 0.098780 0.000000 0.098780
177.163176 667.761390 0.013701 0.000000 0.013701
153.627380 688.014512 0.088042 0.000000 0.088042
870.016873 646.685599 0.079443 0.000000 0.079443
103.359565 101.971321 0.143795 0.000000 0.143795
451.495007 549.992304 0.035504 0.000000 0.035504
876.451114 281.117035 0.164300 0.000000 0.164300
859.736359 648.019615 0.028019 0.000000 0.028019
799.657274 294.818322 0.138710 0.000000 0.138710
194.363693 71.692300 0.154228 0.000000 0.154228
210.901859 29.404486 0.141953 0.000000 0.141953
212.118568 43.914815 0.113440 0.000000 0.113440
62.974893 168.893360 0.036595 0.000000 0.036595
289.222948 433.850498 0.099466 0.000000 0.099466
38.522010 122.747903 0.132380 0.000000 0.132380
732.381478 119.738060 0.007668 0.000000 0.007668
211.318234 34.620042 0.088067 0.000000 0.088067
874.867984 515.197550 0.138002 0.000000 0.138002
117.236764 97.332038 0.107460 0.000000 0.107460
834.910980 640.130278 0.097033 0.000000 0.097033
707.619306 673.668556 0.013400 0.000000 0.013400
32.645506 214.669185 0.086124 0.000000 0.086124
344.410403 254.624380 0.019822 0.000000 0.019822
817.832855 649.546976 0.063600 0.000000 0.063600
187.519866 263.779294 0.019692 0.000000 0.019692
73.322880 599.910701 0.082408 0.000000 0.082408
240.858712 528.076586 0.078444 0.000000 0.078444
540.496977 28.139049 0.137540 0.000000 0.137540
842.534730 392.364360 0.068214 0.000000 0.068214
721.527439 637.499177 0.093152 0.000000 0.093152
59.898039 212.565148 0.056653 0.000000 0.056653
329.599219 263.132513 0.021826 0.000000 0.021826
78.479615 109.974441 0.118201 0.000000 0.118201
594.398106 22.162484 0.096740 0.000000 0.096740
846.751651 323.138119 0.073881 0.000000 0.073881
61.200630 159.715158 0.022396 0.000000 0.022396
296.800044 305.203697 0.042805 0.000000 0.042805
113.864562 575.348116 0.046480 0.000000 0.046480
178.922933 582.673228 0.009407 0.000000 0.009407
329.324202 605.274681 0.054590 0.000000 0.054590
245.462964 305.800769 0.057590 0.000000 0.057590
452.374019 46.713071 0.010495 0.000000 0.010495
87.744181 584.105036 0.070366 0.000000 0.070366
303.545814 603.248255 0.083315 0.000000 0.083315
100.852383 582.476934 0.049666 0.000000 0.049666
302.412166 54.687529 0.045702 0.000000 0.045702
